0 -1
323 1
0 -1
195 1
0 -1
264 1
0 -1
286 1
0 -1
274 1
0 -1
266 1
0 -1
475 1
0 -1
475 1
0 -1
401 1
0 -1
382 1
0 -1
475 1
0 -1
0 1
0 -1
0 1
0 -1
389 1
0 -1
475 1
0 -1
405 1
0 -1
95 1
0 -1
448 1
0 -1
475 1
0 -1
475 1
0 -1
475 1
0 -1
475 1
0 -1
475 1
0 -1
226 1
0 -1
111 1
0 -1
414 1
0 -1
475 1
0 -1
475 1
0 -1
416 1
0 -1
221 1
0 -1
458 1
0 -1
337 1
0 -1
459 1
0 -1
308 1
0 -1
428 1
0 -1
0 1
0 -1
458 1
0 -1
475 1
0 -1
210 1
0 -1
398 1
0 -1
0 1
0 -1
277 1
0 -1
475 1
0 -1
475 1
0 -1
456 1
0 -1
277 1
0 -1
449 1
0 -1
260 1
0 -1
475 1
0 -1
0 1
0 -1
475 1
0 -1
475 1
0 -1
475 1
0 -1
379 1
0 -1
199 1
0 -1
92 1
0 -1
475 1
0 -1
475 1
0 -1
475 1
0 -1
475 1
0 -1
475 1
0 -1
360 1
0 -1
382 1
0 -1
413 1
0 -1
363 1
0 -1
475 1
0 -1
475 1
0 -1
344 1
0 -1
348 1
0 -1
440 1
0 -1
255 1
0 -1
475 1
0 -1
33 1
0 -1
475 1
0 -1
405 1
0 -1
254 1
0 -1
475 1
0 -1
475 1
0 -1
419 1
0 -1
438 1
0 -1
475 1
0 -1
388 1
0 -1
113 1
0 -1
176 1
0 -1
473 1
0 -1
350 1
0 -1
0 1
0 -1
227 1
0 -1
0 1
0 -1
475 1
0 -1
0 1
0 -1
471 1
0 -1
452 1
0 -1
341 1
0 -1
0 1
0 -1
475 1
0 -1
72 1
0 -1
475 1
0 -1
423 1
0 -1
475 1
