475 6.12839e-22
475 1.09582e-05
475 3.74867e-06
475 7.59121e-06
475 2.40089e-08
323 1.91013e-22
475 6.12839e-22
475 1.41229e-05
475 6.74722e-06
475 7.43471e-09
195 2.6741e-22
475 6.12839e-22
475 2.08654e-05
475 3.39295e-08
286 2.51364e-22
475 6.12839e-22
475 1.74346e-05
475 7.25968e-07
475 5.61587e-07
475 2.97386e-06
475 2.47902e-08
264 2.28784e-22
475 6.12839e-22
475 9.63141e-06
475 6.53701e-06
475 6.80316e-06
475 6.44707e-09
274 2.00468e-22
475 6.12839e-22
475 1.83497e-05
475 6.49657e-06
475 5.21895e-11
266 1.88442e-22
475 6.12839e-22
475 1.26014e-06
475 3.45576e-06
475 1.00708e-05
475 9.53207e-06
475 5.68126e-06
475 6.12839e-22
475 4.15832e-06
475 1.30946e-05
475 1.68204e-06
475 3.59274e-06
475 7.47235e-06
475 6.12839e-22
475 3.95476e-06
475 1.62566e-06
475 1.37969e-06
475 3.24139e-06
475 6.16871e-06
475 4.01752e-06
475 3.71339e-08
401 2.62615e-22
475 6.12839e-22
475 9.65465e-06
475 3.92342e-06
475 9.00182e-06
475 7.83696e-09
382 2.21591e-22
475 6.12839e-22
475 3.66874e-06
475 2.88517e-06
475 2.16821e-07
475 1.19944e-05
475 5.71159e-06
475 5.52329e-06
475 6.12839e-22
475 9.91296e-06
475 1.21081e-05
475 8.07143e-09
0 3.38915e-22
475 6.12839e-22
475 1.67007e-06
475 1.02492e-05
475 8.94392e-09
0 4.82985e-22
475 6.12839e-22
475 1.74147e-05
475 3.63026e-06
475 4.55526e-08
389 2.05435e-22
475 6.12839e-22
475 1.72518e-05
475 3.22154e-06
475 9.5267e-06
475 6.12839e-22
475 3.94779e-07
475 1.36435e-05
475 5.92884e-06
475 1.95427e-06
475 3.2222e-08
405 1.77724e-22
475 6.12839e-22
475 1.06977e-05
475 7.13451e-06
475 7.24271e-06
475 1.43494e-08
95 2.39043e-22
475 6.12839e-22
475 1.34183e-05
475 3.4674e-06
475 8.72301e-06
475 5.31486e-08
448 1.33966e-22
475 6.12839e-22
475 1.83001e-05
475 1.81774e-06
475 9.88219e-06
475 6.12839e-22
475 1.0369e-05
475 5.66176e-06
475 2.53311e-07
475 7.78138e-06
475 5.93456e-06
475 6.12839e-22
475 2.11821e-05
475 8.81787e-06
475 6.12839e-22
475 7.94252e-06
475 7.69216e-06
475 6.91305e-06
475 7.45228e-06
475 6.12839e-22
475 9.71821e-06
475 1.27213e-05
475 7.56054e-06
475 6.12839e-22
475 1.44239e-05
475 1.9897e-06
475 2.40651e-06
475 6.37101e-06
475 1.24649e-09
226 1.8372e-22
475 6.12839e-22
475 1.05091e-05
475 5.46699e-06
475 2.14331e-06
475 8.32723e-06
475 1.02429e-09
111 2.14963e-22
475 6.12839e-22
475 1.12726e-05
475 1.25187e-05
475 5.7454e-08
414 1.93413e-22
475 6.12839e-22
475 1.28057e-05
475 2.69478e-06
475 2.10053e-06
475 3.54844e-06
475 8.85053e-06
475 6.12839e-22
475 1.93985e-05
475 8.92853e-09
475 4.76346e-06
475 5.82916e-06
475 6.12839e-22
475 1.12936e-05
475 1.25765e-06
475 1.15424e-06
475 3.24095e-07
475 3.81223e-06
475 2.45372e-06
475 8.26015e-08
416 1.87853e-22
475 6.12839e-22
475 1.56198e-05
475 4.18673e-06
475 1.36179e-06
475 6.13158e-09
221 2.4977e-22
475 6.12839e-22
475 2.05009e-05
475 2.14798e-07
458 1.80794e-22
475 6.12839e-22
475 1.08811e-05
475 6.87172e-06
475 2.32725e-06
475 1.97147e-08
337 2.11825e-22
475 6.12839e-22
475 2.14649e-05
475 7.54996e-08
459 2.28454e-22
475 6.12839e-22
475 1.68847e-05
475 2.89354e-06
475 5.9786e-06
475 6.68119e-09
308 1.49308e-22
475 6.12839e-22
475 1.15106e-05
475 3.29899e-06
475 9.93084e-06
475 3.37866e-09
428 1.84854e-22
475 6.12839e-22
475 1.65433e-05
475 5.43238e-06
475 9.01097e-09
0 3.36854e-22
475 6.12839e-22
475 1.05761e-05
475 3.16422e-08
475 4.99534e-06
475 1.32308e-06
475 5.5294e-06
475 1.51589e-08
458 1.71713e-22
475 6.12839e-22
475 1.40959e-05
475 1.23215e-07
475 5.98815e-06
475 9.79277e-06
475 6.12839e-22
475 1.79383e-05
475 7.26428e-06
475 1.46886e-08
210 1.88018e-22
475 6.12839e-22
475 1.41128e-05
475 3.67221e-07
475 1.10089e-05
475 1.0556e-08
398 1.35144e-22
475 6.12839e-22
475 1.79762e-05
475 6.45684e-06
475 2.49363e-09
0 2.67826e-22
475 6.12839e-22
475 9.52704e-06
475 6.7941e-06
475 4.89319e-06
475 3.1391e-08
277 2.73447e-22
475 6.12839e-22
475 4.44077e-06
475 5.87704e-06
475 2.3644e-06
475 7.49621e-06
475 9.82159e-06
475 6.12839e-22
475 2.68256e-06
475 1.7063e-05
475 6.29659e-07
475 9.62474e-06
475 6.12839e-22
475 1.30367e-05
475 1.21907e-05
475 6.45938e-08
456 1.29715e-22
475 6.12839e-22
475 1.02872e-06
475 2.80427e-06
475 5.59375e-06
475 7.00093e-06
475 3.30796e-06
475 5.90009e-06
475 9.66711e-09
277 1.7676e-22
475 6.12839e-22
475 1.65226e-05
475 6.81229e-06
475 7.29282e-08
449 1.5218e-22
475 6.12839e-22
475 2.04545e-05
475 9.54552e-06
475 6.12839e-22
475 3.27306e-06
475 1.37764e-05
475 5.13305e-07
475 3.6753e-06
475 2.59231e-08
260 2.30529e-22
475 6.12839e-22
475 1.43896e-05
475 7.97697e-06
475 7.63347e-06
475 6.12839e-22
475 2.00268e-05
475 6.94706e-09
0 3.60564e-22
475 6.12839e-22
475 2.01812e-05
475 9.8188e-06
475 6.12839e-22
475 5.3432e-06
475 1.68738e-05
475 7.78297e-06
475 6.12839e-22
475 1.05003e-05
475 7.44112e-06
475 3.3654e-06
475 1.72573e-10
199 3.01722e-22
475 6.12839e-22
475 6.58138e-06
475 9.96173e-06
475 8.96888e-06
475 6.16499e-09
379 1.57118e-22
475 6.12839e-22
475 1.81213e-05
475 6.84749e-06
475 5.03123e-06
475 6.12839e-22
475 1.7082e-05
475 9.23965e-06
475 1.15884e-08
92 2.06222e-22
475 6.12839e-22
475 1.47491e-05
475 7.41923e-06
475 7.8317e-06
475 6.12839e-22
475 1.90907e-05
475 2.41771e-06
475 8.49159e-06
475 6.12839e-22
475 1.39005e-05
475 8.5094e-06
475 7.59012e-06
475 6.12839e-22
475 7.38194e-06
475 3.443e-06
475 9.1957e-06
475 9.97936e-06
475 6.12839e-22
475 2.45532e-06
475 1.73476e-05
475 5.86064e-06
475 1.23594e-08
382 1.50825e-22
475 6.12839e-22
475 1.02005e-05
475 1.09213e-05
475 4.94321e-08
360 2.48621e-22
475 6.12839e-22
475 2.13892e-05
475 3.41539e-08
363 2.20833e-22
475 6.12839e-22
475 1.22952e-05
475 7.56229e-06
475 2.3348e-06
475 4.5223e-08
413 1.89935e-22
475 6.12839e-22
475 1.94389e-05
475 2.09862e-06
475 8.46247e-06
475 6.12839e-22
475 1.88203e-06
475 9.19435e-06
475 6.24042e-06
475 6.91475e-06
475 5.76845e-06
475 6.12839e-22
475 1.12206e-05
475 8.66492e-06
475 7.03069e-06
475 1.56528e-08
348 1.30186e-22
475 6.12839e-22
475 1.84435e-05
475 7.42461e-06
475 1.3135e-08
344 1.34789e-22
475 6.12839e-22
475 1.65723e-05
475 5.72781e-06
475 2.33862e-08
255 2.26125e-22
475 6.12839e-22
475 4.01873e-06
475 1.51568e-05
475 6.48225e-07
475 3.06219e-06
475 1.35938e-07
440 1.5712e-22
475 6.12839e-22
475 6.61786e-06
475 1.21223e-05
475 6.97581e-07
475 6.65412e-06
475 3.90813e-06
475 6.12839e-22
475 3.40166e-06
475 1.9045e-05
475 3.70015e-09
33 3.42195e-22
475 6.12839e-22
475 1.07266e-05
475 2.34158e-06
475 3.46674e-06
475 7.52779e-06
475 5.93725e-06
475 6.12839e-22
475 1.08336e-06
475 1.3897e-05
475 8.98358e-06
475 2.21048e-08
405 1.49886e-22
475 6.12839e-22
475 7.45562e-06
475 6.91254e-06
475 5.20941e-06
475 1.04856e-06
475 4.68321e-09
254 3.00063e-22
475 6.12839e-22
475 1.10852e-05
475 8.7389e-06
475 1.55143e-07
475 3.69597e-06
475 6.3248e-06
475 6.12839e-22
475 1.2651e-05
475 3.0732e-06
475 5.10724e-06
475 9.16858e-06
475 6.12839e-22
475 4.79168e-06
475 1.79361e-05
475 1.14217e-08
419 1.63488e-22
475 6.12839e-22
475 1.00831e-05
475 5.90321e-06
475 1.92336e-06
475 3.14865e-06
475 7.12144e-08
438 1.78261e-22
475 6.12839e-22
475 3.61869e-07
475 9.4514e-06
475 1.1868e-05
475 8.31874e-06
475 6.12839e-22
475 1.76122e-05
475 5.79559e-06
475 4.06775e-08
388 1.67402e-22
475 6.12839e-22
475 3.61955e-06
475 1.87732e-05
475 3.28634e-09
113 2.88383e-22
475 6.12839e-22
475 7.10504e-06
475 5.73955e-06
475 1.05246e-05
475 2.52261e-08
176 2.72751e-22
475 6.12839e-22
475 1.59014e-05
475 9.26139e-06
475 6.17442e-07
473 1.46405e-22
475 6.12839e-22
475 1.04231e-05
475 3.82508e-06
475 5.40474e-06
475 4.36594e-06
475 2.12685e-08
350 1.66132e-22
475 6.12839e-22
475 3.85625e-06
475 1.82068e-05
475 1.75631e-08
0 3.40372e-22
475 6.12839e-22
475 1.94472e-05
475 2.41087e-06
475 1.92041e-08
227 2.6877e-22
475 6.12839e-22
475 1.63965e-05
475 3.9496e-06
475 8.54774e-09
0 3.83593e-22
475 6.12839e-22
475 8.50716e-06
475 1.1003e-05
475 7.36303e-06
475 3.12679e-06
475 6.12839e-22
475 7.16889e-06
475 1.6035e-05
475 6.39475e-09
0 3.0155e-22
475 6.12839e-22
475 2.11349e-05
475 6.64964e-07
471 1.68974e-22
475 6.12839e-22
475 2.10922e-05
475 1.2849e-08
452 1.7636e-22
475 6.12839e-22
475 1.36887e-05
475 5.45239e-06
475 5.29715e-06
475 1.6628e-09
341 1.89462e-22
475 6.12839e-22
475 2.37021e-06
475 8.31451e-06
475 2.25418e-09
0 5.01615e-22
475 6.12839e-22
475 3.68373e-06
475 1.08304e-05
475 9.42388e-06
475 6.06196e-06
475 6.12839e-22
475 2.07563e-05
475 2.36138e-08
72 3.63877e-22
475 6.12839e-22
475 6.15277e-06
475 3.90681e-06
475 1.04692e-05
475 9.47123e-06
475 6.12839e-22
475 3.75233e-06
475 1.84621e-06
475 1.61758e-05
475 2.71444e-08
423 1.78412e-22
475 6.12839e-22
475 2.37531e-06
475 6.48571e-06
475 1.30176e-05
475 8.12141e-06
