0 -1
148 1
0 -1
335 1
0 -1
303 1
0 -1
475 1
0 -1
475 1
0 -1
475 1
0 -1
475 1
0 -1
475 1
0 -1
475 1
0 -1
248 1
0 -1
249 1
0 -1
475 1
0 -1
475 1
0 -1
337 1
0 -1
475 1
0 -1
475 1
0 -1
475 1
0 -1
456 1
0 -1
475 1
0 -1
145 1
0 -1
475 1
0 -1
420 1
0 -1
313 1
0 -1
466 1
0 -1
250 1
0 -1
438 1
0 -1
359 1
0 -1
475 1
0 -1
475 1
0 -1
269 1
0 -1
475 1
0 -1
475 1
0 -1
475 1
0 -1
393 1
0 -1
475 1
0 -1
356 1
0 -1
419 1
0 -1
475 1
0 -1
376 1
0 -1
475 1
0 -1
475 1
0 -1
292 1
0 -1
475 1
0 -1
475 1
0 -1
382 1
0 -1
475 1
0 -1
283 1
0 -1
139 1
0 -1
475 1
0 -1
475 1
0 -1
58 1
0 -1
360 1
0 -1
475 1
0 -1
365 1
0 -1
319 1
0 -1
475 1
0 -1
0 1
0 -1
475 1
0 -1
353 1
0 -1
410 1
0 -1
448 1
0 -1
475 1
0 -1
0 1
0 -1
475 1
0 -1
424 1
0 -1
475 1
0 -1
475 1
0 -1
0 1
0 -1
297 1
0 -1
0 1
0 -1
0 1
0 -1
475 1
0 -1
475 1
0 -1
214 1
0 -1
475 1
0 -1
475 1
0 -1
475 1
0 -1
475 1
0 -1
475 1
0 -1
355 1
0 -1
475 1
0 -1
0 1
0 -1
454 1
0 -1
475 1
0 -1
327 1
0 -1
429 1
0 -1
446 1
0 -1
278 1
0 -1
459 1
0 -1
475 1
0 -1
475 1
0 -1
475 1
0 -1
467 1
0 -1
0 1
0 -1
0 1
0 -1
475 1
0 -1
475 1
0 -1
299 1
0 -1
0 1
0 -1
340 1
