475 5.00381e-22
475 1.28268e-05
475 3.35134e-09
148 2.73299e-22
475 5.00381e-22
475 1.33241e-07
475 1.32375e-05
475 2.1485e-08
335 1.78716e-22
475 5.00381e-22
475 1.37821e-05
475 9.4902e-09
303 1.89007e-22
475 5.00381e-22
475 6.82341e-06
475 2.51459e-06
475 7.49921e-06
475 3.1628e-06
475 5.00381e-22
475 6.7345e-06
475 8.63566e-06
475 4.62984e-06
475 5.00381e-22
475 6.43743e-06
475 3.80335e-08
475 6.15886e-06
475 7.36567e-06
475 5.00381e-22
475 1.29125e-05
475 7.08754e-06
475 5.00381e-22
475 8.20216e-06
475 4.6827e-06
475 7.11514e-06
475 5.00381e-22
475 9.12996e-06
475 5.11132e-06
475 5.75872e-06
475 5.00381e-22
475 1.34961e-05
475 7.07073e-09
248 2.04729e-22
475 5.00381e-22
475 1.244e-05
475 3.08972e-09
249 2.23e-22
475 5.00381e-22
475 1.10002e-06
475 6.66939e-06
475 3.9177e-06
475 8.31289e-06
475 5.00381e-22
475 1.17548e-05
475 8.24524e-06
475 5.00381e-22
475 1.36266e-05
475 6.25392e-09
337 1.75256e-22
475 5.00381e-22
475 4.78715e-06
475 1.55998e-06
475 6.70241e-07
475 1.14319e-06
475 6.19064e-06
475 5.6488e-06
475 5.00381e-22
475 4.0391e-06
475 9.16865e-06
475 6.79225e-06
475 5.00381e-22
475 1.39758e-05
475 6.0242e-06
475 5.00381e-22
475 8.25032e-06
475 7.29174e-08
475 1.86613e-06
475 1.98703e-08
456 1.92716e-22
475 5.00381e-22
475 4.31571e-06
475 3.92558e-06
475 8.20265e-06
475 3.55606e-06
475 5.00381e-22
475 1.23772e-05
475 7.22608e-09
145 2.69387e-22
475 5.00381e-22
475 1.20614e-06
475 1.16252e-05
475 7.16863e-06
475 5.00381e-22
475 1.05785e-05
475 1.03977e-08
420 2.45736e-22
475 5.00381e-22
475 2.87543e-06
475 4.2114e-06
475 1.66448e-06
475 4.48838e-06
475 2.00277e-08
313 1.99304e-22
475 5.00381e-22
475 3.59031e-07
475 5.48978e-06
475 3.1148e-06
475 7.43706e-06
475 1.97386e-07
466 1.52828e-22
475 5.00381e-22
475 1.45114e-06
475 1.21165e-05
475 2.00784e-09
250 2.04449e-22
475 5.00381e-22
475 2.03737e-06
475 1.85503e-06
475 2.1878e-06
475 6.46616e-06
475 0
438 1.74315e-22
475 5.00381e-22
475 1.00284e-05
475 8.18999e-09
359 2.20841e-22
475 5.00381e-22
475 1.31031e-06
475 9.33845e-06
475 9.35124e-06
475 5.00381e-22
475 1.15131e-05
475 8.4869e-06
475 5.00381e-22
475 6.8885e-06
475 3.49154e-06
475 6.58869e-09
269 2.36553e-22
475 5.00381e-22
475 1.18367e-05
475 8.16331e-06
475 5.00381e-22
475 1.36769e-05
475 6.32311e-06
475 5.00381e-22
475 8.13182e-06
475 1.46987e-06
475 9.39823e-07
475 9.45849e-06
475 5.00381e-22
475 1.0838e-05
475 1.26486e-09
393 1.92485e-22
475 5.00381e-22
475 1.32607e-05
475 6.73932e-06
475 5.00381e-22
475 9.22252e-06
475 5.27643e-06
475 2.14322e-09
356 1.58933e-22
475 5.00381e-22
475 4.19223e-06
475 5.14276e-06
475 6.70452e-06
475 5.20375e-09
419 1.20182e-22
475 5.00381e-22
475 9.77773e-06
475 3.48726e-06
475 6.73501e-06
475 5.00381e-22
475 2.39353e-06
475 1.13633e-05
475 3.34412e-09
376 1.5886e-22
475 5.00381e-22
475 9.6799e-06
475 2.78701e-06
475 7.5331e-06
475 5.00381e-22
475 1.23254e-05
475 7.67457e-06
475 5.00381e-22
475 2.48578e-06
475 4.00709e-06
475 5.10746e-06
475 9.3123e-09
292 2.20587e-22
475 5.00381e-22
475 1.1773e-05
475 8.22703e-06
475 5.00381e-22
475 9.17075e-06
475 5.48452e-06
475 5.34473e-06
475 5.00381e-22
475 8.17225e-07
475 6.62713e-06
475 8.94381e-06
475 4.45228e-09
382 1.39797e-22
475 5.00381e-22
475 5.02499e-06
475 1.02947e-05
475 4.68032e-06
475 5.00381e-22
475 1.42274e-05
475 2.89471e-09
283 1.81019e-22
475 5.00381e-22
475 1.1359e-05
475 3.8125e-09
139 2.99627e-22
475 5.00381e-22
475 9.28804e-06
475 3.69976e-06
475 7.0122e-06
475 5.00381e-22
475 5.45337e-06
475 3.12637e-06
475 4.5297e-06
475 6.89056e-06
475 5.00381e-22
475 1.18309e-05
475 2.50342e-09
58 3.35554e-22
475 5.00381e-22
475 4.25546e-07
475 6.07539e-06
475 8.22002e-06
475 6.89239e-09
360 1.49599e-22
475 5.00381e-22
475 1.20769e-05
475 7.92312e-06
475 5.00381e-22
475 7.95811e-06
475 3.83764e-07
475 6.13494e-06
475 2.08319e-09
365 1.54245e-22
475 5.00381e-22
475 1.22874e-05
475 5.60771e-09
319 2.50668e-22
475 5.00381e-22
475 1.03517e-05
475 9.64833e-06
475 5.00381e-22
475 2.36325e-06
475 8.25153e-06
475 3.66395e-09
0 3.83177e-22
475 5.00381e-22
475 1.21191e-05
475 7.8809e-06
475 5.00381e-22
475 5.82034e-06
475 5.40346e-06
475 1.48499e-08
353 2.17107e-22
475 5.00381e-22
475 7.25759e-06
475 2.15917e-06
475 3.55123e-06
475 3.94814e-09
410 1.61516e-22
475 5.00381e-22
475 1.37254e-05
475 5.27947e-08
448 1.61995e-22
475 5.00381e-22
475 1.06867e-05
475 9.31332e-06
475 5.00381e-22
475 2.94393e-06
475 1.20581e-05
475 9.5883e-10
0 2.79842e-22
475 5.00381e-22
475 7.75798e-06
475 4.94844e-06
475 7.29359e-06
475 5.00381e-22
475 4.3646e-06
475 1.0188e-05
475 2.55322e-08
424 1.45123e-22
475 5.00381e-22
475 3.9648e-06
475 3.8223e-06
475 3.5346e-06
475 8.6783e-06
475 5.00381e-22
475 1.22936e-05
475 7.70638e-06
475 5.00381e-22
475 5.70881e-06
475 6.70749e-06
475 6.17493e-09
0 3.25467e-22
475 5.00381e-22
475 6.15372e-06
475 7.89534e-06
475 7.23204e-09
297 2.1257e-22
475 5.00381e-22
475 1.35296e-05
475 6.24498e-09
0 3.0954e-22
475 5.00381e-22
475 4.07439e-06
475 6.22374e-06
475 7.84897e-09
0 3.98529e-22
475 5.00381e-22
475 5.10211e-06
475 3.05794e-06
475 3.57752e-07
475 4.32725e-06
475 7.15495e-06
475 5.00381e-22
475 1.19625e-05
475 8.03745e-06
475 5.00381e-22
475 6.59452e-07
475 7.10498e-06
475 6.84962e-06
475 3.4631e-09
214 2.29569e-22
475 5.00381e-22
475 1.80955e-06
475 5.13397e-06
475 3.3547e-06
475 9.70177e-06
475 5.00381e-22
475 1.39816e-05
475 6.01842e-06
475 5.00381e-22
475 3.36994e-06
475 7.59962e-06
475 9.03045e-06
475 5.00381e-22
475 7.00235e-06
475 5.21325e-06
475 7.7844e-06
475 5.00381e-22
475 1.14197e-05
475 8.58034e-06
475 5.00381e-22
475 7.4037e-06
475 2.51308e-06
475 5.34993e-06
475 7.7663e-09
355 1.47318e-22
475 5.00381e-22
475 4.54534e-06
475 1.10288e-05
475 4.42591e-06
475 5.00381e-22
475 9.52022e-07
475 1.21231e-05
475 3.89372e-09
0 3.27132e-22
475 5.00381e-22
475 8.72815e-06
475 2.95989e-06
475 6.93771e-08
454 2.06192e-22
475 5.00381e-22
475 8.83614e-06
475 4.09682e-06
475 7.06704e-06
475 5.00381e-22
475 1.85666e-06
475 9.23552e-07
475 3.13854e-06
475 5.10001e-06
475 9.60416e-09
327 2.32845e-22
475 5.00381e-22
475 1.61963e-06
475 5.5358e-06
475 3.80093e-06
475 1.67108e-08
429 1.94259e-22
475 5.00381e-22
475 8.46115e-06
475 4.1847e-06
475 8.91331e-08
446 2.05687e-22
475 5.00381e-22
475 2.75495e-06
475 6.15078e-06
475 4.09463e-07
475 2.5914e-06
475 5.40785e-09
278 2.44871e-22
475 5.00381e-22
475 1.19629e-05
475 6.17314e-08
459 1.70242e-22
475 5.00381e-22
475 1.04193e-05
475 9.58066e-06
475 5.00381e-22
475 6.89802e-06
475 9.13202e-06
475 3.96996e-06
475 5.00381e-22
475 6.52622e-06
475 7.56131e-07
475 4.3747e-06
475 8.34295e-06
475 5.00381e-22
475 1.01112e-05
475 1.13233e-07
467 1.86339e-22
475 5.00381e-22
475 4.83161e-06
475 1.0547e-05
475 8.29033e-10
0 2.56102e-22
475 5.00381e-22
475 1.2674e-05
475 1.53692e-09
0 3.2121e-22
475 5.00381e-22
475 2.1616e-07
475 1.30917e-05
475 6.6921e-06
475 5.00381e-22
475 1.32979e-05
475 6.70213e-06
475 5.00381e-22
475 3.81261e-06
475 6.78302e-06
475 6.79419e-09
299 2.23457e-22
475 5.00381e-22
475 1.10826e-05
475 5.83098e-09
0 3.71848e-22
475 5.00381e-22
475 4.399e-06
475 1.60409e-06
475 5.62017e-06
475 1.17037e-08
340 1.93548e-22
