475 1.80497e-20
475 0.05
475 1.80497e-20
475 0.0158406
475 0.0341594
475 1.80497e-20
475 0.05
475 1.80497e-20
475 0.05
475 1.80497e-20
475 0.0362545
475 0.0137455
475 1.80497e-20
475 0.0400459
475 0.00995407
475 1.80497e-20
475 0.0483197
475 0.00168028
475 1.80497e-20
475 0.0303338
475 0.00591287
475 0.0137533
475 1.80497e-20
475 0.05
475 1.80497e-20
475 0.047829
475 0.00217101
475 1.80497e-20
475 0.0304889
475 0.0195111
475 1.80497e-20
475 0.05
475 1.80497e-20
475 0.012228
475 0.037772
475 1.80497e-20
475 0.0333108
475 0.0166892
475 1.80497e-20
475 0.0470486
475 0.00295139
475 1.80497e-20
475 0.0362866
475 0.0137134
475 1.80497e-20
475 0.05
475 1.80497e-20
475 0.0307178
475 0.0133798
475 0.00590239
475 1.80497e-20
475 0.0260573
475 0.00125511
475 0.00128166
475 0.0151976
475 0.00620829
475 1.80497e-20
475 0.05
475 1.80497e-20
475 0.05
475 1.80497e-20
475 0.05
475 1.80497e-20
475 0.0262206
475 0.000983629
475 0.00124869
475 0.0215471
475 1.80497e-20
475 0.05
475 1.80497e-20
475 0.0195791
475 0.0252416
475 0.00517932
475 1.80497e-20
475 0.05
475 1.80497e-20
475 0.0303131
475 0.0196869
475 1.80497e-20
475 0.0423108
475 0.0076892
475 1.80497e-20
475 0.0491079
475 0.00089212
475 1.80497e-20
475 0.05
475 1.80497e-20
475 0.05
475 1.80497e-20
475 0.05
475 1.80497e-20
475 0.0195125
475 0.0304875
475 1.80497e-20
475 0.05
475 1.80497e-20
475 0.05
475 1.80497e-20
475 0.0268039
475 0.0231961
475 1.80497e-20
475 0.05
475 1.80497e-20
475 0.0403768
475 0.0096232
475 1.80497e-20
475 0.05
475 1.80497e-20
475 0.0457533
475 0.00424672
475 1.80497e-20
475 0.0169754
475 0.0145656
475 0.0084063
475 0.0100528
475 1.80497e-20
475 0.0355473
475 0.0144527
475 1.80497e-20
475 0.05
475 1.80497e-20
475 0.012118
475 0.0172438
475 0.00421008
475 0.0164281
475 1.80497e-20
475 0.0311077
475 0.013851
475 0.00504127
475 1.80497e-20
475 0.05
475 1.80497e-20
475 0.05
475 1.80497e-20
475 0.05
475 1.80497e-20
475 0.0426122
475 0.00738781
475 1.80497e-20
475 0.05
475 1.80497e-20
475 0.00670784
475 0.0432922
475 1.80497e-20
475 0.0496057
475 0.000394277
475 1.80497e-20
475 0.05
475 1.80497e-20
475 0.0353221
475 0.0146779
475 1.80497e-20
475 0.0108316
475 0.0194323
475 0.0197361
475 1.80497e-20
475 0.0393865
475 0.0106135
475 1.80497e-20
475 0.05
475 1.80497e-20
475 0.05
475 1.80497e-20
475 0.05
475 1.80497e-20
475 0.00533486
475 0.0071574
475 0.0288664
475 0.0086413
475 1.80497e-20
475 0.05
475 1.80497e-20
475 0.0366697
475 0.0133303
475 1.80497e-20
475 0.0406577
475 0.00934226
475 1.80497e-20
475 0.0413565
475 0.00864347
475 1.80497e-20
475 0.042568
475 0.00743198
475 1.80497e-20
475 0.0409182
475 0.0090818
475 1.80497e-20
475 0.05
475 1.80497e-20
475 0.0410453
475 0.00895475
475 1.80497e-20
475 0.05
475 1.80497e-20
475 0.0413364
475 0.00866364
475 1.80497e-20
475 0.05
475 1.80497e-20
475 0.05
475 1.80497e-20
475 0.05
475 1.80497e-20
475 0.05
475 1.80497e-20
475 0.05
475 1.80497e-20
475 0.05
475 1.80497e-20
475 0.00411229
475 0.0388099
475 0.00707782
475 1.80497e-20
475 0.0492556
475 0.000744392
475 1.80497e-20
475 0.05
475 1.80497e-20
475 0.0392883
475 0.0107117
475 1.80497e-20
475 0.0420964
475 0.00790359
475 1.80497e-20
475 0.05
475 1.80497e-20
475 0.0341146
475 0.0158854
475 1.80497e-20
475 0.0280435
475 0.0133869
475 0.00856961
475 1.80497e-20
475 0.05
475 1.80497e-20
475 0.05
475 1.80497e-20
475 0.0459198
475 0.0040802
475 1.80497e-20
475 0.0388788
475 0.0111212
475 1.80497e-20
475 0.0476098
475 0.00239022
475 1.80497e-20
475 0.0352025
475 0.0147975
475 1.80497e-20
475 0.0426967
475 0.00730331
475 1.80497e-20
475 0.0359799
475 0.0140201
475 1.80497e-20
475 0.00526108
475 0.0447389
475 1.80497e-20
475 0.0140729
475 0.0225847
475 0.0133423
475 1.80497e-20
475 0.0297392
475 0.0158264
475 0.00443439
475 1.80497e-20
475 0.05
475 1.80497e-20
475 0.05
475 1.80497e-20
475 0.0449984
475 0.0050016
475 1.80497e-20
475 0.05
475 1.80497e-20
475 0.05
