0 -1
1149 1
523 1
523 -1
521 1
521 -1
521 1
521 -1
521 1
521 -1
519 1
519 -1
519 1
519 -1
518 1
518 -1
517 1
517 -1
517 1
517 -1
515 1
515 -1
514 1
514 -1
512 1
512 -1
512 1
512 -1
512 1
512 -1
510 1
510 -1
507 1
507 -1
505 1
505 -1
505 1
505 -1
504 1
504 -1
502 1
502 -1
502 1
502 -1
501 1
501 -1
501 1
501 -1
501 1
501 -1
499 1
499 -1
499 1
499 -1
499 1
499 -1
498 1
498 -1
496 1
496 -1
495 1
495 -1
495 1
495 -1
492 1
492 -1
492 1
492 -1
492 1
492 -1
491 1
491 -1
491 1
491 -1
491 1
491 -1
489 1
489 -1
488 1
488 -1
486 1
486 -1
483 1
483 -1
483 1
483 -1
479 1
479 -1
479 1
479 -1
478 1
478 -1
478 1
478 -1
477 1
477 -1
475 1
475 -1
475 1
475 -1
0 -1
518 1
518 -12
518 12
518 -1
518 1
518 -1
1149 1
1088 1
1088 -1
980 1
984 -1
523 1
523 -1
522 1
522 -1
521 1
521 -1
520 1
520 -1
519 1
519 -1
516 1
516 -1
516 1
516 -1
515 1
515 -1
515 1
515 -1
515 1
515 -1
513 1
513 -1
510 1
510 -1
509 1
509 -1
509 1
509 -1
508 1
508 -1
507 1
507 -1
507 1
507 -1
505 1
505 -1
505 1
505 -1
504 1
504 -1
503 1
503 -1
503 1
503 -1
502 1
502 -1
502 1
502 -1
502 1
502 -1
499 1
499 -1
498 1
498 -1
498 1
498 -1
497 1
497 -1
497 1
497 -1
496 1
496 -1
495 1
495 -1
495 1
495 -1
492 1
492 -1
491 1
491 -1
490 1
490 -1
490 1
490 -1
490 1
490 -1
490 1
490 -1
485 1
485 -1
485 1
485 -1
483 1
483 -1
480 1
480 -1
478 1
478 -1
476 1
476 -1
475 1
475 -1
475 1
475 -1
0 -1
1149 1
524 1
524 -1
522 1
522 -1
521 1
521 -1
521 1
521 -1
518 1
519 -1
519 1
519 -1
517 1
517 -1
517 1
517 -1
517 1
517 -1
516 1
516 -1
515 1
515 -1
514 1
514 -1
514 1
514 -1
513 1
513 -1
512 1
512 -1
509 1
509 -1
507 1
507 -1
506 1
506 -1
504 1
504 -1
502 1
502 -1
501 1
501 -1
500 1
500 -1
500 1
500 -1
500 1
500 -1
499 1
499 -1
498 1
498 -1
496 1
497 -1
497 1
497 -1
496 1
496 -1
495 1
495 -1
494 1
494 -1
493 1
493 -1
492 1
492 -1
492 1
492 -1
491 1
491 -1
488 1
488 -1
487 1
487 -1
487 1
487 -1
485 1
485 -1
484 1
484 -1
484 1
484 -1
484 1
484 -1
483 1
483 -1
482 1
482 -1
482 1
482 -1
480 1
480 -1
479 1
479 -1
476 1
476 -1
475 1
475 -1
475 1
475 -1
475 1
475 -1
0 -1
1149 1
878 1
878 -1
524 1
524 -1
523 1
523 -1
523 1
523 -1
523 1
523 -1
523 1
523 -1
523 1
523 -1
521 1
521 -1
520 1
520 -1
520 1
520 -1
520 1
520 -1
519 1
519 -1
518 1
518 -1
517 1
517 -1
516 1
516 -1
515 1
515 -1
515 1
515 -1
511 1
511 -1
509 1
509 -1
509 1
509 -1
509 1
509 -1
507 1
507 -1
505 1
505 -1
503 1
503 -1
502 1
502 -1
501 1
501 -1
501 1
501 -1
498 1
498 -1
498 1
498 -1
495 1
495 -1
494 1
494 -1
492 1
492 -1
492 1
492 -1
492 1
492 -1
492 1
492 -1
492 1
492 -1
491 1
491 -1
490 1
490 -1
488 1
488 -1
488 1
488 -1
487 1
487 -1
485 1
485 -1
484 1
484 -1
484 1
484 -1
481 1
481 -1
481 1
481 -1
479 1
479 -1
478 1
478 -1
478 1
478 -1
476 1
476 -1
0 -1
488 1
488 -13
488 13
488 -1
488 1
488 1
488 -1
488 1
488 -1
488 1
488 -1
488 1
488 -1
488 1
488 -1
488 1
488 -1
488 1
488 -1
488 1
488 -1
488 1
488 -1
487 1
487 -1
487 1
487 -1
487 1
487 -1
487 1
487 -1
486 1
486 -1
486 1
486 -1
485 1
485 -1
482 1
482 -1
481 1
481 -1
480 1
480 -1
479 1
479 -1
478 1
478 -1
477 1
477 -1
477 1
477 -1
476 1
476 -1
475 1
475 -1
479 1
479 -1
0 -1
1149 1
1045 1
1045 -1
524 1
524 -1
524 1
524 -1
523 1
523 -1
522 1
522 -1
522 1
522 -1
521 1
521 -1
519 1
519 -1
518 1
518 -1
517 1
517 -1
517 1
517 -1
517 1
517 -1
516 1
516 -1
514 1
514 -1
513 1
513 -1
512 1
512 -1
512 1
512 -1
512 1
512 -1
512 1
512 -1
511 1
511 -1
511 1
511 -1
510 1
510 -1
506 1
506 -1
506 1
506 -1
503 1
503 -1
499 1
499 -1
499 1
499 -1
499 1
499 -1
499 1
499 -1
497 1
497 -1
497 1
497 -1
496 1
496 -1
495 1
496 -1
496 1
496 -1
496 1
496 -1
495 1
495 -1
491 1
491 -1
491 1
491 -1
488 1
488 -1
487 1
487 -1
487 1
487 -1
486 1
486 -1
486 1
486 -1
486 1
486 -1
485 1
485 -1
485 1
485 -1
484 1
484 -1
484 1
484 -1
484 1
484 -1
482 1
482 -1
482 1
482 -1
481 1
481 -1
480 1
480 -1
478 1
478 -1
478 1
478 -1
477 1
477 -1
476 1
476 -1
476 1
476 -1
476 1
476 -1
0 -1
1149 1
1092 1
1094 -1
524 1
524 -1
524 1
524 -1
523 1
523 -1
522 1
522 -1
522 1
522 -1
522 1
522 -1
518 1
518 -1
517 1
517 -1
514 1
514 -1
513 1
514 -1
509 1
509 -1
508 1
508 -1
507 1
507 -1
506 1
506 -1
505 1
505 -1
503 1
503 -1
503 1
503 -1
499 1
499 -1
498 1
498 -1
496 1
496 -1
496 1
496 -1
495 1
495 -1
495 1
495 -1
494 1
494 -1
494 1
494 -1
494 1
494 -1
493 1
493 -1
493 1
493 -1
491 1
491 -1
491 1
491 -1
491 1
491 -1
490 1
490 -1
489 1
489 -1
487 1
487 -1
486 1
486 -1
485 1
485 -1
485 1
485 -1
485 1
485 -1
484 1
484 -1
484 1
484 -1
483 1
483 -1
483 1
483 -1
482 1
482 -1
482 1
482 -1
480 1
480 -1
480 1
480 -1
480 1
480 -1
478 1
478 -1
477 1
477 -1
477 1
477 -1
476 1
476 -1
475 1
475 -1
0 -1
1149 1
929 1
929 -1
524 1
524 -1
524 1
524 -1
523 1
523 -1
523 1
523 -1
523 1
523 -1
523 1
523 -1
521 1
521 -1
521 1
521 -1
521 1
521 -1
520 1
520 -1
517 1
517 -1
516 1
516 -1
514 1
514 -1
513 1
513 -1
512 1
513 -1
511 1
511 -1
510 1
510 -1
508 1
509 -1
508 1
508 -1
507 1
507 -1
505 1
505 -1
505 1
505 -1
504 1
504 -1
502 1
502 -1
502 1
502 -1
501 1
501 -1
500 1
500 -1
499 1
499 -1
499 1
499 -1
497 1
497 -1
495 1
495 -1
495 1
495 -1
495 1
495 -1
492 1
492 -1
491 1
491 -1
490 1
490 -1
490 1
490 -1
489 1
490 -1
490 1
490 -1
489 1
489 -1
488 1
488 -1
488 1
488 -1
488 1
488 -1
487 1
487 -1
487 1
487 -1
487 1
487 -1
486 1
486 -1
485 1
485 -1
485 1
485 -1
483 1
483 -1
481 1
481 -1
479 1
479 -1
479 1
479 -1
479 1
479 -1
478 1
478 -1
478 1
478 -1
477 1
477 -1
476 1
476 -1
476 1
476 -1
475 1
475 -1
475 1
475 -1
475 1
475 -1
475 1
475 -1
0 -1
1149 1
524 1
524 -1
523 1
523 -1
520 1
520 -1
519 1
519 -1
519 1
519 -1
517 1
517 -1
517 1
517 -1
517 1
517 -1
516 1
516 -1
516 1
516 -1
516 1
516 -1
515 1
515 -1
515 1
515 -1
515 1
515 -1
514 1
515 -1
515 1
515 -1
515 1
515 -1
513 1
513 -1
510 1
510 -1
509 1
509 -1
508 1
508 -1
508 1
508 -1
507 1
507 -1
506 1
506 -1
506 1
506 -1
506 1
506 -1
505 1
505 -1
505 1
505 -1
505 1
505 -1
502 1
502 -1
502 1
502 -1
502 1
502 -1
501 1
501 -1
501 1
501 -1
501 1
501 -1
499 1
499 -1
499 1
499 -1
496 1
496 -1
496 1
496 -1
495 1
495 -1
493 1
493 -1
493 1
493 -1
492 1
492 -1
492 1
492 -1
492 1
492 -1
492 1
492 -1
491 1
491 -1
491 1
491 -1
488 1
488 -1
487 1
487 -1
483 1
483 -1
481 1
481 -1
480 1
480 -1
480 1
480 -1
479 1
479 -1
479 1
479 -1
478 1
478 -1
478 1
478 -1
475 1
475 -1
483 1
483 -1
0 -1
1149 1
890 1
890 -1
524 1
524 -1
522 1
522 -1
522 1
522 -1
520 1
521 -1
519 1
519 -1
519 1
519 -1
518 1
518 -1
517 1
517 -1
516 1
516 -1
513 1
513 -1
513 1
513 -1
513 1
513 -1
512 1
512 -1
512 1
512 -1
511 1
511 -1
510 1
510 -1
510 1
510 -1
509 1
509 -1
509 1
509 -1
509 1
509 -1
507 1
507 -1
506 1
506 -1
506 1
506 -1
506 1
506 -1
505 1
505 -1
504 1
504 -1
503 1
503 -1
502 1
502 -1
501 1
501 -1
501 1
501 -1
500 1
500 -1
499 1
499 -1
498 1
498 -1
498 1
498 -1
497 1
497 -1
493 1
493 -1
492 1
492 -1
492 1
492 -1
491 1
491 -1
491 1
491 -1
491 1
491 -1
490 1
490 -1
490 1
490 -1
488 1
488 -1
488 1
488 -1
487 1
487 -1
487 1
487 -1
487 1
487 -1
486 1
486 -1
486 1
486 -1
485 1
485 -1
484 1
484 -1
483 1
483 -1
482 1
482 -1
477 1
477 -1
477 1
477 -1
476 1
476 -1
475 1
475 -1
520 1
520 -1
494 1
494 -1
0 -1
1149 1
1091 1
1091 -1
1000 1
1000 -1
524 1
524 -1
524 1
524 -1
523 1
523 -1
520 1
520 -1
520 1
520 -1
519 1
519 -1
519 1
519 -1
518 1
518 -1
518 1
518 -1
517 1
517 -1
516 1
516 -1
516 1
516 -1
516 1
516 -1
515 1
515 -1
513 1
513 -1
513 1
513 -1
511 1
511 -1
510 1
510 -1
509 1
509 -1
506 1
506 -1
504 1
505 -1
504 1
504 -1
504 1
504 -1
503 1
503 -1
503 1
503 -1
501 1
501 -1
500 1
500 -1
500 1
500 -1
500 1
500 -1
499 1
499 -1
499 1
499 -1
498 1
498 -1
498 1
498 -1
497 1
497 -1
493 1
493 -1
493 1
493 -1
493 1
493 -1
492 1
492 -1
492 1
492 -1
490 1
490 -1
488 1
488 -1
487 1
487 -1
484 1
484 -1
484 1
484 -1
482 1
482 -1
481 1
481 -1
481 1
481 -1
481 1
481 -1
480 1
480 -1
480 1
480 -1
480 1
480 -1
480 1
480 -1
479 1
479 -1
478 1
478 -1
475 1
475 -1
500 1
500 -1
0 -1
1149 1
524 1
524 -1
524 1
524 -1
524 1
524 -1
524 1
524 -1
522 1
522 -1
520 1
520 -1
519 1
519 -1
519 1
519 -1
519 1
519 -1
514 1
514 -1
513 1
513 -1
513 1
513 -1
513 1
513 -1
512 1
512 -1
512 1
512 -1
511 1
511 -1
511 1
511 -1
508 1
508 -1
508 1
508 -1
507 1
507 -1
507 1
507 -1
507 1
507 -1
505 1
505 -1
503 1
503 -1
502 1
502 -1
501 1
501 -1
501 1
501 -1
500 1
500 -1
499 1
499 -1
499 1
499 -1
497 1
497 -1
497 1
497 -1
497 1
497 -1
496 1
496 -1
496 1
496 -1
496 1
496 -1
496 1
496 -1
494 1
494 -1
494 1
494 -1
493 1
493 -1
493 1
493 -1
493 1
493 -1
492 1
492 -1
492 1
492 -1
490 1
490 -1
490 1
490 -1
490 1
490 -1
490 1
490 -1
489 1
489 -1
486 1
486 -1
484 1
484 -1
482 1
482 -1
481 1
481 -1
480 1
480 -1
478 1
478 -1
477 1
477 -1
476 1
476 -1
476 1
476 -1
476 1
476 -1
475 1
475 -1
493 1
493 -1
0 -1
1149 1
1040 1
1040 -1
524 1
524 -1
524 1
524 -1
524 1
524 -1
523 1
523 -1
523 1
523 -1
521 1
521 -1
521 1
521 -1
521 1
521 -1
520 1
520 -1
519 1
519 -1
519 1
519 -1
516 1
516 -1
516 1
516 -1
515 1
515 -1
515 1
515 -1
514 1
515 -1
515 1
515 -1
509 1
509 -1
508 1
508 -1
506 1
506 -1
505 1
505 -1
503 1
503 -1
503 1
503 -1
503 1
503 -1
502 1
502 -1
501 1
501 -1
500 1
500 -1
499 1
499 -1
498 1
498 -1
497 1
497 -1
495 1
495 -1
495 1
495 -1
493 1
493 -1
492 1
492 -1
492 1
492 -1
491 1
491 -1
491 1
491 -1
490 1
490 -1
489 1
490 -1
488 1
488 -1
489 1
489 -1
488 1
488 -1
487 1
487 -1
487 1
487 -1
486 1
486 -1
486 1
486 -1
483 1
483 -1
482 1
482 -1
482 1
482 -1
481 1
481 -1
480 1
480 -1
480 1
480 -1
479 1
479 -1
479 1
479 -1
479 1
479 -1
478 1
478 -1
475 1
475 -1
515 1
515 -1
0 -1
1149 1
981 1
981 -1
874 1
874 -1
522 1
522 -1
522 1
522 -1
522 1
522 -1
519 1
519 -1
518 1
518 -1
517 1
517 -1
517 1
517 -1
516 1
516 -1
515 1
515 -1
515 1
515 -1
513 1
513 -1
512 1
512 -1
511 1
511 -1
510 1
510 -1
510 1
510 -1
510 1
510 -1
507 1
507 -1
505 1
505 -1
505 1
505 -1
505 1
505 -1
504 1
504 -1
503 1
503 -1
499 1
499 -1
497 1
497 -1
494 1
494 -1
492 1
492 -1
489 1
489 -1
488 1
488 -1
486 1
486 -1
485 1
485 -1
484 1
484 -1
484 1
484 -1
482 1
482 -1
481 1
481 -1
481 1
481 -1
480 1
480 -1
480 1
480 -1
480 1
480 -1
480 1
480 -1
479 1
480 -1
478 1
478 -1
478 1
478 -1
478 1
478 -1
478 1
478 -1
477 1
477 -1
475 1
475 -1
475 1
475 -1
475 1
475 -1
511 1
511 -1
510 1
510 -1
0 -1
1149 1
523 1
523 -1
523 1
523 -1
522 1
522 -1
522 1
522 -1
522 1
522 -1
521 1
521 -1
521 1
521 -1
520 1
520 -1
520 1
520 -1
518 1
518 -1
517 1
517 -1
517 1
517 -1
516 1
516 -1
516 1
516 -1
515 1
515 -1
514 1
514 -1
511 1
511 -1
508 1
508 -1
507 1
507 -1
507 1
507 -1
505 1
505 -1
504 1
504 -1
504 1
504 -1
502 1
502 -1
498 1
498 -1
497 1
497 -1
495 1
495 -1
492 1
492 -1
491 1
491 -1
491 1
491 -1
489 1
489 -1
488 1
488 -1
487 1
487 -1
487 1
487 -1
486 1
486 -1
486 1
486 -1
486 1
486 -1
484 1
484 -1
484 1
484 -1
484 1
484 -1
479 1
479 -1
478 1
478 -1
478 1
478 -1
477 1
477 -1
476 1
476 -1
476 1
476 -1
0 -1
1149 1
524 1
524 -1
524 1
524 -1
523 1
523 -1
523 1
523 -1
523 1
523 -1
520 1
520 -1
519 1
519 -1
519 1
519 -1
516 1
516 -1
515 1
515 -1
515 1
515 -1
514 1
514 -1
513 1
513 -1
512 1
512 -1
511 1
511 -1
511 1
511 -1
509 1
509 -1
507 1
507 -1
507 1
507 -1
505 1
505 -1
505 1
505 -1
504 1
504 -1
504 1
504 -1
504 1
504 -1
503 1
503 -1
502 1
502 -1
502 1
502 -1
501 1
501 -1
500 1
500 -1
499 1
499 -1
499 1
499 -1
498 1
498 -1
498 1
498 -1
497 1
497 -1
497 1
497 -1
496 1
496 -1
496 1
496 -1
495 1
495 -1
494 1
494 -1
493 1
493 -1
492 1
492 -1
491 1
491 -1
490 1
490 -1
489 1
489 -1
489 1
489 -1
488 1
488 -1
488 1
488 -1
487 1
487 -1
487 1
487 -1
485 1
485 -1
483 1
483 -1
482 1
482 -1
482 1
482 -1
482 1
482 -1
481 1
481 -1
480 1
480 -1
479 1
479 -1
478 1
478 -1
476 1
476 -1
475 1
475 -1
475 1
475 -1
0 -1
1149 1
1083 1
1083 -1
1039 1
1049 -1
1042 1
1041 -1
524 1
524 -1
522 1
522 -1
522 1
522 -1
522 1
522 -1
521 1
521 -1
521 1
521 -1
521 1
521 -1
521 1
521 -1
520 1
520 -1
520 1
520 -1
518 1
518 -1
517 1
518 -1
515 1
515 -1
515 1
515 -1
514 1
514 -1
514 1
514 -1
514 1
514 -1
513 1
513 -1
510 1
510 -1
507 1
507 -1
507 1
507 -1
507 1
507 -1
505 1
505 -1
505 1
505 -1
503 1
503 -1
502 1
503 -1
502 1
502 -1
501 1
501 -1
499 1
499 -1
498 1
498 -1
498 1
498 -1
495 1
495 -1
495 1
495 -1
494 1
494 -1
494 1
494 -1
493 1
493 -1
492 1
492 -1
492 1
492 -1
491 1
491 -1
489 1
489 -1
487 1
487 -1
486 1
486 -1
485 1
485 -1
484 1
484 -1
483 1
483 -1
483 1
483 -1
482 1
482 -1
481 1
481 -1
481 1
481 -1
480 1
481 -1
480 1
480 -1
479 1
479 -1
478 1
478 -1
478 1
478 -1
477 1
477 -1
476 1
476 -1
482 1
482 -1
0 -1
1149 1
524 1
524 -1
522 1
522 -1
521 1
522 -1
522 1
522 -1
521 1
521 -1
518 1
518 -1
517 1
517 -1
516 1
516 -1
516 1
516 -1
514 1
514 -1
512 1
512 -1
511 1
511 -1
511 1
511 -1
509 1
510 -1
508 1
508 -1
508 1
508 -1
508 1
508 -1
508 1
508 -1
507 1
507 -1
505 1
505 -1
505 1
505 -1
504 1
504 -1
504 1
504 -1
504 1
504 -1
504 1
504 -1
503 1
503 -1
501 1
501 -1
500 1
500 -1
500 1
500 -1
499 1
499 -1
497 1
497 -1
497 1
497 -1
496 1
496 -1
493 1
493 -1
491 1
491 -1
491 1
491 -1
491 1
491 -1
490 1
490 -1
490 1
490 -1
489 1
489 -1
488 1
488 -1
488 1
488 -1
487 1
487 -1
486 1
486 -1
485 1
485 -1
484 1
484 -1
483 1
483 -1
482 1
482 -1
480 1
480 -1
479 1
479 -1
479 1
479 -1
479 1
479 -1
478 1
478 -1
477 1
477 -1
477 1
477 -1
476 1
476 -1
475 1
475 -1
0 -1
506 1
506 -13
506 13
506 -1
846 1
524 1
524 -1
523 1
524 -1
523 1
523 -1
521 1
521 -1
521 1
521 -1
521 1
521 -1
520 1
520 -1
520 1
520 -1
520 1
520 -1
519 1
519 -1
519 1
519 -1
519 1
519 -1
519 1
519 -1
518 1
518 -1
518 1
518 -1
518 1
518 -1
516 1
516 -1
516 1
516 -1
516 1
516 -1
516 1
516 -1
515 1
515 -1
515 1
515 -1
515 1
515 -1
514 1
514 -1
514 1
514 -1
514 1
514 -1
514 1
514 -1
514 1
514 -1
512 1
512 -1
512 1
512 -1
512 1
512 -1
512 1
512 -1
510 1
510 -1
510 1
510 -1
508 1
508 -1
507 1
507 -1
507 1
507 -1
507 1
507 -1
504 1
504 -1
503 1
503 -1
500 1
500 -1
498 1
498 -1
498 1
498 -1
498 1
498 -1
498 1
498 -1
497 1
497 -1
497 1
497 -1
496 1
496 -1
496 1
496 -1
496 1
496 -1
496 1
496 -1
496 1
496 -1
496 1
496 -1
496 1
496 -1
496 1
496 -1
496 1
496 -1
495 1
495 -1
493 1
494 -1
493 1
493 -1
493 1
493 -1
492 1
492 -1
491 1
491 -1
490 1
490 -1
490 1
490 -1
489 1
489 -1
489 1
489 -1
488 1
488 -1
488 1
488 -1
487 1
487 -1
485 1
485 -1
485 1
485 -1
485 1
485 -1
483 1
483 -1
483 1
483 -1
480 1
480 -1
479 1
479 -1
477 1
477 -1
485 1
485 -1
477 1
477 -1
479 1
479 -1
498 1
498 -1
497 1
497 -1
0 -1
1149 1
524 1
524 -1
521 1
521 -1
521 1
521 -1
520 1
520 -1
519 1
519 -1
519 1
519 -1
518 1
518 -1
517 1
517 -1
517 1
517 -1
517 1
517 -1
516 1
516 -1
514 1
514 -1
514 1
514 -1
514 1
514 -1
512 1
512 -1
511 1
511 -1
509 1
509 -1
509 1
509 -1
508 1
508 -1
507 1
507 -1
506 1
506 -1
506 1
506 -1
506 1
506 -1
505 1
505 -1
504 1
504 -1
503 1
503 -1
502 1
502 -1
502 1
502 -1
501 1
501 -1
500 1
500 -1
500 1
500 -1
499 1
499 -1
498 1
498 -1
497 1
497 -1
497 1
497 -1
497 1
497 -1
497 1
497 -1
497 1
497 -1
495 1
495 -1
494 1
494 -1
494 1
494 -1
494 1
494 -1
494 1
494 -1
491 1
491 -1
489 1
489 -1
487 1
487 -1
486 1
486 -1
486 1
486 -1
485 1
485 -1
485 1
485 -1
482 1
482 -1
482 1
482 -1
480 1
480 -1
480 1
480 -1
479 1
479 -1
479 1
479 -1
477 1
477 -1
476 1
476 -1
475 1
475 -1
0 -1
1149 1
1021 1
1021 -1
967 1
967 -1
524 1
524 -1
523 1
523 -1
521 1
521 -1
520 1
521 -1
520 1
520 -1
519 1
519 -1
518 1
518 -1
518 1
518 -1
517 1
517 -1
514 1
514 -1
514 1
514 -1
514 1
514 -1
512 1
512 -1
511 1
511 -1
509 1
509 -1
509 1
509 -1
509 1
509 -1
508 1
508 -1
508 1
508 -1
508 1
508 -1
508 1
508 -1
505 1
505 -1
505 1
505 -1
504 1
504 -1
503 1
503 -1
502 1
502 -1
502 1
502 -1
501 1
501 -1
501 1
501 -1
501 1
501 -1
501 1
501 -1
501 1
501 -1
499 1
499 -1
499 1
499 -1
498 1
498 -1
496 1
496 -1
495 1
495 -1
493 1
493 -1
491 1
491 -1
490 1
490 -1
490 1
490 -1
489 1
489 -1
489 1
489 -1
487 1
487 -1
485 1
485 -1
483 1
483 -1
482 1
482 -1
482 1
482 -1
479 1
479 -1
479 1
479 -1
477 1
477 -1
477 1
477 -1
0 -1
1149 1
523 1
523 -1
523 1
523 -1
523 1
523 -1
522 1
522 -1
522 1
522 -1
522 1
522 -1
522 1
522 -1
521 1
521 -1
520 1
520 -1
520 1
520 -1
520 1
520 -1
520 1
520 -1
519 1
520 -1
517 1
517 -1
517 1
517 -1
517 1
517 -1
517 1
517 -1
517 1
517 -1
515 1
515 -1
515 1
515 -1
514 1
514 -1
511 1
511 -1
510 1
510 -1
509 1
509 -1
507 1
507 -1
506 1
506 -1
506 1
506 -1
505 1
505 -1
504 1
504 -1
504 1
504 -1
504 1
504 -1
501 1
501 -1
501 1
501 -1
500 1
500 -1
499 1
500 -1
499 1
499 -1
498 1
498 -1
496 1
496 -1
493 1
493 -1
492 1
492 -1
491 1
491 -1
490 1
490 -1
489 1
489 -1
489 1
489 -1
488 1
488 -1
488 1
488 -1
486 1
486 -1
484 1
484 -1
483 1
483 -1
483 1
483 -1
482 1
482 -1
482 1
482 -1
481 1
481 -1
480 1
480 -1
479 1
479 -1
479 1
479 -1
479 1
479 -1
477 1
477 -1
476 1
476 -1
475 1
475 -1
0 -1
1149 1
999 1
999 -1
523 1
523 -1
522 1
522 -1
520 1
520 -1
519 1
519 -1
519 1
519 -1
519 1
519 -1
517 1
517 -1
517 1
517 -1
517 1
517 -1
516 1
516 -1
516 1
516 -1
515 1
515 -1
514 1
514 -1
514 1
514 -1
512 1
512 -1
511 1
511 -1
511 1
511 -1
509 1
509 -1
509 1
509 -1
507 1
507 -1
507 1
507 -1
505 1
505 -1
501 1
501 -1
499 1
499 -1
498 1
498 -1
498 1
498 -1
497 1
497 -1
495 1
495 -1
492 1
492 -1
492 1
492 -1
491 1
491 -1
490 1
491 -1
489 1
489 -1
488 1
488 -1
488 1
488 -1
487 1
487 -1
487 1
487 -1
486 1
486 -1
486 1
486 -1
486 1
486 -1
485 1
485 -1
484 1
484 -1
484 1
484 -1
484 1
484 -1
484 1
484 -1
483 1
483 -1
483 1
483 -1
483 1
483 -1
482 1
482 -1
480 1
480 -1
479 1
479 -1
479 1
479 -1
0 -1
1149 1
983 1
983 -1
523 1
523 -1
523 1
523 -1
523 1
523 -1
522 1
523 -1
523 1
523 -1
522 1
522 -1
522 1
522 -1
521 1
521 -1
519 1
519 -1
518 1
518 -1
518 1
518 -1
518 1
518 -1
517 1
517 -1
517 1
517 -1
516 1
516 -1
515 1
515 -1
515 1
515 -1
515 1
515 -1
513 1
513 -1
512 1
512 -1
510 1
510 -1
510 1
510 -1
510 1
510 -1
509 1
509 -1
506 1
506 -1
506 1
506 -1
505 1
505 -1
505 1
505 -1
504 1
504 -1
504 1
504 -1
504 1
504 -1
504 1
504 -1
503 1
503 -1
502 1
502 -1
502 1
502 -1
502 1
502 -1
502 1
502 -1
500 1
500 -1
500 1
500 -1
499 1
499 -1
498 1
498 -1
496 1
496 -1
496 1
496 -1
496 1
496 -1
495 1
495 -1
494 1
494 -1
491 1
491 -1
489 1
489 -1
489 1
489 -1
487 1
487 -1
486 1
486 -1
486 1
486 -1
484 1
484 -1
483 1
483 -1
482 1
483 -1
482 1
482 -1
482 1
482 -1
482 1
482 -1
481 1
481 -1
480 1
481 -1
481 1
481 -1
481 1
481 -1
480 1
480 -1
480 1
480 -1
479 1
480 -1
479 1
479 -1
479 1
479 -1
479 1
479 -1
477 1
478 -1
478 1
478 -1
476 1
476 -1
476 1
476 -1
0 -1
1149 1
1093 1
1093 -1
524 1
524 -1
523 1
523 -1
523 1
523 -1
523 1
523 -1
522 1
522 -1
522 1
522 -1
521 1
521 -1
521 1
521 -1
519 1
519 -1
518 1
518 -1
517 1
518 -1
515 1
516 -1
515 1
516 -1
515 1
515 -1
515 1
515 -1
515 1
515 -1
511 1
511 -1
511 1
511 -1
509 1
509 -1
508 1
508 -1
507 1
508 -1
507 1
507 -1
505 1
505 -1
504 1
504 -1
504 1
504 -1
503 1
503 -1
503 1
503 -1
502 1
502 -1
502 1
502 -1
501 1
501 -1
501 1
501 -1
500 1
500 -1
500 1
500 -1
500 1
500 -1
499 1
499 -1
499 1
499 -1
498 1
498 -1
498 1
498 -1
498 1
498 -1
496 1
496 -1
495 1
495 -1
493 1
493 -1
490 1
490 -1
490 1
490 -1
489 1
489 -1
488 1
488 -1
488 1
488 -1
484 1
484 -1
481 1
481 -1
480 1
480 -1
479 1
479 -1
478 1
478 -1
476 1
476 -1
508 1
508 -1
0 -1
1149 1
931 1
931 -1
524 1
860 -1
524 1
524 -1
522 1
522 -1
521 1
521 -1
521 1
521 -1
520 1
520 -1
519 1
519 -1
519 1
519 -1
517 1
517 -1
516 1
516 -1
516 1
516 -1
516 1
516 -1
514 1
514 -1
511 1
511 -1
510 1
510 -1
510 1
510 -1
508 1
508 -1
508 1
508 -1
507 1
507 -1
507 1
507 -1
505 1
505 -1
505 1
505 -1
504 1
504 -1
502 1
502 -1
502 1
502 -1
501 1
502 -1
502 1
502 -1
499 1
499 -1
499 1
499 -1
497 1
497 -1
495 1
495 -1
495 1
495 -1
494 1
494 -1
493 1
493 -1
493 1
493 -1
491 1
491 -1
491 1
491 -1
491 1
491 -1
490 1
490 -1
490 1
490 -1
490 1
490 -1
489 1
489 -1
489 1
489 -1
488 1
488 -1
487 1
487 -1
486 1
486 -1
486 1
486 -1
486 1
486 -1
486 1
486 -1
485 1
485 -1
484 1
484 -1
484 1
484 -1
480 1
480 -1
478 1
478 -1
478 1
478 -1
475 1
475 -1
475 1
475 -1
505 1
505 -1
487 1
487 -1
0 -1
1149 1
523 1
523 -1
522 1
522 -1
521 1
521 -1
521 1
521 -1
520 1
520 -1
519 1
519 -1
518 1
518 -1
518 1
518 -1
517 1
517 -1
516 1
516 -1
515 1
515 -1
515 1
515 -1
514 1
514 -1
514 1
514 -1
514 1
514 -1
513 1
513 -1
513 1
513 -1
512 1
512 -1
511 1
511 -1
511 1
511 -1
510 1
510 -1
506 1
506 -1
506 1
506 -1
506 1
506 -1
506 1
506 -1
505 1
505 -1
505 1
505 -1
505 1
505 -1
503 1
503 -1
501 1
501 -1
501 1
501 -1
500 1
500 -1
499 1
499 -1
498 1
498 -1
495 1
495 -1
495 1
495 -1
492 1
492 -1
491 1
491 -1
491 1
491 -1
491 1
491 -1
490 1
490 -1
490 1
490 -1
485 1
485 -1
484 1
484 -1
483 1
483 -1
483 1
483 -1
482 1
482 -1
480 1
480 -1
480 1
480 -1
479 1
479 -1
478 1
478 -1
478 1
478 -1
478 1
478 -1
476 1
476 -1
476 1
476 -1
0 -1
1149 1
881 1
881 -1
523 1
524 -1
524 1
524 -1
523 1
523 -1
522 1
522 -1
520 1
520 -1
520 1
520 -1
518 1
518 -1
516 1
516 -1
515 1
516 -1
513 1
513 -1
512 1
512 -1
511 1
511 -1
511 1
511 -1
510 1
510 -1
510 1
510 -1
510 1
510 -1
510 1
510 -1
510 1
510 -1
509 1
509 -1
508 1
508 -1
507 1
507 -1
504 1
504 -1
504 1
504 -1
503 1
503 -1
502 1
502 -1
502 1
502 -1
500 1
500 -1
498 1
498 -1
497 1
498 -1
498 1
498 -1
497 1
497 -1
496 1
496 -1
496 1
496 -1
494 1
494 -1
493 1
493 -1
492 1
492 -1
487 1
487 -1
486 1
486 -1
486 1
486 -1
484 1
484 -1
484 1
484 -1
484 1
484 -1
482 1
482 -1
482 1
482 -1
482 1
482 -1
480 1
480 -1
479 1
479 -1
478 1
478 -1
477 1
477 -1
477 1
477 -1
476 1
476 -1
0 -1
1149 1
523 1
523 -1
523 1
523 -1
522 1
522 -1
522 1
522 -1
521 1
521 -1
521 1
521 -1
519 1
519 -1
519 1
519 -1
519 1
519 -1
516 1
516 -1
516 1
516 -1
514 1
514 -1
514 1
514 -1
514 1
514 -1
514 1
514 -1
512 1
512 -1
510 1
510 -1
510 1
510 -1
508 1
509 -1
508 1
508 -1
507 1
507 -1
503 1
503 -1
502 1
502 -1
502 1
502 -1
501 1
502 -1
501 1
501 -1
501 1
501 -1
501 1
501 -1
499 1
499 -1
499 1
499 -1
497 1
497 -1
497 1
497 -1
496 1
496 -1
497 1
497 -1
496 1
496 -1
494 1
494 -1
494 1
494 -1
494 1
494 -1
493 1
493 -1
490 1
490 -1
489 1
489 -1
488 1
488 -1
488 1
488 -1
488 1
488 -1
486 1
486 -1
485 1
485 -1
484 1
484 -1
484 1
484 -1
481 1
481 -1
481 1
481 -1
480 1
480 -1
479 1
479 -1
477 1
477 -1
477 1
477 -1
475 1
475 -1
475 1
475 -1
475 1
475 -1
0 -1
1149 1
524 1
524 -1
524 1
524 -1
522 1
522 -1
522 1
522 -1
522 1
522 -1
522 1
522 -1
522 1
522 -1
521 1
521 -1
520 1
520 -1
517 1
517 -1
516 1
516 -1
514 1
514 -1
514 1
514 -1
513 1
513 -1
513 1
513 -1
512 1
512 -1
512 1
512 -1
510 1
510 -1
508 1
508 -1
508 1
508 -1
507 1
507 -1
506 1
506 -1
506 1
506 -1
505 1
505 -1
504 1
504 -1
504 1
504 -1
501 1
501 -1
500 1
500 -1
500 1
500 -1
500 1
500 -1
498 1
498 -1
497 1
497 -1
495 1
495 -1
494 1
494 -1
494 1
494 -1
492 1
492 -1
492 1
492 -1
491 1
491 -1
490 1
490 -1
488 1
488 -1
487 1
487 -1
485 1
485 -1
485 1
485 -1
484 1
484 -1
483 1
483 -1
483 1
483 -1
481 1
481 -1
480 1
480 -1
480 1
480 -1
480 1
480 -1
0 -1
1149 1
1116 1
1117 -1
524 1
524 -1
524 1
524 -1
524 1
524 -1
521 1
521 -1
520 1
521 -1
520 1
520 -1
519 1
519 -1
519 1
519 -1
518 1
518 -1
517 1
517 -1
517 1
517 -1
515 1
515 -1
513 1
513 -1
507 1
507 -1
502 1
502 -1
501 1
501 -1
500 1
500 -1
499 1
499 -1
499 1
499 -1
499 1
499 -1
498 1
498 -1
498 1
498 -1
496 1
496 -1
495 1
495 -1
494 1
494 -1
488 1
488 -1
488 1
488 -1
487 1
487 -1
487 1
487 -1
486 1
486 -1
485 1
485 -1
485 1
485 -1
484 1
484 -1
483 1
483 -1
481 1
481 -1
480 1
480 -1
477 1
477 -1
476 1
476 -1
475 1
475 -1
475 1
475 -1
475 1
475 -1
0 -1
1149 1
524 1
524 -1
524 1
524 -1
523 1
523 -1
523 1
523 -1
523 1
523 -1
523 1
523 -1
523 1
523 -1
522 1
522 -1
522 1
522 -1
521 1
521 -1
520 1
520 -1
519 1
519 -1
518 1
518 -1
517 1
517 -1
516 1
516 -1
515 1
515 -1
515 1
515 -1
511 1
511 -1
510 1
510 -1
510 1
510 -1
510 1
510 -1
510 1
510 -1
507 1
507 -1
507 1
507 -1
505 1
505 -1
504 1
504 -1
500 1
500 -1
498 1
498 -1
497 1
497 -1
494 1
494 -1
494 1
494 -1
494 1
494 -1
494 1
494 -1
493 1
493 -1
493 1
493 -1
492 1
492 -1
491 1
491 -1
490 1
490 -1
485 1
485 -1
484 1
484 -1
483 1
483 -1
481 1
481 -1
480 1
480 -1
479 1
479 -1
478 1
478 -1
476 1
476 -1
475 1
475 -1
475 1
475 -1
494 1
494 -1
0 -1
1149 1
987 1
992 -1
524 1
524 -1
524 1
524 -1
524 1
524 -1
522 1
522 -1
522 1
523 -1
523 1
523 -1
523 1
523 -1
520 1
520 -1
519 1
519 -1
518 1
518 -1
518 1
518 -1
518 1
518 -1
518 1
518 -1
515 1
515 -1
515 1
515 -1
512 1
512 -1
512 1
512 -1
511 1
511 -1
510 1
510 -1
509 1
509 -1
506 1
506 -1
503 1
503 -1
500 1
500 -1
500 1
500 -1
500 1
500 -1
499 1
499 -1
499 1
499 -1
499 1
499 -1
498 1
498 -1
496 1
496 -1
494 1
494 -1
494 1
494 -1
493 1
493 -1
491 1
491 -1
491 1
491 -1
489 1
489 -1
489 1
489 -1
488 1
488 -1
487 1
487 -1
487 1
487 -1
486 1
486 -1
486 1
486 -1
482 1
482 -1
482 1
482 -1
482 1
482 -1
482 1
482 -1
479 1
479 -1
479 1
479 -1
478 1
478 -1
477 1
477 -1
476 1
476 -1
0 -1
478 1
478 -13
478 13
478 -1
760 1
507 1
507 -1
507 1
507 -1
506 1
506 -1
506 1
506 -1
506 1
506 -1
506 1
506 -1
506 1
506 -1
506 1
506 -1
506 1
506 -1
506 1
506 -1
505 1
505 -1
505 1
505 -1
505 1
505 -1
504 1
504 -1
504 1
504 -1
504 1
504 -1
504 1
504 -1
503 1
503 -1
503 1
503 -1
503 1
503 -1
503 1
503 -1
501 1
501 -1
501 1
501 -1
501 1
501 -1
501 1
501 -1
500 1
500 -1
500 1
500 -1
500 1
500 -1
500 1
500 -1
500 1
500 -1
500 1
500 -1
499 1
499 -1
499 1
499 -1
498 1
498 -1
498 1
498 -1
498 1
498 -1
498 1
498 -1
498 1
498 -1
498 1
498 -1
498 1
498 -1
497 1
497 -1
496 1
496 -1
496 1
496 -1
495 1
495 -1
495 1
495 -1
495 1
495 -1
494 1
494 -1
494 1
494 -1
494 1
494 -1
494 1
494 -1
493 1
493 -1
492 1
492 -1
492 1
492 -1
492 1
492 -1
492 1
492 -1
492 1
492 -1
491 1
491 -1
491 1
491 -1
491 1
491 -1
491 1
491 -1
491 1
491 -1
490 1
490 -1
490 1
490 -1
490 1
490 -1
490 1
490 -1
490 1
490 -1
490 1
490 -1
490 1
490 -1
489 1
489 -1
489 1
489 -1
489 1
489 -1
489 1
489 -1
489 1
489 -1
489 1
489 -1
489 1
489 -1
488 1
488 -1
488 1
488 -1
488 1
488 -1
488 1
488 -1
488 1
488 -1
488 1
488 -1
487 1
487 -1
487 1
487 -1
486 1
486 -1
486 1
486 -1
486 1
486 -1
486 1
486 -1
486 1
486 -1
485 1
485 -1
485 1
485 -1
485 1
485 -1
485 1
485 -1
485 1
485 -1
485 1
485 -1
484 1
484 -1
484 1
484 -1
484 1
484 -1
483 1
483 -1
483 1
483 -1
482 1
482 -1
482 1
482 -1
482 1
482 -1
481 1
481 -1
481 1
481 -1
481 1
481 -1
481 1
481 -1
481 1
481 -1
480 1
481 -1
480 1
481 -1
480 1
480 -1
480 1
480 -1
480 1
480 -1
480 1
480 -1
480 1
480 -1
480 1
480 -1
479 1
479 -1
479 1
479 -1
479 1
479 -1
479 1
479 -1
478 1
478 -1
477 1
477 -1
476 1
476 -1
476 1
476 -1
475 1
475 -1
492 1
492 -1
495 1
495 -1
0 -1
1149 1
1048 1
1043 -1
1048 1
1048 -1
1049 1
1048 -1
522 1
522 -1
522 1
522 -1
517 1
517 -1
517 1
517 -1
515 1
515 -1
514 1
514 -1
512 1
512 -1
512 1
512 -1
510 1
510 -1
510 1
510 -1
508 1
508 -1
508 1
508 -1
507 1
507 -1
507 1
507 -1
507 1
507 -1
507 1
507 -1
505 1
505 -1
505 1
505 -1
505 1
505 -1
504 1
504 -1
504 1
504 -1
504 1
504 -1
503 1
503 -1
501 1
501 -1
499 1
499 -1
499 1
499 -1
499 1
499 -1
498 1
498 -1
498 1
498 -1
497 1
497 -1
497 1
497 -1
497 1
497 -1
497 1
497 -1
497 1
497 -1
496 1
496 -1
495 1
495 -1
494 1
494 -1
493 1
493 -1
492 1
492 -1
491 1
491 -1
490 1
490 -1
489 1
489 -1
486 1
486 -1
485 1
485 -1
485 1
485 -1
484 1
484 -1
484 1
484 -1
482 1
482 -1
482 1
482 -1
482 1
482 -1
482 1
482 -1
481 1
481 -1
481 1
481 -1
480 1
480 -1
480 1
480 -1
480 1
480 -1
478 1
478 -1
478 1
478 -1
477 1
477 -1
477 1
477 -1
477 1
477 -1
476 1
476 -1
475 1
475 -1
475 1
475 -1
0 -1
1149 1
524 1
524 -1
524 1
524 -1
524 1
524 -1
523 1
523 -1
521 1
521 -1
521 1
521 -1
520 1
520 -1
520 1
520 -1
519 1
519 -1
515 1
515 -1
514 1
514 -1
513 1
513 -1
511 1
511 -1
511 1
511 -1
508 1
508 -1
506 1
506 -1
506 1
506 -1
505 1
505 -1
504 1
504 -1
502 1
502 -1
502 1
502 -1
500 1
500 -1
500 1
500 -1
499 1
499 -1
499 1
499 -1
497 1
497 -1
497 1
497 -1
495 1
495 -1
495 1
495 -1
494 1
494 -1
492 1
493 -1
492 1
492 -1
491 1
491 -1
491 1
491 -1
490 1
490 -1
490 1
490 -1
487 1
487 -1
486 1
486 -1
486 1
486 -1
485 1
485 -1
482 1
482 -1
481 1
481 -1
481 1
481 -1
481 1
481 -1
480 1
480 -1
480 1
480 -1
479 1
479 -1
478 1
478 -1
475 1
475 -1
0 -1
1149 1
524 1
524 -1
524 1
524 -1
523 1
523 -1
523 1
523 -1
523 1
523 -1
523 1
523 -1
522 1
522 -1
521 1
521 -1
520 1
521 -1
521 1
521 -1
519 1
519 -1
518 1
518 -1
518 1
518 -1
518 1
518 -1
518 1
518 -1
517 1
517 -1
515 1
515 -1
513 1
513 -1
513 1
513 -1
513 1
513 -1
511 1
511 -1
511 1
511 -1
509 1
509 -1
509 1
509 -1
508 1
508 -1
506 1
506 -1
506 1
506 -1
506 1
506 -1
506 1
506 -1
503 1
504 -1
503 1
503 -1
500 1
500 -1
499 1
500 -1
498 1
498 -1
498 1
498 -1
496 1
496 -1
496 1
496 -1
496 1
496 -1
496 1
496 -1
495 1
495 -1
495 1
495 -1
495 1
495 -1
494 1
494 -1
494 1
494 -1
494 1
494 -1
492 1
492 -1
492 1
492 -1
492 1
492 -1
491 1
491 -1
489 1
489 -1
487 1
487 -1
486 1
486 -1
486 1
486 -1
483 1
483 -1
481 1
481 -1
481 1
481 -1
480 1
480 -1
477 1
477 -1
477 1
477 -1
477 1
477 -1
506 1
506 -1
0 -1
512 1
512 -12
512 12
512 -1
801 1
524 1
524 -1
524 1
524 -1
524 1
524 -1
524 1
524 -1
524 1
524 -1
524 1
524 -1
523 1
523 -1
523 1
523 -1
523 1
523 -1
523 1
523 -1
523 1
523 -1
523 1
523 -1
523 1
523 -1
522 1
522 -1
522 1
522 -1
521 1
521 -1
521 1
521 -1
521 1
521 -1
521 1
521 -1
521 1
521 -1
521 1
521 -1
520 1
520 -1
520 1
520 -1
520 1
520 -1
520 1
520 -1
519 1
519 -1
519 1
519 -1
518 1
518 -1
518 1
518 -1
518 1
518 -1
518 1
518 -1
517 1
517 -1
517 1
517 -1
517 1
517 -1
517 1
517 -1
517 1
517 -1
516 1
516 -1
516 1
516 -1
516 1
516 -1
516 1
516 -1
515 1
515 -1
515 1
515 -1
515 1
515 -1
514 1
514 -1
514 1
514 -1
514 1
514 -1
513 1
513 -1
513 1
513 -1
513 1
513 -1
513 1
513 -1
513 1
513 -1
513 1
513 -1
513 1
513 -1
513 1
513 -1
513 1
513 -1
512 1
512 -1
512 1
512 -1
510 1
510 -1
505 1
505 -1
505 1
505 -1
505 1
505 -1
504 1
504 -1
500 1
500 -1
499 1
499 -1
498 1
498 -1
498 1
498 -1
498 1
498 -1
495 1
495 -1
495 1
495 -1
494 1
494 -1
493 1
493 -1
492 1
492 -1
491 1
491 -1
488 1
488 -1
487 1
487 -1
487 1
487 -1
486 1
486 -1
486 1
486 -1
485 1
485 -1
485 1
485 -1
484 1
484 -1
484 1
484 -1
484 1
484 -1
484 1
484 -1
483 1
483 -1
483 1
483 -1
482 1
482 -1
482 1
482 -1
481 1
481 -1
480 1
480 -1
479 1
479 -1
478 1
478 -1
478 1
478 -1
476 1
476 -1
475 1
475 -1
475 1
475 -1
475 1
475 -1
512 -1
1004 1
524 1
524 -1
524 1
524 -1
523 1
523 -1
522 1
522 -1
521 1
521 -1
520 1
520 -1
520 1
520 -1
520 1
520 -1
520 1
520 -1
519 1
519 -1
518 1
518 -1
517 1
517 -1
517 1
517 -1
516 1
516 -1
513 1
513 -1
513 1
513 -1
513 1
513 -1
512 1
512 -1
0 -1
1149 1
1011 1
1011 -1
906 1
907 -1
524 1
524 -1
524 1
524 -1
523 1
523 -1
523 1
523 -1
522 1
522 -1
522 1
522 -1
522 1
522 -1
522 1
522 -1
520 1
520 -1
520 1
520 -1
520 1
520 -1
519 1
519 -1
518 1
518 -1
518 1
518 -1
518 1
518 -1
517 1
517 -1
517 1
517 -1
512 1
512 -1
512 1
512 -1
512 1
512 -1
512 1
512 -1
511 1
511 -1
510 1
510 -1
510 1
510 -1
509 1
509 -1
508 1
508 -1
507 1
507 -1
507 1
507 -1
506 1
506 -1
506 1
506 -1
506 1
506 -1
506 1
506 -1
503 1
503 -1
503 1
503 -1
502 1
502 -1
502 1
502 -1
501 1
501 -1
501 1
501 -1
500 1
500 -1
499 1
499 -1
498 1
498 -1
497 1
497 -1
497 1
497 -1
496 1
496 -1
496 1
496 -1
495 1
495 -1
494 1
494 -1
493 1
494 -1
493 1
493 -1
491 1
491 -1
491 1
491 -1
489 1
489 -1
486 1
486 -1
485 1
485 -1
484 1
484 -1
481 1
481 -1
480 1
480 -1
480 1
480 -1
479 1
479 -1
479 1
479 -1
479 1
479 -1
478 1
478 -1
478 1
478 -1
475 1
475 -1
475 1
475 -1
475 1
475 -1
475 1
475 -1
0 -1
1149 1
910 1
910 -1
524 1
524 -1
523 1
523 -1
522 1
522 -1
521 1
521 -1
521 1
521 -1
519 1
519 -1
519 1
519 -1
518 1
518 -1
515 1
515 -1
515 1
515 -1
514 1
514 -1
510 1
510 -1
510 1
510 -1
510 1
510 -1
509 1
509 -1
508 1
508 -1
507 1
508 -1
507 1
507 -1
507 1
507 -1
505 1
505 -1
505 1
505 -1
504 1
504 -1
503 1
503 -1
502 1
502 -1
502 1
502 -1
502 1
502 -1
502 1
502 -1
500 1
500 -1
496 1
496 -1
496 1
496 -1
496 1
496 -1
496 1
496 -1
495 1
495 -1
494 1
494 -1
494 1
494 -1
491 1
491 -1
490 1
490 -1
490 1
490 -1
490 1
490 -1
487 1
487 -1
487 1
487 -1
486 1
486 -1
485 1
485 -1
484 1
484 -1
484 1
484 -1
484 1
484 -1
483 1
483 -1
481 1
481 -1
480 1
480 -1
480 1
480 -1
477 1
477 -1
475 1
475 -1
0 -1
1149 1
1132 1
1132 -1
890 1
890 -1
875 1
875 -1
524 1
524 -1
523 1
523 -1
522 1
522 -1
521 1
521 -1
521 1
521 -1
521 1
521 -1
519 1
519 -1
518 1
518 -1
517 1
517 -1
514 1
514 -1
512 1
512 -1
511 1
511 -1
510 1
510 -1
509 1
509 -1
509 1
509 -1
508 1
508 -1
505 1
505 -1
504 1
504 -1
504 1
504 -1
503 1
503 -1
502 1
502 -1
502 1
502 -1
501 1
501 -1
501 1
501 -1
501 1
501 -1
500 1
500 -1
499 1
499 -1
497 1
497 -1
496 1
496 -1
494 1
494 -1
493 1
493 -1
493 1
493 -1
493 1
493 -1
493 1
493 -1
491 1
491 -1
491 1
491 -1
490 1
490 -1
490 1
490 -1
485 1
485 -1
483 1
483 -1
481 1
481 -1
480 1
480 -1
478 1
478 -1
477 1
477 -1
477 1
477 -1
475 1
475 -1
475 1
475 -1
501 1
501 -1
493 1
493 -1
0 -1
1149 1
1017 1
1017 -1
995 1
995 -1
895 1
895 -1
524 1
524 -1
524 1
524 -1
523 1
523 -1
521 1
521 -1
520 1
520 -1
519 1
519 -1
519 1
519 -1
515 1
515 -1
515 1
515 -1
515 1
515 -1
513 1
513 -1
513 1
513 -1
512 1
512 -1
511 1
511 -1
511 1
511 -1
511 1
511 -1
510 1
510 -1
510 1
510 -1
508 1
508 -1
508 1
508 -1
507 1
507 -1
506 1
506 -1
505 1
505 -1
504 1
504 -1
503 1
503 -1
502 1
502 -1
501 1
501 -1
500 1
500 -1
500 1
500 -1
499 1
499 -1
498 1
498 -1
498 1
498 -1
496 1
496 -1
496 1
496 -1
496 1
496 -1
495 1
495 -1
494 1
494 -1
494 1
494 -1
493 1
493 -1
491 1
491 -1
490 1
490 -1
489 1
489 -1
489 1
489 -1
487 1
487 -1
487 1
487 -1
487 1
487 -1
486 1
486 -1
485 1
485 -1
485 1
485 -1
485 1
485 -1
484 1
484 -1
482 1
482 -1
482 1
482 -1
480 1
480 -1
480 1
480 -1
476 1
476 -1
476 1
476 -1
476 1
476 -1
503 1
503 -1
0 -1
1149 1
1102 1
1103 -1
524 1
524 -1
524 1
524 -1
524 1
524 -1
523 1
523 -1
522 1
522 -1
522 1
522 -1
522 1
522 -1
520 1
520 -1
519 1
519 -1
519 1
519 -1
518 1
518 -1
518 1
518 -1
516 1
516 -1
516 1
516 -1
515 1
515 -1
513 1
513 -1
513 1
513 -1
513 1
513 -1
512 1
512 -1
512 1
512 -1
512 1
512 -1
511 1
511 -1
509 1
509 -1
509 1
509 -1
508 1
508 -1
507 1
507 -1
507 1
507 -1
506 1
506 -1
506 1
506 -1
505 1
505 -1
505 1
505 -1
504 1
504 -1
504 1
504 -1
504 1
504 -1
503 1
503 -1
503 1
503 -1
502 1
502 -1
502 1
502 -1
500 1
500 -1
499 1
499 -1
498 1
498 -1
497 1
497 -1
496 1
496 -1
496 1
496 -1
496 1
496 -1
496 1
496 -1
495 1
495 -1
495 1
495 -1
492 1
492 -1
492 1
492 -1
492 1
492 -1
492 1
492 -1
491 1
491 -1
490 1
490 -1
489 1
489 -1
487 1
487 -1
483 1
483 -1
483 1
483 -1
482 1
482 -1
482 1
483 -1
482 1
482 -1
481 1
481 -1
480 1
480 -1
480 1
480 -1
480 1
480 -1
479 1
479 -1
476 1
476 -1
475 1
475 -1
0 -1
1149 1
524 1
524 -1
524 1
524 -1
524 1
524 -1
524 1
524 -1
524 1
524 -1
523 1
523 -1
523 1
523 -1
521 1
521 -1
521 1
521 -1
521 1
521 -1
520 1
520 -1
520 1
520 -1
520 1
520 -1
519 1
519 -1
518 1
518 -1
517 1
517 -1
515 1
516 -1
514 1
514 -1
514 1
514 -1
511 1
511 -1
511 1
511 -1
511 1
511 -1
510 1
511 -1
511 1
511 -1
510 1
510 -1
510 1
510 -1
510 1
510 -1
509 1
509 -1
507 1
507 -1
506 1
506 -1
505 1
505 -1
503 1
503 -1
502 1
502 -1
502 1
502 -1
501 1
501 -1
501 1
501 -1
500 1
500 -1
500 1
500 -1
500 1
500 -1
498 1
498 -1
497 1
497 -1
496 1
496 -1
494 1
494 -1
491 1
491 -1
489 1
489 -1
488 1
488 -1
488 1
488 -1
487 1
487 -1
486 1
486 -1
485 1
485 -1
483 1
483 -1
482 1
482 -1
481 1
481 -1
479 1
479 -1
478 1
478 -1
477 1
477 -1
477 1
477 -1
476 1
476 -1
475 1
475 -1
502 1
502 -1
0 -1
1149 1
924 1
924 -1
523 1
523 -1
520 1
520 -1
520 1
520 -1
516 1
516 -1
515 1
515 -1
515 1
515 -1
513 1
513 -1
511 1
511 -1
511 1
511 -1
510 1
510 -1
509 1
509 -1
509 1
509 -1
509 1
509 -1
508 1
508 -1
507 1
507 -1
503 1
503 -1
503 1
503 -1
502 1
502 -1
500 1
500 -1
500 1
500 -1
499 1
499 -1
499 1
499 -1
499 1
499 -1
499 1
499 -1
498 1
498 -1
497 1
497 -1
497 1
497 -1
491 1
491 -1
491 1
491 -1
490 1
490 -1
488 1
488 -1
487 1
487 -1
487 1
487 -1
485 1
485 -1
484 1
484 -1
484 1
484 -1
480 1
480 -1
480 1
480 -1
480 1
480 -1
480 1
480 -1
479 1
479 -1
478 1
478 -1
477 1
477 -1
476 1
476 -1
476 1
476 -1
475 1
475 -1
475 1
475 -1
0 -1
506 1
506 -12
506 12
506 -1
834 1
524 1
524 -1
524 1
524 -1
524 1
524 -1
523 1
523 -1
523 1
523 -1
523 1
523 -1
523 1
523 -1
523 1
523 -1
523 1
523 -1
522 1
522 -1
522 1
522 -1
522 1
522 -1
522 1
522 -1
522 1
522 -1
521 1
521 -1
521 1
521 -1
521 1
521 -1
521 1
521 -1
520 1
520 -1
520 1
520 -1
520 1
520 -1
519 1
519 -1
519 1
519 -1
519 1
519 -1
519 1
519 -1
518 1
518 -1
517 1
517 -1
517 1
517 -1
517 1
517 -1
517 1
517 -1
517 1
517 -1
517 1
517 -1
517 1
517 -1
516 1
516 -1
516 1
516 -1
516 1
516 -1
516 1
516 -1
515 1
515 -1
515 1
515 -1
514 1
514 -1
514 1
514 -1
513 1
513 -1
512 1
512 -1
512 1
512 -1
512 1
512 -1
512 1
512 -1
511 1
511 -1
511 1
511 -1
510 1
510 -1
510 1
510 -1
510 1
510 -1
509 1
509 -1
509 1
509 -1
508 1
508 -1
508 1
508 -1
508 1
508 -1
507 1
507 -1
505 1
505 -1
505 1
505 -1
504 1
504 -1
504 1
504 -1
503 1
503 -1
503 1
503 -1
502 1
502 -1
500 1
500 -1
500 1
500 -1
500 1
500 -1
498 1
498 -1
497 1
497 -1
496 1
496 -1
494 1
494 -1
493 1
493 -1
493 1
493 -1
492 1
492 -1
491 1
491 -1
489 1
489 -1
489 1
489 -1
489 1
489 -1
487 1
487 -1
486 1
487 -1
486 1
486 -1
485 1
485 -1
484 1
484 -1
484 1
484 -1
482 1
482 -1
481 1
481 -1
481 1
481 -1
480 1
480 -1
480 1
480 -1
479 1
479 -1
478 1
478 -1
476 1
476 -1
475 1
475 -1
475 1
475 -1
500 1
500 -1
506 -1
830 1
524 1
524 -1
524 1
524 -1
523 1
523 -1
523 1
523 -1
523 1
523 -1
523 1
523 -1
523 1
523 -1
522 1
522 -1
522 1
522 -1
521 1
521 -1
521 1
521 -1
521 1
521 -1
520 1
520 -1
519 1
519 -1
519 1
519 -1
519 1
519 -1
517 1
517 -1
516 1
516 -1
516 1
516 -1
516 1
516 -1
515 1
515 -1
514 1
514 -1
514 1
514 -1
513 1
513 -1
513 1
513 -1
513 1
513 -1
513 1
513 -1
512 1
512 -1
512 1
512 -1
512 1
512 -1
511 1
511 -1
511 1
511 -1
510 1
510 -1
509 1
509 -1
509 1
509 -1
508 1
508 -1
508 1
508 -1
508 1
508 -1
507 1
507 -1
507 1
507 -1
486 1
486 -1
0 -1
1149 1
911 1
911 -1
524 1
524 -1
523 1
523 -1
523 1
523 -1
522 1
522 -1
522 1
522 -1
521 1
521 -1
520 1
520 -1
520 1
520 -1
520 1
520 -1
519 1
519 -1
519 1
519 -1
516 1
516 -1
514 1
514 -1
514 1
514 -1
513 1
513 -1
512 1
512 -1
512 1
512 -1
512 1
512 -1
512 1
512 -1
511 1
511 -1
510 1
510 -1
510 1
510 -1
509 1
509 -1
509 1
509 -1
508 1
508 -1
507 1
507 -1
507 1
507 -1
507 1
507 -1
506 1
506 -1
506 1
506 -1
506 1
506 -1
505 1
505 -1
504 1
504 -1
504 1
504 -1
503 1
503 -1
501 1
501 -1
501 1
501 -1
501 1
501 -1
500 1
500 -1
500 1
500 -1
499 1
499 -1
499 1
499 -1
497 1
497 -1
497 1
498 -1
497 1
497 -1
497 1
497 -1
495 1
495 -1
494 1
494 -1
494 1
494 -1
494 1
494 -1
493 1
493 -1
493 1
493 -1
493 1
493 -1
493 1
493 -1
493 1
493 -1
492 1
492 -1
492 1
492 -1
492 1
492 -1
491 1
491 -1
491 1
491 -1
490 1
490 -1
490 1
490 -1
489 1
489 -1
488 1
488 -1
487 1
487 -1
487 1
487 -1
484 1
484 -1
483 1
483 -1
482 1
482 -1
482 1
482 -1
482 1
482 -1
482 1
482 -1
481 1
481 -1
480 1
480 -1
479 1
479 -1
479 1
479 -1
478 1
478 -1
478 1
478 -1
477 1
477 -1
482 1
482 -1
0 -1
1149 1
524 1
524 -1
524 1
524 -1
524 1
524 -1
523 1
523 -1
523 1
523 -1
521 1
521 -1
521 1
521 -1
521 1
521 -1
521 1
521 -1
520 1
520 -1
518 1
518 -1
518 1
518 -1
518 1
518 -1
518 1
518 -1
517 1
517 -1
517 1
517 -1
517 1
517 -1
515 1
515 -1
515 1
515 -1
514 1
514 -1
513 1
513 -1
513 1
513 -1
512 1
512 -1
510 1
510 -1
510 1
510 -1
510 1
510 -1
509 1
509 -1
507 1
507 -1
506 1
506 -1
506 1
506 -1
505 1
505 -1
503 1
503 -1
502 1
502 -1
502 1
502 -1
501 1
501 -1
501 1
501 -1
499 1
499 -1
499 1
499 -1
499 1
499 -1
499 1
499 -1
498 1
498 -1
497 1
497 -1
497 1
497 -1
497 1
497 -1
497 1
497 -1
495 1
495 -1
493 1
493 -1
492 1
492 -1
491 1
492 -1
491 1
491 -1
490 1
490 -1
488 1
488 -1
486 1
486 -1
485 1
486 -1
485 1
485 -1
485 1
485 -1
485 1
485 -1
485 1
485 -1
483 1
483 -1
483 1
483 -1
482 1
482 -1
481 1
481 -1
480 1
480 -1
479 1
479 -1
478 1
478 -1
478 1
478 -1
477 1
477 -1
476 1
476 -1
475 1
475 -1
475 1
475 -1
475 1
475 -1
492 1
492 -1
0 -1
1149 1
1060 1
1060 -1
522 1
522 -1
516 1
516 -1
514 1
514 -1
513 1
513 -1
513 1
513 -1
511 1
511 -1
510 1
510 -1
509 1
509 -1
507 1
508 -1
508 1
508 -1
506 1
507 -1
507 1
507 -1
506 1
506 -1
506 1
506 -1
505 1
505 -1
506 1
506 -1
505 1
505 -1
505 1
505 -1
505 1
505 -1
501 1
501 -1
501 1
501 -1
501 1
501 -1
501 1
501 -1
500 1
500 -1
500 1
500 -1
499 1
499 -1
498 1
498 -1
498 1
499 -1
498 1
498 -1
497 1
497 -1
497 1
497 -1
496 1
496 -1
496 1
496 -1
495 1
495 -1
495 1
495 -1
493 1
493 -1
489 1
489 -1
486 1
486 -1
485 1
485 -1
485 1
485 -1
485 1
485 -1
484 1
484 -1
483 1
483 -1
481 1
481 -1
480 1
480 -1
479 1
479 -1
479 1
479 -1
477 1
477 -1
476 1
476 -1
475 1
475 -1
475 1
475 -1
0 -1
488 1
488 -7
488 7
488 -2
488 2
488 -1
488 1
488 -1
488 1
488 -1
487 1
488 -1
487 1
488 -1
490 1
488 1
488 -1
488 1
488 -1
488 1
488 -1
488 1
488 -1
488 1
488 -1
488 1
488 -1
486 1
486 -1
486 1
486 -1
485 1
485 -1
482 1
482 -1
481 1
481 -1
480 1
480 -1
480 1
480 -1
479 1
479 -1
477 1
477 -1
477 1
477 -1
476 1
476 -1
475 1
476 -1
475 1
475 -1
488 -1
653 1
505 1
553 -1
505 1
505 -1
505 1
505 -1
504 1
504 -1
504 1
504 -1
504 1
504 -1
504 1
504 -1
504 1
504 -1
503 1
503 -1
503 1
503 -1
503 1
503 -1
503 1
503 -1
503 1
503 -1
503 1
503 -1
502 1
502 -1
502 1
502 -1
501 1
501 -1
500 1
500 -1
500 1
500 -1
500 1
500 -1
500 1
500 -1
500 1
500 -1
500 1
500 -1
499 1
499 -1
498 1
498 -1
498 1
498 -1
497 1
497 -1
497 1
497 -1
497 1
497 -1
496 1
496 -1
496 1
496 -1
496 1
496 -1
496 1
496 -1
496 1
496 -1
495 1
495 -1
495 1
495 -1
495 1
495 -1
495 1
495 -1
495 1
495 -1
494 1
494 -1
494 1
494 -1
494 1
494 -1
492 1
492 -1
492 1
492 -1
492 1
492 -1
492 1
492 -1
491 1
491 -1
491 1
491 -1
491 1
491 -1
490 1
490 -1
490 1
490 -1
490 1
490 -1
490 1
490 -1
490 1
490 -1
489 1
489 -1
489 1
489 -1
488 1
488 -1
488 1
488 -1
488 1
488 -1
500 1
500 -1
0 -1
1149 1
524 1
524 -1
524 1
524 -1
523 1
523 -1
522 1
522 -1
522 1
522 -1
521 1
521 -1
521 1
521 -1
521 1
521 -1
517 1
517 -1
517 1
517 -1
517 1
517 -1
512 1
512 -1
512 1
512 -1
511 1
511 -1
511 1
511 -1
510 1
510 -1
509 1
509 -1
508 1
508 -1
503 1
503 -1
503 1
503 -1
503 1
503 -1
501 1
501 -1
501 1
501 -1
500 1
500 -1
500 1
500 -1
495 1
495 -1
494 1
494 -1
493 1
493 -1
491 1
491 -1
487 1
487 -1
487 1
487 -1
486 1
486 -1
485 1
485 -1
485 1
485 -1
484 1
484 -1
482 1
482 -1
481 1
481 -1
480 1
480 -1
479 1
479 -1
477 1
477 -1
477 1
477 -1
477 1
477 -1
477 1
477 -1
475 1
475 -1
521 1
521 -1
487 1
487 -1
0 -1
1149 1
1024 1
1024 -1
524 1
524 -1
524 1
524 -1
524 1
524 -1
524 1
524 -1
523 1
523 -1
522 1
522 -1
521 1
521 -1
520 1
520 -1
520 1
520 -1
519 1
519 -1
519 1
519 -1
518 1
518 -1
518 1
518 -1
517 1
517 -1
516 1
516 -1
515 1
515 -1
514 1
514 -1
514 1
514 -1
513 1
513 -1
513 1
513 -1
513 1
513 -1
513 1
513 -1
509 1
509 -1
509 1
509 -1
507 1
508 -1
505 1
505 -1
504 1
504 -1
504 1
504 -1
502 1
502 -1
502 1
502 -1
500 1
500 -1
500 1
500 -1
500 1
500 -1
499 1
499 -1
499 1
499 -1
495 1
495 -1
495 1
495 -1
493 1
493 -1
492 1
492 -1
489 1
489 -1
488 1
488 -1
488 1
488 -1
488 1
488 -1
488 1
488 -1
486 1
487 -1
486 1
486 -1
486 1
486 -1
484 1
484 -1
484 1
484 -1
483 1
483 -1
481 1
481 -1
478 1
478 -1
478 1
478 -1
478 1
478 -1
477 1
478 -1
476 1
476 -1
475 1
475 -1
475 1
475 -1
0 -1
1149 1
960 1
959 -1
961 1
961 -1
524 1
524 -1
523 1
523 -1
523 1
523 -1
521 1
521 -1
520 1
520 -1
520 1
520 -1
519 1
519 -1
519 1
519 -1
517 1
517 -1
516 1
516 -1
515 1
515 -1
513 1
513 -1
512 1
512 -1
511 1
511 -1
511 1
511 -1
511 1
511 -1
510 1
510 -1
510 1
510 -1
509 1
509 -1
509 1
509 -1
508 1
508 -1
507 1
507 -1
507 1
507 -1
506 1
506 -1
504 1
504 -1
502 1
502 -1
502 1
502 -1
502 1
502 -1
502 1
502 -1
502 1
502 -1
502 1
502 -1
501 1
501 -1
501 1
501 -1
500 1
500 -1
498 1
498 -1
497 1
497 -1
497 1
497 -1
497 1
497 -1
497 1
497 -1
496 1
496 -1
496 1
496 -1
496 1
496 -1
495 1
495 -1
495 1
495 -1
494 1
494 -1
491 1
491 -1
490 1
490 -1
488 1
488 -1
488 1
488 -1
487 1
487 -1
487 1
487 -1
485 1
485 -1
485 1
485 -1
482 1
482 -1
482 1
482 -1
481 1
481 -1
480 1
480 -1
480 1
480 -1
479 1
479 -1
478 1
478 -1
477 1
477 -1
475 1
475 -1
510 1
510 -1
494 1
494 -1
0 -1
1149 1
926 1
926 -1
523 1
523 -1
523 1
523 -1
522 1
522 -1
522 1
522 -1
519 1
519 -1
519 1
519 -1
518 1
518 -1
517 1
517 -1
516 1
517 -1
516 1
516 -1
515 1
515 -1
515 1
515 -1
515 1
515 -1
513 1
513 -1
513 1
513 -1
512 1
512 -1
512 1
512 -1
512 1
512 -1
512 1
512 -1
512 1
512 -1
508 1
508 -1
507 1
507 -1
506 1
506 -1
505 1
505 -1
504 1
504 -1
503 1
503 -1
502 1
502 -1
502 1
502 -1
500 1
500 -1
500 1
500 -1
497 1
497 -1
497 1
497 -1
497 1
497 -1
497 1
497 -1
497 1
497 -1
496 1
496 -1
495 1
495 -1
495 1
495 -1
493 1
493 -1
493 1
493 -1
491 1
491 -1
490 1
490 -1
487 1
487 -1
486 1
486 -1
486 1
486 -1
485 1
485 -1
481 1
481 -1
480 1
480 -1
480 1
480 -1
477 1
477 -1
475 1
475 -1
0 -1
1149 1
1029 1
1029 -1
524 1
524 -1
523 1
523 -1
521 1
521 -1
520 1
520 -1
520 1
520 -1
519 1
519 -1
519 1
519 -1
518 1
518 -1
517 1
517 -1
517 1
517 -1
517 1
517 -1
517 1
517 -1
516 1
516 -1
516 1
516 -1
512 1
512 -1
511 1
511 -1
511 1
511 -1
509 1
509 -1
506 1
506 -1
505 1
505 -1
503 1
503 -1
503 1
503 -1
501 1
502 -1
501 1
501 -1
499 1
499 -1
497 1
497 -1
497 1
497 -1
496 1
496 -1
495 1
495 -1
494 1
494 -1
494 1
494 -1
490 1
490 -1
489 1
489 -1
488 1
489 -1
486 1
486 -1
486 1
486 -1
484 1
484 -1
484 1
484 -1
482 1
482 -1
481 1
481 -1
481 1
481 -1
480 1
480 -1
480 1
480 -1
479 1
479 -1
479 1
479 -1
478 1
478 -1
477 1
477 -1
477 1
477 -1
476 1
476 -1
476 1
476 -1
475 1
475 -1
475 1
475 -1
489 1
489 -1
0 -1
1149 1
523 1
524 -1
523 1
523 -1
523 1
523 -1
522 1
522 -1
521 1
521 -1
520 1
520 -1
520 1
520 -1
520 1
520 -1
520 1
520 -1
518 1
518 -1
517 1
517 -1
516 1
516 -1
516 1
516 -1
516 1
516 -1
515 1
515 -1
515 1
515 -1
515 1
515 -1
513 1
513 -1
510 1
510 -1
509 1
509 -1
508 1
508 -1
507 1
507 -1
507 1
507 -1
505 1
505 -1
504 1
504 -1
504 1
504 -1
504 1
504 -1
504 1
504 -1
504 1
504 -1
503 1
503 -1
502 1
502 -1
502 1
502 -1
499 1
499 -1
498 1
499 -1
499 1
499 -1
495 1
495 -1
494 1
494 -1
493 1
493 -1
493 1
493 -1
491 1
491 -1
488 1
488 -1
486 1
486 -1
485 1
485 -1
485 1
485 -1
484 1
484 -1
482 1
482 -1
481 1
481 -1
481 1
481 -1
480 1
480 -1
479 1
479 -1
479 1
479 -1
479 1
479 -1
479 1
479 -1
479 1
479 -1
478 1
478 -1
477 1
478 -1
478 1
478 -1
477 1
477 -1
476 1
476 -1
475 1
475 -1
516 1
516 -1
506 1
506 -1
0 -1
1149 1
524 1
524 -1
522 1
522 -1
522 1
522 -1
521 1
521 -1
520 1
520 -1
518 1
518 -1
518 1
518 -1
518 1
518 -1
517 1
517 -1
516 1
516 -1
516 1
516 -1
515 1
515 -1
515 1
515 -1
515 1
515 -1
512 1
512 -1
511 1
511 -1
511 1
511 -1
510 1
510 -1
509 1
509 -1
508 1
509 -1
509 1
509 -1
507 1
507 -1
507 1
507 -1
506 1
506 -1
504 1
504 -1
504 1
504 -1
504 1
504 -1
501 1
501 -1
501 1
501 -1
501 1
501 -1
500 1
500 -1
499 1
499 -1
499 1
499 -1
498 1
498 -1
495 1
495 -1
494 1
494 -1
493 1
493 -1
493 1
493 -1
493 1
493 -1
492 1
492 -1
492 1
492 -1
491 1
491 -1
491 1
491 -1
488 1
488 -1
488 1
488 -1
488 1
488 -1
487 1
487 -1
486 1
486 -1
485 1
485 -1
483 1
483 -1
483 1
483 -1
482 1
482 -1
481 1
481 -1
479 1
479 -1
479 1
479 -1
478 1
478 -1
475 1
475 -1
516 1
516 -1
0 -1
1149 1
523 1
523 -1
522 1
522 -1
521 1
521 -1
517 1
517 -1
517 1
517 -1
516 1
516 -1
516 1
516 -1
516 1
516 -1
516 1
516 -1
514 1
514 -1
514 1
514 -1
514 1
514 -1
513 1
513 -1
512 1
512 -1
512 1
512 -1
509 1
509 -1
508 1
508 -1
507 1
507 -1
507 1
507 -1
507 1
507 -1
506 1
506 -1
506 1
506 -1
506 1
506 -1
506 1
506 -1
505 1
505 -1
502 1
502 -1
501 1
501 -1
500 1
500 -1
499 1
499 -1
497 1
497 -1
497 1
497 -1
496 1
496 -1
495 1
495 -1
494 1
494 -1
494 1
494 -1
493 1
493 -1
493 1
493 -1
492 1
492 -1
492 1
492 -1
491 1
491 -1
488 1
488 -1
488 1
488 -1
487 1
487 -1
487 1
487 -1
487 1
487 -1
487 1
487 -1
486 1
486 -1
485 1
485 -1
485 1
485 -1
485 1
485 -1
485 1
485 -1
484 1
484 -1
482 1
482 -1
482 1
482 -1
481 1
481 -1
480 1
480 -1
479 1
479 -1
478 1
478 -1
478 1
478 -1
476 1
476 -1
475 1
475 -1
475 1
475 -1
475 1
475 -1
0 -1
1149 1
1129 1
1129 -1
1127 1
1127 -1
524 1
524 -1
523 1
523 -1
520 1
520 -1
520 1
520 -1
520 1
520 -1
518 1
518 -1
516 1
516 -1
515 1
515 -1
515 1
515 -1
515 1
515 -1
515 1
515 -1
514 1
514 -1
513 1
513 -1
513 1
513 -1
512 1
512 -1
512 1
512 -1
511 1
511 -1
511 1
511 -1
510 1
510 -1
510 1
510 -1
509 1
509 -1
509 1
509 -1
509 1
509 -1
505 1
505 -1
500 1
500 -1
499 1
499 -1
498 1
499 -1
497 1
497 -1
497 1
497 -1
496 1
496 -1
496 1
496 -1
495 1
495 -1
494 1
494 -1
494 1
494 -1
493 1
493 -1
492 1
492 -1
490 1
490 -1
490 1
490 -1
489 1
489 -1
486 1
487 -1
486 1
486 -1
484 1
484 -1
484 1
484 -1
483 1
483 -1
482 1
482 -1
482 1
482 -1
481 1
481 -1
481 1
481 -1
481 1
481 -1
480 1
480 -1
479 1
479 -1
479 1
479 -1
477 1
477 -1
477 1
477 -1
476 1
476 -1
476 1
476 -1
475 1
475 -1
0 -1
1149 1
956 1
956 -1
901 1
901 -1
866 1
866 -1
522 1
522 -1
521 1
521 -1
521 1
521 -1
521 1
521 -1
521 1
521 -1
518 1
518 -1
518 1
518 -1
518 1
518 -1
517 1
517 -1
517 1
517 -1
516 1
516 -1
516 1
516 -1
515 1
515 -1
514 1
514 -1
513 1
513 -1
512 1
512 -1
511 1
511 -1
509 1
509 -1
509 1
509 -1
508 1
508 -1
508 1
508 -1
508 1
508 -1
507 1
507 -1
506 1
506 -1
504 1
504 -1
504 1
504 -1
504 1
504 -1
504 1
504 -1
503 1
503 -1
501 1
501 -1
501 1
501 -1
500 1
500 -1
498 1
498 -1
495 1
495 -1
494 1
494 -1
494 1
494 -1
492 1
492 -1
490 1
490 -1
489 1
489 -1
488 1
489 -1
488 1
488 -1
487 1
487 -1
487 1
487 -1
486 1
486 -1
484 1
484 -1
482 1
482 -1
482 1
482 -1
482 1
482 -1
481 1
481 -1
479 1
479 -1
479 1
479 -1
479 1
479 -1
478 1
478 -1
477 1
477 -1
476 1
476 -1
476 1
476 -1
475 1
475 -1
0 -1
1149 1
1036 1
1036 -1
522 1
522 -1
522 1
522 -1
521 1
521 -1
519 1
519 -1
519 1
519 -1
519 1
519 -1
519 1
519 -1
517 1
517 -1
515 1
516 -1
515 1
515 -1
512 1
513 -1
513 1
513 -1
512 1
512 -1
511 1
511 -1
509 1
509 -1
508 1
508 -1
507 1
507 -1
507 1
507 -1
505 1
505 -1
502 1
502 -1
502 1
502 -1
499 1
499 -1
499 1
499 -1
496 1
496 -1
495 1
495 -1
495 1
495 -1
494 1
494 -1
491 1
491 -1
490 1
490 -1
490 1
490 -1
488 1
488 -1
488 1
488 -1
488 1
488 -1
487 1
487 -1
485 1
485 -1
485 1
485 -1
484 1
484 -1
484 1
484 -1
484 1
484 -1
483 1
483 -1
483 1
483 -1
483 1
483 -1
483 1
483 -1
483 1
483 -1
483 1
483 -1
481 1
482 -1
481 1
481 -1
480 1
480 -1
479 1
479 -1
476 1
477 -1
477 1
477 -1
513 1
513 -1
0 -1
1149 1
523 1
523 -1
523 1
523 -1
521 1
521 -1
519 1
519 -1
519 1
519 -1
518 1
518 -1
518 1
518 -1
518 1
518 -1
518 1
518 -1
518 1
518 -1
517 1
517 -1
516 1
516 -1
516 1
516 -1
516 1
516 -1
516 1
516 -1
515 1
515 -1
512 1
512 -1
512 1
512 -1
511 1
511 -1
510 1
510 -1
510 1
510 -1
509 1
509 -1
507 1
507 -1
507 1
507 -1
507 1
507 -1
506 1
506 -1
505 1
505 -1
503 1
503 -1
503 1
503 -1
500 1
500 -1
499 1
499 -1
499 1
499 -1
498 1
498 -1
498 1
498 -1
497 1
497 -1
497 1
497 -1
496 1
496 -1
494 1
494 -1
493 1
493 -1
491 1
491 -1
491 1
491 -1
491 1
491 -1
491 1
491 -1
488 1
488 -1
487 1
487 -1
487 1
487 -1
487 1
487 -1
487 1
487 -1
486 1
486 -1
486 1
486 -1
485 1
486 -1
485 1
485 -1
483 1
483 -1
483 1
483 -1
483 1
483 -1
482 1
482 -1
479 1
479 -1
477 1
477 -1
477 1
477 -1
476 1
476 -1
475 1
475 -1
486 1
486 -1
0 -1
1149 1
891 1
892 -1
524 1
524 -1
523 1
523 -1
522 1
523 -1
523 1
523 -1
521 1
521 -1
520 1
520 -1
520 1
520 -1
519 1
519 -1
518 1
518 -1
518 1
518 -1
517 1
517 -1
515 1
515 -1
513 1
513 -1
513 1
513 -1
513 1
513 -1
512 1
512 -1
511 1
511 -1
509 1
509 -1
508 1
508 -1
508 1
508 -1
507 1
507 -1
507 1
507 -1
503 1
503 -1
502 1
502 -1
500 1
500 -1
498 1
498 -1
497 1
497 -1
496 1
496 -1
495 1
496 -1
495 1
495 -1
493 1
493 -1
493 1
493 -1
493 1
493 -1
492 1
492 -1
489 1
489 -1
488 1
489 -1
486 1
486 -1
486 1
486 -1
485 1
485 -1
484 1
484 -1
484 1
484 -1
483 1
484 -1
483 1
483 -1
482 1
482 -1
480 1
480 -1
480 1
480 -1
479 1
479 -1
478 1
478 -1
477 1
477 -1
477 1
477 -1
477 1
477 -1
475 1
475 -1
475 1
475 -1
475 1
475 -1
475 1
475 -1
0 -1
1149 1
523 1
523 -1
520 1
520 -1
517 1
517 -1
516 1
516 -1
516 1
516 -1
515 1
515 -1
513 1
513 -1
509 1
509 -1
509 1
509 -1
508 1
508 -1
508 1
508 -1
508 1
508 -1
508 1
508 -1
507 1
507 -1
506 1
506 -1
505 1
505 -1
504 1
504 -1
504 1
504 -1
503 1
503 -1
500 1
500 -1
500 1
500 -1
499 1
499 -1
499 1
499 -1
499 1
499 -1
497 1
497 -1
496 1
496 -1
496 1
496 -1
496 1
496 -1
496 1
496 -1
496 1
496 -1
495 1
495 -1
494 1
494 -1
493 1
493 -1
492 1
493 -1
491 1
491 -1
491 1
491 -1
489 1
489 -1
488 1
488 -1
487 1
487 -1
486 1
486 -1
483 1
483 -1
482 1
482 -1
481 1
481 -1
480 1
480 -1
480 1
480 -1
478 1
478 -1
478 1
478 -1
477 1
477 -1
476 1
476 -1
476 1
476 -1
476 1
476 -1
0 -1
1149 1
523 1
523 -1
523 1
523 -1
521 1
521 -1
521 1
521 -1
521 1
521 -1
519 1
519 -1
519 1
519 -1
516 1
516 -1
516 1
516 -1
516 1
516 -1
515 1
515 -1
514 1
514 -1
511 1
511 -1
511 1
511 -1
510 1
510 -1
509 1
509 -1
509 1
509 -1
509 1
509 -1
508 1
508 -1
505 1
505 -1
505 1
505 -1
505 1
505 -1
504 1
504 -1
503 1
503 -1
503 1
503 -1
502 1
502 -1
501 1
501 -1
501 1
501 -1
500 1
500 -1
498 1
498 -1
498 1
498 -1
497 1
497 -1
497 1
497 -1
496 1
496 -1
495 1
495 -1
495 1
495 -1
495 1
495 -1
495 1
495 -1
494 1
494 -1
493 1
493 -1
492 1
492 -1
492 1
492 -1
490 1
490 -1
489 1
489 -1
487 1
487 -1
486 1
486 -1
486 1
486 -1
483 1
483 -1
482 1
483 -1
482 1
482 -1
482 1
482 -1
480 1
480 -1
479 1
479 -1
478 1
478 -1
477 1
477 -1
476 1
477 -1
476 1
476 -1
476 1
476 -1
476 1
476 -1
476 1
476 -1
475 1
475 -1
505 1
505 -1
0 -1
1149 1
997 1
986 -1
992 1
992 -1
521 1
521 -1
521 1
521 -1
516 1
516 -1
516 1
516 -1
515 1
515 -1
515 1
515 -1
514 1
514 -1
513 1
513 -1
511 1
511 -1
511 1
511 -1
510 1
510 -1
510 1
510 -1
509 1
509 -1
509 1
509 -1
508 1
508 -1
507 1
507 -1
507 1
507 -1
506 1
506 -1
506 1
506 -1
505 1
505 -1
505 1
505 -1
504 1
504 -1
504 1
504 -1
501 1
501 -1
500 1
500 -1
499 1
499 -1
499 1
499 -1
499 1
499 -1
499 1
499 -1
498 1
498 -1
498 1
498 -1
497 1
497 -1
496 1
496 -1
496 1
496 -1
494 1
494 -1
493 1
493 -1
493 1
493 -1
491 1
491 -1
488 1
488 -1
488 1
488 -1
488 1
488 -1
485 1
485 -1
483 1
483 -1
482 1
482 -1
480 1
480 -1
480 1
480 -1
479 1
479 -1
478 1
478 -1
477 1
477 -1
477 1
477 -1
476 1
476 -1
476 1
476 -1
521 1
521 -1
477 1
477 -1
0 -1
1149 1
1036 1
1036 -1
523 1
523 -1
522 1
522 -1
522 1
522 -1
520 1
520 -1
519 1
519 -1
518 1
518 -1
518 1
518 -1
517 1
517 -1
516 1
516 -1
514 1
514 -1
514 1
514 -1
514 1
514 -1
514 1
514 -1
513 1
513 -1
513 1
513 -1
512 1
512 -1
512 1
512 -1
511 1
511 -1
509 1
509 -1
509 1
509 -1
508 1
508 -1
507 1
507 -1
506 1
506 -1
506 1
506 -1
505 1
505 -1
504 1
504 -1
503 1
503 -1
503 1
503 -1
500 1
500 -1
500 1
500 -1
499 1
499 -1
498 1
498 -1
497 1
497 -1
497 1
497 -1
497 1
497 -1
494 1
494 -1
493 1
494 -1
494 1
494 -1
493 1
493 -1
493 1
493 -1
489 1
489 -1
487 1
487 -1
487 1
487 -1
487 1
487 -1
486 1
486 -1
485 1
485 -1
485 1
485 -1
484 1
484 -1
484 1
484 -1
484 1
484 -1
483 1
483 -1
483 1
483 -1
481 1
481 -1
481 1
481 -1
480 1
480 -1
479 1
479 -1
475 1
475 -1
0 -1
1149 1
1138 1
1139 -1
519 1
519 -1
518 1
518 -1
516 1
516 -1
516 1
516 -1
511 1
511 -1
511 1
511 -1
510 1
510 -1
510 1
510 -1
507 1
508 -1
506 1
506 -1
506 1
506 -1
505 1
505 -1
503 1
503 -1
502 1
502 -1
502 1
502 -1
500 1
500 -1
500 1
500 -1
498 1
498 -1
498 1
498 -1
498 1
498 -1
497 1
497 -1
496 1
496 -1
495 1
495 -1
494 1
494 -1
493 1
493 -1
493 1
493 -1
491 1
491 -1
490 1
490 -1
489 1
489 -1
489 1
489 -1
488 1
488 -1
488 1
488 -1
487 1
487 -1
484 1
484 -1
482 1
482 -1
482 1
482 -1
481 1
481 -1
477 1
477 -1
475 1
475 -1
0 -1
1149 1
972 1
971 -1
522 1
522 -1
522 1
522 -1
521 1
521 -1
519 1
519 -1
519 1
519 -1
518 1
518 -1
517 1
517 -1
517 1
517 -1
517 1
517 -1
516 1
516 -1
514 1
514 -1
512 1
512 -1
511 1
511 -1
507 1
507 -1
506 1
506 -1
505 1
505 -1
503 1
503 -1
503 1
503 -1
502 1
502 -1
501 1
501 -1
499 1
499 -1
498 1
498 -1
496 1
496 -1
495 1
496 -1
495 1
495 -1
495 1
495 -1
493 1
493 -1
492 1
492 -1
492 1
492 -1
490 1
490 -1
489 1
489 -1
489 1
489 -1
488 1
488 -1
488 1
488 -1
488 1
488 -1
488 1
488 -1
488 1
488 -1
487 1
487 -1
486 1
486 -1
485 1
485 -1
485 1
485 -1
483 1
483 -1
481 1
481 -1
481 1
481 -1
481 1
481 -1
480 1
480 -1
480 1
480 -1
480 1
480 -1
478 1
478 -1
478 1
478 -1
478 1
478 -1
476 1
476 -1
476 1
476 -1
475 1
475 -1
0 -1
1149 1
523 1
523 -1
523 1
523 -1
523 1
523 -1
520 1
520 -1
518 1
518 -1
518 1
518 -1
516 1
516 -1
516 1
516 -1
515 1
515 -1
513 1
513 -1
512 1
512 -1
512 1
512 -1
511 1
511 -1
510 1
510 -1
507 1
507 -1
507 1
507 -1
506 1
507 -1
506 1
506 -1
506 1
506 -1
505 1
505 -1
504 1
504 -1
504 1
504 -1
503 1
503 -1
501 1
501 -1
501 1
501 -1
500 1
500 -1
499 1
499 -1
498 1
498 -1
498 1
498 -1
498 1
498 -1
498 1
498 -1
493 1
493 -1
493 1
493 -1
493 1
493 -1
491 1
491 -1
490 1
490 -1
488 1
488 -1
488 1
488 -1
486 1
487 -1
486 1
486 -1
485 1
485 -1
485 1
485 -1
485 1
485 -1
485 1
485 -1
483 1
483 -1
483 1
483 -1
481 1
481 -1
477 1
477 -1
477 1
477 -1
487 1
487 -1
0 -1
1149 1
523 1
523 -1
522 1
522 -1
521 1
521 -1
521 1
521 -1
521 1
521 -1
520 1
520 -1
518 1
518 -1
517 1
517 -1
516 1
516 -1
515 1
515 -1
515 1
515 -1
514 1
514 -1
513 1
513 -1
513 1
513 -1
513 1
513 -1
513 1
513 -1
510 1
510 -1
509 1
509 -1
508 1
508 -1
508 1
508 -1
507 1
507 -1
506 1
506 -1
506 1
506 -1
505 1
505 -1
505 1
505 -1
504 1
504 -1
504 1
504 -1
504 1
504 -1
503 1
503 -1
502 1
502 -1
502 1
502 -1
500 1
500 -1
499 1
499 -1
498 1
498 -1
497 1
497 -1
496 1
496 -1
496 1
496 -1
496 1
496 -1
494 1
494 -1
491 1
491 -1
491 1
491 -1
489 1
489 -1
488 1
488 -1
488 1
488 -1
488 1
488 -1
488 1
488 -1
487 1
487 -1
487 1
487 -1
487 1
487 -1
487 1
487 -1
486 1
486 -1
486 1
486 -1
486 1
487 -1
487 1
487 -1
483 1
483 -1
483 1
483 -1
483 1
483 -1
482 1
482 -1
481 1
482 -1
482 1
482 -1
482 1
482 -1
480 1
480 -1
479 1
479 -1
479 1
479 -1
478 1
478 -1
478 1
478 -1
478 1
478 -1
477 1
477 -1
477 1
477 -1
476 1
476 -1
476 1
476 -1
0 -1
1149 1
1052 1
1053 -1
936 1
936 -1
524 1
524 -1
524 1
524 -1
524 1
524 -1
522 1
522 -1
522 1
522 -1
522 1
522 -1
521 1
521 -1
520 1
520 -1
516 1
516 -1
516 1
516 -1
515 1
515 -1
515 1
515 -1
512 1
512 -1
511 1
511 -1
511 1
511 -1
510 1
510 -1
509 1
509 -1
508 1
508 -1
506 1
506 -1
505 1
505 -1
504 1
504 -1
502 1
502 -1
502 1
502 -1
502 1
502 -1
498 1
498 -1
495 1
495 -1
495 1
495 -1
495 1
495 -1
493 1
493 -1
493 1
493 -1
491 1
491 -1
489 1
489 -1
489 1
489 -1
489 1
489 -1
488 1
488 -1
488 1
488 -1
487 1
487 -1
487 1
487 -1
487 1
487 -1
486 1
486 -1
485 1
485 -1
485 1
485 -1
484 1
484 -1
484 1
484 -1
482 1
482 -1
480 1
480 -1
479 1
479 -1
478 1
478 -1
478 1
478 -1
477 1
477 -1
477 1
477 -1
476 1
476 -1
475 1
475 -1
0 -1
477 1
477 -12
477 12
477 -1
477 1
477 -1
981 1
524 1
524 -1
522 1
522 -1
522 1
522 -1
522 1
522 -1
521 1
521 -1
521 1
521 -1
520 1
520 -1
519 1
519 -1
519 1
519 -1
518 1
518 -1
517 1
517 -1
516 1
516 -1
516 1
516 -1
515 1
515 -1
513 1
513 -1
512 1
512 -1
512 1
512 -1
512 1
512 -1
512 1
512 -1
512 1
512 -1
512 1
512 -1
512 1
512 -1
511 1
511 -1
509 1
509 -1
508 1
508 -1
507 1
507 -1
505 1
506 -1
505 1
505 -1
504 1
504 -1
503 1
503 -1
503 1
503 -1
503 1
503 -1
503 1
503 -1
502 1
502 -1
501 1
501 -1
500 1
500 -1
500 1
500 -1
498 1
498 -1
497 1
497 -1
497 1
497 -1
497 1
497 -1
494 1
494 -1
492 1
492 -1
492 1
492 -1
491 1
491 -1
490 1
490 -1
487 1
487 -1
487 1
487 -1
486 1
486 -1
485 1
485 -1
483 1
483 -1
483 1
483 -1
482 1
482 -1
482 1
482 -1
481 1
481 -1
481 1
481 -1
481 1
481 -1
480 1
480 -1
480 1
480 -1
478 1
478 -1
477 1
477 -1
476 1
476 -1
476 1
476 -1
477 1
477 -1
477 1
477 -1
510 -13
510 13
0 -1
1149 1
1089 1
1092 -1
1092 1
1091 -1
960 1
960 -1
524 1
524 -1
524 1
524 -1
523 1
523 -1
521 1
521 -1
521 1
521 -1
517 1
517 -1
517 1
517 -1
516 1
516 -1
515 1
515 -1
514 1
514 -1
512 1
512 -1
511 1
511 -1
507 1
507 -1
507 1
507 -1
506 1
506 -1
505 1
505 -1
505 1
505 -1
504 1
504 -1
504 1
504 -1
504 1
504 -1
503 1
503 -1
501 1
501 -1
501 1
501 -1
499 1
499 -1
496 1
496 -1
496 1
496 -1
495 1
495 -1
495 1
495 -1
495 1
495 -1
494 1
494 -1
491 1
491 -1
490 1
490 -1
490 1
490 -1
487 1
487 -1
487 1
487 -1
487 1
487 -1
487 1
487 -1
487 1
487 -1
486 1
486 -1
485 1
485 -1
484 1
484 -1
484 1
484 -1
483 1
483 -1
483 1
483 -1
482 1
482 -1
482 1
482 -1
482 1
482 -1
482 1
482 -1
481 1
481 -1
481 1
481 -1
481 1
481 -1
476 1
476 -1
476 1
476 -1
476 1
476 -1
476 1
476 -1
0 -1
1149 1
1108 1
1108 -1
1108 1
1108 -1
860 1
860 -1
524 1
524 -1
522 1
522 -1
522 1
522 -1
522 1
522 -1
522 1
522 -1
522 1
522 -1
519 1
519 -1
519 1
519 -1
518 1
518 -1
516 1
516 -1
516 1
516 -1
515 1
515 -1
515 1
515 -1
513 1
513 -1
513 1
513 -1
512 1
512 -1
508 1
508 -1
508 1
508 -1
507 1
507 -1
503 1
503 -1
503 1
503 -1
502 1
502 -1
501 1
501 -1
500 1
500 -1
496 1
496 -1
494 1
494 -1
492 1
492 -1
491 1
491 -1
490 1
490 -1
490 1
490 -1
489 1
489 -1
487 1
487 -1
487 1
487 -1
487 1
487 -1
485 1
485 -1
484 1
484 -1
484 1
484 -1
481 1
481 -1
480 1
480 -1
480 1
480 -1
476 1
476 -1
475 1
475 -1
516 1
516 -1
0 -1
1149 1
1107 1
1107 -1
871 1
871 -1
524 1
524 -1
522 1
522 -1
520 1
520 -1
520 1
520 -1
519 1
519 -1
519 1
519 -1
517 1
517 -1
516 1
516 -1
514 1
514 -1
514 1
514 -1
513 1
513 -1
513 1
513 -1
513 1
513 -1
512 1
512 -1
512 1
512 -1
511 1
511 -1
510 1
510 -1
509 1
509 -1
509 1
509 -1
508 1
509 -1
509 1
509 -1
509 1
509 -1
508 1
508 -1
506 1
506 -1
506 1
506 -1
506 1
506 -1
506 1
506 -1
506 1
506 -1
505 1
505 -1
504 1
504 -1
502 1
502 -1
502 1
502 -1
502 1
502 -1
501 1
501 -1
499 1
499 -1
497 1
497 -1
497 1
497 -1
496 1
496 -1
494 1
494 -1
493 1
493 -1
492 1
492 -1
492 1
492 -1
491 1
491 -1
488 1
488 -1
488 1
488 -1
488 1
488 -1
486 1
486 -1
486 1
486 -1
486 1
486 -1
484 1
484 -1
483 1
483 -1
483 1
483 -1
480 1
480 -1
480 1
480 -1
479 1
479 -1
479 1
479 -1
478 1
478 -1
477 1
477 -1
483 1
483 -1
0 -1
1149 1
1141 1
1139 -1
1061 1
1061 -1
524 1
524 -1
522 1
522 -1
522 1
522 -1
521 1
521 -1
518 1
518 -1
515 1
515 -1
515 1
515 -1
508 1
508 -1
506 1
506 -1
505 1
505 -1
503 1
503 -1
503 1
503 -1
503 1
503 -1
501 1
501 -1
501 1
501 -1
501 1
501 -1
500 1
500 -1
499 1
499 -1
499 1
499 -1
498 1
498 -1
497 1
498 -1
498 1
498 -1
497 1
497 -1
497 1
497 -1
497 1
497 -1
496 1
496 -1
496 1
496 -1
496 1
496 -1
496 1
496 -1
496 1
496 -1
494 1
494 -1
494 1
494 -1
494 1
494 -1
494 1
494 -1
493 1
493 -1
490 1
490 -1
489 1
489 -1
487 1
487 -1
487 1
487 -1
482 1
482 -1
481 1
481 -1
481 1
481 -1
481 1
481 -1
480 1
480 -1
480 1
480 -1
480 1
480 -1
479 1
479 -1
479 1
479 -1
477 1
477 -1
477 1
477 -1
476 1
476 -1
475 1
475 -1
475 1
475 -1
475 1
475 -1
475 1
475 -1
0 -1
1149 1
991 1
991 -1
524 1
524 -1
524 1
524 -1
523 1
523 -1
520 1
520 -1
520 1
520 -1
520 1
520 -1
519 1
519 -1
517 1
517 -1
517 1
517 -1
516 1
516 -1
516 1
516 -1
516 1
516 -1
515 1
515 -1
514 1
514 -1
514 1
514 -1
513 1
513 -1
512 1
512 -1
512 1
512 -1
511 1
511 -1
511 1
511 -1
510 1
510 -1
510 1
510 -1
509 1
509 -1
509 1
509 -1
509 1
509 -1
507 1
507 -1
507 1
507 -1
506 1
506 -1
504 1
504 -1
504 1
504 -1
504 1
504 -1
501 1
501 -1
500 1
500 -1
499 1
499 -1
499 1
499 -1
498 1
498 -1
498 1
498 -1
498 1
498 -1
497 1
497 -1
497 1
497 -1
496 1
497 -1
496 1
496 -1
495 1
496 -1
495 1
495 -1
495 1
495 -1
494 1
494 -1
494 1
494 -1
494 1
494 -1
492 1
492 -1
492 1
492 -1
491 1
492 -1
491 1
491 -1
490 1
490 -1
490 1
490 -1
488 1
488 -1
487 1
487 -1
487 1
487 -1
486 1
486 -1
486 1
486 -1
482 1
482 -1
482 1
482 -1
481 1
481 -1
481 1
481 -1
481 1
481 -1
479 1
479 -1
478 1
478 -1
478 1
478 -1
478 1
478 -1
476 1
476 -1
475 1
475 -1
504 1
504 -1
0 -1
1149 1
524 1
524 -1
524 1
524 -1
523 1
523 -1
523 1
523 -1
523 1
523 -1
522 1
522 -1
521 1
521 -1
521 1
521 -1
518 1
518 -1
518 1
518 -1
517 1
517 -1
516 1
516 -1
515 1
515 -1
514 1
514 -1
514 1
514 -1
514 1
514 -1
513 1
513 -1
513 1
513 -1
513 1
513 -1
511 1
511 -1
510 1
510 -1
510 1
510 -1
509 1
509 -1
507 1
507 -1
506 1
506 -1
506 1
506 -1
506 1
506 -1
504 1
505 -1
504 1
504 -1
502 1
502 -1
502 1
502 -1
500 1
500 -1
500 1
500 -1
499 1
499 -1
498 1
498 -1
496 1
496 -1
494 1
494 -1
493 1
493 -1
493 1
493 -1
493 1
493 -1
487 1
487 -1
487 1
487 -1
484 1
484 -1
484 1
484 -1
484 1
484 -1
483 1
483 -1
482 1
482 -1
481 1
481 -1
480 1
480 -1
479 1
479 -1
478 1
478 -1
478 1
478 -1
477 1
477 -1
477 1
477 -1
477 1
477 -1
476 1
476 -1
475 1
475 -1
0 -1
1149 1
524 1
524 -1
523 1
523 -1
523 1
523 -1
521 1
521 -1
521 1
521 -1
520 1
520 -1
520 1
520 -1
519 1
519 -1
518 1
518 -1
517 1
517 -1
517 1
517 -1
516 1
516 -1
516 1
516 -1
514 1
514 -1
513 1
513 -1
511 1
511 -1
509 1
509 -1
509 1
509 -1
508 1
508 -1
508 1
508 -1
507 1
507 -1
504 1
504 -1
504 1
504 -1
504 1
504 -1
503 1
503 -1
498 1
498 -1
498 1
498 -1
498 1
498 -1
498 1
498 -1
497 1
497 -1
495 1
495 -1
493 1
494 -1
493 1
493 -1
490 1
490 -1
489 1
489 -1
488 1
488 -1
488 1
488 -1
488 1
488 -1
488 1
488 -1
487 1
487 -1
487 1
487 -1
486 1
486 -1
485 1
485 -1
485 1
485 -1
485 1
485 -1
483 1
483 -1
482 1
482 -1
482 1
482 -1
481 1
481 -1
481 1
481 -1
479 1
479 -1
478 1
478 -1
477 1
477 -1
477 1
477 -1
477 1
477 -1
477 1
477 -1
476 1
476 -1
0 -1
1149 1
1008 1
1008 -1
524 1
524 -1
524 1
524 -1
523 1
523 -1
523 1
523 -1
522 1
522 -1
521 1
522 -1
522 1
522 -1
521 1
522 -1
520 1
520 -1
520 1
520 -1
519 1
519 -1
519 1
519 -1
519 1
519 -1
519 1
519 -1
518 1
518 -1
518 1
518 -1
517 1
517 -1
516 1
516 -1
516 1
516 -1
515 1
515 -1
514 1
514 -1
513 1
513 -1
513 1
513 -1
512 1
512 -1
511 1
511 -1
511 1
511 -1
509 1
509 -1
508 1
508 -1
507 1
507 -1
505 1
505 -1
505 1
505 -1
504 1
504 -1
503 1
503 -1
503 1
503 -1
501 1
502 -1
500 1
500 -1
497 1
497 -1
496 1
496 -1
495 1
496 -1
494 1
494 -1
493 1
493 -1
489 1
489 -1
488 1
488 -1
488 1
488 -1
488 1
488 -1
488 1
488 -1
487 1
487 -1
487 1
487 -1
485 1
485 -1
483 1
483 -1
482 1
482 -1
482 1
482 -1
480 1
480 -1
480 1
480 -1
477 1
477 -1
477 1
477 -1
477 1
477 -1
477 1
477 -1
476 1
476 -1
0 -1
508 1
508 -12
508 12
508 -1
506 1
507 1
507 -1
507 1
507 -1
507 1
507 -1
507 1
507 -1
507 1
507 -1
507 1
507 -1
507 1
507 -1
508 1
508 -1
508 1
508 -1
508 1
508 -1
507 1
507 -1
503 1
503 -1
503 1
503 -1
502 1
502 -1
502 1
502 -1
501 1
501 -1
500 1
500 -1
500 1
500 -1
498 1
498 -1
498 1
498 -1
495 1
495 -1
495 1
495 -1
494 1
494 -1
492 1
492 -1
492 1
492 -1
491 1
491 -1
489 1
489 -1
488 1
488 -1
488 1
488 -1
487 1
487 -1
487 1
487 -1
485 1
485 -1
485 1
485 -1
484 1
484 -1
484 1
484 -1
484 1
484 -1
483 1
483 -1
482 1
482 -1
481 1
481 -1
481 1
481 -1
481 1
481 -1
479 1
479 -1
479 1
479 -1
479 1
479 -1
478 1
478 -1
477 1
478 -1
476 1
476 -1
476 1
476 -1
475 1
475 -1
517 1
517 -1
510 1
510 -1
508 -1
1050 1
524 1
524 -1
524 1
524 -1
523 1
523 -1
523 1
523 -1
523 1
523 -1
523 1
523 -1
520 1
521 -1
518 1
518 -1
514 1
515 -1
510 1
510 -1
510 1
510 -1
509 1
509 -1
509 1
509 -1
509 1
509 -1
0 -1
1149 1
524 1
524 -1
524 1
524 -1
524 1
524 -1
524 1
524 -1
523 1
523 -1
523 1
523 -1
521 1
521 -1
520 1
520 -1
518 1
518 -1
516 1
516 -1
515 1
515 -1
513 1
513 -1
513 1
513 -1
513 1
513 -1
513 1
513 -1
512 1
512 -1
510 1
510 -1
510 1
510 -1
508 1
508 -1
507 1
507 -1
507 1
507 -1
503 1
503 -1
502 1
502 -1
500 1
500 -1
499 1
499 -1
498 1
498 -1
497 1
497 -1
496 1
497 -1
496 1
496 -1
496 1
496 -1
496 1
496 -1
495 1
495 -1
493 1
493 -1
493 1
493 -1
493 1
493 -1
492 1
492 -1
492 1
492 -1
490 1
490 -1
490 1
490 -1
488 1
488 -1
488 1
488 -1
486 1
486 -1
486 1
486 -1
486 1
486 -1
485 1
485 -1
483 1
483 -1
483 1
483 -1
483 1
483 -1
483 1
483 -1
483 1
483 -1
482 1
482 -1
482 1
482 -1
482 1
482 -1
482 1
482 -1
480 1
480 -1
480 1
480 -1
480 1
480 -1
479 1
479 -1
479 1
479 -1
479 1
479 -1
476 1
476 -1
476 1
476 -1
475 1
475 -1
475 1
475 -1
491 1
491 -1
0 -1
1149 1
524 1
524 -1
523 1
523 -1
523 1
523 -1
523 1
523 -1
522 1
522 -1
522 1
522 -1
521 1
521 -1
520 1
520 -1
520 1
520 -1
520 1
520 -1
518 1
518 -1
517 1
517 -1
517 1
517 -1
517 1
517 -1
516 1
516 -1
514 1
514 -1
514 1
514 -1
513 1
513 -1
513 1
513 -1
513 1
513 -1
512 1
512 -1
511 1
511 -1
510 1
510 -1
509 1
509 -1
508 1
508 -1
508 1
508 -1
507 1
507 -1
506 1
506 -1
506 1
506 -1
506 1
506 -1
505 1
505 -1
504 1
504 -1
502 1
502 -1
500 1
500 -1
500 1
500 -1
499 1
500 -1
499 1
499 -1
499 1
499 -1
499 1
499 -1
498 1
498 -1
496 1
496 -1
496 1
496 -1
495 1
495 -1
493 1
493 -1
492 1
492 -1
492 1
492 -1
491 1
491 -1
490 1
490 -1
490 1
490 -1
490 1
490 -1
489 1
489 -1
488 1
488 -1
488 1
488 -1
488 1
488 -1
487 1
487 -1
484 1
484 -1
484 1
484 -1
484 1
484 -1
482 1
482 -1
479 1
479 -1
478 1
478 -1
476 1
476 -1
494 1
494 -1
493 1
493 -1
499 1
499 -1
0 -1
1149 1
1135 1
1136 -1
997 1
1046 -1
998 1
996 -1
524 1
524 -1
522 1
522 -1
522 1
522 -1
522 1
522 -1
522 1
522 -1
519 1
519 -1
519 1
519 -1
518 1
518 -1
518 1
518 -1
517 1
517 -1
516 1
516 -1
516 1
516 -1
512 1
512 -1
511 1
511 -1
510 1
510 -1
508 1
508 -1
506 1
506 -1
505 1
505 -1
504 1
504 -1
503 1
503 -1
503 1
503 -1
503 1
503 -1
500 1
500 -1
497 1
497 -1
494 1
494 -1
492 1
492 -1
491 1
491 -1
490 1
490 -1
490 1
490 -1
488 1
489 -1
488 1
488 -1
488 1
488 -1
487 1
487 -1
485 1
485 -1
484 1
484 -1
483 1
483 -1
482 1
482 -1
482 1
482 -1
482 1
482 -1
480 1
480 -1
479 1
479 -1
478 1
479 -1
476 1
476 -1
475 1
475 -1
512 1
512 -1
0 -1
1149 1
524 1
524 -1
524 1
524 -1
522 1
522 -1
521 1
521 -1
520 1
520 -1
520 1
520 -1
520 1
520 -1
519 1
519 -1
519 1
519 -1
518 1
518 -1
517 1
517 -1
517 1
517 -1
517 1
517 -1
516 1
517 -1
517 1
517 -1
516 1
516 -1
513 1
513 -1
513 1
513 -1
512 1
512 -1
511 1
511 -1
511 1
511 -1
509 1
509 -1
508 1
508 -1
506 1
506 -1
505 1
505 -1
504 1
504 -1
504 1
504 -1
503 1
503 -1
502 1
502 -1
501 1
501 -1
501 1
501 -1
500 1
500 -1
500 1
500 -1
499 1
499 -1
495 1
495 -1
495 1
495 -1
494 1
494 -1
494 1
494 -1
492 1
492 -1
491 1
491 -1
491 1
491 -1
490 1
490 -1
488 1
488 -1
486 1
486 -1
485 1
485 -1
485 1
485 -1
484 1
484 -1
483 1
483 -1
482 1
483 -1
482 1
482 -1
482 1
482 -1
481 1
481 -1
481 1
481 -1
480 1
480 -1
480 1
480 -1
478 1
478 -1
478 1
478 -1
476 1
476 -1
475 1
475 -1
520 1
520 -1
0 -1
1149 1
524 1
524 -1
524 1
524 -1
523 1
523 -1
523 1
523 -1
523 1
523 -1
523 1
523 -1
522 1
522 -1
522 1
522 -1
521 1
521 -1
520 1
520 -1
519 1
520 -1
519 1
519 -1
517 1
517 -1
514 1
514 -1
513 1
513 -1
513 1
513 -1
512 1
512 -1
511 1
511 -1
511 1
511 -1
510 1
510 -1
506 1
506 -1
506 1
506 -1
506 1
506 -1
505 1
505 -1
505 1
505 -1
504 1
504 -1
503 1
503 -1
503 1
503 -1
501 1
501 -1
498 1
498 -1
498 1
498 -1
497 1
497 -1
496 1
496 -1
495 1
495 -1
494 1
494 -1
494 1
494 -1
493 1
493 -1
493 1
493 -1
492 1
493 -1
491 1
491 -1
489 1
489 -1
489 1
489 -1
489 1
489 -1
487 1
487 -1
487 1
487 -1
486 1
486 -1
486 1
486 -1
485 1
485 -1
484 1
484 -1
483 1
483 -1
483 1
483 -1
482 1
482 -1
482 1
482 -1
481 1
481 -1
481 1
481 -1
481 1
481 -1
481 1
481 -1
480 1
480 -1
480 1
480 -1
479 1
479 -1
479 1
479 -1
478 1
478 -1
478 1
478 -1
477 1
477 -1
477 1
477 -1
494 1
494 -1
0 -1
1149 1
1102 1
1102 -1
524 1
524 -1
524 1
524 -1
522 1
523 -1
522 1
522 -1
522 1
522 -1
521 1
521 -1
519 1
519 -1
519 1
519 -1
519 1
519 -1
518 1
518 -1
516 1
516 -1
515 1
515 -1
515 1
515 -1
515 1
515 -1
512 1
512 -1
512 1
512 -1
509 1
509 -1
508 1
508 -1
508 1
508 -1
507 1
507 -1
507 1
507 -1
505 1
505 -1
504 1
504 -1
503 1
503 -1
503 1
503 -1
503 1
503 -1
502 1
502 -1
500 1
500 -1
500 1
500 -1
499 1
499 -1
499 1
499 -1
497 1
497 -1
497 1
497 -1
496 1
496 -1
496 1
496 -1
495 1
495 -1
494 1
494 -1
494 1
494 -1
493 1
493 -1
493 1
493 -1
492 1
492 -1
492 1
492 -1
490 1
490 -1
490 1
490 -1
489 1
489 -1
489 1
489 -1
489 1
489 -1
487 1
487 -1
487 1
487 -1
486 1
486 -1
486 1
486 -1
486 1
486 -1
485 1
485 -1
483 1
483 -1
483 1
483 -1
483 1
483 -1
479 1
479 -1
479 1
479 -1
479 1
479 -1
477 1
477 -1
477 1
477 -1
476 1
476 -1
475 1
475 -1
475 1
475 -1
475 1
475 -1
0 -1
520 1
520 -7
520 7
520 -2
520 2
520 -1
520 1
520 -1
520 1
520 -1
520 1
520 -1
520 1
520 -1
514 1
521 1
521 -1
521 1
521 -1
521 1
521 -1
521 1
521 -1
521 1
521 -1
521 1
521 -1
521 1
521 -1
521 1
521 -1
521 1
521 -1
521 1
521 -1
521 1
521 -1
521 1
521 -1
521 1
521 -1
521 1
521 -1
521 1
521 -1
521 1
521 -1
521 1
521 -1
521 1
521 -1
521 1
521 -1
521 1
521 -1
521 1
521 -1
521 1
521 -1
521 1
521 -1
521 1
521 -1
521 1
521 -1
521 1
521 -1
521 1
521 -1
521 1
521 -1
521 1
521 -1
521 1
521 -1
521 1
521 -1
521 1
521 -1
521 1
521 -1
521 1
521 -1
521 1
521 -1
521 1
521 -1
521 1
521 -1
521 1
521 -1
521 1
521 -1
521 1
521 -1
521 1
521 -1
521 1
521 -1
521 1
521 -1
521 1
521 -1
521 1
521 -1
521 1
521 -1
521 1
521 -1
521 1
521 -1
521 1
521 -1
521 1
521 -1
521 1
521 -1
521 1
521 -1
521 1
521 -1
521 1
521 -1
521 1
521 -1
521 1
521 -1
521 1
521 -1
521 1
521 -1
521 1
521 -1
521 1
521 -1
521 1
521 -1
521 1
521 -1
521 1
521 -1
521 1
521 -1
521 1
521 -1
521 1
521 -1
521 1
521 -1
521 1
521 -1
520 1
520 -1
520 1
520 -1
520 1
520 -1
520 1
520 -1
520 1
520 -1
520 1
520 -1
520 1
520 -1
520 1
520 -1
520 1
520 -1
520 1
520 -1
520 1
520 -1
520 1
520 -1
520 1
520 -1
520 1
520 -1
520 1
520 -1
520 1
520 -1
520 1
520 -1
520 1
520 -1
520 1
520 -1
520 1
520 -1
520 1
520 -1
520 1
520 -1
520 1
520 -1
520 1
520 -1
520 1
520 -1
520 1
520 -1
520 1
520 -1
518 1
518 -1
517 1
517 -1
516 1
516 -1
516 1
516 -1
515 1
516 -1
513 1
513 -1
513 1
513 -1
511 1
511 -1
510 1
510 -1
509 1
509 -1
508 1
508 -1
508 1
508 -1
507 1
507 -1
507 1
507 -1
506 1
506 -1
505 1
505 -1
505 1
505 -1
505 1
505 -1
503 1
503 -1
500 1
500 -1
500 1
500 -1
498 1
498 -1
498 1
498 -1
497 1
498 -1
497 1
497 -1
496 1
496 -1
495 1
495 -1
493 1
493 -1
491 1
491 -1
490 1
490 -1
489 1
489 -1
488 1
488 -1
488 1
488 -1
487 1
487 -1
486 1
486 -1
485 1
485 -1
484 1
484 -1
481 1
481 -1
480 1
480 -1
480 1
480 -1
479 1
480 -1
479 1
479 -1
478 1
478 -1
477 1
477 -1
477 1
477 -1
477 1
477 -1
476 1
476 -1
475 1
476 -1
476 1
476 -1
475 1
475 -1
475 1
475 -1
475 1
475 -1
517 1
517 -1
518 -13
518 13
520 -13
520 13
0 -1
1149 1
1146 1
1146 -1
522 1
522 -1
521 1
521 -1
520 1
520 -1
519 1
519 -1
518 1
518 -1
517 1
517 -1
514 1
514 -1
514 1
514 -1
514 1
514 -1
513 1
513 -1
513 1
513 -1
513 1
513 -1
512 1
512 -1
512 1
512 -1
511 1
511 -1
510 1
510 -1
509 1
509 -1
509 1
509 -1
508 1
508 -1
508 1
508 -1
507 1
507 -1
506 1
506 -1
505 1
505 -1
505 1
505 -1
505 1
505 -1
503 1
503 -1
503 1
503 -1
500 1
500 -1
499 1
499 -1
499 1
499 -1
498 1
498 -1
497 1
497 -1
497 1
497 -1
497 1
497 -1
496 1
496 -1
496 1
496 -1
494 1
494 -1
494 1
494 -1
493 1
493 -1
492 1
492 -1
492 1
492 -1
491 1
491 -1
491 1
491 -1
490 1
490 -1
489 1
489 -1
486 1
486 -1
486 1
486 -1
486 1
486 -1
483 1
483 -1
481 1
481 -1
481 1
481 -1
480 1
480 -1
478 1
478 -1
478 1
478 -1
478 1
478 -1
477 1
477 -1
476 1
476 -1
476 1
476 -1
498 1
498 -1
0 -1
1149 1
1022 1
1149 -1
524 1
524 -1
522 1
522 -1
521 1
521 -1
520 1
520 -1
519 1
519 -1
517 1
517 -1
516 1
516 -1
515 1
515 -1
514 1
514 -1
513 1
513 -1
512 1
512 -1
510 1
510 -1
508 1
508 -1
508 1
508 -1
508 1
508 -1
508 1
508 -1
505 1
505 -1
504 1
504 -1
503 1
503 -1
503 1
503 -1
502 1
502 -1
502 1
502 -1
501 1
501 -1
501 1
501 -1
500 1
500 -1
500 1
500 -1
499 1
499 -1
498 1
498 -1
498 1
498 -1
497 1
497 -1
495 1
495 -1
494 1
494 -1
493 1
493 -1
493 1
493 -1
492 1
492 -1
490 1
490 -1
488 1
488 -1
487 1
487 -1
486 1
486 -1
485 1
485 -1
485 1
485 -1
485 1
485 -1
484 1
484 -1
482 1
482 -1
482 1
482 -1
482 1
482 -1
481 1
481 -1
477 1
477 -1
477 1
477 -1
475 1
475 -1
475 1
475 -1
519 1
519 -1
0 -1
1149 1
524 1
524 -1
524 1
524 -1
523 1
523 -1
523 1
523 -1
522 1
522 -1
522 1
522 -1
521 1
521 -1
521 1
521 -1
521 1
521 -1
520 1
520 -1
520 1
520 -1
520 1
520 -1
520 1
520 -1
518 1
518 -1
516 1
516 -1
516 1
516 -1
514 1
514 -1
513 1
513 -1
511 1
511 -1
511 1
511 -1
510 1
510 -1
508 1
508 -1
508 1
508 -1
505 1
505 -1
505 1
505 -1
505 1
505 -1
504 1
504 -1
504 1
504 -1
504 1
504 -1
503 1
503 -1
502 1
502 -1
501 1
501 -1
501 1
501 -1
499 1
499 -1
497 1
497 -1
495 1
495 -1
495 1
495 -1
494 1
494 -1
494 1
494 -1
491 1
491 -1
490 1
490 -1
490 1
490 -1
490 1
490 -1
488 1
489 -1
488 1
488 -1
487 1
487 -1
487 1
487 -1
485 1
485 -1
485 1
485 -1
484 1
485 -1
484 1
484 -1
483 1
483 -1
483 1
483 -1
481 1
481 -1
477 1
477 -1
477 1
477 -1
475 1
475 -1
475 1
475 -1
475 1
475 -1
0 -1
1149 1
523 1
523 -1
522 1
522 -1
520 1
520 -1
520 1
520 -1
520 1
520 -1
519 1
519 -1
517 1
517 -1
514 1
514 -1
514 1
514 -1
514 1
514 -1
514 1
514 -1
514 1
514 -1
513 1
513 -1
512 1
512 -1
512 1
512 -1
511 1
511 -1
510 1
511 -1
511 1
511 -1
509 1
509 -1
508 1
508 -1
507 1
507 -1
507 1
507 -1
507 1
507 -1
506 1
507 -1
506 1
506 -1
505 1
505 -1
504 1
504 -1
503 1
503 -1
503 1
503 -1
502 1
502 -1
502 1
502 -1
502 1
502 -1
501 1
502 -1
502 1
502 -1
501 1
501 -1
501 1
501 -1
500 1
500 -1
500 1
500 -1
499 1
499 -1
499 1
499 -1
497 1
497 -1
497 1
497 -1
497 1
497 -1
495 1
495 -1
494 1
494 -1
494 1
494 -1
493 1
493 -1
493 1
493 -1
490 1
490 -1
489 1
489 -1
488 1
488 -1
487 1
487 -1
484 1
484 -1
484 1
484 -1
483 1
483 -1
483 1
483 -1
483 1
483 -1
482 1
482 -1
481 1
481 -1
481 1
481 -1
478 1
478 -1
478 1
478 -1
478 1
478 -1
478 1
478 -1
478 1
478 -1
477 1
477 -1
476 1
476 -1
476 1
476 -1
475 1
475 -1
475 1
475 -1
512 1
512 -1
0 -1
1149 1
524 1
524 -1
524 1
524 -1
523 1
523 -1
522 1
522 -1
522 1
522 -1
521 1
521 -1
520 1
520 -1
520 1
520 -1
519 1
519 -1
518 1
518 -1
518 1
518 -1
516 1
516 -1
510 1
510 -1
510 1
510 -1
509 1
509 -1
508 1
508 -1
507 1
507 -1
506 1
506 -1
505 1
505 -1
503 1
503 -1
502 1
502 -1
500 1
500 -1
500 1
500 -1
500 1
500 -1
499 1
499 -1
498 1
498 -1
497 1
497 -1
496 1
496 -1
496 1
496 -1
495 1
495 -1
495 1
495 -1
494 1
494 -1
494 1
494 -1
492 1
492 -1
491 1
491 -1
488 1
488 -1
487 1
487 -1
484 1
484 -1
483 1
483 -1
481 1
481 -1
481 1
481 -1
477 1
477 -1
476 1
476 -1
494 1
494 -1
480 1
480 -1
0 -1
1149 1
524 1
524 -1
523 1
523 -1
522 1
522 -1
521 1
521 -1
520 1
520 -1
519 1
519 -1
516 1
516 -1
516 1
516 -1
515 1
515 -1
515 1
515 -1
514 1
514 -1
514 1
514 -1
513 1
513 -1
512 1
512 -1
510 1
510 -1
509 1
509 -1
509 1
509 -1
508 1
508 -1
505 1
505 -1
504 1
504 -1
504 1
504 -1
501 1
501 -1
500 1
500 -1
500 1
500 -1
499 1
499 -1
499 1
499 -1
498 1
499 -1
497 1
497 -1
496 1
496 -1
496 1
496 -1
496 1
496 -1
496 1
496 -1
494 1
494 -1
493 1
493 -1
493 1
493 -1
492 1
492 -1
492 1
492 -1
492 1
492 -1
491 1
491 -1
489 1
489 -1
488 1
488 -1
486 1
486 -1
486 1
486 -1
485 1
485 -1
485 1
485 -1
485 1
485 -1
484 1
484 -1
481 1
481 -1
478 1
479 -1
478 1
478 -1
478 1
478 -1
477 1
477 -1
477 1
477 -1
476 1
476 -1
504 1
504 -1
0 -1
1149 1
523 1
523 -1
523 1
523 -1
522 1
522 -1
519 1
519 -1
519 1
519 -1
519 1
519 -1
519 1
519 -1
519 1
519 -1
518 1
518 -1
518 1
518 -1
518 1
518 -1
518 1
518 -1
518 1
518 -1
516 1
516 -1
514 1
514 -1
512 1
512 -1
512 1
512 -1
512 1
512 -1
511 1
511 -1
509 1
509 -1
508 1
508 -1
508 1
508 -1
508 1
508 -1
507 1
507 -1
505 1
505 -1
505 1
505 -1
505 1
505 -1
505 1
505 -1
503 1
503 -1
503 1
503 -1
503 1
503 -1
502 1
502 -1
502 1
502 -1
499 1
499 -1
496 1
496 -1
496 1
496 -1
493 1
493 -1
492 1
492 -1
492 1
492 -1
492 1
492 -1
491 1
491 -1
491 1
491 -1
489 1
489 -1
488 1
488 -1
486 1
486 -1
483 1
483 -1
482 1
482 -1
482 1
482 -1
482 1
482 -1
481 1
481 -1
481 1
481 -1
480 1
480 -1
480 1
480 -1
479 1
479 -1
479 1
479 -1
478 1
478 -1
477 1
477 -1
477 1
477 -1
476 1
476 -1
0 -1
1149 1
524 1
524 -1
524 1
524 -1
523 1
523 -1
523 1
523 -1
523 1
523 -1
523 1
523 -1
523 1
523 -1
522 1
522 -1
521 1
521 -1
520 1
520 -1
520 1
520 -1
520 1
520 -1
517 1
517 -1
517 1
517 -1
517 1
517 -1
515 1
515 -1
515 1
515 -1
514 1
514 -1
514 1
514 -1
513 1
513 -1
513 1
513 -1
510 1
510 -1
508 1
508 -1
507 1
507 -1
506 1
506 -1
506 1
506 -1
504 1
504 -1
504 1
504 -1
504 1
504 -1
503 1
503 -1
502 1
502 -1
502 1
502 -1
501 1
501 -1
498 1
498 -1
497 1
497 -1
497 1
497 -1
496 1
496 -1
496 1
496 -1
495 1
495 -1
495 1
495 -1
494 1
494 -1
490 1
490 -1
490 1
490 -1
489 1
489 -1
489 1
489 -1
489 1
489 -1
489 1
489 -1
489 1
489 -1
488 1
488 -1
488 1
488 -1
487 1
487 -1
485 1
485 -1
485 1
485 -1
483 1
483 -1
482 1
482 -1
480 1
480 -1
477 1
477 -1
476 1
476 -1
0 -1
1149 1
524 1
524 -1
523 1
523 -1
522 1
522 -1
522 1
522 -1
521 1
521 -1
521 1
521 -1
519 1
519 -1
519 1
519 -1
513 1
513 -1
513 1
513 -1
512 1
512 -1
512 1
512 -1
512 1
512 -1
510 1
510 -1
510 1
510 -1
508 1
508 -1
508 1
508 -1
507 1
507 -1
507 1
507 -1
504 1
504 -1
503 1
503 -1
503 1
503 -1
503 1
503 -1
501 1
501 -1
501 1
501 -1
500 1
501 -1
500 1
500 -1
499 1
499 -1
498 1
498 -1
498 1
498 -1
498 1
498 -1
495 1
495 -1
495 1
495 -1
494 1
494 -1
493 1
493 -1
492 1
492 -1
492 1
492 -1
491 1
491 -1
490 1
490 -1
489 1
489 -1
488 1
488 -1
486 1
486 -1
486 1
486 -1
485 1
485 -1
485 1
485 -1
482 1
482 -1
481 1
481 -1
479 1
479 -1
478 1
478 -1
477 1
477 -1
477 1
477 -1
522 1
522 -1
498 1
498 -1
498 1
498 -1
0 -1
1149 1
1076 1
1076 -1
524 1
524 -1
524 1
524 -1
524 1
524 -1
522 1
522 -1
522 1
522 -1
520 1
520 -1
520 1
520 -1
519 1
519 -1
518 1
518 -1
518 1
518 -1
518 1
518 -1
517 1
517 -1
516 1
516 -1
516 1
516 -1
515 1
515 -1
515 1
515 -1
514 1
514 -1
514 1
514 -1
513 1
513 -1
512 1
512 -1
512 1
512 -1
511 1
511 -1
511 1
511 -1
510 1
510 -1
509 1
509 -1
509 1
509 -1
508 1
508 -1
508 1
508 -1
508 1
508 -1
507 1
507 -1
507 1
507 -1
507 1
507 -1
506 1
506 -1
506 1
506 -1
505 1
505 -1
498 1
498 -1
498 1
498 -1
498 1
498 -1
497 1
497 -1
496 1
496 -1
494 1
494 -1
493 1
493 -1
491 1
491 -1
490 1
490 -1
487 1
487 -1
487 1
488 -1
487 1
487 -1
484 1
484 -1
480 1
480 -1
480 1
480 -1
479 1
479 -1
478 1
478 -1
477 1
477 -1
475 1
475 -1
0 -1
497 1
497 -11
497 11
497 -1
497 1
497 -1
503 1
497 -1
503 1
503 1
503 -1
503 1
503 -1
503 1
503 -1
503 1
503 -1
503 1
503 -1
502 1
502 -1
502 1
502 -1
502 1
502 -1
502 1
502 -1
502 1
502 -1
501 1
501 -1
501 1
501 -1
500 1
500 -1
500 1
500 -1
500 1
500 -1
499 1
499 -1
499 1
499 -1
499 1
499 -1
499 1
499 -1
499 1
499 -1
498 1
498 -1
498 1
498 -1
498 1
498 -1
498 1
498 -1
498 1
498 -1
498 1
498 -1
496 1
496 -1
495 1
495 -1
494 1
494 -1
493 1
493 -1
493 1
493 -1
493 1
493 -1
492 1
492 -1
491 1
491 -1
490 1
490 -1
490 1
490 -1
489 1
489 -1
487 1
487 -1
487 1
487 -1
486 1
486 -1
485 1
485 -1
484 1
484 -1
484 1
484 -1
482 1
482 -1
482 1
482 -1
481 1
481 -1
477 1
477 -1
476 1
476 -1
476 1
476 -1
476 1
476 -1
475 1
475 -1
475 1
475 -1
475 1
475 -1
499 1
499 -1
494 1
493 -1
503 -1
503 1
503 -1
503 1
503 1
503 -1
503 -1
491 1
503 -1
491 1
497 -1
816 1
521 1
521 -1
521 1
521 -1
521 1
521 -1
520 1
520 -1
520 1
520 -1
520 1
520 -1
520 1
520 -1
520 1
520 -1
520 1
520 -1
520 1
520 -1
519 1
519 -1
519 1
519 -1
519 1
519 -1
519 1
519 -1
518 1
518 -1
518 1
518 -1
518 1
518 -1
518 1
518 -1
518 1
518 -1
518 1
518 -1
518 1
518 -1
517 1
517 -1
517 1
517 -1
517 1
517 -1
517 1
517 -1
517 1
517 -1
516 1
516 -1
516 1
516 -1
516 1
516 -1
516 1
516 -1
516 1
516 -1
516 1
516 -1
516 1
516 -1
516 1
516 -1
516 1
516 -1
515 1
515 -1
515 1
515 -1
515 1
515 -1
515 1
515 -1
514 1
514 -1
514 1
514 -1
514 1
514 -1
513 1
513 -1
513 1
513 -1
513 1
513 -1
513 1
513 -1
512 1
512 -1
512 1
512 -1
512 1
512 -1
512 1
512 -1
512 1
512 -1
512 1
512 -1
511 1
511 -1
511 1
511 -1
511 1
511 -1
511 1
511 -1
511 1
511 -1
511 1
511 -1
511 1
511 -1
511 1
511 -1
510 1
511 -1
510 1
510 -1
509 1
509 -1
509 1
509 -1
509 1
509 -1
509 1
509 -1
509 1
509 -1
508 1
508 -1
508 1
508 -1
508 1
508 -1
507 1
507 -1
507 1
507 -1
507 1
507 -1
507 1
507 -1
507 1
507 -1
507 1
507 -1
507 1
507 -1
507 1
507 -1
506 1
506 -1
506 1
506 -1
505 1
505 -1
505 1
505 -1
504 1
504 -1
504 1
504 -1
504 1
504 -1
504 1
504 -1
504 1
504 -1
504 1
504 -1
503 1
503 -1
503 1
503 -1
502 1
502 -1
501 1
501 -1
501 1
501 -1
501 1
501 -1
501 1
501 -1
501 1
501 -1
501 1
501 -1
500 1
500 -1
500 1
500 -1
500 1
500 -1
500 1
500 -1
500 1
500 -1
499 1
499 -1
499 1
499 -1
499 1
499 -1
499 1
499 -1
499 1
499 -1
498 1
499 -1
498 1
498 -1
498 1
498 -1
498 1
498 -1
498 1
498 -1
491 1
491 -1
491 1
491 -1
490 1
490 -1
490 1
490 -1
492 1
492 -1
492 1
492 -1
494 1
494 -1
494 1
494 -1
495 1
495 -1
495 1
495 -1
503 1
503 -1
516 1
516 -1
493 1
493 -1
490 1
490 -1
513 1
513 -1
506 1
506 -1
507 1
507 -1
511 1
511 -1
494 1
494 -1
499 1
499 -1
502 1
502 -1
495 1
495 -1
522 -13
522 13
522 -13
522 13
501 -13
501 13
