475 2.04024e-23
475 0.277263
476 0.701473
477 0.105947
477 0.232674
478 0.76173
479 0.22984
481 1.07357
482 0.838438
482 0.00812189
483 0.394235
484 0.45035
487 1.592
487 0.0818403
487 0.143309
488 0.258524
489 0.621786
490 0.259941
490 0.299683
492 0.982285
493 0.431783
494 0.354733
494 0.370633
494 0.0102711
496 1.16553
499 1.45513
500 0.170805
500 0.0175963
500 0.0646839
501 0.772731
504 1.43885
505 0.803547
507 0.6673
507 0.417302
508 0.0723294
508 0.255671
509 0.36835
509 0.354789
510 0.396341
510 0.109285
511 0.194567
512 0.562738
513 0.612043
515 1.35636
516 0.325888
516 0.0428442
518 1.02991
518 0.157624
519 0.535281
519 0.175037
520 0.383482
520 0.104688
521 0.460193
521 0.247311
522 0.0701788
522 0.31282
522 0.0935797
523 0.704979
524 0.15876
524 0.0235712
524 0.137607
525 0.283141
850 1.46428e-23
1149 0.0087733
1149 1.30081e-26
524 0.151108
524 0.0611469
524 0.125269
522 0.0407637
522 0.332339
522 0.282169
522 0.370591
521 0.391869
521 0.131997
521 0.0421143
520 0.0366268
519 0.0407633
519 0.0505369
518 0.0397229
518 0.0540732
516 0.0364985
516 0.0656406
515 0.0431442
513 0.505549
512 0.230507
512 0.0212501
512 0.162594
512 0.0373925
512 0.0706299
512 0.0682147
511 0.0435035
510 0.0719335
510 0.0369168
509 0.0401943
508 0.0595829
507 0.0504691
507 0.0383238
504 0.0955385
501 0.0474302
500 0.0894068
500 0.0347014
500 0.0368144
499 0.0407008
496 0.0361377
494 0.134959
494 0.0444196
493 0.326205
492 0.107551
492 0.0890079
492 0.107707
492 0.0772033
492 0.0736164
492 0.0757471
492 0.116464
490 0.0530216
490 0.066091
489 0.0402156
488 0.275026
487 0.0410821
487 0.178929
483 0.308781
482 0.034955
482 0.127016
482 0.258448
482 0.0374254
481 0.0399747
479 0.0569868
478 0.0647419
477 0.0769285
477 0.0928489
477 0.0830784
477 0.0418275
476 0.114477
475 0.045332
475 2.04024e-23
476 0.624359
476 0.397142
477 0.203879
477 0.0170952
478 0.521041
478 0.213536
479 0.205887
480 0.413422
481 0.631463
481 0.341244
482 0.257029
482 0.0873741
482 0.0638629
482 0.169371
483 0.358623
484 0.44421
484 0.049321
484 0.224053
485 0.306644
485 0.0833209
486 0.616527
487 0.440141
488 0.410446
489 0.516066
491 1.03535
492 0.389132
492 0.0858511
492 0.00636869
493 0.492234
493 0.0844342
493 0.0308132
494 0.652544
495 0.316955
495 0.264915
495 0.276843
497 0.792512
499 1.18001
499 0.14743
500 0.155235
500 0.191798
500 0.0193101
501 0.277463
501 0.0991467
501 0.29177
502 0.186129
502 0.0263658
503 0.644696
503 0.394601
504 0.36866
505 0.239351
505 0.360099
505 0.0543422
505 0.00770357
506 0.383735
506 0.118103
508 0.734031
508 0.188495
509 0.266758
509 0.151156
509 0.190706
512 1.25022
512 0.23341
514 1.1075
514 0.156575
515 0.581596
517 0.743962
517 0.220881
518 0.361682
519 0.817351
520 0.576046
520 0.0522621
520 0.259985
521 0.171352
523 1.01683
523 0.114748
524 0.249366
524 0.15993
524 0.180025
524 0.17984
525 0.0150258
850 1.46696e-23
1149 0.00945654
1149 2.34376e-27
524 0.0399914
524 0.0594572
524 0.0350763
524 0.166399
523 0.0658378
523 0.0359652
521 0.233771
520 0.0537655
520 0.256809
520 0.238504
520 0.0495169
520 0.469084
519 0.343039
518 0.18122
517 0.0439417
517 0.128175
515 0.083408
514 0.0615459
514 0.127642
512 0.0419972
512 0.0544298
509 0.214239
509 0.0731545
508 0.066417
508 0.041652
506 0.0475609
505 0.092027
505 0.0731444
505 0.0545089
504 0.148006
503 0.130631
503 0.048201
503 0.0564145
502 0.0516688
502 0.110373
501 0.1488
501 0.0614565
501 0.0660195
500 0.177672
500 0.0659888
500 0.0379824
499 0.141928
499 0.0655996
497 0.0403219
495 0.0408892
495 0.0721783
495 0.0465684
493 0.0689362
493 0.124785
493 0.0143202
493 0.184063
492 0.0618169
492 0.038096
492 0.177153
492 0.0547203
492 0.0401209
491 0.0394271
489 0.264187
488 0.0381874
487 0.102987
486 0.0649327
485 0.0622687
485 0.0688625
484 0.0480479
484 0.107958
484 0.047869
483 0.225398
483 0.108687
483 0.0814934
482 0.0667098
482 0.211069
482 0.0553806
482 0.0367369
482 0.0888409
481 0.1983
481 0.403141
480 0.112478
479 0.0735952
479 0.0425886
479 0.0411196
478 0.119922
478 0.0433714
477 0.0435576
476 0.0580029
476 0.0373276
475 2.04024e-23
476 0.594478
476 0.312903
477 0.271129
479 0.945332
479 0.298011
481 0.857558
483 0.990641
483 0.248208
484 0.638495
485 0.365692
485 0.0869811
486 0.466747
487 0.594748
488 0.487478
488 0.181622
489 0.548729
489 0.0621612
490 0.124139
490 0.0943516
492 0.945329
492 0.475546
494 0.877301
495 0.449922
495 0.0644932
496 0.39592
497 0.401881
498 0.52227
500 1.13395
500 0.0241735
501 0.376988
501 0.0743084
501 0.112132
503 1.07595
504 0.660205
506 1.18214
508 0.644132
509 0.510788
509 0.19507
510 0.661595
514 1.8877
514 0.443077
515 0.310417
515 0.0237994
516 0.253255
516 0.0367892
517 0.546518
518 0.748866
518 0.103283
521 1.47276
521 0.0746452
522 0.862214
524 0.896257
525 0.277117
850 1.45908e-23
1088 0.00865552
1149 0.00165316
1149 7.03322e-27
1091 0.00288232
1094 0.000952134
1099 0.0017349
1101 0.00249426
1102 0.000279953
1102 0.00215225
1102 0.00157103
1103 0.00183416
1104 0.00150768
1104 0.000697941
1102 0.00185725
1094 0.00206911
524 0.0608733
522 0.0967071
521 0.0638148
521 0.0533815
518 0.0469612
517 0.048061
515 0.0625876
515 0.250094
514 0.123352
514 0.345968
510 0.0580754
509 0.0699648
509 0.127369
508 0.0483563
506 0.159264
506 0.0638715
504 0.0400921
503 0.0825552
501 0.213479
501 0.0479352
500 0.0360057
500 0.0726686
500 0.26549
500 0.0398809
498 0.0728718
497 0.043307
496 0.0516335
495 0.0371554
495 0.0343995
494 0.379159
493 0.305714
492 0.0344152
490 0.197561
489 0.0617064
488 0.0648342
488 0.0362589
486 0.0856176
485 0.139214
485 0.595016
485 0.0652733
484 0.0578159
483 0.121849
483 0.0852591
481 0.0476091
477 0.0392625
476 0.0490642
475 2.04024e-23
475 0.0838217
475 0.445417
477 0.714471
479 1.21195
479 0.249513
479 0.0185181
480 0.360415
482 0.82354
482 0.447818
484 1.0666
485 0.188128
485 0.057627
485 0.293547
485 0.0462965
486 0.347734
486 0.0343034
488 1.1358
489 0.281767
489 0.000605834
491 1.42155
492 0.449208
494 1.00768
494 0.093475
495 0.378475
495 0.198294
496 0.482678
498 0.786901
498 0.322007
499 0.193606
502 2.03003
503 0.300891
505 0.888464
505 0.00740831
507 0.990702
507 0.262393
509 0.926746
509 0.0151549
512 1.74397
513 0.381799
513 0.0551218
513 0.242714
515 0.873801
515 0.192217
516 0.636275
517 0.256263
518 0.687577
519 0.514581
519 0.242338
519 0.0758866
519 0.0503814
520 0.122552
521 0.572257
521 0.110678
521 0.019613
521 0.0705535
522 0.361245
522 0.285621
522 0.0319869
525 1.22591
850 1.46473e-23
1149 0.00929614
1149 2.03665e-27
522 0.0400279
522 0.173461
522 0.0365791
521 0.0553108
521 0.347471
521 0.100797
521 0.0346975
520 0.0562613
519 0.0971743
519 0.0800553
519 0.0686819
519 0.0459071
518 0.145093
517 0.244138
516 0.0367226
515 0.0379889
515 0.0461213
513 0.0464875
513 0.0713518
513 0.189457
512 0.061342
509 0.0889355
509 0.245003
507 0.0602776
507 0.141675
507 0.174364
507 0.171967
505 0.110452
505 0.0388815
502 0.194795
499 0.0650443
498 0.206393
497 0.0933427
497 0.326272
497 0.047336
495 0.0565182
494 0.110507
494 0.0839344
492 0.0475941
492 0.463606
489 0.0754525
489 0.0377684
486 0.0506009
486 0.036492
485 0.0647396
485 0.0361343
485 0.361929
485 0.0512757
485 0.0455863
484 0.0737753
483 0.181574
482 0.0530877
480 0.0435435
479 0.0835806
480 0.162752
480 0.121219
480 0.143696
480 0.0836634
477 0.0900797
475 0.0486198
475 0.0595333
475 0.0463484
475 0.0179325
475 0.0283184
475 0.0241853
475 0.0376876
475 0.0471093
475 0.0431972
475 0.0445243
475 0.0436405
475 0.0284472
475 0.0381681
475 0.014092
475 0.195024
475 0.001564
480 0.001564
480 0.00637405
475 0.00204661
475 2.04024e-23
475 0.165938
476 0.403933
477 0.493629
477 0.0176785
477 0.00890737
478 0.711961
478 0.0906567
479 0.305181
479 0.280419
480 0.374483
481 0.273706
482 0.902665
483 0.38229
485 0.964941
485 0.18228
487 1.37415
488 0.600496
488 2.5362e-05
490 0.604229
490 0.0179842
491 0.534686
492 0.703789
493 0.413888
493 0.159427
493 0.0933048
494 0.066053
495 0.590015
495 0.158646
495 0.129192
497 1.30872
498 0.228591
499 0.412931
500 0.793716
501 0.77322
502 0.219543
502 0.111665
503 0.545399
503 0.0349016
504 0.338026
504 0.0991934
504 0.245357
506 0.917204
507 0.329912
508 0.648742
508 0.255312
509 0.341665
512 1.5891
513 0.7911
517 2.35317
519 0.844377
519 0.184224
520 0.217341
521 0.528891
522 0.601058
522 0.362352
523 0.5729
523 0.0571537
525 0.627948
850 1.46168e-23
1149 0.010138
1149 1.8317e-28
522 0.0365737
522 0.0542933
521 0.582293
521 0.0463114
520 0.0378932
520 0.14896
520 0.0647741
520 0.252098
520 0.0449431
520 0.0507219
519 0.0668586
517 0.0378686
513 0.0551239
512 0.0622607
509 0.0355309
508 0.0366591
508 0.0544876
507 0.0627084
506 0.0577749
504 0.116762
504 0.053322
504 0.115038
504 0.0629964
503 0.0973094
503 0.0510055
502 0.0462085
502 0.0701749
501 0.100771
500 0.0798898
499 0.0454887
498 0.0765299
497 0.102907
497 0.0213414
497 0.0467124
497 0.0346711
497 0.0731122
495 0.0346721
495 0.595539
495 0.170483
495 0.100112
494 0.0616591
493 0.0454723
493 0.0457385
493 0.197159
493 0.0986218
493 0.0683964
492 0.0351969
491 0.121858
490 0.0352339
490 0.0413673
488 0.0399594
488 0.035199
485 0.166559
483 0.075169
482 0.111375
481 0.0618939
480 0.0812642
479 0.0603615
479 0.190765
479 0.0367525
479 0.13082
478 0.0500653
478 0.0519461
477 0.0503139
477 0.0771826
477 0.05105
476 0.0648431
475 0.035634
475 2.04024e-23
475 0.164167
475 0.194996
476 0.715325
477 0.157194
477 0.0900123
478 0.750423
480 1.16087
481 0.372072
481 0.0735743
482 0.14567
482 0.110978
482 0.0799997
483 0.483967
485 1.1417
485 0.0996692
486 0.191868
486 0.281795
488 0.822095
488 0.359039
489 0.171166
490 0.779184
492 0.888637
495 1.5122
495 0.294958
495 0.0234308
495 3.50302
495 1.67356
495 0.211577
495 0.208418
495 0.127026
495 0.0886871
496 0.773441
496 0.0584599
496 0.755877
496 0.303423
496 0.715849
496 0.35318
497 0.673118
497 0.48489
497 0.629665
497 0.541096
497 0.0277504
497 0.106819
498 0.749377
498 0.376031
498 0.445543
498 1.69842
498 0.0393929
498 0.0117873
499 0.770386
499 0.0947021
499 0.610939
499 0.42116
499 0.126607
499 0.00157603
499 0.257557
500 1.88611
500 0.226971
500 1.66578
500 0.181907
500 0.0269273
501 0.643746
501 0.0978923
501 1.67399
502 2.11429
502 2.98063
502 1.02325
503 2.37886
503 0.924539
504 3.1118
504 3.09751
504 2.84456
505 2.73168
505 2.87328
505 3.2362
505 1.66319
512 0
512 0
494 0
222 0
525 0
1043 0
503 0.0397135
502 0.0375778
502 0.0453061
502 0.035936
501 0.0345091
501 0.0506188
501 0.0374179
500 0.0468056
500 0.0576362
500 0.0408811
500 0.049539
500 0.0448294
499 0.0400376
499 0.0599573
499 0.0664292
499 0.0360365
499 0.0384118
499 0.0417263
499 0.0495619
498 0.038851
498 0.0375459
498 0.0570651
498 0.0504871
498 0.0510572
497 0.0374322
497 0.042713
497 0.0360852
497 0.0396733
497 0.0600004
497 0.0394995
496 0.0567119
496 0.0452674
496 0.0852214
496 0.0812824
496 0.0568731
495 0.0375066
495 0.0499955
495 0.0918776
495 0.110449
490 0.0806062
489 0.106586
488 0.0818026
488 0.198831
488 0.0432609
488 0.0734816
486 0.0379218
486 0.0356694
485 0.0977026
483 0.0398788
482 0.037143
482 0.0491129
482 0.0146634
482 0.0810311
481 0.0352862
481 0.15264
480 0.0389775
478 0.0708335
477 0.0491752
477 0.0814105
476 0.05534
475 0.0662998
475 0.0450642
507 0
517 0
516 0
515 0
498 0
516 0.0130349
517 0.132197
507 0.120676
485 0
393 0
512 0.367516
512 0.0936408
475 2.04024e-23
475 0.0591205
475 0.13779
475 0.156263
476 0.519989
477 0.370678
477 0.139024
477 0.0528635
478 0.272119
479 0.811983
480 0.425493
480 0.226884
481 0.0867347
483 1.43353
484 0.147267
487 1.9445
490 1.65459
490 0.176161
492 0.802438
493 0.555417
493 0.0930938
494 0.348483
495 0.618572
495 0.100957
496 0.329168
497 0.354302
498 0.645213
498 0.357819
499 0.0779664
499 0.0141106
500 0.479234
500 0.440378
501 0.206255
501 0.280166
501 0.0627659
502 0.40577
502 0.122574
504 0.693186
504 0.0495559
505 0.675934
506 0.351467
507 0.867462
509 1.09001
510 0.405703
510 0.205339
511 0.457025
511 0.157533
511 0.157335
512 0.310521
512 0.123425
513 0.180947
514 0.832743
515 0.304135
515 0.287848
517 0.9822
519 0.801932
521 1.19533
523 1.15024
524 0.693593
524 0.177734
525 0.0626369
850 1.46138e-23
1149 0.00745072
1149 9.26498e-27
524 0.0509247
524 0.0879922
523 0.0440272
521 0.0524864
519 0.0745933
517 0.132849
517 0.0183631
515 0.0367931
514 0.12757
513 0.0758767
512 0.034515
512 0.0378507
511 0.0424047
511 0.0985995
511 0.0403442
510 0.118984
510 0.0700892
509 0.130293
507 0.0339022
507 0.0181175
506 0.18296
504 0.0608078
504 0.156356
503 0.138645
502 0.104334
501 0.0139967
501 0.182663
501 0.0439183
501 0.0394218
500 0.0583197
500 0.0399129
499 0.0936135
499 0.154103
498 0.365952
498 0.187236
498 0.184333
496 0.0821079
495 0.0443923
495 0.282576
494 0.0367261
493 0.0768319
493 0.0398804
492 0.198907
491 0.0918842
490 0.15283
487 0.0739427
483 0.0685079
481 0.0847661
480 0.0381806
479 0.140382
478 0.0752846
477 0.140636
477 0.366572
476 0.0460069
476 0.0455074
475 0.182765
475 0.0228728
475 0.0206263
475 0.0287314
475 0.0287187
475 0.10756
475 0.100836
507 0.001564
507 0.000190887
475 2.04024e-23
475 0.185914
475 0.340937
476 0.301822
478 0.852953
478 0.583744
479 0.415346
480 0.365737
480 0.0151754
480 0.0427848
480 0.0617323
480 0.00044479
481 0.631598
483 0.913438
484 0.350906
484 0.00462505
487 1.53848
487 0.00724656
487 0.106208
487 0.225114
493 3.22808
493 0.0466786
496 1.52309
498 0.758094
498 0.00269322
498 0.148
498 0.17631
499 0.183398
499 0.0322483
499 0.195268
500 0.377182
500 0.37251
501 0.235585
502 0.533818
503 0.467789
503 0.31063
504 0.25563
504 0.527661
506 0.770752
506 0.149854
506 0.0650125
507 0.228436
507 0.159522
508 0.619955
508 0.0349856
509 0.535052
510 0.519402
513 1.26039
513 0.214079
514 0.425614
516 1.03897
516 0.0514155
516 0.152992
516 0.0886979
517 0.304781
518 0.349536
518 0.451616
519 0.187063
519 0.193859
519 0.0291242
519 0.140165
520 0.226716
521 0.460066
521 0.408619
522 0.152539
522 0.218956
523 0.337887
523 0.126688
524 0.576024
524 0.00183706
524 0.169769
525 0.164685
850 1.46008e-23
981 0.00313286
1108 0.00606351
1149 0.0011615
1149 1.35949e-28
1108 0.00123678
1108 0.00140011
981 0.00114207
524 0.0410006
524 0.0353831
524 0.111751
524 0.122343
524 0.0385841
523 0.0559145
523 0.0362567
522 0.037389
521 0.0539478
521 0.106227
520 0.0987128
519 0.0621253
519 0.038556
519 0.0472902
519 0.105369
518 0.117689
518 0.0771803
517 0.103074
516 0.0556898
516 0.166039
516 0.039635
514 0.073112
513 0.0444475
510 0.126663
509 0.162236
508 0.0745519
507 0.0857019
507 0.0492999
506 0.0451306
506 0.0346716
506 0.0350511
504 0.0559257
504 0.037606
502 0.0588497
501 0.0414058
500 0.206353
500 0.0590925
499 0.0363418
499 0.0444298
498 0.0549576
498 0.0726706
498 0.0453539
494 0.158446
493 0.0435354
487 0.234889
487 0.0925593
487 0.0645908
487 0.034769
484 0.292747
481 0.0347803
480 0.0614359
480 0.052464
480 0.415724
480 0.147606
480 0.0394459
479 0.0909397
478 0.0378484
478 0.190135
476 0.0455186
475 0.080415
475 0.0673296
475 2.04024e-23
476 0.673513
476 0.183678
477 0.412005
477 0.276561
477 0.0853591
478 0.212556
478 0.269723
480 0.831016
480 0.0741262
480 0.0465783
480 0.0535607
481 0.19966
481 0.223087
483 1.0228
484 0.40696
484 0.243002
485 0.223414
485 0.0119574
485 0.0542711
485 0.337468
486 0.573457
489 1.14171
490 0.669069
491 0.465561
491 0.261074
492 0.129969
493 0.60035
494 0.555554
494 0.0597943
494 0.0295346
494 0.23479
495 0.116427
497 1.27777
497 0.00658367
497 0.0244052
497 0.0934845
498 0.137187
498 0.12892
498 0.071164
502 2.21742
504 1.14727
504 0.272035
505 0.122561
505 0.183351
507 1.38811
508 0.343734
508 0.0299477
508 0.0457155
508 0.079217
509 0.789843
510 0.0660404
510 0.132521
510 0.166318
510 0.0347842
511 0.417946
511 0.238274
512 0.133962
512 0.0388534
512 0.0842795
512 0.14451
512 0.179375
513 0.170015
514 0.489755
514 0.0750513
514 0.208704
515 0.19525
515 0.0331581
517 1.12527
517 0.22861
517 0.0218699
517 0.0070912
518 0.333594
519 0.747361
519 0.0540182
520 0.308811
521 0.533469
521 0.115967
522 0.588911
523 0.391452
525 0.986763
850 1.46461e-23
1047 0.00740067
1149 0.0039987
1149 1.25302e-27
1047 0.00122266
523 0.211128
522 0.0348126
521 0.511051
521 0.0358226
519 0.0507574
519 0.0901925
518 0.0348447
517 0.0472932
517 0.043071
517 0.203721
515 0.0438195
515 0.0477067
514 0.0397627
514 0.072396
514 0.0495706
514 0.0349258
514 0.0571058
513 0.0609413
512 0.0634256
512 0.0481883
512 0.0402423
512 0.153247
512 0.0457358
511 0.0862794
511 0.0517979
511 0.522426
511 0.0127887
510 0.0367932
510 0.0654187
509 0.0531026
508 0.0371707
508 0.0711062
508 0.240174
508 0.0379617
507 0.03841
505 0.0544016
504 0.044301
504 0.0558034
502 0.0815797
502 0.0961682
498 0.182511
498 0.0691737
498 0.0014066
498 0.0420799
497 0.122658
497 0.268205
497 0.202999
497 0.0624046
497 0.0466969
497 0.0647791
497 0.374554
495 0.057341
494 0.0495816
494 0.0533279
494 0.100714
493 0.0400956
492 0.104026
491 0.084916
491 0.273689
490 0.0684317
489 0.0373404
486 0.0612427
485 0.0882631
485 0.0881897
485 0.201566
484 0.0404165
484 0.0501454
483 0.0397668
481 0.0387346
480 0.0472716
480 0.0396547
480 0.120311
480 0.0578933
478 0.0507254
478 0.082601
477 0.0482539
477 0.256519
476 0.0732741
476 0.0750871
498 0.001564
498 0.000211266
475 2.04024e-23
478 1.65262
479 0.677951
480 0.69676
481 0.352097
482 0.573409
483 0.785274
483 0.0858766
483 0.00894853
484 0.437492
484 0.0801448
485 0.0926294
485 0.416901
487 0.871572
487 0.0144616
488 0.261844
488 0.0983281
488 0.00758907
488 0.0841111
489 0.707864
491 0.705715
492 0.746041
493 0.348218
493 0.0194887
493 0.401077
496 1.14807
496 0.0368079
496 0.119059
496 0.145503
496 0.152756
497 0.607854
498 0.073107
498 0.0298423
498 0.336717
498 0.0600644
498 0.00244394
499 0.506511
500 0.178672
500 0.134556
501 0.42276
502 0.828706
503 0.217802
504 0.452349
504 0.152275
504 0.0264884
504 0.0753548
505 0.385398
505 0.129103
506 0.636281
508 0.676664
508 0.363662
508 0.0646769
509 0.174598
509 0.222502
509 0.0559036
510 0.212772
510 0.103452
510 0.0297683
512 1.358
512 0.0308385
513 0.538042
516 1.28075
517 0.467247
517 0.320195
518 0.195428
520 1.62152
521 0.412076
521 0.0723167
522 0.584393
524 0.880562
524 0.231905
524 0.0521578
525 0.114697
850 1.46547e-23
1149 0.00981121
1149 2.72298e-26
524 0.0671313
524 0.20033
524 0.0646571
522 0.313743
521 0.0732611
521 0.0731111
520 0.0543001
518 0.061678
517 0.0271595
517 0.41221
517 0.0742537
517 0.0606153
516 0.0345184
513 0.0454153
512 0.0528794
512 0.054615
510 0.0504777
510 0.0989507
510 0.150576
509 0.0396986
509 0.0979713
509 0.0772851
509 0.584355
509 0.337185
508 0.172296
506 0.0691715
505 0.0474478
504 0.0430867
504 0.0641206
504 0.0578573
504 0.122574
504 0.0548974
504 0.0487153
503 0.0383369
502 0.0382605
501 0.0278621
501 0.0637974
500 0.223247
499 0.0652768
498 0.0582952
498 0.101175
498 0.102897
498 0.0431609
498 0.179589
496 0.165425
496 0.0531628
496 0.0411414
496 0.0607438
496 0.0483501
493 0.0475513
493 0.0484128
493 0.0321232
493 0.049203
492 0.0355795
491 0.0424365
489 0.0354378
488 0.0640716
488 0.0393163
488 0.247856
488 0.23903
488 0.0614291
488 0.235384
488 0.0550921
488 0.0455196
487 0.0484724
487 0.162123
487 0.28609
487 0.0467064
485 0.0444929
484 0.044254
484 0.0499759
483 0.035971
483 0.0661668
483 0.0351775
481 0.18857
480 0.0391998
479 0.061623
489 0.001564
489 0.0402118
