475 7.05457e-22
475 3.1911
475 1.69443
475 0.114472
475 7.05457e-22
475 3.22718
475 1.70039
475 0.0724274
475 7.05457e-22
475 3.16043
475 1.83957
475 7.05457e-22
475 3.25188
475 1.53295
475 0.196501
475 0.0174007
475 0.00126657
475 7.05457e-22
475 3.18101
475 1.81899
475 7.05457e-22
475 3.16291
475 1.6969
475 0.116217
475 0.0176115
475 0.00635378
475 7.05457e-22
475 3.22394
475 1.6753
475 0.0875555
475 0.0132028
475 7.05457e-22
475 3.24527
475 1.66796
475 0.0867751
475 7.05457e-22
475 3.17728
475 1.82272
475 7.05457e-22
475 3.21402
475 1.78598
475 7.05457e-22
475 3.22309
475 1.77691
475 7.05457e-22
475 3.22203
475 1.77797
475 7.05457e-22
475 3.21687
475 1.78313
475 7.05457e-22
475 3.25096
475 1.74904
475 7.05457e-22
475 3.16363
475 1.60828
475 0.212002
475 0.0160861
475 7.05457e-22
475 3.27493
475 1.54254
475 0.123133
475 0.0334012
475 0.0191282
475 0.00686683
475 7.05457e-22
475 3.20034
475 1.38921
475 0.410447
475 7.05457e-22
475 3.14318
475 1.62792
475 0.159796
475 0.0377282
475 0.00869369
475 0.0226812
475 7.05457e-22
475 3.16573
475 1.83427
475 7.05457e-22
475 3.20505
475 1.67277
475 0.0926539
475 0.0295231
475 7.05457e-22
475 3.16771
475 1.83229
475 7.05457e-22
475 3.12152
475 1.87848
475 7.05457e-22
475 3.24443
475 1.63625
475 0.119321
475 7.05457e-22
475 3.31673
475 1.57108
475 0.112185
475 7.05457e-22
475 3.18425
475 1.81575
475 7.05457e-22
475 3.11029
475 1.66916
475 0.157855
475 0.0488642
475 0.01383
475 7.05457e-22
475 3.11592
475 1.65117
475 0.154416
475 0.0547222
475 0.00344936
475 0.0203228
475 7.05457e-22
475 3.23637
475 1.76363
475 7.05457e-22
475 3.25095
475 1.74905
475 7.05457e-22
475 3.24923
475 1.5622
475 0.179913
475 0.00865978
475 7.05457e-22
475 3.21144
475 1.70295
475 0.0856095
475 7.05457e-22
475 3.30691
475 1.69309
475 7.05457e-22
475 3.26147
475 1.67004
475 0.068489
475 7.05457e-22
475 3.27619
475 1.5984
475 0.0586115
475 0.050668
475 0.0161339
475 7.05457e-22
475 3.11613
475 1.74257
475 0.141303
475 7.05457e-22
475 3.18452
475 1.6356
475 0.0982722
475 0.0589594
475 0.00925204
475 0.0133999
475 7.05457e-22
475 3.17305
475 1.68645
475 0.140491
475 7.05457e-22
475 3.1438
475 1.8562
475 7.05457e-22
475 3.18246
475 1.73316
475 0.0804999
475 0.00388128
475 7.05457e-22
475 3.1652
475 1.76089
475 0.0597933
475 0.0141129
475 7.05457e-22
475 3.13356
475 1.53597
475 0.27858
475 0.0107017
475 0.0411843
475 7.05457e-22
475 3.25995
475 1.59346
475 0.146585
475 7.05457e-22
475 3.21486
475 1.50834
475 0.276801
475 7.05457e-22
475 3.301
475 1.699
475 7.05457e-22
475 3.26965
475 1.73035
475 7.05457e-22
475 3.22668
475 1.61237
475 0.0922042
475 0.0547338
475 0.014012
475 7.05457e-22
475 3.24761
475 1.75239
475 7.05457e-22
475 3.14954
475 1.85046
475 7.05457e-22
475 3.21446
475 1.78554
475 7.05457e-22
475 3.14772
475 1.85228
475 7.05457e-22
475 3.25413
475 1.74563
475 0.00023603
475 7.05457e-22
475 3.17963
475 1.82037
475 7.05457e-22
475 3.16196
475 1.50369
475 0.334345
475 7.05457e-22
475 3.26943
475 1.73057
475 7.05457e-22
475 3.16517
475 1.69137
475 0.122474
475 0.0209854
475 7.05457e-22
475 3.25002
475 1.70382
475 0.0461664
475 7.05457e-22
475 3.2479
475 1.7521
475 7.05457e-22
475 3.25223
475 1.67481
475 0.0473106
475 0.0256464
475 7.05457e-22
475 3.13729
475 1.86271
475 7.05457e-22
475 3.26767
475 1.73233
475 7.05457e-22
475 3.18357
475 1.81643
475 7.05457e-22
475 3.22086
475 1.77914
475 7.05457e-22
475 3.25863
475 1.74137
475 7.05457e-22
475 3.14975
475 1.63638
475 0.21348
475 0.000393717
475 7.05457e-22
475 3.21506
475 1.56964
475 0.215291
475 7.05457e-22
475 3.21521
475 1.78479
475 7.05457e-22
475 3.13642
475 1.69762
475 0.165956
475 7.05457e-22
475 3.20264
475 1.79736
475 7.05457e-22
475 3.20865
475 1.74022
475 0.0473374
475 0.00379499
475 7.05457e-22
475 3.15827
475 1.84173
475 7.05457e-22
475 3.30989
475 1.59411
475 0.0946336
475 0.0013588
475 7.05457e-22
475 3.35211
475 1.49555
475 0.104858
475 0.0212869
475 0.0261945
475 7.05457e-22
475 3.12545
475 1.76576
475 0.0752811
475 0.0335142
475 7.05457e-22
475 3.22068
475 1.77932
475 7.05457e-22
475 3.20288
475 1.79712
475 7.05457e-22
475 3.15285
475 1.65713
475 0.190021
475 7.05457e-22
475 3.27744
475 1.72256
475 7.05457e-22
475 3.18825
475 1.60642
475 0.1686
475 0.0367314
475 7.05457e-22
475 3.15753
475 1.78753
475 0.054941
475 7.05457e-22
475 3.25243
475 1.57336
475 0.174211
475 7.05457e-22
475 3.28428
475 1.6556
475 0.015832
475 0.0415267
475 0.00275539
475 7.05457e-22
475 3.15648
475 1.84352
475 7.05457e-22
475 3.22719
475 1.77281
475 7.05457e-22
475 3.1827
475 1.8173
475 7.05457e-22
475 3.22852
475 1.64289
475 0.114189
475 0.0144063
475 7.05457e-22
475 3.18768
475 1.75169
475 0.0519146
475 0.00871854
475 7.05457e-22
475 3.28205
475 1.48742
475 0.226504
475 0.00402351
475 7.05457e-22
475 3.19016
475 1.80984
475 7.05457e-22
475 3.15796
475 1.4755
475 0.345569
475 0.0209718
475 7.05457e-22
475 3.2067
475 1.77358
475 0.0103063
475 0.00941383
475 7.05457e-22
475 3.17873
475 1.82127
475 7.05457e-22
475 3.2606
475 1.67822
475 0.0461092
475 0.0150696
475 7.05457e-22
475 3.30604
475 1.52335
475 0.0986821
475 0.0294262
475 0.0425037
475 7.05457e-22
475 3.171
475 1.829
475 7.05457e-22
475 3.15505
475 1.84495
475 7.05457e-22
475 3.14644
475 1.85356
475 7.05457e-22
475 3.19957
475 1.80043
475 7.05457e-22
475 3.21839
475 1.78161
475 7.05457e-22
475 3.15964
475 1.84036
475 7.05457e-22
475 3.25624
475 1.74376
