0 -1
364 1
0 -1
309 1
0 -1
475 1
0 -1
475 1
0 -1
475 1
0 -1
475 1
0 -1
401 1
0 -1
0 1
0 -1
475 1
0 -1
285 1
0 -1
475 1
0 -1
475 1
0 -1
475 1
0 -1
475 1
0 -1
263 1
0 -1
118 1
0 -1
475 1
0 -1
290 1
0 -1
356 1
0 -1
475 1
0 -1
475 1
0 -1
475 1
0 -1
475 1
0 -1
475 1
0 -1
144 1
0 -1
475 1
0 -1
433 1
0 -1
400 1
0 -1
475 1
0 -1
0 1
0 -1
475 1
0 -1
475 1
0 -1
270 1
0 -1
475 1
0 -1
324 1
0 -1
272 1
0 -1
475 1
0 -1
475 1
0 -1
475 1
0 -1
389 1
0 -1
346 1
0 -1
475 1
0 -1
475 1
0 -1
475 1
0 -1
475 1
0 -1
475 1
0 -1
418 1
0 -1
475 1
0 -1
475 1
0 -1
356 1
0 -1
475 1
0 -1
302 1
0 -1
475 1
0 -1
475 1
0 -1
125 1
0 -1
475 1
0 -1
410 1
0 -1
389 1
0 -1
475 1
0 -1
384 1
0 -1
475 1
0 -1
475 1
0 -1
409 1
0 -1
399 1
0 -1
475 1
0 -1
0 1
0 -1
475 1
0 -1
196 1
0 -1
475 1
0 -1
199 1
0 -1
475 1
0 -1
0 1
0 -1
0 1
0 -1
0 1
0 -1
475 1
0 -1
475 1
0 -1
475 1
0 -1
475 1
0 -1
475 1
0 -1
384 1
0 -1
475 1
0 -1
475 1
0 -1
475 1
0 -1
475 1
0 -1
475 1
0 -1
304 1
0 -1
284 1
0 -1
475 1
0 -1
183 1
0 -1
475 1
0 -1
475 1
0 -1
475 1
0 -1
342 1
0 -1
204 1
0 -1
475 1
0 -1
0 1
0 -1
475 1
0 -1
475 1
0 -1
0 1
0 -1
466 1
0 -1
475 1
0 -1
150 1
0 -1
475 1
0 -1
475 1
0 -1
189 1
0 -1
281 1
0 -1
300 1
0 -1
406 1
0 -1
475 1
0 -1
0 1
0 -1
475 1
0 -1
475 1
0 -1
475 1
0 -1
244 1
0 -1
475 1
0 -1
475 1
0 -1
0 1
0 -1
55 1
0 -1
475 1
0 -1
326 1
0 -1
303 1
0 -1
171 1
0 -1
0 1
0 -1
475 1
0 -1
475 1
0 -1
242 1
0 -1
168 1
0 -1
475 1
0 -1
211 1
0 -1
475 1
0 -1
166 1
0 -1
475 1
0 -1
475 1
0 -1
475 1
0 -1
475 1
0 -1
212 1
0 -1
244 1
0 -1
232 1
0 -1
475 1
0 -1
475 1
0 -1
403 1
0 -1
475 1
0 -1
152 1
0 -1
475 1
0 -1
41 1
0 -1
438 1
0 -1
258 1
0 -1
388 1
0 -1
475 1
0 -1
475 1
0 -1
475 1
0 -1
392 1
0 -1
475 1
0 -1
208 1
0 -1
36 1
0 -1
302 1
0 -1
0 1
0 -1
233 1
0 -1
475 1
0 -1
475 1
0 -1
475 1
0 -1
475 1
0 -1
324 1
0 -1
475 1
0 -1
407 1
0 -1
0 1
0 -1
475 1
0 -1
475 1
0 -1
229 1
0 -1
475 1
0 -1
390 1
0 -1
475 1
0 -1
475 1
0 -1
475 1
0 -1
232 1
0 -1
475 1
0 -1
475 1
0 -1
475 1
0 -1
475 1
0 -1
475 1
0 -1
0 1
0 -1
430 1
0 -1
475 1
0 -1
475 1
0 -1
291 1
0 -1
475 1
0 -1
475 1
0 -1
475 1
0 -1
407 1
0 -1
0 1
0 -1
403 1
0 -1
0 1
0 -1
336 1
0 -1
475 1
0 -1
0 1
0 -1
0 1
0 -1
142 1
0 -1
72 1
0 -1
475 1
0 -1
399 1
0 -1
475 1
0 -1
475 1
0 -1
273 1
0 -1
475 1
0 -1
475 1
0 -1
475 1
0 -1
475 1
0 -1
475 1
0 -1
274 1
0 -1
0 1
0 -1
475 1
0 -1
475 1
0 -1
306 1
0 -1
159 1
0 -1
0 1
0 -1
0 1
0 -1
463 1
0 -1
475 1
0 -1
0 1
0 -1
198 1
0 -1
475 1
0 -1
330 1
0 -1
194 1
0 -1
199 1
0 -1
378 1
0 -1
371 1
0 -1
104 1
0 -1
475 1
0 -1
475 1
0 -1
475 1
0 -1
243 1
0 -1
475 1
0 -1
278 1
0 -1
0 1
0 -1
475 1
0 -1
475 1
0 -1
475 1
0 -1
475 1
0 -1
475 1
0 -1
475 1
0 -1
475 1
0 -1
475 1
0 -1
475 1
0 -1
162 1
0 -1
475 1
0 -1
475 1
0 -1
155 1
0 -1
475 1
0 -1
475 1
0 -1
314 1
0 -1
475 1
0 -1
475 1
0 -1
475 1
0 -1
475 1
0 -1
475 1
0 -1
41 1
0 -1
475 1
0 -1
475 1
0 -1
313 1
0 -1
241 1
0 -1
8 1
0 -1
291 1
0 -1
475 1
0 -1
475 1
0 -1
475 1
0 -1
182 1
0 -1
378 1
0 -1
475 1
0 -1
475 1
0 -1
475 1
0 -1
475 1
0 -1
475 1
0 -1
347 1
0 -1
475 1
0 -1
475 1
0 -1
475 1
0 -1
475 1
0 -1
111 1
0 -1
475 1
0 -1
475 1
0 -1
475 1
0 -1
0 1
0 -1
311 1
0 -1
475 1
0 -1
475 1
0 -1
388 1
0 -1
475 1
0 -1
318 1
0 -1
475 1
0 -1
0 1
0 -1
475 1
0 -1
475 1
0 -1
475 1
0 -1
475 1
0 -1
475 1
0 -1
475 1
0 -1
475 1
0 -1
475 1
0 -1
308 1
0 -1
475 1
0 -1
294 1
0 -1
475 1
0 -1
396 1
0 -1
469 1
0 -1
475 1
0 -1
0 1
0 -1
475 1
0 -1
475 1
0 -1
475 1
0 -1
475 1
0 -1
403 1
0 -1
27 1
0 -1
475 1
0 -1
0 1
0 -1
475 1
0 -1
475 1
0 -1
475 1
0 -1
0 1
0 -1
475 1
0 -1
475 1
0 -1
372 1
0 -1
418 1
0 -1
475 1
0 -1
475 1
0 -1
475 1
0 -1
0 1
0 -1
475 1
0 -1
475 1
0 -1
132 1
0 -1
0 1
0 -1
475 1
0 -1
475 1
0 -1
475 1
0 -1
392 1
0 -1
475 1
0 -1
475 1
0 -1
475 1
0 -1
475 1
0 -1
475 1
0 -1
475 1
0 -1
0 1
0 -1
475 1
0 -1
475 1
0 -1
161 1
0 -1
0 1
0 -1
0 1
0 -1
475 1
0 -1
382 1
0 -1
289 1
0 -1
475 1
0 -1
475 1
0 -1
475 1
0 -1
238 1
0 -1
475 1
0 -1
475 1
0 -1
475 1
0 -1
475 1
0 -1
475 1
0 -1
475 1
0 -1
463 1
0 -1
475 1
0 -1
392 1
0 -1
282 1
0 -1
475 1
0 -1
386 1
0 -1
235 1
0 -1
454 1
0 -1
475 1
0 -1
475 1
0 -1
475 1
0 -1
475 1
0 -1
475 1
0 -1
257 1
0 -1
475 1
0 -1
26 1
0 -1
68 1
0 -1
475 1
0 -1
475 1
0 -1
475 1
0 -1
475 1
0 -1
475 1
0 -1
475 1
0 -1
475 1
0 -1
475 1
0 -1
475 1
0 -1
475 1
0 -1
475 1
0 -1
130 1
0 -1
475 1
0 -1
217 1
0 -1
475 1
0 -1
475 1
0 -1
447 1
0 -1
475 1
0 -1
475 1
0 -1
475 1
0 -1
475 1
0 -1
151 1
0 -1
475 1
0 -1
315 1
0 -1
475 1
0 -1
293 1
0 -1
475 1
0 -1
447 1
0 -1
220 1
0 -1
475 1
0 -1
0 1
0 -1
351 1
0 -1
475 1
0 -1
475 1
0 -1
377 1
0 -1
414 1
0 -1
475 1
0 -1
276 1
0 -1
475 1
0 -1
475 1
0 -1
475 1
0 -1
256 1
0 -1
308 1
0 -1
475 1
0 -1
475 1
0 -1
296 1
0 -1
466 1
0 -1
448 1
0 -1
471 1
0 -1
475 1
0 -1
475 1
0 -1
0 1
0 -1
143 1
0 -1
475 1
0 -1
475 1
0 -1
252 1
0 -1
0 1
0 -1
297 1
0 -1
475 1
0 -1
367 1
0 -1
475 1
0 -1
475 1
0 -1
0 1
0 -1
475 1
0 -1
2 1
0 -1
475 1
0 -1
225 1
0 -1
475 1
0 -1
34 1
0 -1
475 1
0 -1
0 1
0 -1
0 1
0 -1
475 1
0 -1
475 1
0 -1
475 1
0 -1
0 1
0 -1
326 1
0 -1
0 1
0 -1
475 1
0 -1
390 1
0 -1
475 1
0 -1
475 1
0 -1
475 1
0 -1
69 1
0 -1
475 1
0 -1
78 1
0 -1
475 1
0 -1
475 1
0 -1
0 1
0 -1
62 1
0 -1
460 1
0 -1
475 1
0 -1
377 1
0 -1
475 1
0 -1
475 1
0 -1
475 1
0 -1
475 1
0 -1
475 1
0 -1
475 1
0 -1
0 1
0 -1
159 1
0 -1
139 1
0 -1
254 1
0 -1
0 1
0 -1
345 1
0 -1
0 1
0 -1
357 1
0 -1
97 1
0 -1
475 1
0 -1
475 1
0 -1
475 1
0 -1
475 1
0 -1
475 1
0 -1
49 1
0 -1
475 1
0 -1
475 1
0 -1
355 1
0 -1
206 1
0 -1
171 1
0 -1
335 1
0 -1
475 1
0 -1
354 1
0 -1
475 1
0 -1
475 1
0 -1
475 1
0 -1
475 1
0 -1
475 1
0 -1
196 1
0 -1
475 1
0 -1
475 1
0 -1
475 1
0 -1
475 1
0 -1
475 1
0 -1
475 1
0 -1
475 1
0 -1
475 1
0 -1
204 1
0 -1
236 1
0 -1
336 1
0 -1
426 1
0 -1
475 1
0 -1
475 1
0 -1
475 1
0 -1
475 1
0 -1
475 1
0 -1
475 1
0 -1
475 1
0 -1
475 1
0 -1
475 1
0 -1
327 1
0 -1
0 1
0 -1
475 1
0 -1
475 1
0 -1
0 1
0 -1
280 1
0 -1
197 1
0 -1
475 1
0 -1
475 1
0 -1
475 1
0 -1
109 1
0 -1
253 1
0 -1
453 1
0 -1
475 1
0 -1
475 1
0 -1
322 1
0 -1
0 1
0 -1
475 1
0 -1
129 1
0 -1
475 1
0 -1
475 1
0 -1
352 1
0 -1
475 1
0 -1
359 1
0 -1
475 1
0 -1
475 1
0 -1
475 1
0 -1
468 1
0 -1
0 1
0 -1
475 1
0 -1
475 1
0 -1
376 1
0 -1
475 1
0 -1
252 1
0 -1
475 1
0 -1
475 1
0 -1
475 1
0 -1
475 1
0 -1
475 1
0 -1
475 1
0 -1
475 1
0 -1
475 1
0 -1
475 1
0 -1
475 1
0 -1
475 1
0 -1
63 1
0 -1
475 1
0 -1
475 1
0 -1
475 1
0 -1
475 1
0 -1
472 1
0 -1
475 1
0 -1
475 1
0 -1
466 1
0 -1
475 1
0 -1
162 1
0 -1
475 1
0 -1
278 1
0 -1
475 1
0 -1
475 1
0 -1
475 1
0 -1
475 1
0 -1
475 1
0 -1
210 1
0 -1
475 1
0 -1
475 1
0 -1
445 1
0 -1
475 1
0 -1
475 1
0 -1
398 1
0 -1
0 1
0 -1
475 1
0 -1
475 1
0 -1
475 1
0 -1
475 1
0 -1
475 1
0 -1
475 1
0 -1
241 1
0 -1
475 1
0 -1
475 1
0 -1
63 1
0 -1
475 1
0 -1
376 1
0 -1
475 1
0 -1
475 1
0 -1
475 1
0 -1
475 1
0 -1
286 1
0 -1
475 1
0 -1
475 1
0 -1
215 1
0 -1
206 1
0 -1
307 1
0 -1
475 1
0 -1
0 1
0 -1
475 1
0 -1
475 1
0 -1
235 1
0 -1
475 1
0 -1
475 1
0 -1
475 1
0 -1
354 1
0 -1
475 1
0 -1
412 1
0 -1
475 1
0 -1
461 1
0 -1
73 1
0 -1
338 1
0 -1
270 1
0 -1
324 1
0 -1
475 1
0 -1
475 1
0 -1
475 1
0 -1
475 1
0 -1
326 1
0 -1
475 1
0 -1
475 1
0 -1
475 1
0 -1
323 1
0 -1
475 1
0 -1
475 1
0 -1
475 1
0 -1
376 1
0 -1
475 1
0 -1
475 1
0 -1
325 1
0 -1
69 1
0 -1
475 1
0 -1
475 1
0 -1
371 1
0 -1
475 1
0 -1
475 1
0 -1
475 1
0 -1
475 1
0 -1
475 1
0 -1
447 1
0 -1
475 1
0 -1
475 1
0 -1
327 1
0 -1
475 1
0 -1
475 1
0 -1
307 1
0 -1
475 1
0 -1
475 1
0 -1
475 1
0 -1
95 1
0 -1
370 1
0 -1
475 1
0 -1
475 1
0 -1
475 1
0 -1
241 1
0 -1
475 1
0 -1
475 1
0 -1
0 1
0 -1
475 1
0 -1
0 1
0 -1
475 1
0 -1
413 1
0 -1
303 1
0 -1
102 1
0 -1
475 1
0 -1
475 1
0 -1
475 1
0 -1
475 1
0 -1
169 1
0 -1
475 1
0 -1
475 1
0 -1
475 1
0 -1
475 1
0 -1
0 1
0 -1
348 1
0 -1
475 1
0 -1
475 1
0 -1
475 1
0 -1
0 1
0 -1
475 1
0 -1
475 1
0 -1
303 1
0 -1
475 1
0 -1
354 1
0 -1
475 1
0 -1
475 1
0 -1
390 1
0 -1
475 1
0 -1
391 1
0 -1
424 1
0 -1
475 1
0 -1
475 1
0 -1
475 1
0 -1
395 1
0 -1
231 1
0 -1
106 1
0 -1
475 1
0 -1
296 1
0 -1
475 1
0 -1
0 1
0 -1
475 1
0 -1
475 1
0 -1
114 1
0 -1
475 1
0 -1
475 1
0 -1
475 1
0 -1
475 1
0 -1
475 1
0 -1
354 1
0 -1
475 1
0 -1
475 1
0 -1
0 1
0 -1
475 1
0 -1
475 1
0 -1
475 1
0 -1
239 1
0 -1
267 1
0 -1
475 1
0 -1
218 1
0 -1
475 1
0 -1
423 1
0 -1
475 1
0 -1
475 1
0 -1
231 1
0 -1
0 1
0 -1
475 1
0 -1
84 1
0 -1
475 1
0 -1
475 1
0 -1
475 1
0 -1
475 1
0 -1
475 1
0 -1
475 1
0 -1
475 1
0 -1
475 1
0 -1
475 1
0 -1
475 1
0 -1
475 1
0 -1
421 1
0 -1
341 1
0 -1
22 1
0 -1
244 1
0 -1
421 1
0 -1
475 1
0 -1
475 1
0 -1
475 1
0 -1
475 1
0 -1
475 1
0 -1
475 1
0 -1
475 1
0 -1
475 1
0 -1
125 1
0 -1
475 1
0 -1
475 1
0 -1
353 1
0 -1
326 1
0 -1
475 1
0 -1
365 1
0 -1
475 1
0 -1
400 1
0 -1
475 1
0 -1
4 1
0 -1
475 1
0 -1
475 1
0 -1
475 1
0 -1
475 1
0 -1
475 1
0 -1
198 1
0 -1
475 1
0 -1
475 1
0 -1
337 1
0 -1
404 1
0 -1
475 1
0 -1
475 1
0 -1
475 1
0 -1
0 1
0 -1
475 1
0 -1
475 1
0 -1
475 1
0 -1
363 1
0 -1
0 1
0 -1
475 1
0 -1
0 1
0 -1
475 1
0 -1
475 1
0 -1
475 1
0 -1
275 1
0 -1
475 1
0 -1
86 1
0 -1
475 1
0 -1
475 1
0 -1
118 1
0 -1
475 1
0 -1
475 1
0 -1
475 1
0 -1
475 1
0 -1
382 1
0 -1
162 1
0 -1
475 1
0 -1
475 1
0 -1
215 1
0 -1
475 1
0 -1
475 1
0 -1
475 1
0 -1
475 1
0 -1
475 1
0 -1
475 1
0 -1
475 1
0 -1
475 1
0 -1
475 1
0 -1
475 1
0 -1
475 1
0 -1
182 1
0 -1
475 1
0 -1
475 1
0 -1
475 1
0 -1
0 1
0 -1
475 1
0 -1
475 1
0 -1
475 1
0 -1
349 1
0 -1
475 1
0 -1
6 1
0 -1
273 1
0 -1
143 1
0 -1
475 1
0 -1
475 1
0 -1
212 1
0 -1
293 1
0 -1
0 1
0 -1
475 1
0 -1
475 1
0 -1
475 1
0 -1
475 1
0 -1
116 1
0 -1
397 1
0 -1
475 1
0 -1
0 1
0 -1
297 1
0 -1
475 1
0 -1
414 1
0 -1
475 1
0 -1
475 1
0 -1
475 1
0 -1
0 1
0 -1
381 1
0 -1
44 1
0 -1
475 1
0 -1
475 1
0 -1
475 1
0 -1
210 1
0 -1
0 1
0 -1
295 1
0 -1
475 1
0 -1
475 1
0 -1
475 1
0 -1
354 1
0 -1
0 1
0 -1
475 1
0 -1
475 1
0 -1
475 1
0 -1
475 1
0 -1
475 1
0 -1
475 1
0 -1
475 1
0 -1
475 1
0 -1
0 1
0 -1
245 1
0 -1
475 1
0 -1
475 1
0 -1
475 1
0 -1
475 1
0 -1
475 1
0 -1
438 1
0 -1
408 1
0 -1
475 1
0 -1
0 1
0 -1
475 1
0 -1
475 1
0 -1
431 1
0 -1
475 1
0 -1
475 1
0 -1
475 1
0 -1
475 1
0 -1
475 1
0 -1
475 1
0 -1
475 1
0 -1
475 1
0 -1
475 1
0 -1
475 1
0 -1
475 1
0 -1
475 1
0 -1
85 1
0 -1
475 1
0 -1
120 1
0 -1
138 1
0 -1
475 1
0 -1
475 1
0 -1
475 1
0 -1
475 1
0 -1
475 1
0 -1
475 1
0 -1
0 1
0 -1
225 1
0 -1
475 1
0 -1
475 1
0 -1
0 1
0 -1
262 1
0 -1
475 1
0 -1
475 1
0 -1
475 1
0 -1
475 1
0 -1
297 1
0 -1
475 1
0 -1
475 1
0 -1
0 1
0 -1
0 1
0 -1
475 1
0 -1
475 1
0 -1
475 1
0 -1
475 1
0 -1
475 1
0 -1
475 1
0 -1
225 1
0 -1
475 1
0 -1
475 1
0 -1
352 1
0 -1
475 1
0 -1
475 1
0 -1
475 1
0 -1
475 1
0 -1
0 1
0 -1
0 1
0 -1
475 1
0 -1
475 1
0 -1
475 1
0 -1
475 1
0 -1
475 1
0 -1
475 1
0 -1
475 1
0 -1
475 1
0 -1
475 1
0 -1
130 1
0 -1
475 1
0 -1
13 1
0 -1
475 1
0 -1
0 1
0 -1
475 1
0 -1
305 1
0 -1
422 1
0 -1
475 1
0 -1
475 1
0 -1
168 1
0 -1
475 1
0 -1
290 1
0 -1
0 1
0 -1
475 1
0 -1
475 1
0 -1
475 1
0 -1
475 1
0 -1
475 1
0 -1
465 1
0 -1
475 1
0 -1
475 1
0 -1
0 1
0 -1
0 1
0 -1
0 1
0 -1
247 1
0 -1
304 1
0 -1
224 1
0 -1
475 1
0 -1
342 1
0 -1
437 1
0 -1
475 1
0 -1
475 1
0 -1
475 1
0 -1
391 1
0 -1
475 1
0 -1
475 1
