475 2.50193e-21
475 1.13115e-12
475 7.9456e-12
475 1.34045e-07
475 0.000499866
475 2.50193e-21
475 5.82683e-14
475 8.25682e-10
475 1.10602e-07
475 8.66631e-20
475 1.89287e-07
475 5.39965e-05
475 0.000445703
475 2.50193e-21
475 0.0003
475 3.18209e-11
475 4.73627e-103
475 1.26486e-11
475 4.64859e-39
475 1.21098e-28
475 5.97785e-48
475 1.22463e-14
475 4.15806e-05
475 8.97424e-05
475 1.17486e-05
475 3.77617e-05
475 4.62419e-06
475 6.86454e-06
475 7.6784e-06
475 2.50193e-21
475 2.18483e-11
475 6.59317e-19
475 7.81042e-15
475 1.40212e-13
475 3.5097e-06
349 1.74142e-21
475 2.50193e-21
475 2.84249e-08
475 6.32203e-10
475 1.46056e-19
475 2.03232e-14
475 4.61443e-11
475 7.16988e-07
475 2.89649e-05
475 2.05487e-12
475 1.24223e-179
417 1.32205e-21
475 2.50193e-21
475 2.94276e-09
475 0.000150119
475 4.81517e-31
475 4.73311e-25
475 1.09287e-20
475 1.95365e-52
475 7.50709e-05
475 2.84324e-99
475 9.59491e-06
475 7.14147e-49
475 1.93746e-57
475 9.26016e-12
475 5.43463e-97
475 2.48976e-05
475 2.88311e-10
475 2.88126e-07
0 1.81378e-21
475 2.50193e-21
475 1.08604e-13
475 1.92148e-08
475 3.83374e-07
475 4.23699e-05
475 8.44836e-08
475 7.55067e-08
475 1.4003e-20
475 8.11777e-06
293 1.54576e-21
475 2.50193e-21
475 1.65517e-22
475 3.54106e-17
475 1.291e-10
475 6.10704e-06
475 1.78463e-05
475 4.03712e-06
475 2.39322e-07
475 1.76468e-09
475 4.38776e-06
475 2.79345e-07
359 1.4041e-21
475 2.50193e-21
475 2.33152e-08
475 2.64455e-09
475 0.000499974
475 2.50193e-21
475 4.53965e-08
475 1.78695e-08
475 7.6843e-08
351 1.91591e-21
