475 1.42529e-22
475 0.0712509
475 1.06438
475 0.369886
476 2.26946
476 2.21283
476 0.373783
477 3.52886
477 1.5365
478 3.09478
478 2.75203
478 2.93646
479 2.80684
479 2.91803
479 3.52209
479 0.23332
477 0.0343643
476 0.048775
476 0.0398875
476 0.0397049
475 0.036224
475 0.0542707
475 0.0298925
475 0.0263886
475 1.42529e-22
475 0.0564471
475 0.970926
475 0.499839
475 0.127774
475 1.24079
476 3.81566
476 0.393797
477 1.49187
477 0.738297
477 3.27001
478 3.05848
478 2.83867
478 2.79445
479 2.81962
479 3.16315
479 2.4026
477 0.0362607
477 0.0436703
476 0.0346637
475 0.0366621
475 0.0385082
475 0.0399118
475 0.0417427
475 0.0462218
475 1.42529e-22
475 1.53992
476 4.01155
476 1.13009
476 1.24886
477 1.82478
477 2.83883
477 0.818757
478 2.86144
478 2.84636
479 2.72484
479 2.89834
479 3.12677
479 1.95345
477 0.0344576
476 0.044419
476 0.0473826
475 0.0497505
475 1.42529e-22
475 0.161501
475 0.779739
475 0.300929
475 0.563849
475 1.39423
475 0.467005
475 0.163218
475 0.00692574
476 0.284907
476 1.18623
476 1.52461
476 0.533337
477 1.04443
477 0.296291
477 3.32854
477 0.91761
478 1.45182
478 3.00458
478 2.91171
479 2.87887
479 2.99691
479 3.14673
477 0.0348466
477 0.0413442
477 0.0436472
476 0.0367888
476 0.0376059
476 0.0408382
476 0.0557388
475 0.0359763
475 0.0391924
475 0.0491859
475 0.0502193
475 0.0351047
475 0.0552238
475 0.0373121
475 0.0629921
475 1.42529e-22
475 0.403871
475 1.73613
475 0.0901696
475 0.635816
476 3.77642
476 0.315596
476 0.0192275
476 0.0909392
476 0.567916
477 1.19672
477 3.18164
478 2.97594
478 2.81763
478 2.83547
479 2.81827
479 2.97732
479 3.19735
477 0.0370967
476 0.0440504
476 0.0371568
476 0.0366313
476 0.0366952
475 0.0434722
475 0.0368225
475 0.0366203
475 0.0550376
475 1.42529e-22
475 0.961088
475 2.05712
476 0.871417
476 0.248478
476 1.51709
476 0.0335136
476 0.351235
477 3.58347
477 3.32275
478 3.02797
478 2.944
479 2.6536
479 2.72022
479 3.09673
479 2.33478
476 0.0366337
476 0.0444436
476 0.0472612
476 0.0347859
476 0.0348083
475 0.0346646
475 0.0439196
475 1.42529e-22
475 0.997214
475 0.640455
475 0.106851
475 0.17482
475 1.65732
476 1.9971
476 0.664326
476 0.220774
476 0.189935
476 0.0337538
476 0.490818
476 0.343311
477 1.24218
477 0.198705
477 0.66191
477 2.49075
478 3.07661
478 2.83622
478 2.7217
479 2.80266
479 3.10533
479 2.77491
477 0.0380204
477 0.0374735
477 0.0377802
476 0.0399391
476 0.0362595
476 0.0414883
476 0.0396706
476 0.048282
476 0.0400625
475 0.044959
475 0.0367859
475 0.0430868
475 0.0434169
475 0.0451175
475 1.42529e-22
475 0.380202
475 0.254321
475 0.786595
476 3.04725
476 0.952313
476 0.748049
477 2.95721
477 3.07774
478 3.18279
478 2.83482
478 2.75906
479 2.8727
479 2.99426
479 2.83173
477 0.0400407
476 0.0407892
476 0.0519609
476 0.0452289
475 0.049013
475 0.052556
475 0.0413726
475 1.42529e-22
475 0.261664
475 0.0654716
475 0.422074
475 1.42601
475 0.952392
475 0.69013
476 1.25835
477 3.65779
477 2.1805
477 0.464498
478 3.08872
478 2.82949
478 2.93678
479 2.76976
479 3.0416
479 3.46951
479 0.106307
479 0.0423766
477 0.0399881
476 0.0367529
475 0.053307
475 0.0501559
475 0.037262
475 0.0411799
475 0.0422864
475 0.035642
475 1.42529e-22
475 0.808519
475 0.719893
475 0.110962
475 0.212192
475 0.758031
476 2.90134
476 1.12111
476 0.226591
476 1.04447
477 3.3946
478 3.10032
478 2.75137
478 2.85945
479 2.74888
479 3.0151
479 3.51882
479 0.309767
476 0.0444991
476 0.039953
476 0.0350122
476 0.0436187
475 0.0471766
475 0.0546863
475 0.0520278
475 0.0373558
475 0.0442506
