475 3.10141e-23
475 0.174926
475 0.182167
475 0.125442
476 0.371337
476 0.674356
477 0.215619
477 0.307433
477 0.0579948
478 0.375361
478 0.548064
478 0.0473872
478 0.00822764
478 0.00270363
479 0.821
480 0.0579344
480 0.349377
480 0.35988
481 0.755495
481 0.145091
482 0.116839
482 0.123298
482 0.453581
483 0.538222
483 0.378459
484 0.307482
484 0.0831417
484 0.111742
484 0.0522458
485 0.523452
485 0.555117
486 0.292128
486 0.352742
486 0.0607945
486 0.110475
488 2.09671
489 0.213787
490 0.857401
490 0.034515
490 0.435326
491 0.630502
492 0.818069
492 0.46067
492 0.181383
494 1.4853
494 0.378327
495 0.502125
495 0.278373
495 0.359134
496 0.0503984
496 0.0641103
496 0.70953
498 1.81419
499 0.275778
499 0.373126
499 0.271096
500 0.178558
500 0.5452
500 0.17924
500 0.0306334
500 0.0942176
501 0.356505
501 0.205411
501 0.275141
502 0.752999
503 0.775264
503 0.127941
503 0.291195
504 0.088456
504 0.329929
504 0.105434
504 0.386034
505 0.186229
505 0.211775
505 0.163855
505 0.0541116
506 1.17612
507 0.921894
507 0.206967
508 0.30786
508 0.0326786
508 0.66643
509 0.928979
509 0.249228
510 0.10577
510 0.0603647
510 0.0923588
510 0.10808
511 0.755773
511 0.0126786
512 0.978736
513 0.995792
513 0.268898
513 0.268343
513 0.0260147
513 0.0771643
513 0.0373051
512 0.0453758
511 0.218504
511 0.0511256
510 0.0748689
510 0.143496
510 0.172157
510 0.0550256
510 0.0421258
510 0.158446
509 0.0253963
509 0.0363225
508 0.0171554
508 0.0793621
508 0.0600784
507 0.0634378
507 0.0507494
506 0.0435979
505 0.0845308
505 0.0384994
505 0.0652343
504 0.114047
504 0.314661
504 0.0446511
504 0.130828
503 0.207099
503 0.0362196
501 0.194886
501 0.0665882
500 0.0408074
500 0.0387531
500 0.0643656
500 0.0121048
500 0.0789666
500 0.0371399
500 0.0464238
499 0.0369793
499 0.0638291
499 0.064637
498 0.0457155
496 0.045036
496 0.062461
496 0.0371127
495 0.0365853
495 0.0616299
495 0.232742
494 0.0399938
494 0.313899
492 0.412372
492 0.0604361
492 0.0423896
491 0.0977145
491 0.0971179
491 0.0849401
490 0.126578
490 0.0599725
489 0.338242
489 0.066378
486 0.0973065
486 0.0719105
485 0.0366939
485 0.0662159
484 0.038221
484 0.0895503
484 0.123405
484 0.0519075
483 0.328565
483 0.0163452
483 0.0611139
482 0.120626
482 0.0350976
482 0.0380273
481 0.0118565
481 0.0841654
481 0.0448672
480 0.0717863
478 0.0476304
478 0.0470992
478 0.0904057
477 0.0411744
477 0.0462829
476 0.0534918
476 0.0422117
475 0.0922557
475 0.170911
475 0.0364559
509 0.000121
509 0.00094629
513 0.001564
513 0.0116257
509 0
457 0
513 0
525 0
783 0
513 0.0205037
477 0
0 0
513 7.2055
513 0.409818
514 1.4478
514 0.162635
514 0.185023
514 0.0302802
514 0.889365
514 1.09393
515 1.40566
515 0.575068
515 0.065898
515 0.878372
515 0.739593
515 0.947338
516 1.01442
516 0.618517
516 1.82527
516 0.46051
517 1.47942
517 1.74341
517 0.237821
517 1.10328
517 0.408826
517 0.0579126
518 0.45014
518 0.444552
518 1.14155
518 0.102517
518 0.501199
518 0.557484
519 3.1245
519 2.86415
519 2.86267
519 2.82572
520 2.86224
520 3.3624
520 0.889664
518 0.0397406
518 0.0399129
518 0.0363746
518 0.0384139
518 0.0409781
518 0.0469737
517 0.0440916
517 0.0462236
517 0.0391463
517 0.0402354
517 0.0416001
517 0.0395123
516 0.0470788
516 0.0448882
516 0.0367207
516 0.0654932
515 0.0462579
515 0.0386511
515 0.0693378
515 0.0361604
515 0.0646653
515 0.0358541
514 0.0360185
514 0.0445284
514 0.059096
514 0.078667
514 0.0694665
514 0.0407115
513 0.0426297
513 0.189793
513 0.447683
513 0.0241325
513 0.522953
513 0.367348
513 0.749868
513 0.135995
513 0.236677
513 0.180706
514 0.454503
514 0.184829
514 0.12955
514 1.14506
514 0.284407
514 0.0561363
514 1.68189
514 0.829331
514 0.669076
514 0.237387
514 0.345236
515 0.350297
515 1.51944
515 0.666914
515 0.024672
515 0.563505
515 0.549534
515 1.52551
515 0.166011
515 0.137441
515 0.483525
515 0.576292
515 0.0120797
516 0.560171
516 0.413147
516 0.78476
516 0.251246
516 0.951673
516 0.415128
516 0.158725
516 0.209762
516 0.150307
516 0.140011
516 0.329607
516 1.02572
516 0.306676
516 0.134655
516 0.157386
516 0.938836
517 1.16434
517 0.000211566
517 0.384627
517 0.165651
517 0.396257
517 1.16071
517 0.174062
517 0.660196
517 0.169634
517 0.99961
517 0.788432
517 0.655628
517 0.224532
517 0.363451
518 1.76806
518 0.0143536
518 0.312327
518 0.465852
518 0.218846
518 0.438474
518 1.37551
518 0.949961
518 1.14148
518 0.425739
518 0.190567
518 0.270878
518 0.689367
518 0.223349
518 0.530855
518 0.454902
518 0.407018
518 0.00366957
518 0.687776
518 0.428044
519 1.23705
519 0.572607
519 1.17248
519 1.41966
519 1.11473
519 0.384911
519 0.178867
519 1.62126
519 0.314944
519 1.18344
519 1.19209
519 0.0425239
519 0.898168
519 0.0082629
519 0.626027
519 0.287659
519 3.05976
519 0.104844
519 0.937322
520 1.91712
520 0.57236
520 3.12486
520 2.91152
520 2.72916
520 2.8544
520 2.99713
520 3.48433
520 0.272906
520 0.0348838
519 0.0345616
519 0.0389492
519 0.0428633
519 0.0489842
519 0.0429094
519 0.0514552
519 0.0357317
519 0.0598009
519 0.040595
519 0.0380033
519 0.0449726
519 0.0502372
519 0.0589496
519 0.0407894
519 0.0418244
519 0.0439467
519 0.0399783
519 0.0744972
519 0.0477078
518 0.0350596
518 0.0670396
518 0.0535649
518 0.0389177
518 0.0439963
518 0.0761002
518 0.0414018
518 0.0676408
518 0.0479196
518 0.0505663
518 0.0371779
518 0.0720447
518 0.0784882
518 0.0382759
518 0.0764889
518 0.08443
518 0.0357635
518 0.0549677
518 0.0509228
518 0.0619281
517 0.0472905
517 0.0423396
517 0.0343016
517 0.0547429
517 0.0343011
517 0.0902931
517 0.0886112
517 0.0510871
517 0.0520151
517 0.106442
517 0.044177
517 0.0344065
517 0.0358104
516 0.0493797
516 0.0357496
516 0.083198
516 0.0445849
516 0.0529359
516 0.0550123
516 0.0557602
516 0.0782719
516 0.0848734
516 0.044879
516 0.0951237
516 0.0490423
516 0.0347504
516 0.0380255
515 0.0937085
515 0.105263
515 0.0599988
515 0.034958
515 0.0366533
515 0.0577216
515 0.0362071
515 0.036377
515 0.0691385
515 0.041886
515 0.128732
514 0.0455941
514 0.116016
514 0.0362846
514 0.0669188
514 0.0747568
514 0.0439632
514 0.0386049
514 0.0508774
514 0.0966134
514 0.0609282
514 0.171734
513 0.0616387
513 0.0469715
513 0.0275155
513 0.048893
513 0.0480086
513 0.0553756
513 0.0739495
513 0.10445
513 0.0381956
513 0.0414106
513 0.000121
486 1.29472
525 0
640 0
513 0.00104054
