475 3.10141e-23
475 0.705997
477 1.54018
480 1.88432
480 0.0640628
481 1.03045
482 0.929515
482 0.499083
483 0.385308
483 0.0395085
484 0.481966
485 0.817684
486 0.726006
486 0.0295
486 0.149399
486 0.170964
486 0.565986
487 0.280165
488 0.756407
491 2.32666
491 0.044666
491 0.192214
491 0.591961
492 0.081526
493 1.39079
494 0.447603
494 0.720619
496 1.79188
497 0.243485
498 0.825966
498 0.180226
498 0.184335
499 0.473803
499 0.241835
499 0.583092
500 0.691158
501 0.624567
501 0.120395
501 0.165777
502 0.527682
502 0.0935801
502 0.393887
503 0.0216929
503 0.196154
503 0.349134
503 0.104012
505 1.17399
505 0.132134
506 0.839326
506 0.350772
508 1.55523
508 0.381893
508 0.275607
509 0.449326
509 0.164208
509 0.0919022
510 0.640331
510 0.417812
511 0.305423
511 0.272711
512 0.845114
512 0.351735
513 0.644114
513 0.26911
514 0.639178
515 0.393384
515 0.130679
517 1.66142
517 0.239738
518 0.94192
518 0.230498
518 0.273268
520 1.32224
520 0.115562
520 0.325069
520 0.135825
520 0.0612627
522 1.4108
522 0.253053
522 0.0647389
522 0.0421678
523 0.414622
523 0.667805
525 1.05057
850 2.60873e-23
942 0.00360658
1149 0.0124279
1149 2.26121e-26
942 0.00282346
942 4.8505e-06
523 0.158004
523 0.0523227
522 0.03813
522 0.0445727
520 0.0433011
520 0.150035
520 0.0364719
520 0.084638
518 0.0400238
518 0.0425434
517 0.0857704
517 0.0457116
515 0.0481235
515 0.0441892
514 0.266313
513 0.0623392
513 0.10817
512 0.108349
512 0.0503067
511 0.0560268
511 0.0511427
510 0.0641001
509 0.0403097
509 0.0437999
509 0.038476
508 0.168578
508 0.047749
506 0.0409312
506 0.123711
505 0.0867662
503 0.390683
503 0.0347616
503 0.0760538
502 0.170392
502 0.0519153
501 0.0362889
501 0.0548337
500 0.00167501
500 0.13726
499 0.0573249
499 0.0609293
498 0.0368951
497 0.0395473
496 0.144054
495 0.333111
494 0.037484
493 0.0849893
492 0.052995
491 0.0383941
491 0.0405296
491 0.051905
491 0.0372518
488 0.046892
487 0.0820381
487 0.145824
486 0.124512
486 0.0356947
486 0.0631409
486 0.0105317
486 0.164435
486 0.0734543
485 0.169471
484 0.115426
483 0.216817
483 0.0653831
482 0.0677133
481 0.0400756
480 0.465342
480 0.043863
477 0.0439598
475 0.0368031
500 0.001564
500 0.0124808
