475 1.11712e-21
475 3
475 1.11712e-21
475 2.99438
475 0.00562203
475 1.11712e-21
475 2.97785
475 0.0218102
475 0.000337854
475 1.11712e-21
475 2.97506
475 0.000363867
475 0.0137098
475 0.0108706
475 1.11712e-21
475 2.98149
475 0.0181352
475 0.000377276
475 1.11712e-21
475 2.92927
475 0.0707294
475 1.11712e-21
475 2.9373
475 0.0398436
475 0.0228539
475 1.11712e-21
475 2.94863
475 0.0354584
475 0.0159137
475 1.11712e-21
475 2.93574
475 0.0642631
475 1.11712e-21
475 2.97628
475 0.0116791
475 0.0120423
