475 0
525 0
850 0
1149 0
475 0
499 0
504 0
512 0
622 0
504 0.00698781
499 0.190015
475 0
513 0
513 0.191278
514 0
514 0
524 0
525 0
826 0
512 0
523 0
523 0.001564
523 0.0953692
523 0.00492618
512 0.0387192
521 0
518 0
374 0
521 0.539915
521 0.199289
506 0
440 0
524 0.00909189
514 0.0238575
514 0.0541637
475 0
523 0
523 0.150464
525 0
670 0
525 0
743 0
525 0
707 0
475 0
525 0
850 0
1149 0
475 0
525 0
850 0
1149 0
475 0
525 0
850 0
1149 0
475 0
525 0
850 0
1149 0
475 0
525 0
850 0
1149 0
475 0
525 0
850 0
1149 0
475 0
525 0
850 0
1149 0
475 0
503 0
517 0
649 0
503 0.182583
475 0
520 0
525 0
844 0
520 0.0775999
475 0
483 0
483 0.485879
483 2.09748
492 0
577 0
475 0
480 0
507 0
753 0
480 0.132482
475 0
525 0
850 0
1149 0
475 0
525 0
850 0
1149 0
475 0
525 0
850 0
1149 0
475 0
525 0
850 0
1149 0
475 0
525 0
850 0
1149 0
475 0
525 0
850 0
1149 0
475 0
525 0
850 0
1149 0
475 0
525 0
850 0
1149 0
475 0
509 0
509 0.135571
523 0
649 0
524 0
524 0.0803176
524 0.0683244
524 0.0614987
524 0.050577
524 0.0112102
524 0.0328219
524 0.0497127
525 0.000636063
854 1.03063e-23
1129 0.00724826
1149 6.48823e-25
524 0.0354394
524 0.0797868
524 0.0786504
524 0.0849185
524 0.0426068
524 0.0629462
524 0.0349347
524 0.0267086
524 0.0337252
524 0.00324284
524 0.030144
525 0.0325771
857 1.30776e-23
922 0.00213907
524 0.0541223
475 0
525 0
850 0
1149 0
475 0
483 0
492 0
574 0
483 0.268332
475 0
525 0
850 0
1149 0
475 0
525 0
850 0
1149 0
475 0
517 0
517 0.255617
512 0
523 0
598 0
525 0
612 0
521 0
525 0
997 0
512 0.120388
521 0.147605
475 0
525 0
850 0
1149 0
475 0
506 0
506 0.107178
524 0
525 0
626 0
503 0
521 0
683 0
503 0.0429797
517 0
497 0
497 0
525 0
497 0.060941
517 0.378688
493 0
378 0
524 0.0338418
475 0
479 0
514 0
829 0
479 0.0879077
475 0
507 0
525 0
774 0
507 0.104829
475 0
521 0
525 0
774 0
521 0.107613
475 0
525 0
850 0
1149 0
475 0
525 0
850 0
1149 0
475 0
525 0
850 0
1149 0
475 0
505 0
525 0
885 0
1053 0
1149 0
505 0.0153386
475 0
525 0
850 0
1149 0
475 0
525 0
850 0
1149 0
475 0
525 0
850 0
1149 0
475 0
525 0
850 0
1149 0
475 0
525 0
850 0
1149 0
475 0
507 0
525 0
813 0
507 0.0877065
475 0
479 0
496 0
649 0
479 0.208142
475 0
525 0
850 0
1149 0
475 0
525 0
850 0
1149 0
475 0
525 0
850 0
1149 0
475 0
525 0
850 0
1149 0
475 0
525 0
850 0
1149 0
475 0
525 0
850 0
1149 0
475 0
485 0
476 0
392 0
485 0.468382
475 0
502 0
522 0
705 0
502 0.160288
475 0
525 0
850 0
1149 0
475 0
525 0
850 0
1149 0
475 0
525 0
850 0
1149 0
475 0
525 0
850 0
1149 0
475 0
525 0
850 0
1149 0
475 0
523 0
525 0
936 0
523 0.0830501
475 0
520 0
522 0
539 0
520 0.335785
475 0
507 0
511 0
525 0
904 0
511 0.132047
507 0.077726
475 0
498 0
516 0
677 0
498 0.171114
475 0
525 0
850 0
1149 0
475 0
491 0
491 0.127077
497 0
521 0
768 0
480 0.001564
480 0.143721
475 0
0 0
497 0.0202232
475 0
502 0
502 0.151486
512 0
516 0
523 0
525 0
719 0
503 0
511 0
523 0.0338153
516 0.070533
512 0.00516821
475 0
525 0
850 0
1149 0
475 0
487 0
480 0
480 0.389919
487 0.462939
489 0
540 0
479 0
478 0.001564
478 0.0623853
479 0.00907075
482 0
509 0
475 0
525 0
850 0
1149 0
475 0
525 0
850 0
1149 0
475 0
525 0
850 0
1149 0
475 0
525 0
850 0
1149 0
475 0
506 0
515 0
598 0
506 0.239374
475 0
508 0
508 0.287606
508 0
521 0
812 0
522 0
525 0
647 0
522 0.0136279
486 0
282 0
508 0.0920477
475 0
525 0
850 0
1149 0
475 0
506 0
509 0
509 0.507597
506 0.197492
487 0
322 0
522 0
633 0
481 0
249 0
475 0
513 0
519 0
514 0
438 0
519 0.0808135
513 0.21629
475 0
521 0
521 0
525 0
720 0
521 0.0817953
521 0.0372919
475 0
503 0
503 0.222516
502 0
485 0
486 0
506 0
478 0
254 0
525 0
728 0
485 0.0375101
502 0.0216293
475 0
525 0
850 0
1149 0
475 0
525 0
850 0
1149 0
475 0
507 0
481 0
250 0
507 0.603983
475 0
525 0
850 0
1149 0
475 0
525 0
850 0
1149 0
475 0
525 0
850 0
1149 0
475 0
525 0
850 0
1149 0
475 0
525 0
850 0
1149 0
475 0
475 0
493 0
507 0
735 0
493 0.0459175
475 0.100927
475 0
513 0
525 0
962 0
513 0.0759422
475 0
525 0
850 0
1149 0
475 0
497 0
525 0
877 0
1072 0
1149 0
497 0.00940055
475 0
525 0
850 0
1149 0
475 0
525 0
850 0
1149 0
475 0
516 0
525 0
712 0
516 0.142442
475 0
525 0
850 0
1149 0
475 0
511 0
511 0.122931
525 0
852 0
1100 0
500 0
502 0
683 0
500 0.00150167
500 0.23397
500 0.0545308
525 0
645 0
475 0
514 0
514 0.176009
525 0
618 0
525 0
648 0
506 0
430 0
525 0
831 0
475 0
525 0
850 0
1149 0
475 0
525 0
850 0
1149 0
475 0
525 0
850 0
1149 0
475 0
517 0
525 0
720 0
517 0.148178
