0 -1
507 1
507 -14
507 14
507 1
507 -1
506 1
506 -1
505 1
505 -1
505 1
505 -1
505 1
505 -1
505 1
505 -1
504 1
504 -1
504 1
504 -1
504 1
504 -1
504 1
504 -1
502 1
502 -1
502 1
502 -1
502 1
502 -1
501 1
501 -1
500 1
500 -1
500 1
500 -1
498 1
498 -1
497 1
497 -1
496 1
496 -1
495 1
495 -1
495 1
495 -1
493 1
493 -1
493 1
493 -1
493 1
493 -1
492 1
492 -1
492 1
492 -1
492 1
492 -1
490 1
490 -1
490 1
490 -1
489 1
489 -1
488 1
488 -1
487 1
487 -1
486 1
486 -1
486 1
486 -1
485 1
485 -1
485 1
485 -1
484 1
484 -1
484 1
484 -1
483 1
483 -1
482 1
482 -1
482 1
482 -1
482 1
482 -1
482 1
482 -1
479 1
479 -1
479 1
479 -1
479 1
479 -1
478 1
478 -1
476 1
476 -1
475 1
475 -1
501 1
501 -1
505 1
505 -1
506 1
506 -1
505 1
505 -1
0 -1
1149 1
923 1
1078 -1
524 1
524 -1
524 1
524 -1
524 1
524 -1
523 1
523 -1
523 1
523 -1
522 1
522 -1
522 1
522 -1
522 1
522 -1
521 1
521 -1
520 1
520 -1
520 1
520 -1
520 1
520 -1
519 1
519 -1
519 1
519 -1
519 1
519 -1
518 1
518 -1
518 1
518 -1
518 1
518 -1
518 1
518 -1
517 1
517 -1
516 1
516 -1
516 1
516 -1
515 1
515 -1
514 1
514 -1
513 1
513 -1
513 1
513 -1
513 1
513 -1
513 1
513 -1
512 1
512 -1
512 1
512 -1
512 1
512 -1
511 1
511 -1
510 1
510 -1
510 1
510 -1
508 1
508 -1
508 1
508 -1
507 1
507 -1
507 1
507 -1
506 1
506 -1
506 1
506 -1
505 1
505 -1
505 1
505 -1
505 1
505 -1
503 1
503 -1
502 1
502 -1
502 1
503 -1
502 1
502 -1
501 1
501 -1
500 1
500 -1
499 1
499 -1
499 1
499 -1
499 1
499 -1
498 1
498 -1
497 1
497 -1
496 1
496 -1
496 1
496 -1
496 1
496 -1
496 1
496 -1
495 1
495 -1
495 1
495 -1
494 1
494 -1
493 1
493 -1
492 1
492 -1
492 1
492 -1
492 1
492 -1
491 1
492 -1
492 1
492 -1
490 1
490 -1
490 1
490 -1
490 1
490 -1
489 1
489 -1
489 1
489 -1
486 1
486 -1
486 1
486 -1
486 1
486 -1
486 1
486 -1
485 1
486 -1
484 1
484 -1
483 1
483 -1
482 1
482 -1
482 1
482 -1
481 1
481 -1
481 1
481 -1
481 1
481 -1
481 1
481 -1
480 1
480 -1
479 1
479 -1
478 1
478 -1
477 1
477 -1
475 1
475 -1
518 1
518 -1
0 -1
1149 1
944 1
945 -1
880 1
880 -1
524 1
524 -1
523 1
523 -1
522 1
522 -1
521 1
521 -1
521 1
521 -1
520 1
520 -1
520 1
520 -1
520 1
520 -1
519 1
519 -1
519 1
519 -1
519 1
519 -1
518 1
518 -1
517 1
517 -1
516 1
516 -1
516 1
516 -1
515 1
515 -1
513 1
513 -1
513 1
513 -1
512 1
512 -1
512 1
512 -1
512 1
512 -1
511 1
511 -1
509 1
509 -1
509 1
509 -1
508 1
508 -1
508 1
508 -1
507 1
507 -1
506 1
506 -1
506 1
506 -1
505 1
505 -1
502 1
502 -1
502 1
502 -1
500 1
500 -1
499 1
499 -1
499 1
499 -1
498 1
498 -1
497 1
497 -1
497 1
497 -1
496 1
496 -1
495 1
495 -1
495 1
495 -1
495 1
495 -1
494 1
494 -1
494 1
494 -1
492 1
492 -1
491 1
491 -1
490 1
490 -1
489 1
489 -1
489 1
489 -1
489 1
489 -1
488 1
488 -1
488 1
488 -1
487 1
487 -1
487 1
487 -1
486 1
486 -1
485 1
485 -1
485 1
485 -1
484 1
484 -1
484 1
484 -1
484 1
484 -1
483 1
483 -1
482 1
482 -1
480 1
480 -1
480 1
480 -1
478 1
478 -1
478 1
478 -1
477 1
477 -1
477 1
477 -1
476 1
476 -1
0 -1
1149 1
1084 1
1084 -1
935 1
935 -1
524 1
1074 -1
524 1
524 -1
524 1
524 -1
523 1
523 -1
523 1
523 -1
522 1
522 -1
522 1
522 -1
521 1
521 -1
520 1
520 -1
519 1
520 -1
519 1
519 -1
518 1
518 -1
518 1
518 -1
518 1
518 -1
517 1
518 -1
517 1
517 -1
517 1
517 -1
517 1
517 -1
516 1
516 -1
515 1
515 -1
515 1
515 -1
514 1
514 -1
514 1
514 -1
514 1
514 -1
513 1
513 -1
513 1
513 -1
513 1
513 -1
511 1
511 -1
508 1
508 -1
508 1
508 -1
508 1
508 -1
507 1
507 -1
507 1
507 -1
507 1
507 -1
507 1
507 -1
506 1
506 -1
506 1
506 -1
506 1
506 -1
506 1
506 -1
505 1
505 -1
503 1
503 -1
503 1
503 -1
502 1
503 -1
503 1
503 -1
502 1
502 -1
502 1
502 -1
501 1
501 -1
501 1
501 -1
501 1
501 -1
501 1
501 -1
500 1
500 -1
499 1
499 -1
499 1
499 -1
498 1
498 -1
497 1
497 -1
497 1
497 -1
497 1
497 -1
496 1
496 -1
496 1
496 -1
495 1
495 -1
493 1
493 -1
493 1
493 -1
493 1
493 -1
493 1
493 -1
492 1
492 -1
492 1
492 -1
492 1
492 -1
491 1
491 -1
491 1
491 -1
490 1
490 -1
489 1
489 -1
488 1
488 -1
488 1
488 -1
487 1
487 -1
487 1
487 -1
487 1
487 -1
486 1
486 -1
486 1
486 -1
486 1
486 -1
486 1
486 -1
486 1
486 -1
485 1
485 -1
485 1
485 -1
485 1
485 -1
485 1
485 -1
484 1
484 -1
484 1
484 -1
483 1
483 -1
482 1
482 -1
482 1
482 -1
481 1
481 -1
481 1
481 -1
480 1
480 -1
478 1
478 -1
477 1
477 -1
476 1
476 -1
476 1
476 -1
475 1
475 -1
475 1
475 -1
0 -1
1149 1
524 1
524 -1
524 1
524 -1
524 1
524 -1
524 1
524 -1
523 1
523 -1
523 1
523 -1
522 1
522 -1
522 1
522 -1
522 1
522 -1
522 1
522 -1
522 1
522 -1
522 1
522 -1
522 1
522 -1
521 1
521 -1
521 1
521 -1
521 1
521 -1
521 1
521 -1
520 1
520 -1
520 1
520 -1
520 1
520 -1
519 1
519 -1
518 1
518 -1
518 1
518 -1
518 1
518 -1
518 1
518 -1
518 1
518 -1
517 1
517 -1
515 1
515 -1
514 1
514 -1
514 1
514 -1
514 1
514 -1
513 1
513 -1
512 1
512 -1
511 1
511 -1
511 1
511 -1
510 1
510 -1
510 1
510 -1
510 1
510 -1
509 1
509 -1
508 1
508 -1
508 1
508 -1
507 1
507 -1
507 1
507 -1
506 1
506 -1
506 1
506 -1
506 1
506 -1
506 1
506 -1
505 1
505 -1
505 1
505 -1
505 1
505 -1
505 1
505 -1
504 1
504 -1
502 1
503 -1
502 1
502 -1
501 1
501 -1
501 1
501 -1
501 1
501 -1
500 1
500 -1
500 1
500 -1
499 1
499 -1
498 1
498 -1
497 1
497 -1
496 1
496 -1
496 1
496 -1
495 1
495 -1
494 1
494 -1
493 1
493 -1
493 1
493 -1
492 1
492 -1
491 1
491 -1
491 1
491 -1
490 1
490 -1
490 1
490 -1
490 1
490 -1
489 1
489 -1
488 1
488 -1
488 1
488 -1
488 1
488 -1
487 1
487 -1
486 1
486 -1
486 1
486 -1
484 1
484 -1
482 1
482 -1
482 1
482 -1
481 1
481 -1
479 1
480 -1
479 1
479 -1
478 1
478 -1
478 1
478 -1
477 1
477 -1
476 1
476 -1
475 1
475 -1
475 1
475 -1
475 1
475 -1
521 1
521 -1
477 1
477 -1
0 -1
1149 1
1136 1
1136 -1
1079 1
1078 -1
883 1
883 -1
524 1
524 -1
524 1
524 -1
524 1
524 -1
524 1
524 -1
524 1
524 -1
523 1
523 -1
523 1
523 -1
521 1
521 -1
520 1
520 -1
520 1
520 -1
520 1
520 -1
519 1
519 -1
518 1
518 -1
517 1
517 -1
517 1
517 -1
517 1
517 -1
517 1
517 -1
517 1
517 -1
516 1
516 -1
516 1
516 -1
515 1
515 -1
514 1
514 -1
514 1
514 -1
513 1
513 -1
513 1
513 -1
513 1
513 -1
513 1
513 -1
513 1
513 -1
513 1
513 -1
512 1
512 -1
512 1
512 -1
512 1
512 -1
512 1
512 -1
511 1
511 -1
511 1
511 -1
511 1
511 -1
510 1
510 -1
510 1
510 -1
510 1
510 -1
510 1
510 -1
510 1
510 -1
509 1
509 -1
509 1
509 -1
508 1
508 -1
508 1
508 -1
507 1
507 -1
507 1
507 -1
507 1
507 -1
507 1
507 -1
507 1
507 -1
507 1
507 -1
506 1
506 -1
506 1
506 -1
505 1
505 -1
505 1
505 -1
505 1
505 -1
505 1
505 -1
504 1
504 -1
504 1
504 -1
503 1
503 -1
503 1
503 -1
502 1
502 -1
502 1
502 -1
502 1
502 -1
502 1
502 -1
502 1
502 -1
501 1
501 -1
501 1
501 -1
499 1
499 -1
498 1
498 -1
498 1
498 -1
498 1
498 -1
497 1
497 -1
496 1
496 -1
496 1
496 -1
496 1
496 -1
496 1
496 -1
496 1
496 -1
494 1
494 -1
494 1
494 -1
492 1
492 -1
491 1
491 -1
491 1
491 -1
491 1
491 -1
490 1
490 -1
490 1
490 -1
490 1
490 -1
490 1
490 -1
489 1
489 -1
489 1
489 -1
488 1
488 -1
488 1
488 -1
487 1
487 -1
487 1
487 -1
487 1
487 -1
486 1
486 -1
485 1
485 -1
485 1
485 -1
485 1
485 -1
484 1
484 -1
484 1
484 -1
483 1
483 -1
483 1
483 -1
483 1
483 -1
483 1
483 -1
483 1
483 -1
482 1
482 -1
481 1
481 -1
479 1
479 -1
479 1
479 -1
478 1
478 -1
478 1
478 -1
477 1
477 -1
476 1
476 -1
476 1
476 -1
475 1
475 -1
475 1
475 -1
475 1
475 -1
475 1
475 -1
505 1
505 -1
0 -1
1149 1
524 1
524 -1
524 1
524 -1
523 1
523 -1
523 1
523 -1
521 1
521 -1
519 1
519 -1
519 1
519 -1
518 1
518 -1
518 1
518 -1
518 1
518 -1
518 1
518 -1
518 1
518 -1
518 1
518 -1
518 1
518 -1
515 1
515 -1
515 1
515 -1
513 1
513 -1
513 1
513 -1
513 1
513 -1
513 1
513 -1
511 1
511 -1
511 1
511 -1
510 1
511 -1
510 1
510 -1
510 1
510 -1
509 1
509 -1
509 1
509 -1
508 1
508 -1
508 1
508 -1
507 1
507 -1
506 1
506 -1
505 1
505 -1
504 1
504 -1
504 1
504 -1
504 1
504 -1
503 1
503 -1
503 1
503 -1
502 1
502 -1
502 1
502 -1
502 1
502 -1
501 1
501 -1
500 1
500 -1
500 1
500 -1
500 1
500 -1
499 1
499 -1
499 1
499 -1
498 1
498 -1
497 1
497 -1
497 1
497 -1
497 1
497 -1
497 1
497 -1
496 1
496 -1
496 1
496 -1
496 1
496 -1
496 1
496 -1
495 1
495 -1
495 1
495 -1
495 1
495 -1
494 1
494 -1
494 1
494 -1
493 1
493 -1
493 1
493 -1
493 1
493 -1
493 1
493 -1
492 1
492 -1
492 1
492 -1
492 1
492 -1
492 1
492 -1
491 1
491 -1
491 1
491 -1
490 1
490 -1
490 1
490 -1
490 1
490 -1
489 1
489 -1
489 1
489 -1
489 1
489 -1
489 1
489 -1
488 1
488 -1
487 1
487 -1
487 1
487 -1
487 1
487 -1
487 1
487 -1
487 1
487 -1
484 1
484 -1
484 1
484 -1
484 1
484 -1
484 1
484 -1
482 1
482 -1
481 1
481 -1
481 1
481 -1
481 1
481 -1
479 1
479 -1
479 1
479 -1
478 1
479 -1
478 1
478 -1
477 1
477 -1
477 1
477 -1
477 1
477 -1
476 1
476 -1
475 1
475 -1
475 1
475 -1
513 1
513 -1
0 -1
1149 1
1081 1
1081 -1
1048 1
1048 -1
523 1
523 -1
523 1
523 -1
523 1
523 -1
523 1
523 -1
523 1
523 -1
522 1
522 -1
520 1
520 -1
519 1
519 -1
518 1
518 -1
517 1
517 -1
517 1
517 -1
517 1
517 -1
516 1
516 -1
515 1
515 -1
515 1
515 -1
514 1
514 -1
513 1
513 -1
513 1
513 -1
511 1
511 -1
511 1
511 -1
510 1
510 -1
510 1
510 -1
509 1
509 -1
509 1
509 -1
508 1
508 -1
508 1
508 -1
508 1
508 -1
507 1
507 -1
505 1
505 -1
505 1
505 -1
504 1
504 -1
504 1
504 -1
502 1
502 -1
502 1
502 -1
501 1
501 -1
500 1
500 -1
500 1
500 -1
499 1
499 -1
499 1
499 -1
499 1
499 -1
499 1
499 -1
499 1
499 -1
498 1
498 -1
498 1
498 -1
498 1
498 -1
498 1
498 -1
497 1
497 -1
497 1
497 -1
497 1
497 -1
496 1
496 -1
494 1
494 -1
493 1
493 -1
493 1
493 -1
493 1
493 -1
492 1
493 -1
493 1
493 -1
492 1
492 -1
491 1
491 -1
490 1
490 -1
490 1
490 -1
489 1
489 -1
487 1
487 -1
486 1
486 -1
486 1
486 -1
485 1
485 -1
485 1
485 -1
485 1
485 -1
484 1
484 -1
484 1
484 -1
484 1
484 -1
483 1
483 -1
482 1
482 -1
482 1
482 -1
481 1
481 -1
480 1
480 -1
480 1
480 -1
480 1
480 -1
480 1
480 -1
478 1
478 -1
478 1
478 -1
477 1
477 -1
476 1
476 -1
0 -1
1149 1
1059 1
1059 -1
961 1
961 -1
524 1
524 -1
524 1
524 -1
524 1
524 -1
523 1
523 -1
523 1
523 -1
520 1
520 -1
520 1
520 -1
520 1
520 -1
520 1
520 -1
519 1
519 -1
519 1
519 -1
518 1
518 -1
517 1
517 -1
517 1
517 -1
517 1
517 -1
517 1
517 -1
515 1
515 -1
514 1
514 -1
514 1
514 -1
514 1
514 -1
514 1
514 -1
513 1
513 -1
512 1
513 -1
512 1
512 -1
511 1
511 -1
511 1
511 -1
510 1
510 -1
509 1
509 -1
509 1
509 -1
509 1
509 -1
508 1
508 -1
507 1
507 -1
507 1
507 -1
506 1
506 -1
505 1
505 -1
504 1
504 -1
502 1
502 -1
502 1
502 -1
502 1
502 -1
501 1
501 -1
499 1
499 -1
498 1
498 -1
495 1
495 -1
494 1
494 -1
493 1
493 -1
493 1
493 -1
492 1
492 -1
492 1
492 -1
492 1
492 -1
491 1
491 -1
491 1
491 -1
489 1
489 -1
489 1
489 -1
488 1
488 -1
487 1
488 -1
487 1
487 -1
487 1
487 -1
486 1
486 -1
485 1
485 -1
483 1
483 -1
483 1
483 -1
483 1
483 -1
483 1
483 -1
483 1
483 -1
482 1
482 -1
481 1
481 -1
479 1
479 -1
477 1
477 -1
477 1
477 -1
475 1
475 -1
475 1
475 -1
475 1
475 -1
492 1
492 -1
0 -1
1149 1
876 1
876 -1
865 1
860 -1
524 1
524 -1
524 1
524 -1
524 1
524 -1
524 1
524 -1
524 1
524 -1
521 1
521 -1
521 1
521 -1
519 1
519 -1
518 1
518 -1
518 1
518 -1
518 1
518 -1
517 1
517 -1
517 1
517 -1
517 1
517 -1
517 1
517 -1
517 1
517 -1
516 1
516 -1
516 1
516 -1
515 1
516 -1
515 1
515 -1
515 1
515 -1
514 1
514 -1
514 1
514 -1
514 1
514 -1
514 1
514 -1
514 1
514 -1
513 1
513 -1
513 1
513 -1
513 1
513 -1
512 1
512 -1
511 1
511 -1
510 1
510 -1
510 1
510 -1
510 1
510 -1
509 1
509 -1
508 1
508 -1
508 1
508 -1
508 1
508 -1
507 1
507 -1
507 1
507 -1
505 1
505 -1
503 1
503 -1
503 1
503 -1
503 1
503 -1
503 1
503 -1
503 1
503 -1
502 1
502 -1
502 1
502 -1
502 1
502 -1
499 1
500 -1
499 1
499 -1
498 1
498 -1
498 1
498 -1
497 1
497 -1
495 1
495 -1
495 1
495 -1
495 1
495 -1
494 1
494 -1
494 1
494 -1
494 1
494 -1
493 1
493 -1
493 1
493 -1
493 1
493 -1
492 1
492 -1
491 1
492 -1
491 1
491 -1
491 1
491 -1
491 1
491 -1
491 1
491 -1
490 1
490 -1
490 1
490 -1
488 1
488 -1
487 1
487 -1
487 1
487 -1
486 1
486 -1
485 1
485 -1
485 1
485 -1
483 1
483 -1
483 1
483 -1
482 1
482 -1
481 1
481 -1
480 1
480 -1
480 1
480 -1
477 1
477 -1
477 1
477 -1
476 1
476 -1
476 1
476 -1
