475 2.23784e-21
475 3.25963e-09
475 1.78534e-05
475 2.79184e-05
475 1.04053e-10
475 9.83274e-38
475 2.4152e-05
475 5.62831e-08
475 3.38472e-10
475 1.14527e-07
475 6.21518e-10
475 4.66837e-13
475 3.83054e-41
475 2.74846e-13
475 1.51114e-14
475 1.55048e-14
475 1.09926e-42
475 3.38469e-32
475 1.06895e-07
475 1.2859e-11
475 2.35683e-83
475 1.55525e-09
475 5.09548e-14
475 6.70103e-44
475 7.43157e-18
475 2.81097e-45
475 3.19814e-24
475 4.16666e-06
475 6.19928e-08
475 1.30957e-08
475 2.99936e-59
475 1.31712e-12
475 1.95635e-32
475 9.51781e-12
475 1.65519e-08
475 2.96592e-05
475 3.35161e-21
475 7.28149e-15
475 1.53542e-13
475 4.58594e-39
475 2.93944e-28
475 1.06543e-13
475 2.91401e-18
475 4.89702e-34
475 1.05067e-53
475 1.53078e-55
475 3.0747e-54
475 3.44784e-32
475 7.93709e-22
475 4.85045e-20
475 0.000196796
475 1.45385e-05
475 4.99784e-05
475 5.28869e-06
475 1.27692e-05
475 7.04673e-06
475 9.45745e-06
