475 0
524 0
525 0
861 0
1111 0
1149 0
524 0.0473532
475 0
487 0
489 0
489 0.722799
487 0.941922
475 0
235 0
501 0
501 0
217 0
501 0.0304997
501 0.0207435
501 0.016387
501 0.012704
501 0.0188938
501 0.0166957
501 0.038267
501 0.0181524
501 0.00728099
402 1.13128e-23
525 0
851 0
1090 0
475 0
279 0
475 0
500 0
500 0.965582
500 3.08888
500 2.06872
508 0
585 0
498 0
481 0
481 0
483 0
486 0
487 0
486 0
471 0
487 0.0382046
486 0.00726969
483 0.00599835
481 0.0464406
481 0.221307
498 0.115419
504 0
504 0.2638
504 0.191714
504 0.267075
504 0.191766
504 0.14734
504 0.0387766
504 0.0915996
504 0
504 0.0805432
504 0.0828672
504 0.0717361
504 0.055998
504 0.0632415
504 0.0870525
504 0.122704
504 0.329294
504 0.0994769
504 0.0730718
504 0.277677
504 0.0659577
525 0
942 0
502 0
142 0
475 0
488 0
488 0.996888
488 3.18389
488 0.0302647
488 0.00120156
495 0
557 0
489 0
475 0
125 0
489 0.143548
489 0
496 0
475 0
493 0
493 1.47201
488 0
442 0
494 0
500 0
640 0
494 0.00836342
513 0
506 0
513 0
615 0
506 0.132602
514 0.697468
514 0.471749
497 0
519 0
712 0
498 0.689103
498 0.0224791
498 0.0408938
498 0.532082
498 0.159405
498 0.0357706
498 0.0487109
475 0
518 0
518 1.28952
513 0
470 0
512 0
512 0
504 0
512 0.00321958
507 0
492 0
491 0
106 0
492 0.0431809
507 0.297364
518 0
519 0
475 0
525 0
850 0
1149 0
475 0
513 0
525 0
773 0
513 0.418579
475 0
490 0
490 2.01412
481 0
488 0
559 0
475 0
433 0
478 0
374 0
493 0
510 0
513 0
775 0
481 0.39604
481 2.48916
481 0.00788219
511 0.662916
511 0.358309
494 0.644338
494 0.566823
494 0.0781886
475 0
481 0
492 0
596 0
481 0.865541
