# Energy z_(mm) Energy_Dep Net_Charge
1000 0 3.16097e-22 -0.9041
1000 1 1.15245e-24 0.0003
1000 2 1.11088e-24 0.0003
1000 3 1.29144e-24 0.0004
1000 4 6.19827e-25 0.0002
1000 5 6.86948e-25 0.0002
1000 6 1.09556e-24 0.0003
1000 7 2.39834e-24 0.0006
1000 8 2.66643e-24 0.0007
1000 9 4.26392e-25 0.0001
1000 10 7.82064e-25 0.0003
1000 11 1.17713e-24 0.0003
1000 12 8.30882e-25 0.0004
1000 13 1.81056e-24 0.0005
1000 14 7.91149e-25 0.0002
1000 15 7.8476e-25 0.0002
1000 16 6.95433e-25 0.0002
1000 17 7.61914e-25 0.0002
1000 18 1.0864e-24 0.0003
1000 19 4.24054e-25 0.0002
1000 20 7.97538e-25 0.0002
1000 21 1.12241e-24 0.0003
1000 22 7.08262e-25 0.0002
1000 23 0 0
1000 24 1.21092e-24 0.0006
1000 25 2.23019e-24 0.0006
1000 26 3.97457e-25 0.0001
1000 27 1.37294e-24 0.0004
1000 28 1.38763e-24 0.0005
1000 29 1.49261e-24 0.0004
1000 30 1.17866e-24 0.0003
1000 31 2.16456e-24 0.0006
1000 32 1.07885e-24 0.0004
1000 33 7.60005e-25 0.0002
1000 34 7.63631e-25 0.0002
1000 35 1.05768e-24 0.0003
1000 36 1.61082e-24 0.0005
1000 37 2.24197e-25 0.0001
1000 38 7.49456e-25 0.0002
1000 39 4.01328e-25 0.0002
1000 40 1.80985e-24 0.0006
1000 41 1.59391e-24 0.0006
1000 42 1.68044e-24 0.0005
1000 43 3.38401e-25 0.0001
1000 44 1.70926e-24 0.0005
1000 45 2.22831e-24 0.0007
1000 46 8.19176e-25 0.0003
1000 47 3.50673e-25 0.0001
1000 48 1.05205e-24 0.0003
1000 49 6.89228e-25 0.0002
1000 50 3.67984e-25 0.0001
1000 51 1.81965e-24 0.0005
1000 52 1.01067e-24 0.0004
1000 53 2.00777e-24 0.0009
1000 54 1.89921e-24 0.0005
1000 55 1.75132e-24 0.0005
1000 56 1.11013e-24 0.0003
1000 57 1.07691e-24 0.0003
1000 58 5.65297e-25 0.0002
1000 59 7.23231e-25 0.0002
1000 60 9.56056e-25 0.0003
1000 61 1.55208e-24 0.0005
1000 62 1.1101e-24 0.0004
1000 63 1.44163e-24 0.0004
1000 64 9.37887e-25 0.0003
1000 65 2.30844e-24 0.0007
1000 66 9.02861e-25 0.0003
1000 67 1.08179e-24 0.0003
1000 68 1.11419e-24 0.0003
1000 69 2.44614e-24 0.0008
1000 70 3.35686e-25 0.0001
1000 71 1.50498e-24 0.0005
1000 72 3.0808e-24 0.0009
1000 73 1.27715e-24 0.0004
1000 74 7.07792e-25 0.0002
1000 75 6.00474e-25 0.0002
1000 76 1.48661e-24 0.0005
1000 77 1.79702e-24 0.0005
1000 78 1.01988e-24 0.0003
1000 79 2.82995e-26 0.0001
1000 80 1.27229e-24 0.0004
1000 81 3.61266e-25 0.0001
1000 82 1.9361e-25 0.0001
1000 83 3.30682e-25 0.0001
1000 84 3.20893e-24 0.001
1000 85 3.04426e-24 0.001
1000 86 2.04518e-24 0.0007
1000 87 1.73746e-24 0.0005
1000 88 7.13235e-25 0.0002
1000 89 1.72192e-24 0.0005
1000 90 1.25549e-24 0.0004
1000 91 2.44012e-24 0.0008
1000 92 1.67019e-24 0.0005
1000 93 8.61503e-25 0.0003
1000 94 1.27012e-24 0.0004
1000 95 0 0
1000 96 2.01016e-25 0.0001
1000 97 1.29462e-24 0.0004
1000 98 2.75158e-24 0.0008
1000 99 1.31496e-24 0.0004
1000 100 1.64968e-24 0.0005
1000 101 1.31957e-24 0.0005
1000 102 1.95587e-24 0.0006
1000 103 1.55026e-24 0.0005
1000 104 1.79141e-24 0.0006
1000 105 1.5682e-24 0.0007
1000 106 1.32022e-24 0.0004
1000 107 1.93973e-24 0.0006
1000 108 5.34591e-25 0.0003
1000 109 1.57301e-24 0.0005
1000 110 2.29675e-24 0.0008
1000 111 1.23568e-24 0.0004
1000 112 2.48773e-24 0.0008
1000 113 1.34385e-24 0.0004
1000 114 8.90394e-25 0.0004
1000 115 1.7034e-24 0.0007
1000 116 7.10218e-25 0.0003
1000 117 1.59984e-24 0.0005
1000 118 1.18797e-24 0.0005
1000 119 2.02987e-24 0.0006
1000 120 1.27835e-24 0.0004
1000 121 2.13204e-24 0.0007
1000 122 2.25616e-24 0.0007
1000 123 1.32316e-24 0.0004
1000 124 2.16999e-24 0.0007
1000 125 1.47914e-24 0.0005
1000 126 6.09104e-25 0.0003
1000 127 2.14282e-24 0.0009
1000 128 1.88294e-24 0.0006
1000 129 1.78203e-24 0.0006
1000 130 2.08832e-24 0.0007
1000 131 1.70826e-24 0.0006
1000 132 6.57858e-25 0.0003
1000 133 1.35383e-24 0.0005
1000 134 1.55876e-24 0.0005
1000 135 1.60444e-24 0.0006
1000 136 9.7208e-25 0.0004
1000 137 1.60222e-24 0.0005
1000 138 1.55501e-24 0.0005
1000 139 2.85804e-24 0.0012
1000 140 1.44128e-24 0.0005
1000 141 8.489e-25 0.0003
1000 142 1.52601e-24 0.0005
1000 143 1.48318e-24 0.0005
1000 144 9.12955e-25 0.0003
1000 145 1.80409e-24 0.0008
1000 146 2.04647e-24 0.0008
1000 147 1.34226e-24 0.0006
1000 148 1.99334e-24 0.0007
1000 149 3.07121e-24 0.0012
1000 150 2.10897e-24 0.0007
1000 151 8.90968e-25 0.0004
1000 152 1.18621e-24 0.0004
1000 153 1.41583e-24 0.0005
1000 154 1.47077e-24 0.0008
1000 155 1.93654e-24 0.0007
1000 156 2.15964e-24 0.0007
1000 157 2.48946e-24 0.0009
1000 158 3.67374e-24 0.0013
1000 159 5.94638e-25 0.0002
1000 160 1.1288e-24 0.0004
1000 161 1.56642e-24 0.0007
1000 162 1.4418e-24 0.0007
1000 163 2.87668e-24 0.0012
1000 164 1.09945e-24 0.0004
1000 165 5.58202e-25 0.0002
1000 166 1.09067e-24 0.0004
1000 167 8.57087e-25 0.0003
1000 168 1.16314e-24 0.0005
1000 169 5.06345e-25 0.0002
1000 170 2.56681e-24 0.0009
1000 171 1.91699e-24 0.0007
1000 172 3.38882e-24 0.0012
1000 173 1.23549e-24 0.0004
1000 174 2.06964e-24 0.0008
1000 175 2.24065e-24 0.0008
1000 176 1.93606e-24 0.0007
1000 177 1.45907e-24 0.0006
1000 178 2.7443e-24 0.0009
1000 179 2.3387e-24 0.0009
1000 180 2.30424e-24 0.0008
1000 181 2.3875e-24 0.0011
1000 182 1.80658e-24 0.0006
1000 183 2.05107e-24 0.0008
1000 184 1.61746e-24 0.0007
1000 185 1.32567e-24 0.0005
1000 186 2.62155e-24 0.0011
1000 187 2.16643e-24 0.0008
1000 188 1.98954e-24 0.0008
1000 189 1.87212e-24 0.0008
1000 190 2.48415e-24 0.0009
1000 191 2.7059e-24 0.001
1000 192 7.84439e-25 0.0003
1000 193 2.42382e-24 0.001
1000 194 1.36959e-24 0.0008
1000 195 2.64105e-24 0.0009
1000 196 1.18386e-24 0.0004
1000 197 1.43146e-24 0.0005
1000 198 1.39218e-24 0.0005
1000 199 5.65608e-25 0.0002
1000 200 1.92234e-24 0.0007
1000 201 5.51776e-25 0.0002
1000 202 2.31922e-24 0.0008
1000 203 2.03703e-24 0.0009
1000 204 3.70231e-24 0.0014
1000 205 2.23555e-24 0.0008
1000 206 1.40318e-24 0.0005
1000 207 1.30487e-24 0.0005
1000 208 1.10549e-24 0.0006
1000 209 8.17816e-25 0.0003
1000 210 1.85843e-24 0.0007
1000 211 7.94417e-25 0.0003
1000 212 3.06951e-24 0.0011
1000 213 1.37978e-24 0.0007
1000 214 3.75885e-24 0.0015
1000 215 2.27225e-24 0.0013
1000 216 1.87167e-24 0.0007
1000 217 1.58271e-24 0.0006
1000 218 2.1858e-24 0.0008
1000 219 1.0927e-24 0.0004
1000 220 2.5215e-24 0.001
1000 221 2.11921e-24 0.0009
1000 222 1.21502e-24 0.0005
1000 223 1.64044e-24 0.0007
1000 224 1.83541e-24 0.0007
1000 225 8.14387e-25 0.0004
1000 226 2.8247e-24 0.0011
1000 227 2.3139e-24 0.001
1000 228 1.64323e-24 0.0008
1000 229 1.91408e-24 0.0009
1000 230 2.82242e-24 0.0011
1000 231 2.52512e-24 0.001
1000 232 1.84918e-24 0.0008
1000 233 2.91643e-24 0.0013
1000 234 3.3154e-24 0.0014
1000 235 2.09463e-24 0.0012
1000 236 1.72803e-24 0.0007
1000 237 1.37186e-24 0.0006
1000 238 2.42428e-24 0.001
1000 239 1.57677e-24 0.0006
1000 240 2.26243e-24 0.0009
1000 241 1.34736e-24 0.0005
1000 242 1.3477e-24 0.0006
1000 243 1.73805e-24 0.0008
1000 244 2.57842e-24 0.001
1000 245 2.63662e-24 0.001
1000 246 3.41295e-24 0.0014
1000 247 2.5178e-24 0.001
1000 248 2.76555e-24 0.0013
1000 249 2.03825e-24 0.0011
1000 250 1.92863e-24 0.0008
1000 251 1.6023e-24 0.0007
1000 252 2.58248e-24 0.001
1000 253 1.421e-24 0.0006
1000 254 1.64633e-24 0.0008
1000 255 2.69938e-24 0.0011
1000 256 2.08395e-24 0.0009
1000 257 1.54326e-24 0.0007
1000 258 2.67093e-24 0.0011
1000 259 7.35478e-25 0.0003
1000 260 2.7359e-24 0.0013
1000 261 8.70166e-25 0.0005
1000 262 1.00754e-24 0.0005
1000 263 2.89995e-24 0.0012
1000 264 7.86026e-25 0.0003
1000 265 2.26392e-24 0.001
1000 266 2.42879e-24 0.0011
1000 267 2.18311e-24 0.0011
1000 268 1.76496e-24 0.0007
1000 269 1.00907e-24 0.0004
1000 270 1.07987e-24 0.0005
1000 271 1.65433e-24 0.0008
1000 272 3.21468e-24 0.0014
1000 273 1.85828e-24 0.0008
1000 274 1.73907e-24 0.0007
1000 275 1.83659e-24 0.001
1000 276 1.43684e-24 0.0008
1000 277 1.76552e-24 0.0008
1000 278 1.43558e-24 0.0007
1000 279 1.63798e-24 0.0008
1000 280 1.5513e-24 0.0006
1000 281 1.74003e-24 0.001
1000 282 2.1711e-24 0.001
1000 283 4.06119e-25 0.0002
1000 284 1.73243e-24 0.0007
1000 285 3.07073e-24 0.0014
1000 286 2.42071e-24 0.0012
1000 287 1.67691e-24 0.0009
1000 288 2.77904e-24 0.0012
1000 289 2.41083e-24 0.0011
1000 290 2.20443e-24 0.0011
1000 291 7.76741e-25 0.0006
1000 292 1.38532e-24 0.0007
1000 293 1.95738e-24 0.001
1000 294 1.53059e-24 0.0007
1000 295 1.85159e-24 0.0009
1000 296 1.90236e-24 0.0008
1000 297 1.39527e-24 0.0007
1000 298 1.19888e-24 0.0006
1000 299 1.56843e-24 0.0007
1000 300 3.14402e-24 0.0015
1000 301 3.28135e-24 0.0015
1000 302 2.43416e-24 0.0013
1000 303 2.56286e-24 0.0012
1000 304 1.78316e-24 0.0009
1000 305 3.56791e-24 0.0017
1000 306 2.30919e-24 0.001
1000 307 2.27713e-24 0.001
1000 308 2.11661e-24 0.0009
1000 309 1.6482e-24 0.0009
1000 310 2.40248e-24 0.0011
1000 311 1.76775e-24 0.0008
1000 312 2.16739e-24 0.001
1000 313 2.58705e-24 0.0012
1000 314 2.55534e-24 0.0011
1000 315 1.86265e-24 0.0009
1000 316 2.19097e-24 0.0011
1000 317 1.72121e-24 0.0009
1000 318 2.77185e-24 0.0015
1000 319 2.38894e-24 0.0012
1000 320 1.83985e-24 0.0009
1000 321 1.3427e-24 0.0007
1000 322 2.08671e-24 0.001
1000 323 1.36569e-24 0.0006
1000 324 2.05257e-24 0.0011
1000 325 1.48106e-24 0.0007
1000 326 2.80517e-24 0.0013
1000 327 1.88292e-24 0.0009
1000 328 1.38081e-24 0.0007
1000 329 2.04291e-24 0.0011
1000 330 7.48228e-25 0.0004
1000 331 2.84139e-24 0.0013
1000 332 1.06959e-24 0.0006
1000 333 2.26355e-24 0.0011
1000 334 8.71625e-25 0.0004
1000 335 7.65703e-25 0.0004
1000 336 1.8349e-24 0.001
1000 337 1.02271e-24 0.0005
1000 338 2.34359e-24 0.0012
1000 339 2.29543e-24 0.0013
1000 340 2.20196e-24 0.001
1000 341 2.49751e-24 0.0012
1000 342 1.92456e-24 0.0009
1000 343 2.6866e-24 0.0014
1000 344 2.38129e-24 0.0012
1000 345 1.31932e-24 0.0008
1000 346 7.79023e-25 0.0007
1000 347 2.28622e-24 0.0011
1000 348 2.39967e-24 0.0012
1000 349 1.31416e-24 0.0007
1000 350 2.3641e-24 0.0013
1000 351 2.29261e-24 0.0013
1000 352 2.27926e-24 0.0011
1000 353 2.23901e-24 0.0011
1000 354 1.33273e-24 0.0007
1000 355 1.14673e-24 0.0006
1000 356 2.54303e-24 0.0013
1000 357 3.53917e-24 0.0019
1000 358 2.02454e-24 0.0011
1000 359 1.56553e-24 0.0008
1000 360 1.51436e-24 0.0009
1000 361 1.40221e-24 0.0008
1000 362 8.48283e-25 0.0004
1000 363 1.96612e-24 0.0009
1000 364 1.79549e-24 0.0009
1000 365 1.79768e-24 0.001
1000 366 1.89011e-24 0.001
1000 367 1.97993e-24 0.0009
1000 368 8.38776e-25 0.0004
1000 369 2.15575e-24 0.0011
1000 370 1.69218e-24 0.0008
1000 371 1.53353e-25 0.0001
1000 372 2.92125e-24 0.0014
1000 373 2.30285e-24 0.0013
1000 374 2.07358e-24 0.001
1000 375 1.70013e-24 0.0007
1000 376 1.48354e-24 0.0007
1000 377 1.46844e-24 0.0007
1000 378 1.80415e-24 0.001
1000 379 1.90149e-24 0.0011
1000 380 2.62948e-24 0.0014
1000 381 4.96352e-25 0.0003
1000 382 1.34578e-24 0.0006
1000 383 8.4422e-25 0.0004
1000 384 2.63936e-24 0.0014
1000 385 1.76662e-24 0.0009
1000 386 1.05868e-24 0.0007
1000 387 1.8951e-24 0.001
1000 388 7.9459e-25 0.0005
1000 389 3.32932e-24 0.0016
1000 390 1.28424e-24 0.0007
1000 391 1.82026e-24 0.0009
1000 392 1.77834e-24 0.0009
1000 393 1.98949e-24 0.001
1000 394 2.43316e-24 0.0013
1000 395 1.61396e-24 0.0009
1000 396 1.22702e-24 0.0007
1000 397 1.79693e-24 0.0009
1000 398 9.10251e-25 0.0006
1000 399 1.50558e-24 0.0009
1000 400 3.1032e-24 0.0017
1000 401 1.88497e-24 0.0009
1000 402 1.46155e-24 0.0008
1000 403 1.79797e-24 0.001
1000 404 1.17088e-24 0.0007
1000 405 1.97045e-24 0.0011
1000 406 1.24353e-24 0.0007
1000 407 1.42842e-24 0.001
1000 408 1.60085e-24 0.0008
1000 409 1.04084e-24 0.0005
1000 410 1.01845e-24 0.0005
1000 411 7.61504e-25 0.0004
1000 412 1.50555e-24 0.0008
1000 413 1.02494e-24 0.0006
1000 414 1.3204e-24 0.0007
1000 415 1.9099e-24 0.001
1000 416 7.74389e-25 0.0004
1000 417 6.61455e-25 0.0004
1000 418 1.1592e-24 0.0007
1000 419 1.75907e-24 0.001
1000 420 1.79477e-24 0.0009
1000 421 1.44414e-24 0.0008
1000 422 2.67331e-24 0.0015
1000 423 1.18051e-24 0.0006
1000 424 2.09506e-24 0.001
1000 425 1.81323e-24 0.001
1000 426 1.60254e-24 0.0009
1000 427 1.86531e-24 0.001
1000 428 2.8811e-24 0.0015
1000 429 2.73133e-24 0.0014
1000 430 1.36812e-24 0.0008
1000 431 1.73101e-24 0.0009
1000 432 1.94588e-24 0.0011
1000 433 1.35878e-24 0.0008
1000 434 1.12591e-24 0.0006
1000 435 1.19509e-24 0.0007
1000 436 2.59446e-24 0.0013
1000 437 5.57331e-25 0.0003
1000 438 1.80118e-24 0.001
1000 439 1.63677e-24 0.0008
1000 440 9.42793e-25 0.0005
1000 441 1.12919e-24 0.0006
1000 442 1.70832e-24 0.0009
1000 443 1.27865e-24 0.0007
1000 444 1.7971e-24 0.001
1000 445 7.49402e-25 0.0004
1000 446 1.33111e-24 0.0007
1000 447 3.15756e-25 0.0002
1000 448 7.06638e-25 0.0004
1000 449 1.24115e-24 0.0007
1000 450 7.87562e-25 0.0004
1000 451 1.20115e-24 0.0007
1000 452 1.38079e-24 0.0007
1000 453 1.69613e-24 0.0009
1000 454 1.46653e-24 0.0008
1000 455 9.01419e-25 0.0005
1000 456 2.19859e-24 0.0011
1000 457 1e-24 0.0006
1000 458 1.1803e-24 0.0007
1000 459 1.96576e-24 0.001
1000 460 2.37129e-24 0.0012
1000 461 1.75021e-24 0.0009
1000 462 1.80248e-24 0.0009
1000 463 1.44358e-24 0.0008
1000 464 1.14883e-24 0.0006
1000 465 1.41012e-24 0.0007
1000 466 7.42993e-25 0.0004
1000 467 8.31985e-25 0.0005
1000 468 1.07555e-24 0.0006
1000 469 5.65939e-25 0.0003
1000 470 1.27376e-24 0.0008
1000 471 1.54818e-24 0.0008
1000 472 1.19105e-24 0.0006
1000 473 1.57276e-24 0.0008
1000 474 1.06757e-24 0.0006
1000 475 0.000654516 0.5668
1000 476 0 0
1000 477 0 0
1000 478 0 0
1000 479 0 0
1000 480 0 0
1000 481 0 0
1000 482 0 0
1000 483 0 0
1000 484 0 0
1000 485 0 0
1000 486 0 0
1000 487 0 0
1000 488 0 0
1000 489 0 0
1000 490 0 0
1000 491 0 0
1000 492 0 0
1000 493 0 0
1000 494 0 0
1000 495 0 0
1000 496 0 0
1000 497 0 0
1000 498 0 0
1000 499 0 0
1000 500 0 0
1000 501 0 0
1000 502 0 0
1000 503 0 0
1000 504 0 0
1000 505 0 0
1000 506 0 0
1000 507 0 0
1000 508 0 0
1000 509 0 0
1000 510 0 0
1000 511 0 0
1000 512 0 0
1000 513 0 0
1000 514 0 0
1000 515 0 0
1000 516 0 0
1000 517 0 0
1000 518 0 0
1000 519 0 0
1000 520 0 0
1000 521 0 0
1000 522 0 0
1000 523 0 0
1000 524 0 0
1000 525 0 0
1000 526 0 0
1000 527 0 0
1000 528 0 0
1000 529 0 0
1000 530 0 0
1000 531 0 0
1000 532 0 0
1000 533 0 0
1000 534 0 0
1000 535 0 0
1000 536 0 0
1000 537 0 0
1000 538 0 0
1000 539 0 0
1000 540 0 0
1000 541 0 0
1000 542 0 0
1000 543 0 0
1000 544 0 0
1000 545 0 0
1000 546 0 0
1000 547 0 0
1000 548 0 0
1000 549 0 0
1000 550 0 0
1000 551 0 0
1000 552 0 0
1000 553 0 0
1000 554 0 0
1000 555 0 0
1000 556 0 0
1000 557 0 0
1000 558 0 0
1000 559 0 0
1000 560 0 0
1000 561 0 0
1000 562 0 0
1000 563 0 0
1000 564 0 0
1000 565 0 0
1000 566 0 0
1000 567 0 0
1000 568 0 0
1000 569 0 0
1000 570 0 0
1000 571 0 0
1000 572 0 0
1000 573 0 0
1000 574 0 0
1000 575 0 0
1000 576 0 0
1000 577 0 0
1000 578 0 0
1000 579 0 0
1000 580 0 0
1000 581 0 0
1000 582 0 0
1000 583 0 0
1000 584 0 0
1000 585 0 0
1000 586 0 0
1000 587 0 0
1000 588 0 0
1000 589 0 0
1000 590 0 0
1000 591 0 0
1000 592 0 0
1000 593 0 0
1000 594 0 0
1000 595 0 0
1000 596 0 0
1000 597 0 0
1000 598 0 0
1000 599 0 0
1000 600 0 0
1000 601 0 0
1000 602 0 0
1000 603 0 0
1000 604 0 0
1000 605 0 0
1000 606 0 0
1000 607 0 0
1000 608 0 0
1000 609 0 0
1000 610 0 0
1000 611 0 0
1000 612 0 0
1000 613 0 0
1000 614 0 0
1000 615 0 0
1000 616 0 0
1000 617 0 0
1000 618 0 0
1000 619 0 0
1000 620 0 0
1000 621 0 0
1000 622 0 0
1000 623 0 0
1000 624 0 0
1000 625 0 0
1000 626 0 0
1000 627 0 0
1000 628 0 0
1000 629 0 0
1000 630 0 0
1000 631 0 0
1000 632 0 0
1000 633 0 0
1000 634 0 0
1000 635 0 0
1000 636 0 0
1000 637 0 0
1000 638 0 0
1000 639 0 0
1000 640 0 0
1000 641 0 0
1000 642 0 0
1000 643 0 0
1000 644 0 0
1000 645 0 0
1000 646 0 0
1000 647 0 0
1000 648 0 0
1000 649 0 0
1000 650 0 0
1000 651 0 0
1000 652 0 0
1000 653 0 0
1000 654 0 0
1000 655 0 0
1000 656 0 0
1000 657 0 0
1000 658 0 0
1000 659 0 0
1000 660 0 0
1000 661 0 0
1000 662 0 0
1000 663 0 0
1000 664 0 0
1000 665 0 0
1000 666 0 0
1000 667 0 0
1000 668 0 0
1000 669 0 0
1000 670 0 0
1000 671 0 0
1000 672 0 0
1000 673 0 0
1000 674 0 0
1000 675 0 0
1000 676 0 0
1000 677 0 0
1000 678 0 0
1000 679 0 0
1000 680 0 0
1000 681 0 0
1000 682 0 0
1000 683 0 0
1000 684 0 0
1000 685 0 0
1000 686 0 0
1000 687 0 0
1000 688 0 0
1000 689 0 0
1000 690 0 0
1000 691 0 0
1000 692 0 0
1000 693 0 0
1000 694 0 0
1000 695 0 0
1000 696 0 0
1000 697 0 0
1000 698 0 0
1000 699 0 0
1000 700 0 0
1000 701 0 0
1000 702 0 0
1000 703 0 0
1000 704 0 0
1000 705 0 0
1000 706 0 0
1000 707 0 0
1000 708 0 0
1000 709 0 0
1000 710 0 0
1000 711 0 0
1000 712 0 0
1000 713 0 0
1000 714 0 0
1000 715 0 0
1000 716 0 0
1000 717 0 0
1000 718 0 0
1000 719 0 0
1000 720 0 0
1000 721 0 0
1000 722 0 0
1000 723 0 0
1000 724 0 0
1000 725 0 0
1000 726 0 0
1000 727 0 0
1000 728 0 0
1000 729 0 0
1000 730 0 0
1000 731 0 0
1000 732 0 0
1000 733 0 0
1000 734 0 0
1000 735 0 0
1000 736 0 0
1000 737 0 0
1000 738 0 0
1000 739 0 0
1000 740 0 0
1000 741 0 0
1000 742 0 0
1000 743 0 0
1000 744 0 0
1000 745 0 0
1000 746 0 0
1000 747 0 0
1000 748 0 0
1000 749 0 0
1000 750 0 0
1000 751 0 0
1000 752 0 0
1000 753 0 0
1000 754 0 0
1000 755 0 0
1000 756 0 0
1000 757 0 0
1000 758 0 0
1000 759 0 0
1000 760 0 0
1000 761 0 0
1000 762 0 0
1000 763 0 0
1000 764 0 0
1000 765 0 0
1000 766 0 0
1000 767 0 0
1000 768 0 0
1000 769 0 0
1000 770 0 0
1000 771 0 0
1000 772 0 0
1000 773 0 0
1000 774 0 0
1000 775 0 0
1000 776 0 0
1000 777 0 0
1000 778 0 0
1000 779 0 0
1000 780 0 0
1000 781 0 0
1000 782 0 0
1000 783 0 0
1000 784 0 0
1000 785 0 0
1000 786 0 0
1000 787 0 0
1000 788 0 0
1000 789 0 0
1000 790 0 0
1000 791 0 0
1000 792 0 0
1000 793 0 0
1000 794 0 0
1000 795 0 0
1000 796 0 0
1000 797 0 0
1000 798 0 0
1000 799 0 0
1000 800 0 0
1000 801 0 0
1000 802 0 0
1000 803 0 0
1000 804 0 0
1000 805 0 0
1000 806 0 0
1000 807 0 0
1000 808 0 0
1000 809 0 0
1000 810 0 0
1000 811 0 0
1000 812 0 0
1000 813 0 0
1000 814 0 0
1000 815 0 0
1000 816 0 0
1000 817 0 0
1000 818 0 0
1000 819 0 0
1000 820 0 0
1000 821 0 0
1000 822 0 0
1000 823 0 0
1000 824 0 0
1000 825 0 0
1000 826 0 0
1000 827 0 0
1000 828 0 0
1000 829 0 0
1000 830 0 0
1000 831 0 0
1000 832 0 0
1000 833 0 0
1000 834 0 0
1000 835 0 0
1000 836 0 0
1000 837 0 0
1000 838 0 0
1000 839 0 0
1000 840 0 0
1000 841 0 0
1000 842 0 0
1000 843 0 0
1000 844 0 0
1000 845 0 0
1000 846 0 0
1000 847 0 0
1000 848 0 0
1000 849 0 0
1000 850 0 0
1000 851 0 0
1000 852 0 0
1000 853 0 0
1000 854 0 0
1000 855 0 0
1000 856 0 0
1000 857 0 0
1000 858 0 0
1000 859 0 0
1000 860 0 0
1000 861 0 0
1000 862 0 0
1000 863 0 0
1000 864 0 0
1000 865 0 0
1000 866 0 0
1000 867 0 0
1000 868 0 0
1000 869 0 0
1000 870 0 0
1000 871 0 0
1000 872 0 0
1000 873 0 0
1000 874 0 0
1000 875 0 0
1000 876 0 0
1000 877 0 0
1000 878 0 0
1000 879 0 0
1000 880 0 0
1000 881 0 0
1000 882 0 0
1000 883 0 0
1000 884 0 0
1000 885 0 0
1000 886 0 0
1000 887 0 0
1000 888 0 0
1000 889 0 0
1000 890 0 0
1000 891 0 0
1000 892 0 0
1000 893 0 0
1000 894 0 0
1000 895 0 0
1000 896 0 0
1000 897 0 0
1000 898 0 0
1000 899 0 0
1000 900 0 0
1000 901 0 0
1000 902 0 0
1000 903 0 0
1000 904 0 0
1000 905 0 0
1000 906 0 0
1000 907 0 0
1000 908 0 0
1000 909 0 0
1000 910 0 0
1000 911 0 0
1000 912 0 0
1000 913 0 0
1000 914 0 0
1000 915 0 0
1000 916 0 0
1000 917 0 0
1000 918 0 0
1000 919 0 0
1000 920 0 0
1000 921 0 0
1000 922 0 0
1000 923 0 0
1000 924 0 0
1000 925 0 0
1000 926 0 0
1000 927 0 0
1000 928 0 0
1000 929 0 0
1000 930 0 0
1000 931 0 0
1000 932 0 0
1000 933 0 0
1000 934 0 0
1000 935 0 0
1000 936 0 0
1000 937 0 0
1000 938 0 0
1000 939 0 0
1000 940 0 0
1000 941 0 0
1000 942 0 0
1000 943 0 0
1000 944 0 0
1000 945 0 0
1000 946 0 0
1000 947 0 0
1000 948 0 0
1000 949 0 0
1000 950 0 0
1000 951 0 0
1000 952 0 0
1000 953 0 0
1000 954 0 0
1000 955 0 0
1000 956 0 0
1000 957 0 0
1000 958 0 0
1000 959 0 0
1000 960 0 0
1000 961 0 0
1000 962 0 0
1000 963 0 0
1000 964 0 0
1000 965 0 0
1000 966 0 0
1000 967 0 0
1000 968 0 0
1000 969 0 0
1000 970 0 0
1000 971 0 0
1000 972 0 0
1000 973 0 0
1000 974 0 0
1000 975 0 0
1000 976 0 0
1000 977 0 0
1000 978 0 0
1000 979 0 0
1000 980 0 0
1000 981 0 0
1000 982 0 0
1000 983 0 0
1000 984 0 0
1000 985 0 0
1000 986 0 0
1000 987 0 0
1000 988 0 0
1000 989 0 0
1000 990 0 0
1000 991 0 0
1000 992 0 0
1000 993 0 0
1000 994 0 0
1000 995 0 0
1000 996 0 0
1000 997 0 0
1000 998 0 0
1000 999 0 0
1000 1000 0 0
1000 1001 0 0
1000 1002 0 0
1000 1003 0 0
1000 1004 0 0
1000 1005 0 0
1000 1006 0 0
1000 1007 0 0
1000 1008 0 0
1000 1009 0 0
1000 1010 0 0
1000 1011 0 0
1000 1012 0 0
1000 1013 0 0
1000 1014 0 0
1000 1015 0 0
1000 1016 0 0
1000 1017 0 0
1000 1018 0 0
1000 1019 0 0
1000 1020 0 0
1000 1021 0 0
1000 1022 0 0
1000 1023 0 0
1000 1024 0 0
1000 1025 0 0
1000 1026 0 0
1000 1027 0 0
1000 1028 0 0
1000 1029 0 0
1000 1030 0 0
1000 1031 0 0
1000 1032 0 0
1000 1033 0 0
1000 1034 0 0
1000 1035 0 0
1000 1036 0 0
1000 1037 0 0
1000 1038 0 0
1000 1039 0 0
1000 1040 0 0
1000 1041 0 0
1000 1042 0 0
1000 1043 0 0
1000 1044 0 0
1000 1045 0 0
1000 1046 0 0
1000 1047 0 0
1000 1048 0 0
1000 1049 0 0
1000 1050 0 0
1000 1051 0 0
1000 1052 0 0
1000 1053 0 0
1000 1054 0 0
1000 1055 0 0
1000 1056 0 0
1000 1057 0 0
1000 1058 0 0
1000 1059 0 0
1000 1060 0 0
1000 1061 0 0
1000 1062 0 0
1000 1063 0 0
1000 1064 0 0
1000 1065 0 0
1000 1066 0 0
1000 1067 0 0
1000 1068 0 0
1000 1069 0 0
1000 1070 0 0
1000 1071 0 0
1000 1072 0 0
1000 1073 0 0
1000 1074 0 0
1000 1075 0 0
1000 1076 0 0
1000 1077 0 0
1000 1078 0 0
1000 1079 0 0
1000 1080 0 0
1000 1081 0 0
1000 1082 0 0
1000 1083 0 0
1000 1084 0 0
1000 1085 0 0
1000 1086 0 0
1000 1087 0 0
1000 1088 0 0
1000 1089 0 0
1000 1090 0 0
1000 1091 0 0
1000 1092 0 0
1000 1093 0 0
1000 1094 0 0
1000 1095 0 0
1000 1096 0 0
1000 1097 0 0
1000 1098 0 0
1000 1099 0 0
1000 1100 0 0
1000 1101 0 0
1000 1102 0 0
1000 1103 0 0
1000 1104 0 0
1000 1105 0 0
1000 1106 0 0
1000 1107 0 0
1000 1108 0 0
1000 1109 0 0
1000 1110 0 0
1000 1111 0 0
1000 1112 0 0
1000 1113 0 0
1000 1114 0 0
1000 1115 0 0
1000 1116 0 0
1000 1117 0 0
1000 1118 0 0
1000 1119 0 0
1000 1120 0 0
1000 1121 0 0
1000 1122 0 0
1000 1123 0 0
1000 1124 0 0
1000 1125 0 0
1000 1126 0 0
1000 1127 0 0
1000 1128 0 0
1000 1129 0 0
1000 1130 0 0
1000 1131 0 0
1000 1132 0 0
1000 1133 0 0
1000 1134 0 0
1000 1135 0 0
1000 1136 0 0
1000 1137 0 0
1000 1138 0 0
1000 1139 0 0
1000 1140 0 0
1000 1141 0 0
1000 1142 0 0
1000 1143 0 0
1000 1144 0 0
1000 1145 0 0
1000 1146 0 0
1000 1147 0 0
1000 1148 0 0
1000 1149 0 0
