495 -13
495 13
480 -13
480 13
479 -13
479 13
485 -13
485 13
485 -13
485 13
484 -13
484 13
505 -13
505 13
488 -13
488 13
482 -13
482 13
482 -13
482 13
507 -13
507 13
485 -13
485 13
480 -13
480 13
513 -13
513 13
524 -13
524 13
480 -13
480 13
480 -13
480 13
482 -13
482 13
482 -13
482 13
489 -13
489 13
484 -13
484 13
488 -13
488 13
503 -13
503 13
489 -13
489 13
489 -13
489 13
481 -13
481 13
512 -13
512 13
507 -13
507 13
476 -13
476 13
508 -13
508 13
512 -13
512 13
506 -13
506 13
510 -13
510 13
492 -13
492 13
501 -13
501 13
476 -13
476 13
475 -13
475 13
484 -13
484 13
492 -13
492 13
480 -13
480 13
483 -13
483 13
488 -13
488 13
488 -13
488 13
487 -13
487 13
484 -13
484 13
484 -13
484 13
476 -13
476 13
515 -13
515 13
501 -13
501 13
483 -13
483 13
515 -13
515 13
485 -13
485 13
515 -13
515 13
482 -13
482 13
521 -13
521 13
520 -13
520 13
518 -13
518 13
524 -13
524 13
517 -13
517 13
486 -13
486 13
480 -13
480 13
512 -13
512 13
512 -13
512 13
510 -13
510 13
478 -13
478 13
479 -13
479 13
502 -13
502 13
496 -13
496 13
516 -13
516 13
501 -13
501 13
510 -13
510 13
510 -13
510 13
483 -13
483 13
501 -13
501 13
477 -13
477 13
481 -13
481 13
483 -13
483 13
513 -13
513 13
499 -13
499 13
497 -13
497 13
501 -13
501 13
515 -13
515 13
521 -13
521 13
494 -13
494 13
505 -13
505 13
505 -13
505 13
506 -13
506 13
484 -13
484 13
482 -13
482 13
494 -13
494 13
511 -13
511 13
496 -13
496 13
506 -13
506 13
523 -13
523 13
522 -13
522 13
508 -13
508 13
478 -13
478 13
502 -13
502 13
515 -13
515 13
520 -13
520 13
484 -13
484 13
482 -13
482 13
479 -13
479 13
475 -13
475 13
475 -13
475 13
496 -13
496 13
482 -13
482 13
486 -13
486 13
486 -13
486 13
500 -13
500 13
488 -13
488 13
513 -13
513 13
517 -13
517 13
510 -13
510 13
513 -13
513 13
506 -13
506 13
501 -13
501 13
501 -13
501 13
505 -13
505 13
510 -13
510 13
477 -13
477 13
480 -13
480 13
519 -13
519 13
505 -13
505 13
516 -13
516 13
482 -13
482 13
481 -13
481 13
475 -13
475 13
485 -13
485 13
478 -13
478 13
506 -13
506 13
500 -13
500 13
511 -13
511 13
483 -13
483 13
512 -13
512 13
503 -13
503 13
486 -13
486 13
497 -13
497 13
483 -13
483 13
484 -13
484 13
477 -13
477 13
491 -13
491 13
493 -13
493 13
498 -13
498 13
491 -13
491 13
492 -13
492 13
510 -13
510 13
484 -13
484 13
491 -13
491 13
513 -13
513 13
519 -13
519 13
524 -13
524 13
496 -13
496 13
498 -13
498 13
503 -13
503 13
495 -13
495 13
497 -13
497 13
492 -13
492 13
496 -13
496 13
486 -13
486 13
480 -13
480 13
487 -13
487 13
487 -13
487 13
