475 0
525 0
850 0
1149 0
475 0
525 0
850 0
1149 0
475 0
484 0
475 0
110 0
484 0.00611208
475 0
509 0
512 0
543 0
509 0.00319284
475 0
502 0
504 0.000756026
525 0
833 0
502 0.00132741
475 0
525 0
850 0
1149 0
475 0
492 0
492 0
492 0
484 0
486 0
501 0
484 0.00221764
492 0.00228785
492 0.00576802
492 0.00349091
475 0
481 0
480 0
481 0
475 0
74 0
481 0.00484626
480 0.0059675
481 0.00431271
475 0
525 0
850 0
1149 0
475 0
525 0
850 0
927 0
1059 0
1149 0
927 0.000284797
928 0.00300739
928 0.000335978
928 8.53705e-05
928 0.00120305
927 0.000987105
927 0.00101397
927 4.6072e-18
927 5.00828e-11
927 9.01436e-19
927 1.64909e-06
927 5.22658e-09
927 3.41137e-19
927 0.000315853
927 3.2518e-05
927 4.07826e-06
927 2.99646e-09
927 2.54433e-09
927 8.82631e-22
927 5.35313e-07
927 6.45022e-08
927 4.41015e-05
926 6.13761e-10
926 5.52224e-09
926 1.46337e-06
927 4.34629e-07
927 9.19822e-08
927 1.26727e-10
927 2.20864e-06
927 7.37932e-09
927 0.000702417
927 2.49891e-06
927 1.22349e-05
927 9.82099e-06
927 4.89082e-06
927 1.79777e-06
