491 -11
491 11
491 -1
490 1
491 -1
1149 1
523 1
523 -1
522 1
522 -1
521 1
521 -1
521 1
521 -1
520 1
520 -1
520 1
520 -1
520 1
520 -1
520 1
520 -1
520 1
520 -1
519 1
519 -1
519 1
519 -1
518 1
518 -1
518 1
518 -1
516 1
516 -1
516 1
516 -1
515 1
515 -1
513 1
513 -1
512 1
512 -1
512 1
512 -1
511 1
511 -1
511 1
511 -1
511 1
511 -1
509 1
509 -1
509 1
509 -1
508 1
508 -1
508 1
508 -1
507 1
507 -1
505 1
505 -1
505 1
505 -1
505 1
505 -1
504 1
504 -1
503 1
503 -1
502 1
502 -1
502 1
502 -1
502 1
502 -1
502 1
502 -1
502 1
502 -1
501 1
501 -1
500 1
500 -1
499 1
499 -1
499 1
499 -1
498 1
498 -1
496 1
496 -1
496 1
496 -1
495 1
495 -1
495 1
495 -1
494 1
494 -1
494 1
494 -1
492 1
492 -1
491 1
491 -1
519 -1
1149 1
492 -13
492 13
480 -13
480 13
1082 1
1082 -1
523 1
523 -1
521 1
521 -1
519 1
519 -1
520 1
520 -1
520 1
520 -1
519 1
519 -1
523 1
523 -1
523 1
523 -1
490 -11
490 11
490 -1
490 1
490 -1
490 1
513 -8
513 8
513 -2
513 2
513 -2
513 2
513 -1
514 1
483 -13
483 13
520 -13
520 13
483 -12
483 12
483 -1
483 1
481 1
481 -1
482 -13
482 13
485 -13
485 13
488 -10
488 10
488 -1
488 1
488 -1
487 1
488 -1
488 1
486 -12
486 12
486 -1
486 1
509 -10
509 10
509 -1
509 1
509 -1
509 1
509 -1
510 1
516 1
516 -1
523 -13
523 13
487 -13
487 13
496 -12
496 12
496 -1
1149 1
1089 1
1090 -1
1029 1
1029 -1
912 1
912 -1
908 1
907 -1
523 1
523 -1
522 1
522 -1
522 1
522 -1
522 1
522 -1
520 1
520 -1
519 1
519 -1
519 1
519 -1
519 1
519 -1
519 1
519 -1
518 1
518 -1
518 1
518 -1
518 1
518 -1
517 1
517 -1
517 1
517 -1
516 1
516 -1
516 1
516 -1
515 1
515 -1
514 1
514 -1
514 1
514 -1
514 1
514 -1
514 1
514 -1
513 1
513 -1
513 1
513 -1
513 1
513 -1
512 1
512 -1
511 1
511 -1
509 1
509 -1
508 1
508 -1
508 1
508 -1
508 1
508 -1
507 1
507 -1
507 1
507 -1
505 1
505 -1
505 1
505 -1
505 1
505 -1
504 1
504 -1
503 1
503 -1
503 1
503 -1
502 1
502 -1
502 1
502 -1
501 1
501 -1
501 1
501 -1
501 1
501 -1
500 1
500 -1
500 1
500 -1
500 1
500 -1
499 1
499 -1
499 1
499 -1
499 1
499 -1
497 1
497 -1
515 1
515 -1
478 -13
478 13
485 -13
485 13
506 -13
506 13
500 -13
500 13
519 -13
519 13
487 -12
487 12
487 -1
487 1
489 1
489 -1
495 1
495 -1
495 1
495 -1
495 -13
495 13
489 -10
489 10
489 -1
490 1
489 -1
490 1
489 -1
587 1
498 1
498 -1
498 1
498 -1
498 1
498 -1
498 1
498 -1
498 1
498 -1
498 1
498 -1
498 1
498 -1
498 1
498 -1
498 1
498 -1
498 1
498 -1
498 1
498 -1
498 1
498 -1
498 1
498 -1
498 1
498 -1
498 1
498 -1
497 1
497 -1
497 1
497 -1
497 1
497 -1
497 1
497 -1
497 1
497 -1
497 1
497 -1
497 1
497 -1
496 1
496 -1
496 1
496 -1
496 1
496 -1
496 1
496 -1
496 1
496 -1
496 1
496 -1
495 1
495 -1
495 1
495 -1
495 1
495 -1
495 1
495 -1
495 1
495 -1
495 1
495 -1
495 1
495 -1
495 1
495 -1
494 1
494 -1
494 1
494 -1
494 1
494 -1
494 1
494 -1
494 1
494 -1
494 1
494 -1
494 1
494 -1
494 1
494 -1
494 1
494 -1
494 1
494 -1
494 1
494 -1
494 1
494 -1
494 1
494 -1
494 1
494 -1
494 1
494 -1
493 1
493 -1
493 1
493 -1
493 1
493 -1
493 1
493 -1
493 1
493 -1
493 1
493 -1
493 1
493 -1
493 1
493 -1
493 1
493 -1
492 1
492 -1
492 1
492 -1
492 1
492 -1
492 1
492 -1
492 1
492 -1
492 1
492 -1
492 1
492 -1
492 1
492 -1
492 1
492 -1
491 1
491 -1
491 1
491 -1
491 1
491 -1
491 1
491 -1
491 1
491 -1
490 1
490 -1
490 1
490 -1
490 1
490 -1
490 1
490 -1
490 1
490 -1
490 1
490 -1
489 1
489 -1
500 1
501 -1
501 1
501 -1
501 1
501 -1
481 -13
481 13
494 -13
494 13
493 -13
493 13
493 -12
493 12
493 -1
493 1
498 -13
498 13
499 1
499 -1
499 1
499 -1
