475 0
525 0
850 0
1149 0
475 0
525 0
850 0
1149 0
475 0
525 0
850 0
1149 0
475 0
525 0
850 0
1149 0
475 0
525 0
850 0
1149 0
475 0
525 0
850 0
1149 0
475 0
525 0
850 0
1149 0
475 0
525 0
850 0
1149 0
475 0
525 0
850 0
1149 0
475 0
525 0
850 0
1149 0
475 0
491 0
491 0.950002
490 3.14178
490 2.82856
490 2.70185
490 2.98204
490 3.20983
490 1.77846
490 0.0802316
491 0.179863
492 0.974418
492 0.66141
494 1.00615
494 0.855762
495 0.182668
495 0.0362483
496 1.04137
496 0.164938
498 1.61687
499 0.987735
499 0.504834
500 0.507842
500 0.350452
501 1.06284
501 0.0452875
501 0.150517
502 0.0919782
502 0.107252
502 0.0235118
502 0.270617
502 0.321637
502 0.206827
503 0.53813
503 0.0125747
504 1.3376
505 0.410632
505 0.0742371
505 0.208428
507 1.4951
508 0.854152
508 0.075744
508 0.276051
508 0.448331
509 0.151009
509 0.216025
511 2.21888
511 0.0124584
511 0.147784
512 0.411088
512 0.0622157
513 1.6448
515 1.28011
516 1.32821
516 0.0210734
518 2.11839
518 0.531349
519 0.233618
519 0.429379
519 0.0236543
519 0.0704683
520 0.739578
520 0.095697
520 0.258108
520 0.108086
520 0.0102434
521 0.227491
521 0.350475
522 0.942748
523 1.41829
525 1.68565
851 2.94119e-23
965 0.00919389
1146 0.0127642
1149 2.8574e-25
486 0
446 0
480 0
490 0
661 0
525 0
834 0
492 0
512 0
707 0
523 0.2315
522 0.0467861
521 0.0482338
521 0.0488703
520 0.0409109
520 0.0654585
520 0.0480429
520 0.236167
520 0.0832817
519 0.0825352
519 0.0826668
518 0.0564757
518 0.0343105
516 0.121981
516 0.0351483
515 0.042752
513 0.14623
512 0.0424682
512 0.134099
511 0.0397029
511 0.052012
511 0.0554779
509 0.0789049
509 0.0641889
508 0.0584923
508 0.0463773
507 0.0386882
505 0.0594669
505 0.13594
505 0.0363892
504 0.0379886
503 0.0607693
502 0.0463601
502 0.127926
502 0.263723
502 0.0358137
502 0.043031
501 0.0556977
500 0.0679436
499 0.151362
499 0.0410289
498 0.0527982
496 0.0541012
496 0.0421616
495 0.0450862
495 0.0566146
494 0.0831668
494 0.0387489
492 0.04204
491 0.146707
475 0
155 0
495 0
532 0
519 0
520 0.561993
521 0.0622603
522 0.461132
523 0.434878
523 0.186742
523 0.0365405
525 0.410732
865 9.27152e-24
1082 0.00582898
1110 0.000478763
1149 1.07987e-24
492 0.0235462
480 0.247384
1082 0.00206923
523 0.0472021
521 0.0988469
519 0.0467155
520 0.173334
520 0.0105647
519 0.526022
519 0.246257
520 0.0393911
520 0.227177
519 0.0860249
525 0
622 0
523 0.001564
523 0.001564
523 0.0175337
523 0.00744961
475 0
525 0
850 0
1149 0
475 0
525 0
850 0
1149 0
475 0
525 0
850 0
1149 0
475 0
525 0
850 0
1149 0
475 0
490 0
490 5.33274
490 1.45943
490 0.226911
490 3.24271
490 1.48484
490 0.0330436
483 0
481 0
459 0
475 0
0 0
513 0
525 0
1052 0
525 0
1139 0
517 0
588 0
525 0
851 0
1143 0
1149 0
525 0
862 0
513 0.437295
513 2.50045
513 2.38332
513 2.32468
513 2.37974
513 2.43809
513 2.43213
513 2.65265
513 2.95089
513 3.25053
513 0.230624
513 3.56561
513 1.0137
514 2.79007
514 0.00632594
483 0.00603998
475 0
525 0
850 0
1149 0
475 0
525 0
850 0
1149 0
475 0
525 0
850 0
1149 0
475 0
520 0
525 0
850 0
1149 0
1149 0
520 0.0316776
475 0
525 0
850 0
1149 0
475 0
525 0
850 0
1149 0
475 0
525 0
850 0
1149 0
475 0
525 0
850 0
1149 0
475 0
525 0
850 0
1149 0
475 0
525 0
850 0
1149 0
475 0
525 0
850 0
1149 0
475 0
525 0
850 0
1149 0
475 0
525 0
850 0
1149 0
475 0
525 0
850 0
1149 0
475 0
525 0
850 0
1149 0
475 0
525 0
850 0
1149 0
475 0
525 0
850 0
1149 0
475 0
483 0
483 3.04019
483 2.63934
483 0.00197157
486 0
475 0
238 0
488 0
485 0
482 0
500 0
672 0
525 0
851 0
1143 0
1149 0
525 0
856 0
1128 0
1149 0
475 0
325 0
475 0
144 0
477 0
384 0
494 0
590 0
481 0
475 0
336 0
481 0.0125732
475 0
0 0
525 0
852 0
1142 0
1149 0
482 0.072652
485 0.119027
488 6.13374
488 1.2431
487 3.31706
487 1.23947
488 2.84218
488 2.83403
488 2.97928
488 3.59198
488 0.0774703
488 0.0195413
488 0.00704585
486 0.498547
486 1.44299
486 0.0696886
475 0
525 0
850 0
1149 0
475 0
525 0
850 0
1149 0
475 0
525 0
850 0
1149 0
475 0
525 0
850 0
1149 0
475 0
525 0
850 0
1149 0
475 0
525 0
850 0
1149 0
475 0
525 0
850 0
1149 0
475 0
525 0
850 0
1149 0
475 0
525 0
850 0
1149 0
475 0
525 0
850 0
1149 0
475 0
525 0
850 0
1149 0
475 0
525 0
850 0
1149 0
475 0
525 0
850 0
1149 0
475 0
525 0
850 0
1149 0
475 0
525 0
850 0
1149 0
475 0
509 0
509 1.93884
509 3.52454
509 0.349378
509 3.11301
509 2.2101
509 0.00525053
509 2.83492
510 2.81818
510 2.75725
510 2.84308
510 3.28341
510 1.08382
523 0
525 0
702 0
525 0
854 0
855 0
507 0
488 0
525 0
854 0
509 0
512 0
516 0
513 0
396 0
516 0.0537091
486 0
274 0
523 0.09873
475 0
525 0
850 0
1149 0
475 0
525 0
850 0
1149 0
475 0
487 0
525 0
852 0
1142 0
1149 0
487 0.0706465
475 0
525 0
850 0
1149 0
475 0
525 0
850 0
1149 0
475 0
478 0
496 0
496 0.151351
496 0.0782309
497 0.638986
499 1.17248
499 0.275804
499 0.0190078
499 0.118094
500 0.263537
500 0.0888071
500 0.301027
501 0.23354
501 0.231939
502 0.735844
502 0.285417
503 0.289796
503 0.293455
504 0.315615
504 0.510164
505 0.183474
505 0.0356989
505 0.389446
507 0.936711
507 0.0764857
508 0.815596
508 0.0116854
509 0.781827
511 1.32422
511 0.240573
512 0.281372
513 0.565991
513 0.379341
513 0.0300242
513 0.105404
514 0.279879
514 0.167806
514 0.0146777
514 0.188932
515 0.491435
516 0.395027
516 0.452574
516 0.0333155
517 0.22244
517 0.389343
518 0.309603
518 0.152795
518 0.370069
519 0.156175
519 0.0711009
519 0.0520211
519 0.432236
520 0.626981
522 0.89548
522 0.339994
522 0.103701
522 0.0679094
523 0.504364
523 0.170023
525 0.879351
851 1.88189e-23
908 0.00164191
912 0.000158116
992 0.00356672
1029 0.00171427
1089 0.00164005
1143 0.00146921
1149 3.6383e-25
1089 0.00188417
1090 0.0021896
1029 0.0013321
1029 0.00109203
912 0.00197129
908 0.00139722
907 0.00289587
907 0.000373886
523 0.0951624
522 0.0374492
522 0.0349957
522 0.0400916
520 0.086879
519 0.138674
519 0.0845525
519 0.193598
519 0.337994
518 0.269308
518 0.0490952
518 0.507092
518 0.0408374
517 0.134115
517 0.0790878
516 0.0728869
516 0.0519305
515 0.0288119
515 0.0101119
514 0.111066
514 0.189772
514 0.248631
514 0.0807985
513 0.0349798
513 0.045547
513 0.0466416
512 0.0537681
511 0.0389695
509 0.162144
508 0.0433517
508 0.0404205
508 0.060039
508 0.0574438
507 0.0427529
507 0.106201
505 0.0639996
505 0.0415856
505 0.03809
504 0.176957
503 0.0351584
503 0.0564896
502 0.061598
502 0.0896682
501 0.0515173
501 0.149262
501 0.0439404
501 0.0344311
500 0.0531472
500 0.272887
500 0.0583483
499 0.0342816
499 0.0662037
499 0.145931
497 0.0356379
515 0.001564
515 0.00424646
478 0
319 0
502 0
558 0
478 0.175832
506 0
508 0
543 0
485 0
485 0
478 0
485 0.218515
506 0.0561653
475 0
525 0
850 0
1149 0
475 0
525 0
850 0
1149 0
475 0
525 0
850 0
1149 0
475 0
525 0
850 0
1149 0
475 0
525 0
850 0
1149 0
475 0
525 0
850 0
1149 0
475 0
525 0
850 0
1149 0
475 0
525 0
850 0
1149 0
475 0
525 0
850 0
1149 0
475 0
525 0
850 0
1149 0
475 0
500 0
525 0
851 0
1145 0
1149 0
500 0.216527
475 0
525 0
850 0
1149 0
475 0
525 0
850 0
1149 0
475 0
525 0
850 0
1149 0
475 0
525 0
850 0
1149 0
475 0
525 0
850 0
1149 0
475 0
525 0
850 0
1149 0
475 0
519 0
525 0
867 0
1093 0
1149 0
519 0.850414
475 0
525 0
850 0
1149 0
475 0
525 0
850 0
1149 0
475 0
525 0
850 0
1149 0
475 0
525 0
850 0
1149 0
475 0
525 0
850 0
1149 0
475 0
525 0
850 0
1149 0
475 0
525 0
850 0
1149 0
475 0
525 0
850 0
1149 0
475 0
525 0
850 0
1149 0
475 0
487 0
487 0.562868
487 2.04444
525 0
854 0
1134 0
1149 0
489 0
478 0
361 0
489 0.0255274
495 0
502 0
617 0
495 0.0819508
495 0.319137
495 0.263234
475 0
525 0
850 0
1149 0
475 0
525 0
850 0
1149 0
475 0
525 0
850 0
1149 0
475 0
525 0
850 0
1149 0
475 0
495 0
525 0
851 0
1143 0
1149 0
495 0.238502
475 0
525 0
850 0
1149 0
475 0
525 0
850 0
1149 0
475 0
525 0
850 0
1149 0
475 0
525 0
850 0
1149 0
475 0
525 0
850 0
1149 0
475 0
525 0
850 0
1149 0
475 0
525 0
850 0
1149 0
475 0
525 0
850 0
1149 0
475 0
489 0
489 0.257622
490 2.83227
490 0.0283836
490 3.4857
490 0.153926
489 0.103797
490 0.0703919
490 2.03818
490 0.312361
490 0.689573
490 0.420172
490 0.263247
490 0.395591
491 0.76939
491 0.0214672
491 0.00228621
491 1.65579
491 0.111495
491 0.490617
491 1.142
492 0.657084
492 0.837222
492 0.37481
492 0.324478
492 0.169079
492 0.0737468
492 0.0746752
492 1.20467
492 0.443202
493 0.492162
493 0.269847
493 0.132991
493 0.212641
493 0.74679
493 0.623136
493 0.854201
493 0.163051
493 0.0552161
493 0.201519
493 0.174295
493 0.193028
493 0.0635652
494 1.4225
494 0.116098
494 0.0176938
494 0.0252795
494 0.610313
494 0.686347
494 0.0437136
494 0.430925
494 0.113785
494 0.0530669
494 0.222581
494 0.189361
494 0.00934002
494 0.628198
494 0.276664
494 0.0107081
494 0.492169
495 1.8426
495 0.00742437
495 0.302632
495 0.381079
495 0.0789019
495 0.0931061
495 1.89304
495 0.422614
495 0.960232
495 0.0743252
495 0.439857
496 0.149296
496 2.09734
496 0.141255
496 0.665529
496 0.641319
496 0.876513
496 0.881583
497 1.02666
497 0.767633
497 0.733926
497 0.134006
497 0.620321
497 0.539451
497 0.897136
497 0.115819
498 1.40379
498 0.1144
498 0.528429
498 0.175414
498 0.367603
498 0.0796356
498 0.156967
498 0.0110131
498 0.277637
498 1.5508
498 0.134428
498 0.131577
498 0.0592856
498 0.0246639
498 0.117821
498 0.481445
498 0.888161
587 4.60547e-23
525 0
891 0
493 0
493 0
493 0
490 0
494 0
481 0
475 0
359 0
512 0
718 0
498 0.0362073
498 0.0374793
498 0.0526129
498 0.095617
498 0.0343539
498 0.0354683
498 0.0541531
498 0.0949569
498 0.0346591
498 0.0473397
498 0.0608669
498 0.037127
498 0.0829542
498 0.0687353
498 0.0608911
497 0.0802362
497 0.0934595
497 0.0450558
497 0.0810427
497 0.0428313
497 0.0379581
497 0.0569897
496 0.130118
496 0.0935393
496 0.0433589
496 0.0886475
496 0.147414
496 0.0568621
496 0.0391367
495 0.0909709
495 0.0512259
495 0.0351169
495 0.079676
495 0.0540228
495 0.0675146
495 0.175596
495 0.0390204
495 0.048608
494 0.0473914
494 0.0567474
494 0.0576884
494 0.0402127
494 0.0501864
494 0.089512
494 0.0836606
494 0.0347982
494 0.0559229
494 0.0357039
494 0.0516466
494 0.0376537
494 0.058796
494 0.15701
494 0.157595
494 0.139276
493 0.0399087
493 0.0726143
493 0.0591629
493 0.046909
493 0.0422232
493 0.0405074
493 0.0876988
493 0.0782658
493 0.0421305
492 0.0486408
492 0.0376682
492 0.0823208
492 0.0466105
492 0.0406332
492 0.0447498
492 0.0723991
492 0.168759
492 0.038712
491 0.066123
491 0.0363798
491 0.0431005
491 0.0828438
491 0.0598992
490 0.0398668
490 0.142743
490 0.0540806
490 0.132646
490 0.0419386
490 0.0924732
489 0.0388472
500 0
565 0
475 0
0 0
500 0
475 0
0 0
501 0.259442
501 0.25519
501 0.45004
501 0.044258
501 0.0599824
476 0
358 0
505 0
643 0
481 0.0767941
494 0.132493
493 0.0945359
493 1.24694
493 1.62503
493 0.051054
475 0
498 0
498 0.310428
513 0
647 0
525 0
889 0
1032 0
499 0
505 0
563 0
499 0.554115
499 0.20536
499 0.0411992
475 0
255 0
475 0
525 0
850 0
1149 0
