0 -1
386 1
0 -1
64 1
0 -1
475 1
0 -1
317 1
0 -1
405 1
0 -1
8 1
0 -1
475 1
0 -1
475 1
0 -1
475 1
0 -1
475 1
0 -1
256 1
0 -1
108 1
0 -1
283 1
0 -1
326 1
0 -1
191 1
0 -1
475 1
0 -1
0 1
0 -1
253 1
0 -1
425 1
0 -1
475 1
0 -1
475 1
0 -1
475 1
0 -1
475 1
0 -1
416 1
0 -1
475 1
0 -1
333 1
0 -1
0 1
0 -1
475 1
0 -1
450 1
0 -1
421 1
0 -1
475 1
0 -1
475 1
0 -1
0 1
0 -1
475 1
0 -1
448 1
0 -1
0 1
0 -1
475 1
0 -1
475 1
0 -1
475 1
0 -1
475 1
0 -1
475 1
0 -1
334 1
0 -1
391 1
0 -1
332 1
0 -1
475 1
0 -1
471 1
0 -1
475 1
0 -1
475 1
0 -1
475 1
0 -1
23 1
0 -1
427 1
0 -1
55 1
0 -1
475 1
0 -1
158 1
0 -1
398 1
0 -1
475 1
0 -1
384 1
0 -1
202 1
0 -1
291 1
0 -1
475 1
0 -1
165 1
0 -1
475 1
0 -1
466 1
0 -1
475 1
0 -1
475 1
0 -1
475 1
0 -1
427 1
0 -1
475 1
0 -1
384 1
0 -1
475 1
0 -1
475 1
0 -1
258 1
0 -1
323 1
0 -1
443 1
0 -1
334 1
0 -1
475 1
0 -1
475 1
0 -1
177 1
0 -1
325 1
0 -1
475 1
0 -1
227 1
0 -1
475 1
0 -1
475 1
0 -1
218 1
0 -1
475 1
0 -1
475 1
0 -1
208 1
0 -1
475 1
0 -1
475 1
0 -1
363 1
0 -1
460 1
0 -1
475 1
0 -1
390 1
0 -1
0 1
0 -1
236 1
0 -1
0 1
0 -1
395 1
0 -1
400 1
0 -1
475 1
0 -1
409 1
