475 0
502 0.00041358
475 0
0 0
475 0
492 2.00663e-05
499 0.00039563
495 3.07922e-05
477 0.000323213
501 0.000277658
486 0.000259957
496 0.000218937
494 8.53572e-05
491 0.00010979
477 0
264 0
475 0
476 0.000170087
478 8.62613e-05
475 0
331 0
475 0
501 5.33602e-05
525 0
852 0
475 0
487 6.87389e-05
493 0.000211472
482 0.000216926
475 0
154 0
475 0
525 0
850 0
1149 0
475 0
525 0
850 0
1149 0
475 0
525 0
850 0
1149 0
475 0
475 0.000260944
475 0
415 0
475 0
479 0.000146263
482 4.13978e-05
495 0.000220218
495 0.000271584
501 0
680 0
475 0
498 0.000137736
508 0.00037211
507 4.62444e-05
507 0.000200694
508 0.000179258
499 0
320 0
475 0
525 0
850 0
1149 0
475 0
480 6.72682e-05
484 9.60511e-05
478 0.000217243
475 0
138 0
475 0
482 0.000288683
479 0.000302611
483 6.00256e-06
500 0
682 0
475 0
487 0.000215172
487 0.000268847
500 0
609 0
475 0
506 0.000227972
505 0.000121177
500 0.00025764
510 0.000214064
510 4.41826e-05
496 0
323 0
475 0
525 0
850 0
1149 0
475 0
476 8.28546e-05
487 0.000167063
500 0.000358186
488 0
325 0
475 0
525 0
850 0
1149 0
475 0
525 0
850 0
1149 0
475 0
485 0.000394853
475 0
0 0
475 0
496 0.000182711
500 0.000171638
477 0
101 0
475 0
478 0.000175449
480 0.000312777
475 0
0 0
475 0
481 0.000336576
475 0
275 0
475 0
495 0.00019426
496 0.00018746
499 4.60442e-05
504 0.000186813
509 0
564 0
475 0
515 0.000394396
494 4.41301e-05
483 0.00016887
475 0
0 0
475 0
479 0.000166468
482 3.10747e-05
484 0.000310672
475 0.00029477
476 8.99698e-05
484 0.000268482
476 0
344 0
475 0
476 5.18455e-05
506 0
779 0
475 0
510 0.000123215
523 0
634 0
475 0
494 0.000170987
501 0
566 0
475 0
525 0
850 0
1149 0
475 0
492 3.89893e-05
504 0.000306376
504 6.12451e-05
478 0
253 0
475 0
490 0.000198877
491 0.000239418
491 0.000148135
479 0.000308001
486 0.000262077
475 0
134 0
475 0
500 0.000190073
504 0
540 0
475 0
525 0
850 0
1149 0
475 0
485 7.96032e-05
509 0
726 0
475 0
475 0.000155766
475 0.000309667
475 0
346 0
475 0
507 0.000386126
505 0.000333369
522 0.000216057
516 0
458 0
475 0
479 0.000231598
479 0.000118312
484 2.71314e-05
499 0
696 0
475 0
488 0.000394299
475 0
8 0
475 0
515 0.000139253
525 0
651 0
475 0
491 0.000308932
489 0.000324963
499 0.000319394
475 0
0 0
475 0
486 0.000171826
489 0.0001369
475 0
201 0
475 0
479 0.000355744
475 0
158 0
475 0
480 0.000310639
475 0
335 0
475 0
504 0.000242535
503 0.000155885
486 3.6716e-05
485 0
453 0
475 0
486 2.21075e-07
525 0
850 0
1147 0
1149 0
475 0
482 0.000163446
489 0.000297705
490 0
502 0
475 0
488 0.000415758
482 0.000115372
480 0.000158645
475 0
276 0
475 0
475 0.000389272
475 0
0 0
475 0
510 0.000276312
505 0.000303694
475 0
301 0
475 0
476 0.000132258
491 0
621 0
475 0
481 5.50569e-05
511 0
783 0
475 0
525 0
850 0
1149 0
475 0
485 0.000166482
490 0.000207463
487 0
443 0
475 0
475 6.58026e-05
477 0.00025586
475 0
101 0
475 0
525 0
850 0
1149 0
475 0
525 0
850 0
1149 0
475 0
479 0.000302275
475 0
320 0
475 0
521 0.000195559
523 0
547 0
475 0
525 0
850 0
1149 0
475 0
496 0.000320845
477 0
305 0
475 0
476 0.000165171
482 0.000125842
481 0
339 0
475 0
477 0.000240708
476 0.000353902
478 0.000124597
525 0
1149 0
475 0
485 0.000273446
478 0
411 0
475 0
481 0.000252917
475 0
424 0
475 0
484 0.000183368
488 0
524 0
475 0
479 0.000188701
483 0
519 0
475 0
492 0.000131521
502 0.000369249
490 6.11251e-05
481 0
351 0
475 0
525 0
850 0
1149 0
475 0
525 0
850 0
1149 0
475 0
505 0.000391738
503 6.77008e-05
500 1.48026e-05
497 0
459 0
475 0
525 0
850 0
1149 0
475 0
483 0.000364473
482 0.000214948
484 0.000283168
481 0.000130911
478 0
450 0
475 0
498 0.000127231
505 0.000197862
482 0
38 0
475 0
478 0.000197225
480 0
501 0
475 0
494 5.69721e-05
523 0
786 0
475 0
482 6.31348e-05
502 0.000352766
485 0.000270188
498 0.000253233
491 7.39914e-05
479 9.49478e-05
479 3.5136e-05
475 0
246 0
475 0
481 0.000252947
475 0
424 0
475 0
503 0.000349778
491 0.000341823
494 4.72979e-05
497 2.12479e-05
518 0
711 0
475 0
509 9.08816e-05
525 0
697 0
475 0
496 0.000409853
487 0.000241106
506 0
683 0
475 0
525 0
850 0
1149 0
475 0
500 0.000195428
501 0.000327893
486 4.25378e-05
483 4.45022e-06
475 0
363 0
475 0
485 0.000300003
475 0
374 0
475 0
525 0
850 0
1149 0
475 0
501 5.42175e-05
508 0.000276476
501 0.000135988
497 0.00012895
475 0
101 0
475 0
495 0.000195933
498 0
522 0
475 0
482 0.000206997
483 0.000369102
495 0
566 0
475 0
525 0
850 0
1149 0
475 0
525 0
850 0
1149 0
475 0
525 0
850 0
1149 0
475 0
480 0.00018845
481 1.60061e-06
483 0.000171929
475 0
95 0
475 0
482 0.000207663
483 0
493 0
475 0
483 0.000312482
475 5.27568e-05
475 0
371 0
475 0
484 0.000303121
475 0
324 0
475 0
525 0
850 0
1149 0
475 0
477 0.00016611
482 0.000378644
482 0
485 0
475 0
495 0.000281848
484 0
379 0
475 0
491 0.000408727
476 0.000345586
490 7.85899e-05
497 0.00020109
492 0
407 0
