475 0
525 0
850 0
1149 0
475 0
525 0
850 0
1149 0
475 0
491 0
491 0.186428
492 0
503 0
483 0
412 0
475 0
0 0
475 0
481 0
485 0
494 0
628 0
485 0.0162661
481 0.211558
475 0
525 0
850 0
1149 0
475 0
488 0
485 0
461 0
488 0.316797
475 0
519 0
519 0.127832
520 0
519 0
500 0
496 0
370 0
519 0
521 0
475 0
0 0
525 0
600 0
500 0.00968122
519 0.00358843
520 0.00771697
475 0
500 0
501 0
505 0
567 0
501 0.0357535
500 0.26759
475 0
495 0
495 0.143602
503 0
510 0
558 0
510 0
644 0
486 0
497 0
525 0
932 0
972 0
1149 0
503 0.100169
497 0.0451848
486 0.152674
485 0.417077
485 0.105298
484 0.0978269
484 0.120224
484 0.102775
484 0.221551
483 0.360333
483 0.244357
484 0.0436646
484 0.0549304
484 0.0979103
485 0.0697148
485 0.0461903
486 0.0787906
475 0
525 0
850 0
1149 0
475 0
525 0
850 0
1149 0
475 0
518 0
518 0.2079
510 0
441 0
525 0
869 0
1088 0
1149 0
524 0
575 0
486 0
198 0
475 0
525 0
850 0
1149 0
475 0
476 0
482 0
511 0
515 0
525 0
1053 0
515 0.159911
511 0.209896
482 0.107383
476 0.0141375
475 0
525 0
850 0
1149 0
475 0
525 0
850 0
1149 0
475 0
505 0
512 0
574 0
505 0.218054
475 0
525 0
850 0
1149 0
475 0
525 0
850 0
1149 0
475 0
479 0
491 0
607 0
479 0.159698
475 0
525 0
850 0
1149 0
475 0
525 0
850 0
1149 0
475 0
490 0
490 0.251404
488 0
470 0
489 0
492 0.001564
492 0.0374785
489 0.00463832
494 0
485 0
375 0
494 0.539925
494 0.133137
475 0
525 0
850 0
1149 0
475 0
509 0
509 0.134962
510 0
515 0
510 0
507 0
446 0
504 0
499 0
524 0
519 0
525 0
707 0
519 0.0183626
524 0.0493044
499 0.133142
504 0.00164515
520 0
525 0
670 0
520 0.0213314
525 0
673 0
510 0.00660742
515 0.0151042
510 0.016478
475 0
488 0
488 0.119518
500 0
604 0
488 0
483 0
440 0
488 0.123936
488 0.0850237
488 0.050669
491 0
497 0
556 0
491 0.0217357
492 0.35651
492 0.527421
492 0.251907
492 0.074976
491 0.0936403
475 0
525 0
850 0
1149 0
475 0
525 0
850 0
1149 0
475 0
520 0
520 0.278289
497 0
294 0
503 0
479 0
0 0
503 0.0308024
511 0
511 0
645 0
510 0.149453
510 0.100815
510 0.0268786
353 7.59786e-24
475 0
525 0
850 0
1149 0
475 0
500 0
497 0
492 0
414 0
497 0.128656
500 0.348908
475 0
525 0
850 0
1149 0
475 0
514 0
512 0
520 0
591 0
512 0.0970643
514 0.415376
475 0
518 0
518 0.158652
518 0
525 0
914 0
518 0
475 0
0 0
518 0.234348
518 0.163667
518 0.03443
513 0
475 0
518 0.0303205
475 0
498 0
498 0.173308
499 0
506 0
596 0
495 0
501 0
509 0
709 0
501 0.00897838
495 0.064211
503 0
521 0
522 0
525 0
851 0
1147 0
1149 0
522 0.0385851
521 0.118372
503 0.229924
506 0
574 0
499 0.0399163
475 0
513 0
525 0
718 0
513 0.143031
475 0
525 0
850 0
1149 0
475 0
525 0
850 0
1149 0
475 0
487 0
487 0.310753
475 0
257 0
488 0
489 0.001564
489 0.112991
488 0.0494108
508 0
690 0
475 0
493 0
497 0
497 0.272348
493 0.22989
503 0
545 0
525 0
785 0
475 0
485 0
525 0
945 0
968 0
995 0
485 0.039935
475 0
525 0
850 0
1149 0
475 0
495 0
507 0
613 0
495 0.169866
475 0
482 0
482 0.40728
475 0
146 0
475 0
394 0
476 0
495 0
757 0
476 0.0152265
475 0.105671
475 0.081395
475 0.0641775
475 0.0899111
475 0.225136
475 0.0366773
475 0
0 0
475 0
484 0
484 0.278083
475 0
331 0
475 0
0 0
475 0
525 0
850 0
1149 0
475 0
525 0
850 0
1149 0
475 0
525 0
850 0
1149 0
475 0
525 0
850 0
1149 0
475 0
525 0
850 0
1149 0
475 0
525 0
850 0
1149 0
475 0
475 0
486 0
589 0
475 0.200821
475 0
483 0
513 0
513 0.304886
483 0.00861411
506 0
475 0
216 0
493 0
342 0
491 0
475 0
0 0
506 0.0260854
490 0.632511
491 0.0639819
491 0.011286
491 0.546917
491 0.0551052
491 0.101826
491 0.001564
491 0.000115113
475 0
495 0
500 0
500 0.208769
495 0.133294
502 0
504 0
591 0
475 0
236 0
489 0
386 0
502 0.0167875
475 0
476 0
485 0
478 0
383 0
485 0.183908
476 0.0827961
475 0
483 0
482 0
475 0
192 0
482 0.0825312
483 0.316624
475 0
513 0
515 0
534 0
513 0.2721
475 0
484 0
484 0.0709828
520 0
523 0
518 0
525 0
874 0
1079 0
1149 0
488 0
475 0
0 0
488 0.053185
478 0
478 0
491 0
478 0.272521
476 0
503 0
908 0
518 0.0331049
523 0.076715
520 0.0366086
476 0.122125
475 0.130231
475 0.134016
475 0.126997
475 0.0214131
0 1.35512e-23
476 0.047653
475 0
488 0.0009184
525 0
852 0
1143 0
1149 0
475 0
525 0
850 0
1149 0
475 0
493 0
495 0
506 0
507 0
523 0
506 0.250999
495 0.098231
493 0.1937
475 0
481 0
481 0.220832
478 0
450 0
475 0
0 0
525 0
866 0
956 0
475 0
511 0
525 0
853 0
901 0
511 0.047888
475 0
493 0
494 0
489 0
422 0
494 0.1166
493 0.234391
475 0
505 0
515 0
602 0
505 0.187729
475 0
525 0
850 0
1149 0
475 0
506 0
506 0.278058
499 0
429 0
522 0
523 0
539 0
522 0.183561
522 0.118443
522 0.268761
522 0.0385409
522 0.104142
522 0.0560113
522 0.0551198
475 0
488 0
504 0
515 0
795 0
504 0.00737384
488 0.126728
475 0
525 0
850 0
1149 0
475 0
525 0
850 0
1149 0
475 0
525 0
850 0
1149 0
475 0
477 0
477 0.223874
482 0
527 0
475 0
35 0
475 0
483 0
483 0.0791845
490 0
486 0
481 0
483 0
511 0
475 0
295 0
492 0
574 0
481 0.016681
486 0.00835645
490 0.050482
475 0
490 0
500 0
500 0.278489
490 0.0139138
489 0
372 0
525 0
902 0
1022 0
1149 0
475 0
525 0
850 0
1149 0
475 0
485 0
485 0.149345
495 0
580 0
486 0
478 0
410 0
486 0.0173917
477 0
400 0
475 0
483 0
525 0
856 0
902 0
483 0.0433531
475 0
525 0
850 0
1149 0
475 0
525 0
850 0
1149 0
475 0
480 0
480 0.20505
488 0
554 0
475 0
383 0
475 0
525 0
850 0
1149 0
475 0
525 0
850 0
1149 0
475 0
484 0
498 0
498 0.125998
484 0.0197879
498 0
493 0
433 0
485 0
378 0
496 0
492 0
475 0
476 0
479 0
588 0
476 0.00516294
475 0.0660467
492 0.0686783
496 0.0148469
506 0
522 0
802 0
506 0.188401
500 0
516 0
498 0.00540738
475 0
514 0
520 0
525 0
765 0
520 0.15593
514 0.0503574
475 0
525 0
850 0
1149 0
475 0
525 0
850 0
1149 0
475 0
493 0
493 0.142089
494 0
494 0
504 0
504 0.000767956
504 0
505 0.000315677
525 0
899 0
1024 0
1149 0
483 0
401 0
504 0.00134328
504 0.0011041
494 0.00145497
494 0.00166759
475 0
525 0
850 0
1149 0
475 0
525 0
850 0
1149 0
475 0
486 0
492 0
544 0
486 0.233078
475 0
525 0
850 0
1149 0
475 0
484 0
491 0
491 0.114724
484 0.0269975
501 0
599 0
495 0
537 0
487 0
488 0
486 0
448 0
488 0.0324534
487 0.530677
487 0.00652112
487 0
488 0.001564
489 0.252187
487 0.107901
486 0.539057
486 0.0421445
486 0.1321
486 0.103826
486 0.0395076
486 0.0391018
487 0.0361927
475 0
525 0
850 0
1149 0
475 0
495 0
505 0
589 0
495 0.191273
475 0
525 0
850 0
1149 0
475 0
525 0
850 0
1149 0
475 0
503 0
516 0
516 0.169194
503 0.0890081
511 0
525 0
736 0
475 0
198 0
525 0
704 0
511 0.0216047
475 0
516 0
525 0
1001 0
516 0.045183
475 0
480 0
488 0
561 0
480 0.215216
475 0
525 0
850 0
1149 0
