475 0
525 0
850 0
1149 0
475 0
525 0
850 0
1149 0
475 0
525 0
850 0
1149 0
475 0
525 0
850 0
1149 0
475 0
497 0
525 0
1116 0
497 0.00858349
475 0
481 0
481 0
477 0
481 0.0729472
475 0
509 0
515 0
521 0
579 0
515 0.0405692
509 0.00278273
475 0
525 0
850 0
1149 0
475 0
505 0
506 0
505 0
475 0
0 0
505 0.0609208
506 0.00618259
505 0.0671194
475 0
510 0
525 0
729 0
510 0.0264111
475 0
495 0
501 0
519 0
669 0
501 0.0743448
495 0.0177212
475 0
488 0
484 0
450 0
488 0.082363
475 0
513 0
525 0
881 0
1060 0
1149 0
513 0.00340402
475 0
500 0
503 0
500 0.000670915
499 0
479 0
503 0.0894532
500 0.0583383
475 0
525 0
850 0
1149 0
475 0
479 0
475 0
0 0
479 0.133968
475 0
493 0
525 0
1004 0
493 0.0129301
475 0
495 0
493 0
475 0
212 0
493 0.0717532
495 0.0865979
475 0
476 0
477 0
475 0
129 0
477 0.0605133
476 0.0492124
475 0
525 0
850 0
1149 0
475 0
492 0
493 0
492 0
480 0
493 0.0375646
492 0.0248586
475 0
477 0
491 0
613 0
477 0.0389125
475 0
480 0
475 0
302 0
480 0.108828
475 0
525 0
850 0
1149 0
475 0
525 0
850 0
1149 0
475 0
525 0
850 0
1149 0
475 0
476 0
481 0
475 0
260 0
481 0.0400238
476 0.0483006
475 0
497 0
507 0
516 0
617 0
507 0.0243772
497 0.00484948
475 0
525 0
850 0
1149 0
475 0
525 0
850 0
1149 0
475 0
525 0
850 0
1149 0
475 0
522 0
525 0
850 0
1004 0
522 0.00841879
475 0
478 0
511 0
515 0
501 0
413 0
515 0.102895
511 0.046339
478 0.00548956
475 0
525 0
850 0
1149 0
475 0
525 0
850 0
1149 0
475 0
522 0
525 0
844 0
522 0.0199958
475 0
490 0
475 0
0 0
490 0.139048
475 0
475 0
475 0
370 0
475 0.0939001
475 0
518 0
525 0
850 0
1149 0
1149 0
518 0.00352984
475 0
477 0
487 0
577 0
477 0.0493023
475 0
524 0
513 0
420 0
524 0.0983214
475 0
498 0
486 0
482 8.27913e-05
478 0
502 0
508 0
510 0
475 0
0 0
510 0.0472741
508 0.0262738
502 0.0330494
478 0.120593
486 0.00399192
498 0.125902
475 0
525 0
850 0
1149 0
475 0
525 0
850 0
1149 0
475 0
480 0
483 0
475 0
278 0
483 0.12942
480 0.0508898
475 0
496 0
515 0
503 0
504 0
550 0
503 0.020777
515 0.100973
496 0.0200801
475 0
494 0
490 0
460 0
494 0.0787516
475 0
506 0
525 0
844 0
506 0.0145361
475 0
484 0
510 0
511 0
547 0
510 0.035278
484 0.0109684
475 0
487 0
485 0
485 0
498 0
510 0
953 0
498 0.00486098
485 0.0516441
485 0.00850399
487 0.110353
475 0
475 0
523 0
855 0
956 0
475 0.00871014
475 0
525 0
850 0
1149 0
475 0
486 0
525 0
866 0
1100 0
1149 0
486 0.0019663
475 0
480 0
475 0
364 0
480 0.100108
475 0
487 0
475 0
19 0
487 0.129531
475 0
480 0
483 0
475 0
181 0
483 0.0896164
480 0.0537652
475 0
475 0
503 0
511 0
623 0
503 0.0519486
475 0.0170012
475 0
525 0
850 0
1149 0
475 0
518 0
503 0
501 0
406 0
503 0.00483806
518 0.111145
475 0
485 0
478 0
475 0
399 0
478 0.0115875
485 0.117648
475 0
492 0
482 0
391 0
492 0.0941105
475 0
479 0
480 0
490 0
479 0.0691038
475 0
494 0
495 0
490 0
501 0
487 0
0 0
501 0.0839645
490 0.0592598
495 0.0798998
494 0.0152669
475 0
480 0
475 0
260 0
480 0.112084
475 0
495 0
505 0
595 0
495 0.0485355
475 0
492 0
497 0
525 0
861 0
900 0
497 0.00642475
492 0.0100109
475 0
475 0
475 0
459 0
475 0.0756416
475 0
525 0
850 0
1149 0
475 0
525 0
850 0
1149 0
475 0
491 0
499 0
478 0
290 0
499 0.0721092
491 0.0333257
475 0
525 0
850 0
1149 0
475 0
489 0
494 0
540 0
489 0.0584202
475 0
496 0
502 0
502 0
502 0
502 0.105203
496 0.0269641
475 0
509 0
488 0
488 0
578 0
488 0.0368479
509 0.11518
475 0
518 0
500 0
339 0
518 0.107587
475 0
525 0
850 0
1149 0
475 0
481 0
525 0
947 0
481 0.00909598
475 0
482 0
475 0
371 0
482 0.0994953
475 0
509 0
512 0
511 0
525 0
894 0
511 0.033176
512 0.127015
509 0.0478292
475 0
477 0
486 0
485 0
485 0
463 0
485 0.04807
486 0.0686137
477 0.047905
475 0
487 0
525 0
1149 0
487 0.00413913
475 0
510 0
525 0
872 0
956 0
510 0.0106545
475 0
525 0
850 0
1149 0
475 0
525 0
850 0
1149 0
475 0
481 0
488 0
487 0
478 0
478 0
476 0
475 0
0 0
476 0.0172103
478 0.0846623
478 0.0841111
487 0.0474015
488 0.0580248
481 0.0369737
475 0
484 0
485 0
486 0
497 0
485 0.0164895
484 0.0659205
475 0
513 0
518 0
559 0
513 0.0597692
475 0
479 0
475 0
0 0
479 0.132837
475 0
485 0
491 0
485 0
441 0
491 0.0826959
485 0.0359955
475 0
498 0
509 0
508 0
508 0
523 0
508 0.0181772
509 0.0689498
498 0.00841531
475 0
488 0
477 0
378 0
488 0.0996067
475 0
525 0
850 0
1149 0
475 0
489 0
514 0
518 0
519 0
514 0
511 0
498 0
277 0
511 0.0297027
514 0.0313272
519 0.0260107
518 0.0385618
514 0.0129675
489 0.0101134
475 0
525 0
850 0
1149 0
475 0
525 0
850 0
1149 0
475 0
490 0
490 0
475 0
271 0
490 0.0373157
490 0.0725486
475 0
525 0
850 0
1149 0
475 0
525 0
850 0
1149 0
475 0
513 0
506 0
507 0
494 0
273 0
507 0.0594975
506 0.0347136
513 0.125766
475 0
511 0
513 0
511 0
489 0
513 0.0858358
511 0.00173911
