475 1.93786e-21
475 1.45167e-17
475 1.32046e-17
475 2.72631e-09
475 7.0737e-27
475 1.06676e-148
475 4.59837e-05
475 4.20283e-19
475 9.53209e-24
475 8.48638e-11
475 1.93826e-95
475 2.1761e-12
475 7.11422e-54
475 8.13054e-77
475 9.30358e-65
475 3.53837e-10
475 4.70331e-14
475 5.04555e-21
475 6.25025e-17
475 3.87711e-06
475 2.26381e-11
475 4.86946e-29
475 5.25776e-26
475 4.48093e-13
475 3.89864e-48
475 4.73061e-66
475 1.17374e-27
475 0.000142911
475 6.41178e-05
475 2.16856e-05
475 9.17206e-06
475 6.4034e-07
475 4.52504e-06
475 7.08429e-06
