0 -1
475 1
0 -1
243 1
0 -1
367 1
0 -1
475 1
0 -1
0 1
0 -1
268 1
0 -1
306 1
0 -1
86 1
0 -1
293 1
0 -1
0 1
0 -1
370 1
0 -1
475 1
0 -1
275 1
0 -1
414 1
0 -1
154 1
0 -1
475 1
0 -1
325 1
0 -1
235 1
0 -1
475 1
0 -1
475 1
0 -1
475 1
0 -1
475 1
0 -1
224 1
0 -1
411 1
0 -1
423 1
0 -1
248 1
0 -1
0 1
0 -1
475 1
0 -1
475 1
0 -1
475 1
0 -1
0 1
0 -1
33 1
0 -1
475 1
0 -1
461 1
0 -1
475 1
0 -1
223 1
0 -1
475 1
0 -1
475 1
0 -1
475 1
0 -1
475 1
0 -1
52 1
0 -1
475 1
0 -1
450 1
0 -1
475 1
0 -1
475 1
0 -1
389 1
0 -1
0 1
0 -1
475 1
0 -1
413 1
0 -1
466 1
0 -1
475 1
0 -1
352 1
0 -1
475 1
0 -1
475 1
0 -1
437 1
0 -1
475 1
0 -1
0 1
0 -1
475 1
0 -1
6 1
0 -1
197 1
0 -1
475 1
0 -1
475 1
0 -1
220 1
0 -1
349 1
0 -1
423 1
0 -1
274 1
0 -1
416 1
0 -1
458 1
0 -1
0 1
0 -1
0 1
0 -1
475 1
0 -1
475 1
0 -1
475 1
0 -1
475 1
0 -1
162 1
0 -1
475 1
0 -1
0 1
0 -1
475 1
0 -1
475 1
0 -1
475 1
0 -1
251 1
0 -1
0 1
0 -1
253 1
0 -1
475 1
0 -1
475 1
0 -1
455 1
0 -1
0 1
0 -1
475 1
0 -1
7 1
0 -1
475 1
0 -1
475 1
0 -1
130 1
0 -1
475 1
0 -1
75 1
0 -1
475 1
0 -1
475 1
0 -1
475 1
0 -1
475 1
0 -1
475 1
0 -1
475 1
0 -1
475 1
0 -1
475 1
0 -1
475 1
0 -1
79 1
0 -1
475 1
0 -1
0 1
0 -1
314 1
0 -1
432 1
0 -1
466 1
0 -1
228 1
0 -1
123 1
0 -1
300 1
0 -1
211 1
0 -1
361 1
0 -1
475 1
0 -1
475 1
0 -1
475 1
0 -1
475 1
0 -1
475 1
0 -1
368 1
0 -1
432 1
0 -1
401 1
0 -1
363 1
0 -1
0 1
0 -1
427 1
0 -1
0 1
0 -1
475 1
0 -1
451 1
0 -1
475 1
0 -1
135 1
0 -1
475 1
0 -1
475 1
0 -1
393 1
0 -1
475 1
0 -1
191 1
0 -1
475 1
0 -1
475 1
0 -1
475 1
0 -1
0 1
0 -1
316 1
0 -1
475 1
0 -1
239 1
0 -1
0 1
0 -1
411 1
0 -1
475 1
0 -1
349 1
0 -1
381 1
0 -1
475 1
0 -1
394 1
0 -1
0 1
0 -1
0 1
0 -1
9 1
0 -1
311 1
0 -1
475 1
0 -1
212 1
0 -1
475 1
0 -1
475 1
0 -1
237 1
0 -1
474 1
0 -1
416 1
0 -1
475 1
0 -1
272 1
0 -1
471 1
0 -1
446 1
0 -1
475 1
0 -1
171 1
0 -1
355 1
0 -1
475 1
0 -1
475 1
0 -1
475 1
0 -1
349 1
0 -1
307 1
0 -1
306 1
0 -1
246 1
0 -1
475 1
0 -1
475 1
0 -1
475 1
0 -1
418 1
0 -1
475 1
0 -1
0 1
0 -1
475 1
0 -1
475 1
0 -1
425 1
0 -1
475 1
0 -1
194 1
0 -1
475 1
0 -1
162 1
0 -1
470 1
0 -1
278 1
0 -1
377 1
0 -1
230 1
0 -1
475 1
0 -1
238 1
0 -1
0 1
0 -1
0 1
0 -1
266 1
0 -1
332 1
0 -1
467 1
0 -1
0 1
0 -1
8 1
0 -1
475 1
0 -1
0 1
0 -1
465 1
0 -1
475 1
0 -1
0 1
0 -1
168 1
0 -1
475 1
0 -1
475 1
0 -1
422 1
0 -1
336 1
0 -1
324 1
0 -1
475 1
0 -1
460 1
0 -1
475 1
0 -1
475 1
0 -1
433 1
0 -1
475 1
0 -1
461 1
0 -1
404 1
0 -1
475 1
0 -1
351 1
0 -1
317 1
0 -1
245 1
0 -1
0 1
0 -1
475 1
0 -1
196 1
0 -1
475 1
0 -1
475 1
0 -1
250 1
0 -1
0 1
0 -1
475 1
0 -1
475 1
0 -1
281 1
0 -1
475 1
0 -1
475 1
0 -1
475 1
0 -1
226 1
0 -1
475 1
0 -1
352 1
0 -1
475 1
0 -1
240 1
0 -1
475 1
0 -1
475 1
0 -1
475 1
0 -1
0 1
0 -1
475 1
0 -1
0 1
0 -1
475 1
0 -1
418 1
0 -1
118 1
0 -1
475 1
0 -1
475 1
0 -1
231 1
0 -1
161 1
0 -1
475 1
0 -1
475 1
0 -1
252 1
0 -1
0 1
0 -1
475 1
0 -1
272 1
0 -1
404 1
0 -1
475 1
0 -1
248 1
0 -1
475 1
0 -1
415 1
0 -1
475 1
0 -1
359 1
0 -1
382 1
0 -1
475 1
0 -1
460 1
0 -1
475 1
0 -1
0 1
0 -1
475 1
0 -1
475 1
0 -1
0 1
0 -1
475 1
0 -1
475 1
0 -1
0 1
0 -1
0 1
0 -1
475 1
0 -1
152 1
0 -1
475 1
0 -1
133 1
0 -1
475 1
0 -1
436 1
0 -1
475 1
0 -1
407 1
0 -1
428 1
0 -1
21 1
0 -1
361 1
0 -1
426 1
0 -1
475 1
0 -1
391 1
0 -1
475 1
0 -1
475 1
0 -1
174 1
0 -1
300 1
0 -1
358 1
0 -1
421 1
0 -1
475 1
0 -1
475 1
0 -1
314 1
0 -1
0 1
0 -1
475 1
0 -1
283 1
0 -1
176 1
0 -1
401 1
0 -1
475 1
0 -1
475 1
0 -1
263 1
0 -1
475 1
0 -1
475 1
0 -1
348 1
0 -1
475 1
0 -1
381 1
0 -1
290 1
0 -1
475 1
0 -1
475 1
0 -1
371 1
0 -1
404 1
0 -1
475 1
0 -1
430 1
0 -1
294 1
0 -1
475 1
0 -1
433 1
0 -1
475 1
0 -1
475 1
0 -1
61 1
0 -1
448 1
0 -1
315 1
0 -1
452 1
0 -1
358 1
0 -1
475 1
0 -1
134 1
0 -1
475 1
0 -1
0 1
0 -1
475 1
0 -1
475 1
0 -1
300 1
0 -1
202 1
0 -1
433 1
0 -1
475 1
0 -1
392 1
0 -1
385 1
0 -1
475 1
0 -1
435 1
0 -1
252 1
0 -1
349 1
0 -1
0 1
0 -1
475 1
0 -1
364 1
0 -1
475 1
0 -1
370 1
0 -1
140 1
0 -1
475 1
0 -1
152 1
0 -1
473 1
0 -1
475 1
0 -1
382 1
0 -1
475 1
0 -1
393 1
0 -1
471 1
0 -1
191 1
0 -1
475 1
0 -1
443 1
0 -1
475 1
0 -1
0 1
0 -1
475 1
0 -1
263 1
0 -1
357 1
0 -1
248 1
0 -1
394 1
0 -1
472 1
0 -1
475 1
0 -1
475 1
0 -1
475 1
0 -1
475 1
0 -1
422 1
0 -1
415 1
0 -1
475 1
0 -1
475 1
0 -1
242 1
0 -1
369 1
0 -1
388 1
0 -1
397 1
0 -1
288 1
0 -1
0 1
0 -1
454 1
0 -1
422 1
0 -1
475 1
0 -1
260 1
0 -1
471 1
0 -1
475 1
0 -1
475 1
0 -1
441 1
0 -1
0 1
0 -1
367 1
0 -1
342 1
0 -1
475 1
0 -1
475 1
0 -1
475 1
0 -1
394 1
0 -1
292 1
0 -1
432 1
0 -1
436 1
0 -1
475 1
0 -1
79 1
0 -1
475 1
0 -1
475 1
0 -1
475 1
0 -1
475 1
0 -1
475 1
0 -1
399 1
0 -1
214 1
0 -1
475 1
0 -1
91 1
0 -1
475 1
0 -1
234 1
0 -1
475 1
0 -1
475 1
0 -1
375 1
0 -1
204 1
0 -1
475 1
0 -1
475 1
0 -1
475 1
0 -1
467 1
0 -1
427 1
0 -1
475 1
0 -1
19 1
0 -1
475 1
0 -1
475 1
0 -1
208 1
0 -1
475 1
0 -1
475 1
0 -1
475 1
0 -1
350 1
0 -1
475 1
0 -1
475 1
0 -1
217 1
0 -1
475 1
0 -1
414 1
0 -1
475 1
0 -1
451 1
0 -1
475 1
0 -1
78 1
0 -1
407 1
0 -1
475 1
0 -1
475 1
0 -1
29 1
0 -1
394 1
0 -1
382 1
0 -1
475 1
0 -1
0 1
0 -1
475 1
0 -1
378 1
0 -1
475 1
0 -1
2 1
0 -1
475 1
0 -1
475 1
0 -1
260 1
0 -1
362 1
0 -1
475 1
0 -1
424 1
0 -1
374 1
0 -1
475 1
0 -1
210 1
0 -1
475 1
0 -1
409 1
0 -1
475 1
0 -1
475 1
0 -1
0 1
0 -1
475 1
0 -1
390 1
0 -1
475 1
0 -1
475 1
0 -1
412 1
0 -1
436 1
0 -1
475 1
0 -1
399 1
0 -1
362 1
0 -1
475 1
0 -1
475 1
0 -1
475 1
0 -1
403 1
0 -1
429 1
0 -1
0 1
0 -1
475 1
0 -1
475 1
0 -1
475 1
0 -1
475 1
0 -1
475 1
0 -1
475 1
0 -1
331 1
0 -1
475 1
0 -1
475 1
0 -1
475 1
0 -1
366 1
0 -1
475 1
0 -1
0 1
0 -1
475 1
0 -1
475 1
0 -1
474 1
0 -1
475 1
0 -1
366 1
0 -1
475 1
0 -1
475 1
0 -1
374 1
0 -1
475 1
0 -1
475 1
0 -1
475 1
0 -1
475 1
0 -1
475 1
0 -1
289 1
0 -1
475 1
0 -1
475 1
0 -1
297 1
0 -1
475 1
0 -1
475 1
0 -1
475 1
0 -1
444 1
0 -1
448 1
0 -1
475 1
0 -1
427 1
0 -1
475 1
0 -1
475 1
0 -1
475 1
0 -1
183 1
0 -1
465 1
0 -1
475 1
0 -1
65 1
0 -1
415 1
0 -1
475 1
0 -1
475 1
0 -1
475 1
0 -1
346 1
0 -1
223 1
0 -1
475 1
0 -1
475 1
0 -1
475 1
0 -1
475 1
0 -1
447 1
0 -1
437 1
0 -1
475 1
0 -1
317 1
0 -1
475 1
0 -1
370 1
0 -1
475 1
0 -1
347 1
0 -1
475 1
0 -1
330 1
0 -1
458 1
0 -1
435 1
0 -1
475 1
0 -1
475 1
0 -1
410 1
0 -1
92 1
0 -1
380 1
0 -1
179 1
0 -1
361 1
0 -1
475 1
0 -1
475 1
0 -1
475 1
0 -1
475 1
0 -1
475 1
0 -1
475 1
0 -1
475 1
0 -1
475 1
0 -1
312 1
0 -1
372 1
0 -1
475 1
0 -1
475 1
0 -1
309 1
0 -1
475 1
0 -1
468 1
0 -1
0 1
0 -1
411 1
0 -1
305 1
0 -1
475 1
0 -1
252 1
0 -1
0 1
0 -1
445 1
0 -1
391 1
0 -1
475 1
0 -1
475 1
0 -1
475 1
0 -1
0 1
0 -1
475 1
0 -1
475 1
0 -1
475 1
0 -1
475 1
0 -1
411 1
0 -1
395 1
0 -1
475 1
0 -1
475 1
0 -1
284 1
0 -1
171 1
0 -1
475 1
0 -1
0 1
0 -1
475 1
0 -1
475 1
0 -1
377 1
0 -1
323 1
0 -1
475 1
0 -1
0 1
0 -1
0 1
0 -1
299 1
0 -1
475 1
0 -1
475 1
0 -1
451 1
0 -1
204 1
0 -1
453 1
0 -1
386 1
0 -1
475 1
0 -1
475 1
0 -1
427 1
0 -1
210 1
0 -1
395 1
0 -1
475 1
0 -1
475 1
0 -1
475 1
0 -1
475 1
0 -1
475 1
0 -1
0 1
0 -1
475 1
0 -1
475 1
0 -1
475 1
0 -1
65 1
0 -1
475 1
0 -1
335 1
0 -1
475 1
0 -1
0 1
0 -1
475 1
0 -1
0 1
0 -1
145 1
0 -1
475 1
0 -1
475 1
0 -1
201 1
0 -1
339 1
0 -1
475 1
0 -1
352 1
0 -1
354 1
0 -1
467 1
0 -1
475 1
0 -1
475 1
0 -1
475 1
0 -1
475 1
0 -1
377 1
0 -1
367 1
0 -1
0 1
0 -1
417 1
0 -1
273 1
0 -1
346 1
0 -1
451 1
0 -1
475 1
0 -1
184 1
0 -1
152 1
0 -1
475 1
0 -1
475 1
0 -1
310 1
0 -1
475 1
0 -1
475 1
0 -1
0 1
0 -1
475 1
0 -1
475 1
0 -1
172 1
0 -1
386 1
0 -1
475 1
0 -1
452 1
0 -1
78 1
0 -1
475 1
0 -1
475 1
0 -1
381 1
0 -1
475 1
0 -1
475 1
0 -1
475 1
0 -1
475 1
0 -1
475 1
0 -1
464 1
0 -1
470 1
0 -1
261 1
0 -1
475 1
0 -1
410 1
0 -1
0 1
0 -1
475 1
0 -1
475 1
0 -1
0 1
0 -1
250 1
0 -1
335 1
0 -1
90 1
0 -1
475 1
0 -1
475 1
0 -1
0 1
0 -1
475 1
0 -1
475 1
0 -1
475 1
0 -1
453 1
0 -1
475 1
0 -1
475 1
0 -1
458 1
0 -1
475 1
0 -1
0 1
0 -1
0 1
0 -1
475 1
0 -1
0 1
0 -1
475 1
0 -1
475 1
0 -1
475 1
0 -1
398 1
0 -1
475 1
0 -1
315 1
0 -1
335 1
0 -1
289 1
0 -1
248 1
0 -1
475 1
0 -1
346 1
0 -1
431 1
0 -1
469 1
0 -1
418 1
0 -1
410 1
0 -1
342 1
0 -1
475 1
0 -1
475 1
0 -1
0 1
0 -1
475 1
0 -1
237 1
0 -1
469 1
0 -1
475 1
0 -1
217 1
0 -1
0 1
0 -1
475 1
0 -1
475 1
0 -1
454 1
0 -1
443 1
0 -1
475 1
0 -1
150 1
0 -1
472 1
0 -1
475 1
0 -1
0 1
0 -1
308 1
0 -1
475 1
0 -1
450 1
0 -1
465 1
0 -1
475 1
0 -1
0 1
0 -1
475 1
0 -1
475 1
0 -1
30 1
0 -1
231 1
0 -1
475 1
0 -1
360 1
0 -1
284 1
0 -1
475 1
0 -1
341 1
0 -1
475 1
0 -1
475 1
0 -1
430 1
0 -1
475 1
0 -1
416 1
0 -1
475 1
0 -1
308 1
0 -1
475 1
0 -1
450 1
0 -1
475 1
0 -1
475 1
0 -1
475 1
0 -1
241 1
0 -1
0 1
0 -1
475 1
0 -1
475 1
0 -1
475 1
0 -1
425 1
0 -1
475 1
0 -1
216 1
0 -1
455 1
0 -1
475 1
0 -1
426 1
0 -1
475 1
0 -1
475 1
0 -1
135 1
0 -1
203 1
0 -1
475 1
0 -1
424 1
0 -1
0 1
0 -1
475 1
0 -1
401 1
0 -1
60 1
0 -1
475 1
0 -1
475 1
0 -1
304 1
0 -1
0 1
0 -1
475 1
0 -1
285 1
0 -1
475 1
0 -1
475 1
0 -1
475 1
0 -1
475 1
0 -1
429 1
0 -1
251 1
0 -1
475 1
0 -1
475 1
0 -1
331 1
0 -1
139 1
0 -1
475 1
0 -1
475 1
0 -1
475 1
0 -1
302 1
0 -1
475 1
0 -1
475 1
0 -1
475 1
0 -1
462 1
0 -1
222 1
0 -1
0 1
0 -1
475 1
0 -1
475 1
0 -1
151 1
0 -1
308 1
0 -1
0 1
0 -1
384 1
0 -1
0 1
0 -1
475 1
0 -1
475 1
0 -1
475 1
0 -1
472 1
0 -1
168 1
0 -1
475 1
0 -1
475 1
0 -1
242 1
0 -1
380 1
0 -1
452 1
0 -1
264 1
0 -1
475 1
0 -1
361 1
0 -1
306 1
0 -1
320 1
0 -1
410 1
0 -1
475 1
0 -1
475 1
0 -1
475 1
0 -1
475 1
0 -1
0 1
0 -1
272 1
0 -1
178 1
0 -1
281 1
0 -1
475 1
0 -1
475 1
0 -1
334 1
0 -1
465 1
0 -1
475 1
0 -1
475 1
0 -1
475 1
0 -1
370 1
0 -1
205 1
0 -1
313 1
0 -1
475 1
0 -1
454 1
0 -1
475 1
0 -1
475 1
0 -1
475 1
0 -1
0 1
0 -1
460 1
0 -1
475 1
0 -1
415 1
0 -1
459 1
0 -1
185 1
0 -1
309 1
0 -1
475 1
0 -1
14 1
0 -1
475 1
0 -1
475 1
0 -1
315 1
0 -1
143 1
0 -1
0 1
0 -1
475 1
0 -1
475 1
0 -1
388 1
0 -1
205 1
0 -1
475 1
0 -1
475 1
0 -1
475 1
0 -1
0 1
0 -1
360 1
0 -1
446 1
0 -1
475 1
0 -1
475 1
0 -1
341 1
0 -1
475 1
0 -1
475 1
0 -1
102 1
0 -1
475 1
0 -1
289 1
0 -1
475 1
0 -1
475 1
0 -1
402 1
0 -1
239 1
0 -1
475 1
0 -1
372 1
0 -1
475 1
0 -1
475 1
0 -1
475 1
0 -1
475 1
0 -1
441 1
0 -1
200 1
0 -1
250 1
0 -1
418 1
0 -1
206 1
0 -1
236 1
0 -1
475 1
0 -1
210 1
0 -1
475 1
0 -1
475 1
0 -1
475 1
0 -1
475 1
0 -1
333 1
0 -1
404 1
0 -1
215 1
0 -1
475 1
0 -1
475 1
0 -1
452 1
0 -1
194 1
0 -1
475 1
0 -1
475 1
0 -1
411 1
0 -1
298 1
0 -1
475 1
0 -1
475 1
0 -1
475 1
0 -1
475 1
0 -1
0 1
0 -1
475 1
0 -1
419 1
0 -1
409 1
0 -1
317 1
0 -1
392 1
0 -1
475 1
0 -1
313 1
0 -1
462 1
0 -1
392 1
0 -1
475 1
0 -1
475 1
0 -1
431 1
0 -1
475 1
0 -1
365 1
0 -1
475 1
0 -1
0 1
0 -1
475 1
0 -1
228 1
0 -1
475 1
0 -1
262 1
0 -1
475 1
0 -1
0 1
0 -1
456 1
0 -1
122 1
0 -1
334 1
0 -1
475 1
0 -1
475 1
0 -1
475 1
0 -1
475 1
0 -1
475 1
0 -1
475 1
0 -1
475 1
0 -1
475 1
0 -1
0 1
0 -1
475 1
0 -1
320 1
0 -1
450 1
0 -1
475 1
0 -1
373 1
0 -1
218 1
0 -1
475 1
0 -1
475 1
0 -1
377 1
0 -1
475 1
0 -1
415 1
0 -1
128 1
0 -1
475 1
0 -1
400 1
0 -1
250 1
0 -1
108 1
0 -1
475 1
0 -1
433 1
0 -1
346 1
0 -1
475 1
0 -1
396 1
0 -1
91 1
0 -1
475 1
0 -1
475 1
0 -1
368 1
0 -1
342 1
0 -1
203 1
0 -1
475 1
0 -1
475 1
0 -1
372 1
0 -1
475 1
0 -1
231 1
0 -1
472 1
0 -1
475 1
0 -1
475 1
0 -1
475 1
0 -1
278 1
0 -1
423 1
