475 5.00381e-22
475 3.46338e-06
475 7.88292e-07
475 1.53388e-09
0 5.0494e-22
475 5.00381e-22
475 1.24107e-05
475 7.36084e-09
18 3.39972e-22
475 5.00381e-22
475 1.78075e-06
475 7.70925e-06
475 2.82056e-07
475 2.54957e-06
475 1.3695e-08
431 1.90512e-22
475 5.00381e-22
475 2.26781e-07
475 1.38061e-06
475 0
322 3.70583e-22
475 5.00381e-22
475 9.43128e-06
475 5.3431e-06
475 2.40626e-08
434 1.81543e-22
475 5.00381e-22
475 1.28133e-05
475 7.18665e-06
475 5.00381e-22
475 1.22493e-05
475 9.33215e-09
362 1.87399e-22
475 5.00381e-22
475 9.46575e-06
475 7.32757e-06
475 1.84915e-08
444 1.067e-22
475 5.00381e-22
475 1.05237e-05
475 9.53305e-09
62 3.77059e-22
475 5.00381e-22
475 6.23321e-06
475 1.3592e-06
475 8.66738e-06
475 3.7402e-06
