# Energy z_(mm) Energy_Dep Net_Charge
400000 0 0 0
400000 1 0 0
400000 2 0 0
400000 3 0 0
400000 4 0 0
400000 5 0 0
400000 6 0 0
400000 7 0 0
400000 8 0 0
400000 9 0 0
400000 10 0 0
400000 11 0 0
400000 12 0 0
400000 13 0 0
400000 14 0 0
400000 15 0 0
400000 16 0 0
400000 17 0 0
400000 18 0 0
400000 19 0 0
400000 20 0 0
400000 21 0 0
400000 22 0 0
400000 23 0 0
400000 24 0 0
400000 25 0 0
400000 26 0 0
400000 27 0 0
400000 28 0 0
400000 29 0 0
400000 30 0 0
400000 31 0 0
400000 32 0 0
400000 33 0 0
400000 34 0 0
400000 35 0 0
400000 36 0 0
400000 37 0 0
400000 38 0 0
400000 39 0 0
400000 40 0 0
400000 41 0 0
400000 42 0 0
400000 43 0 0
400000 44 0 0
400000 45 0 0
400000 46 0 0
400000 47 0 0
400000 48 0 0
400000 49 0 0
400000 50 0 0
400000 51 0 0
400000 52 0 0
400000 53 0 0
400000 54 0 0
400000 55 0 0
400000 56 0 0
400000 57 0 0
400000 58 0 0
400000 59 0 0
400000 60 0 0
400000 61 0 0
400000 62 0 0
400000 63 0 0
400000 64 0 0
400000 65 0 0
400000 66 0 0
400000 67 0 0
400000 68 0 0
400000 69 0 0
400000 70 0 0
400000 71 0 0
400000 72 0 0
400000 73 0 0
400000 74 0 0
400000 75 0 0
400000 76 0 0
400000 77 0 0
400000 78 0 0
400000 79 0 0
400000 80 0 0
400000 81 0 0
400000 82 0 0
400000 83 0 0
400000 84 0 0
400000 85 0 0
400000 86 0 0
400000 87 0 0
400000 88 0 0
400000 89 0 0
400000 90 0 0
400000 91 0 0
400000 92 0 0
400000 93 0 0
400000 94 0 0
400000 95 0 0
400000 96 0 0
400000 97 0 0
400000 98 0 0
400000 99 0 0
400000 100 0 0
400000 101 0 0
400000 102 0 0
400000 103 0 0
400000 104 0 0
400000 105 0 0
400000 106 0 0
400000 107 0 0
400000 108 0 0
400000 109 0 0
400000 110 0 0
400000 111 0 0
400000 112 0 0
400000 113 0 0
400000 114 0 0
400000 115 0 0
400000 116 0 0
400000 117 0 0
400000 118 0 0
400000 119 0 0
400000 120 0 0
400000 121 0 0
400000 122 0 0
400000 123 0 0
400000 124 0 0
400000 125 0 0
400000 126 0 0
400000 127 0 0
400000 128 0 0
400000 129 0 0
400000 130 0 0
400000 131 0 0
400000 132 0 0
400000 133 0 0
400000 134 0 0
400000 135 0 0
400000 136 0 0
400000 137 0 0
400000 138 0 0
400000 139 0 0
400000 140 0 0
400000 141 0 0
400000 142 0 0
400000 143 0 0
400000 144 0 0
400000 145 0 0
400000 146 0 0
400000 147 0 0
400000 148 0 0
400000 149 0 0
400000 150 0 0
400000 151 0 0
400000 152 0 0
400000 153 0 0
400000 154 0 0
400000 155 0 0
400000 156 0 0
400000 157 0 0
400000 158 0 0
400000 159 0 0
400000 160 0 0
400000 161 0 0
400000 162 0 0
400000 163 0 0
400000 164 0 0
400000 165 0 0
400000 166 0 0
400000 167 0 0
400000 168 0 0
400000 169 0 0
400000 170 0 0
400000 171 0 0
400000 172 0 0
400000 173 0 0
400000 174 0 0
400000 175 0 0
400000 176 0 0
400000 177 0 0
400000 178 0 0
400000 179 0 0
400000 180 0 0
400000 181 0 0
400000 182 0 0
400000 183 0 0
400000 184 0 0
400000 185 0 0
400000 186 0 0
400000 187 0 0
400000 188 0 0
400000 189 0 0
400000 190 0 0
400000 191 0 0
400000 192 0 0
400000 193 0 0
400000 194 0 0
400000 195 0 0
400000 196 0 0
400000 197 0 0
400000 198 0 0
400000 199 0 0
400000 200 0 0
400000 201 0 0
400000 202 0 0
400000 203 0 0
400000 204 0 0
400000 205 0 0
400000 206 0 0
400000 207 0 0
400000 208 0 0
400000 209 0 0
400000 210 0 0
400000 211 0 0
400000 212 0 0
400000 213 0 0
400000 214 0 0
400000 215 0 0
400000 216 0 0
400000 217 0 0
400000 218 0 0
400000 219 0 0
400000 220 0 0
400000 221 0 0
400000 222 0 0
400000 223 0 0
400000 224 0 0
400000 225 0 0
400000 226 0 0
400000 227 0 0
400000 228 0 0
400000 229 0 0
400000 230 0 0
400000 231 0 0
400000 232 0 0
400000 233 0 0
400000 234 0 0
400000 235 0 0
400000 236 0 0
400000 237 0 0
400000 238 0 0
400000 239 0 0
400000 240 0 0
400000 241 0 0
400000 242 0 0
400000 243 0 0
400000 244 0 0
400000 245 0 0
400000 246 0 0
400000 247 0 0
400000 248 0 0
400000 249 0 0
400000 250 0 0
400000 251 0 0
400000 252 0 0
400000 253 0 0
400000 254 0 0
400000 255 0 0
400000 256 0 0
400000 257 0 0
400000 258 0 0
400000 259 0 0
400000 260 0 0
400000 261 0 0
400000 262 0 0
400000 263 0 0
400000 264 0 0
400000 265 0 0
400000 266 0 0
400000 267 0 0
400000 268 0 0
400000 269 0 0
400000 270 0 0
400000 271 0 0
400000 272 0 0
400000 273 0 0
400000 274 0 0
400000 275 0 0
400000 276 0 0
400000 277 0 0
400000 278 0 0
400000 279 0 0
400000 280 0 0
400000 281 0 0
400000 282 0 0
400000 283 0 0
400000 284 0 0
400000 285 0 0
400000 286 0 0
400000 287 0 0
400000 288 0 0
400000 289 0 0
400000 290 0 0
400000 291 0 0
400000 292 0 0
400000 293 0 0
400000 294 0 0
400000 295 0 0
400000 296 0 0
400000 297 0 0
400000 298 0 0
400000 299 0 0
400000 300 0 0
400000 301 0 0
400000 302 0 0
400000 303 0 0
400000 304 0 0
400000 305 0 0
400000 306 0 0
400000 307 0 0
400000 308 0 0
400000 309 0 0
400000 310 0 0
400000 311 0 0
400000 312 0 0
400000 313 0 0
400000 314 0 0
400000 315 0 0
400000 316 0 0
400000 317 0 0
400000 318 0 0
400000 319 0 0
400000 320 0 0
400000 321 0 0
400000 322 0 0
400000 323 0 0
400000 324 0 0
400000 325 0 0
400000 326 0 0
400000 327 0 0
400000 328 0 0
400000 329 0 0
400000 330 0 0
400000 331 0 0
400000 332 0 0
400000 333 0 0
400000 334 0 0
400000 335 0 0
400000 336 0 0
400000 337 0 0
400000 338 0 0
400000 339 0 0
400000 340 0 0
400000 341 0 0
400000 342 0 0
400000 343 0 0
400000 344 0 0
400000 345 0 0
400000 346 0 0
400000 347 0 0
400000 348 0 0
400000 349 0 0
400000 350 0 0
400000 351 0 0
400000 352 0 0
400000 353 0 0
400000 354 0 0
400000 355 0 0
400000 356 0 0
400000 357 0 0
400000 358 0 0
400000 359 0 0
400000 360 0 0
400000 361 0 0
400000 362 0 0
400000 363 0 0
400000 364 0 0
400000 365 0 0
400000 366 0 0
400000 367 0 0
400000 368 0 0
400000 369 0 0
400000 370 0 0
400000 371 0 0
400000 372 0 0
400000 373 0 0
400000 374 0 0
400000 375 0 0
400000 376 0 0
400000 377 0 0
400000 378 0 0
400000 379 0 0
400000 380 0 0
400000 381 0 0
400000 382 0 0
400000 383 0 0
400000 384 0 0
400000 385 0 0
400000 386 0 0
400000 387 0 0
400000 388 0 0
400000 389 0 0
400000 390 0 0
400000 391 0 0
400000 392 0 0
400000 393 0 0
400000 394 0 0
400000 395 0 0
400000 396 0 0
400000 397 0 0
400000 398 0 0
400000 399 0 0
400000 400 0 0
400000 401 0 0
400000 402 0 0
400000 403 0 0
400000 404 0 0
400000 405 0 0
400000 406 0 0
400000 407 0 0
400000 408 0 0
400000 409 0 0
400000 410 0 0
400000 411 0 0
400000 412 0 0
400000 413 0 0
400000 414 0 0
400000 415 0 0
400000 416 0 0
400000 417 0 0
400000 418 0 0
400000 419 0 0
400000 420 0 0
400000 421 0 0
400000 422 0 0
400000 423 0 0
400000 424 0 0
400000 425 0 0
400000 426 0 0
400000 427 0 0
400000 428 0 0
400000 429 0 0
400000 430 0 0
400000 431 0 0
400000 432 0 0
400000 433 0 0
400000 434 0 0
400000 435 0 0
400000 436 0 0
400000 437 0 0
400000 438 0 0
400000 439 0 0
400000 440 0 0
400000 441 0 0
400000 442 0 0
400000 443 0 0
400000 444 0 0
400000 445 0 0
400000 446 0 0
400000 447 0 0
400000 448 0 0
400000 449 0 0
400000 450 0 0
400000 451 0 0
400000 452 0 0
400000 453 0 0
400000 454 0 0
400000 455 0 0
400000 456 0 0
400000 457 0 0
400000 458 0 0
400000 459 0 0
400000 460 0 0
400000 461 0 0
400000 462 0 0
400000 463 0 0
400000 464 0 0
400000 465 0 0
400000 466 0 0
400000 467 0 0
400000 468 0 0
400000 469 0 0
400000 470 0 0
400000 471 0 0
400000 472 0 0
400000 473 0 0
400000 474 0 0
400000 475 0 0
400000 476 0 0
400000 477 0 0
400000 478 0 0
400000 479 9.11507e-07 0
400000 480 0 0
400000 481 8.787e-07 0
400000 482 0 0
400000 483 0 0
400000 484 0 0
400000 485 0 0
400000 486 0 0
400000 487 8.98293e-06 0
400000 488 3.84675e-06 0
400000 489 0 0
400000 490 0 0
400000 491 1.81325e-06 0
400000 492 1.77208e-06 0
400000 493 0 0
400000 494 1.82606e-06 0
400000 495 0 0
400000 496 5.50762e-06 0
400000 497 0 0
400000 498 1.38164e-06 0
400000 499 0 0
400000 500 0 0
400000 501 0 0
400000 502 2.57218e-06 0
400000 503 0 0
400000 504 7.10679e-06 0
400000 505 0 0
400000 506 0 0
400000 507 0 0
400000 508 0 0
400000 509 0 0
400000 510 0 0
400000 511 0 0
400000 512 0 0
400000 513 0 0
400000 514 2.84205e-06 0
400000 515 8.91677e-07 0
400000 516 0 0
400000 517 3.05522e-06 0
400000 518 0 0
400000 519 0 0
400000 520 0 0
400000 521 0 0
400000 522 0 0
400000 523 0 0
400000 524 0 0
400000 525 0 0
400000 526 0 0
400000 527 0 0
400000 528 0 0
400000 529 0 0
400000 530 0 0
400000 531 0 0
400000 532 0 0
400000 533 0 0
400000 534 0 0
400000 535 0 0
400000 536 0 0
400000 537 0 0
400000 538 0 0
400000 539 0 0
400000 540 0 0
400000 541 0 0
400000 542 0 0
400000 543 0 0
400000 544 0 0
400000 545 0 0
400000 546 0 0
400000 547 0 0
400000 548 0 0
400000 549 0 0
400000 550 0 0
400000 551 0 0
400000 552 0 0
400000 553 0 0
400000 554 0 0
400000 555 0 0
400000 556 0 0
400000 557 0 0
400000 558 0 0
400000 559 0 0
400000 560 0 0
400000 561 0 0
400000 562 0 0
400000 563 0 0
400000 564 0 0
400000 565 0 0
400000 566 0 0
400000 567 0 0
400000 568 0 0
400000 569 0 0
400000 570 0 0
400000 571 0 0
400000 572 0 0
400000 573 0 0
400000 574 0 0
400000 575 0 0
400000 576 0 0
400000 577 0 0
400000 578 0 0
400000 579 0 0
400000 580 0 0
400000 581 0 0
400000 582 0 0
400000 583 0 0
400000 584 0 0
400000 585 0 0
400000 586 0 0
400000 587 0 0
400000 588 0 0
400000 589 0 0
400000 590 0 0
400000 591 0 0
400000 592 0 0
400000 593 0 0
400000 594 0 0
400000 595 0 0
400000 596 0 0
400000 597 0 0
400000 598 0 0
400000 599 0 0
400000 600 0 0
400000 601 0 0
400000 602 0 0
400000 603 0 0
400000 604 0 0
400000 605 0 0
400000 606 0 0
400000 607 0 0
400000 608 0 0
400000 609 0 0
400000 610 0 0
400000 611 0 0
400000 612 0 0
400000 613 0 0
400000 614 0 0
400000 615 0 0
400000 616 0 0
400000 617 0 0
400000 618 0 0
400000 619 0 0
400000 620 0 0
400000 621 0 0
400000 622 0 0
400000 623 0 0
400000 624 0 0
400000 625 0 0
400000 626 0 0
400000 627 0 0
400000 628 0 0
400000 629 0 0
400000 630 0 0
400000 631 0 0
400000 632 0 0
400000 633 0 0
400000 634 0 0
400000 635 0 0
400000 636 0 0
400000 637 0 0
400000 638 0 0
400000 639 0 0
400000 640 0 0
400000 641 0 0
400000 642 0 0
400000 643 0 0
400000 644 0 0
400000 645 0 0
400000 646 0 0
400000 647 0 0
400000 648 0 0
400000 649 0 0
400000 650 0 0
400000 651 0 0
400000 652 0 0
400000 653 0 0
400000 654 0 0
400000 655 0 0
400000 656 0 0
400000 657 0 0
400000 658 0 0
400000 659 0 0
400000 660 0 0
400000 661 0 0
400000 662 0 0
400000 663 0 0
400000 664 0 0
400000 665 0 0
400000 666 0 0
400000 667 0 0
400000 668 0 0
400000 669 0 0
400000 670 0 0
400000 671 0 0
400000 672 0 0
400000 673 0 0
400000 674 0 0
400000 675 0 0
400000 676 0 0
400000 677 0 0
400000 678 0 0
400000 679 0 0
400000 680 0 0
400000 681 0 0
400000 682 0 0
400000 683 0 0
400000 684 0 0
400000 685 0 0
400000 686 0 0
400000 687 0 0
400000 688 0 0
400000 689 0 0
400000 690 0 0
400000 691 0 0
400000 692 0 0
400000 693 0 0
400000 694 0 0
400000 695 0 0
400000 696 0 0
400000 697 0 0
400000 698 0 0
400000 699 0 0
400000 700 0 0
400000 701 0 0
400000 702 0 0
400000 703 0 0
400000 704 0 0
400000 705 0 0
400000 706 0 0
400000 707 0 0
400000 708 0 0
400000 709 0 0
400000 710 0 0
400000 711 0 0
400000 712 0 0
400000 713 0 0
400000 714 0 0
400000 715 0 0
400000 716 0 0
400000 717 0 0
400000 718 0 0
400000 719 0 0
400000 720 0 0
400000 721 0 0
400000 722 0 0
400000 723 0 0
400000 724 0 0
400000 725 0 0
400000 726 0 0
400000 727 0 0
400000 728 0 0
400000 729 0 0
400000 730 0 0
400000 731 0 0
400000 732 0 0
400000 733 0 0
400000 734 0 0
400000 735 0 0
400000 736 0 0
400000 737 0 0
400000 738 0 0
400000 739 0 0
400000 740 0 0
400000 741 0 0
400000 742 0 0
400000 743 0 0
400000 744 0 0
400000 745 0 0
400000 746 0 0
400000 747 0 0
400000 748 0 0
400000 749 0 0
400000 750 0 0
400000 751 0 0
400000 752 0 0
400000 753 0 0
400000 754 0 0
400000 755 0 0
400000 756 0 0
400000 757 0 0
400000 758 0 0
400000 759 0 0
400000 760 0 0
400000 761 0 0
400000 762 0 0
400000 763 0 0
400000 764 0 0
400000 765 0 0
400000 766 0 0
400000 767 0 0
400000 768 0 0
400000 769 0 0
400000 770 0 0
400000 771 0 0
400000 772 0 0
400000 773 0 0
400000 774 0 0
400000 775 0 0
400000 776 0 0
400000 777 0 0
400000 778 0 0
400000 779 0 0
400000 780 0 0
400000 781 0 0
400000 782 0 0
400000 783 0 0
400000 784 0 0
400000 785 0 0
400000 786 0 0
400000 787 0 0
400000 788 0 0
400000 789 0 0
400000 790 0 0
400000 791 0 0
400000 792 0 0
400000 793 0 0
400000 794 0 0
400000 795 0 0
400000 796 0 0
400000 797 0 0
400000 798 0 0
400000 799 0 0
400000 800 0 0
400000 801 0 0
400000 802 0 0
400000 803 0 0
400000 804 0 0
400000 805 0 0
400000 806 0 0
400000 807 0 0
400000 808 0 0
400000 809 0 0
400000 810 0 0
400000 811 0 0
400000 812 0 0
400000 813 0 0
400000 814 0 0
400000 815 0 0
400000 816 0 0
400000 817 0 0
400000 818 0 0
400000 819 0 0
400000 820 0 0
400000 821 0 0
400000 822 0 0
400000 823 0 0
400000 824 0 0
400000 825 0 0
400000 826 0 0
400000 827 0 0
400000 828 0 0
400000 829 0 0
400000 830 0 0
400000 831 0 0
400000 832 0 0
400000 833 0 0
400000 834 0 0
400000 835 0 0
400000 836 0 0
400000 837 0 0
400000 838 0 0
400000 839 0 0
400000 840 0 0
400000 841 0 0
400000 842 0 0
400000 843 0 0
400000 844 0 0
400000 845 0 0
400000 846 0 0
400000 847 0 0
400000 848 0 0
400000 849 0 0
400000 850 0 0
400000 851 0 0
400000 852 0 0
400000 853 0 0
400000 854 0 0
400000 855 0 0
400000 856 0 0
400000 857 0 0
400000 858 0 0
400000 859 0 0
400000 860 0 0
400000 861 0 0
400000 862 0 0
400000 863 0 0
400000 864 0 0
400000 865 0 0
400000 866 0 0
400000 867 0 0
400000 868 0 0
400000 869 0 0
400000 870 0 0
400000 871 0 0
400000 872 0 0
400000 873 0 0
400000 874 0 0
400000 875 0 0
400000 876 0 0
400000 877 0 0
400000 878 0 0
400000 879 0 0
400000 880 0 0
400000 881 0 0
400000 882 0 0
400000 883 0 0
400000 884 0 0
400000 885 0 0
400000 886 0 0
400000 887 0 0
400000 888 0 0
400000 889 0 0
400000 890 0 0
400000 891 0 0
400000 892 0 0
400000 893 0 0
400000 894 0 0
400000 895 0 0
400000 896 0 0
400000 897 0 0
400000 898 0 0
400000 899 0 0
400000 900 0 0
400000 901 0 0
400000 902 0 0
400000 903 0 0
400000 904 0 0
400000 905 0 0
400000 906 0 0
400000 907 0 0
400000 908 0 0
400000 909 0 0
400000 910 0 0
400000 911 0 0
400000 912 0 0
400000 913 0 0
400000 914 0 0
400000 915 0 0
400000 916 0 0
400000 917 0 0
400000 918 0 0
400000 919 0 0
400000 920 0 0
400000 921 0 0
400000 922 0 0
400000 923 0 0
400000 924 0 0
400000 925 0 0
400000 926 0 0
400000 927 0 0
400000 928 0 0
400000 929 0 0
400000 930 0 0
400000 931 0 0
400000 932 0 0
400000 933 0 0
400000 934 0 0
400000 935 0 0
400000 936 0 0
400000 937 0 0
400000 938 0 0
400000 939 0 0
400000 940 0 0
400000 941 0 0
400000 942 0 0
400000 943 0 0
400000 944 0 0
400000 945 0 0
400000 946 0 0
400000 947 0 0
400000 948 0 0
400000 949 0 0
400000 950 0 0
400000 951 0 0
400000 952 0 0
400000 953 0 0
400000 954 0 0
400000 955 0 0
400000 956 0 0
400000 957 0 0
400000 958 0 0
400000 959 0 0
400000 960 0 0
400000 961 0 0
400000 962 0 0
400000 963 0 0
400000 964 0 0
400000 965 0 0
400000 966 0 0
400000 967 0 0
400000 968 0 0
400000 969 0 0
400000 970 0 0
400000 971 0 0
400000 972 0 0
400000 973 0 0
400000 974 0 0
400000 975 0 0
400000 976 0 0
400000 977 0 0
400000 978 0 0
400000 979 0 0
400000 980 0 0
400000 981 0 0
400000 982 0 0
400000 983 0 0
400000 984 0 0
400000 985 0 0
400000 986 0 0
400000 987 0 0
400000 988 0 0
400000 989 0 0
400000 990 0 0
400000 991 0 0
400000 992 0 0
400000 993 0 0
400000 994 0 0
400000 995 0 0
400000 996 0 0
400000 997 0 0
400000 998 0 0
400000 999 0 0
400000 1000 0 0
400000 1001 0 0
400000 1002 0 0
400000 1003 0 0
400000 1004 0 0
400000 1005 0 0
400000 1006 0 0
400000 1007 0 0
400000 1008 0 0
400000 1009 0 0
400000 1010 0 0
400000 1011 0 0
400000 1012 0 0
400000 1013 0 0
400000 1014 0 0
400000 1015 0 0
400000 1016 0 0
400000 1017 0 0
400000 1018 0 0
400000 1019 0 0
400000 1020 0 0
400000 1021 0 0
400000 1022 0 0
400000 1023 0 0
400000 1024 0 0
400000 1025 0 0
400000 1026 0 0
400000 1027 0 0
400000 1028 0 0
400000 1029 0 0
400000 1030 0 0
400000 1031 0 0
400000 1032 0 0
400000 1033 0 0
400000 1034 0 0
400000 1035 0 0
400000 1036 0 0
400000 1037 0 0
400000 1038 0 0
400000 1039 0 0
400000 1040 0 0
400000 1041 0 0
400000 1042 0 0
400000 1043 0 0
400000 1044 0 0
400000 1045 0 0
400000 1046 0 0
400000 1047 0 0
400000 1048 0 0
400000 1049 0 0
400000 1050 0 0
400000 1051 0 0
400000 1052 0 0
400000 1053 0 0
400000 1054 0 0
400000 1055 0 0
400000 1056 0 0
400000 1057 0 0
400000 1058 0 0
400000 1059 0 0
400000 1060 0 0
400000 1061 0 0
400000 1062 0 0
400000 1063 0 0
400000 1064 0 0
400000 1065 0 0
400000 1066 0 0
400000 1067 0 0
400000 1068 0 0
400000 1069 0 0
400000 1070 0 0
400000 1071 0 0
400000 1072 0 0
400000 1073 0 0
400000 1074 0 0
400000 1075 0 0
400000 1076 0 0
400000 1077 0 0
400000 1078 0 0
400000 1079 0 0
400000 1080 0 0
400000 1081 0 0
400000 1082 0 0
400000 1083 0 0
400000 1084 0 0
400000 1085 0 0
400000 1086 0 0
400000 1087 0 0
400000 1088 0 0
400000 1089 0 0
400000 1090 0 0
400000 1091 0 0
400000 1092 0 0
400000 1093 0 0
400000 1094 0 0
400000 1095 0 0
400000 1096 0 0
400000 1097 0 0
400000 1098 0 0
400000 1099 0 0
400000 1100 0 0
400000 1101 0 0
400000 1102 0 0
400000 1103 0 0
400000 1104 0 0
400000 1105 0 0
400000 1106 0 0
400000 1107 0 0
400000 1108 0 0
400000 1109 0 0
400000 1110 0 0
400000 1111 0 0
400000 1112 0 0
400000 1113 0 0
400000 1114 0 0
400000 1115 0 0
400000 1116 0 0
400000 1117 0 0
400000 1118 0 0
400000 1119 0 0
400000 1120 0 0
400000 1121 0 0
400000 1122 0 0
400000 1123 0 0
400000 1124 0 0
400000 1125 0 0
400000 1126 0 0
400000 1127 0 0
400000 1128 0 0
400000 1129 0 0
400000 1130 0 0
400000 1131 0 0
400000 1132 0 0
400000 1133 0 0
400000 1134 0 0
400000 1135 0 0
400000 1136 0 0
400000 1137 0 0
400000 1138 0 0
400000 1139 0 0
400000 1140 0 0
400000 1141 0 0
400000 1142 0 0
400000 1143 0 0
400000 1144 0 0
400000 1145 0 0
400000 1146 0 0
400000 1147 0 0
400000 1148 0 0
400000 1149 0 0
