475 0
475 3.47981e-05
475 0
418 0
475 0
506 4.37628e-05
492 3.03222e-06
491 3.31516e-05
489 3.00993e-05
516 3.78452e-05
502 6.28756e-06
475 0
0 0
475 0
502 4.80982e-05
486 4.04534e-05
501 1.71058e-05
525 0
676 0
475 0
486 2.65149e-05
488 0
507 0
475 0
523 4.38412e-05
517 4.80212e-05
525 0
662 0
475 0
479 2.93165e-05
479 1.2602e-06
477 3.42985e-05
476 2.20378e-05
479 2.04551e-05
475 0
312 0
475 0
525 0
850 0
1149 0
475 0
478 5.02805e-05
475 0
141 0
475 0
499 2.82508e-05
499 4.42668e-06
496 0
464 0
475 0
493 4.74163e-05
475 0
257 0
475 0
501 5.56207e-06
525 0
907 0
475 0
504 2.93874e-05
504 1.67484e-05
525 0
872 0
987 0
475 0
525 0
850 0
1149 0
475 0
489 5.55509e-05
488 4.51519e-05
494 3.39722e-05
488 0
439 0
475 0
522 4.37655e-05
521 1.23515e-05
516 4.7009e-05
525 0
1110 0
475 0
518 9.7937e-06
525 0
764 0
475 0
517 4.16779e-05
499 0
343 0
475 0
490 8.43819e-07
507 1.79413e-05
507 4.53745e-05
511 0
558 0
475 0
517 3.98718e-05
509 4.0579e-05
525 0
1149 0
475 0
480 1.58004e-07
511 4.55111e-05
505 4.79501e-05
525 0
832 0
475 0
494 5.20108e-05
479 1.17144e-05
477 1.35847e-05
483 0
542 0
475 0
525 0
850 0
1149 0
475 0
525 0
850 0
1149 0
475 0
475 7.39772e-06
495 3.8642e-05
491 0
456 0
475 0
486 1.94188e-05
487 4.76542e-05
488 9.76724e-06
475 0
265 0
475 0
493 1.01588e-05
513 2.97911e-05
525 0
794 0
475 0
482 3.22455e-05
481 2.18579e-05
517 0
843 0
475 0
479 1.82076e-06
516 1.66948e-05
516 1.62816e-05
522 2.79338e-05
525 0
601 0
475 0
519 4.30188e-05
517 3.10273e-05
525 0
759 0
475 0
525 0
850 0
1149 0
475 0
492 1.04201e-06
509 3.84833e-05
503 1.19357e-05
507 0
650 0
475 0
512 1.90438e-05
518 3.63804e-05
520 2.82155e-05
506 7.40947e-06
495 1.70157e-06
475 0
0 0
475 0
503 8.71711e-06
525 0
816 0
475 0
525 0
850 0
1149 0
475 0
513 1.87784e-07
521 1.97864e-05
525 0
595 0
475 0
505 9.83105e-06
519 5.2584e-05
510 2.13796e-05
518 1.82191e-05
511 0
412 0
475 0
508 9.97095e-06
510 1.60665e-05
503 3.45696e-05
500 2.71932e-05
500 2.36066e-05
501 2.15786e-05
498 1.4054e-05
475 1.36121e-05
475 0
435 0
475 0
476 3.12962e-05
475 0
444 0
475 0
501 2.40251e-05
504 4.80811e-05
509 5.8047e-06
521 3.86795e-05
516 1.44896e-05
520 0
698 0
475 0
525 0
850 0
1149 0
475 0
482 1.8128e-05
492 0
585 0
475 0
521 3.42404e-07
525 0
855 0
1130 0
1149 0
475 0
480 8.97408e-06
482 2.28739e-05
482 4.00285e-05
495 6.9629e-06
496 2.52841e-05
525 0
859 0
1107 0
1149 0
475 0
496 1.63895e-05
509 0
632 0
475 0
509 4.65329e-05
507 2.53884e-05
507 5.06482e-06
504 0
465 0
475 0
503 5.3453e-05
475 0
0 0
475 0
488 4.29201e-06
506 3.72519e-06
510 3.9115e-05
512 0
530 0
475 0
485 1.77274e-05
491 4.13304e-05
488 1.4743e-05
506 0
835 0
475 0
501 3.72529e-05
498 4.42324e-05
497 2.9404e-05
475 0
179 0
475 0
525 0
850 0
1149 0
475 0
488 1.75325e-06
525 0
878 0
1072 0
1149 0
475 0
475 5.37754e-05
475 0
0 0
475 0
495 4.38596e-05
490 2.67731e-05
497 4.50372e-05
490 2.504e-05
505 2.84187e-05
504 2.02064e-05
511 1.25843e-05
506 0
437 0
475 0
479 3.37476e-08
521 7.46241e-06
525 0
852 0
475 0
495 3.10232e-05
495 1.0731e-05
475 0
151 0
475 0
525 0
850 0
1149 0
475 0
485 7.66806e-06
491 2.87005e-05
475 0
256 0
475 0
505 1.26763e-06
513 2.3735e-05
514 0
518 0
475 0
493 4.77204e-05
486 3.55451e-05
515 3.27002e-05
511 2.05583e-05
508 3.60439e-05
523 1.90267e-05
522 7.46151e-06
523 0
554 0
475 0
518 4.48598e-05
506 3.3923e-05
504 4.13602e-05
516 0
636 0
475 0
494 3.86401e-05
484 0
390 0
475 0
492 3.9176e-07
512 4.72994e-05
487 0
254 0
475 0
511 2.64533e-05
513 0
532 0
475 0
525 0
850 0
1149 0
475 0
525 0
850 0
1149 0
475 0
525 0
850 0
1149 0
475 0
490 1.23127e-05
497 2.11338e-05
489 0
371 0
475 0
480 3.91624e-05
475 0
378 0
475 0
495 1.98649e-05
498 2.39614e-05
493 0
438 0
475 0
475 5.05975e-05
475 0
104 0
475 0
525 0
850 0
1149 0
475 0
497 3.8225e-05
487 0
401 0
475 0
499 3.46657e-06
525 0
850 0
971 0
475 0
525 0
850 0
1149 0
475 0
525 0
850 0
1149 0
475 0
500 2.31084e-05
503 2.33405e-05
493 0
394 0
475 0
525 0
850 0
1149 0
475 0
493 3.67382e-05
488 2.46385e-06
478 0
233 0
475 0
514 3.63178e-05
507 0
443 0
475 0
523 2.87223e-05
523 5.06988e-05
525 0
620 0
475 0
525 0
850 0
1149 0
475 0
491 1.96728e-05
498 5.00147e-06
507 0
706 0
475 0
484 4.72804e-05
475 0
237 0
475 0
481 3.31185e-05
481 2.70115e-05
488 1.4683e-05
489 1.41917e-05
497 0
749 0
475 0
478 4.75551e-05
475 0
148 0
475 0
525 0
850 0
1149 0
475 0
525 0
850 0
1149 0
475 0
475 4.69511e-05
475 0
243 0
475 0
484 3.71201e-06
491 5.28953e-05
475 0
0 0
475 0
498 4.33726e-05
498 4.0827e-05
503 0
544 0
475 0
483 2.539e-05
488 0
527 0
475 0
484 1.79207e-05
491 3.17236e-05
507 1.88838e-05
508 0
681 0
475 0
494 3.96458e-05
482 0
368 0
475 0
505 1.20678e-05
516 2.52924e-05
519 1.1316e-05
525 0
793 0
475 0
511 1.0825e-05
514 2.551e-05
495 0
280 0
475 0
485 1.78443e-05
489 8.54003e-06
487 3.89993e-05
475 0
155 0
475 0
496 3.74576e-06
514 1.09887e-05
525 0
1131 0
475 0
525 0
850 0
1149 0
475 0
509 2.39562e-05
509 2.22228e-05
490 3.34294e-05
514 0
777 0
475 0
475 5.88268e-06
503 3.13145e-05
499 0
400 0
