475 1.58242e-21
475 2.31314e-44
475 1.36307e-05
475 1.23963e-72
475 3.6277e-27
475 5.30878e-22
475 1.14036e-44
475 1.19163e-07
475 4.65237e-68
475 2.44878e-56
475 8.91743e-08
475 7.29071e-12
475 3.96496e-62
475 2.56049e-32
475 3.05491e-120
475 2.93182e-77
475 2.25734e-06
475 1.01294e-13
475 5.37771e-55
475 1.1401e-63
475 4.45123e-64
475 1.54237e-62
475 1.64457e-08
475 2.35099e-35
475 6.83216e-34
475 3.99599e-25
475 2.40195e-11
475 1.27888e-08
475 2.11286e-13
475 3.35101e-08
475 1.99481e-31
475 1.29253e-06
123 1.38631e-21
