475 1.11712e-21
475 2.97657
475 0.0115552
475 0.0118706
475 1.11712e-21
475 3
475 1.11712e-21
475 2.92086
475 0.079139
475 1.11712e-21
475 2.96346
475 0.00483616
475 0.00367545
475 0.0280238
475 1.11712e-21
475 3
475 1.11712e-21
475 2.87142
475 0.0939212
475 0.0141345
475 0.00989182
475 0.0106351
475 1.11712e-21
475 2.99156
475 0.008442
475 1.11712e-21
475 2.99227
475 0.00773071
475 1.11712e-21
475 2.97193
475 0.0280665
475 1.11712e-21
475 3
475 1.11712e-21
475 3
475 1.11712e-21
475 3
475 1.11712e-21
475 2.9443
475 0.00151797
475 0.0541853
475 1.11712e-21
475 3
475 1.11712e-21
475 3
475 1.11712e-21
475 2.99012
475 0.00988109
475 1.11712e-21
475 3
475 1.11712e-21
475 3
475 1.11712e-21
475 3
475 1.11712e-21
475 2.98543
475 0.0145746
475 1.11712e-21
475 2.97843
475 0.00113123
475 0.0204435
475 1.11712e-21
475 3
475 1.11712e-21
475 2.90234
475 0.0976634
475 1.11712e-21
475 3
475 1.11712e-21
475 2.98652
475 0.0134845
475 1.11712e-21
475 2.94278
475 0.0572196
475 1.11712e-21
475 3
475 1.11712e-21
475 3
475 1.11712e-21
475 3
475 1.11712e-21
475 3
475 1.11712e-21
475 3
475 1.11712e-21
475 3
475 1.11712e-21
475 3
475 1.11712e-21
475 2.99665
475 0.00334907
475 1.11712e-21
475 3
475 1.11712e-21
475 3
475 1.11712e-21
475 3
475 1.11712e-21
475 3
475 1.11712e-21
475 3
475 1.11712e-21
475 3
475 1.11712e-21
475 2.96254
475 0.0165277
475 0.0145597
475 0.00636834
475 1.11712e-21
475 3
475 1.11712e-21
475 2.98066
475 0.00701733
475 0.0123206
475 1.11712e-21
475 2.96569
475 0.0343145
475 1.11712e-21
475 2.9817
475 0.0182997
475 1.11712e-21
475 2.96461
475 0.0353946
475 1.11712e-21
475 3
475 1.11712e-21
475 2.99139
475 0.00861499
475 1.11712e-21
475 2.98218
475 0.0178182
475 1.11712e-21
475 3
475 1.11712e-21
475 2.91167
475 0.0883345
475 1.11712e-21
475 2.94608
475 0.0539233
475 1.11712e-21
475 2.96945
475 0.0055468
475 0.00751239
475 0.0174896
475 1.11712e-21
475 3
475 1.11712e-21
475 3
475 1.11712e-21
475 2.98033
475 0.0116817
475 0.00798605
475 1.11712e-21
475 2.96652
475 0.0241127
475 0.0093645
475 1.11712e-21
475 3
475 1.11712e-21
475 3
475 1.11712e-21
475 3
475 1.11712e-21
475 3
475 1.11712e-21
475 2.93369
475 0.0275401
475 0.0192303
475 0.00113632
475 0.00756461
475 0.0108346
475 1.11712e-21
475 2.98956
475 0.0104394
475 1.11712e-21
475 3
475 1.11712e-21
475 3
475 1.11712e-21
475 3
475 1.11712e-21
475 3
475 1.11712e-21
475 2.95304
475 0.0469595
475 1.11712e-21
475 3
475 1.11712e-21
475 2.99674
475 0.00326063
475 1.11712e-21
475 2.96793
475 0.019632
475 0.0124402
475 1.11712e-21
475 3
475 1.11712e-21
475 3
475 1.11712e-21
475 3
475 1.11712e-21
475 2.95848
475 0.0131981
475 0.0230157
475 0.00530713
475 1.11712e-21
475 2.96905
475 0.0309472
475 1.11712e-21
475 2.98865
475 0.011353
475 1.11712e-21
475 3
475 1.11712e-21
475 2.94839
475 0.0508933
475 0.000720535
475 1.11712e-21
475 3
475 1.11712e-21
475 2.90744
475 0.0925629
475 1.11712e-21
475 3
475 1.11712e-21
475 2.9544
475 0.0456026
475 1.11712e-21
475 2.94406
475 0.0527594
475 0.0031843
475 1.11712e-21
475 3
475 1.11712e-21
475 2.94969
475 0.0418497
475 0.00845573
475 1.11712e-21
475 3
475 1.11712e-21
475 3
475 1.11712e-21
475 3
475 1.11712e-21
475 3
475 1.11712e-21
475 3
475 1.11712e-21
475 2.96945
475 0.0305492
475 1.11712e-21
475 2.98361
475 0.00648053
475 0.00990481
475 1.11712e-21
475 3
475 1.11712e-21
475 2.98214
475 0.0178597
475 1.11712e-21
475 2.95313
475 0.046865
475 1.11712e-21
475 3
475 1.11712e-21
475 2.96457
475 0.0354307
475 1.11712e-21
475 2.97519
475 0.024119
475 0.0006861
475 1.11712e-21
475 2.94303
475 0.0338954
475 0.0230771
