508 -13
508 13
496 -13
496 13
491 -12
491 12
491 -1
492 1
484 -13
484 13
497 1
497 -1
492 -13
492 13
491 1
490 -1
490 1
490 -1
490 1
490 -1
491 -12
491 12
491 -1
492 1
492 1
492 -1
492 1
492 -1
492 1
492 -1
492 1
492 -1
492 1
492 -1
492 1
492 -1
492 1
492 -1
492 1
492 -1
492 1
492 -1
492 1
492 -1
492 1
492 -1
492 1
492 -1
492 1
492 -1
492 1
492 -1
492 1
492 -1
492 1
492 -1
492 1
492 -1
492 1
492 -1
492 1
492 -1
492 1
492 -1
491 1
491 -1
491 1
491 -1
491 1
491 -1
489 -13
489 13
481 1
481 -1
482 1
482 -1
487 1
487 -1
491 -13
491 13
