#  z (mm)   Energy_Dep  Net_Charge
0 4.45333e-25 -1.01
1 0 0
2 0 0
3 0 0
4 0 0
5 0 0
6 0 0
7 0 0
8 0 0
9 0 0
10 0 0
11 0 0
12 0 0
13 0 0
14 0 0
15 0 0
16 0 0
17 0 0
18 0 0
19 0 0
20 0 0
21 0 0
22 0 0
23 0 0
24 0 0
25 0 0
26 0 0
27 0 0
28 0 0
29 0 0
30 0 0
31 0 0
32 0 0
33 0 0
34 0 0
35 0 0
36 0 0
37 0 0
38 0 0
39 0 0
40 0 0
41 0 0
42 0 0
43 0 0
44 0 0
45 0 0
46 0 0
47 0 0
48 0 0
49 0 0
50 0 0
51 0 0
52 0 0
53 0 0
54 0 0
55 0 0
56 0 0
57 0 0
58 0 0
59 0 0
60 0 0
61 0 0
62 0 0
63 0 0
64 0 0
65 0 0
66 0 0
67 0 0
68 0 0
69 0 0
70 0 0
71 0 0
72 0 0
73 0 0
74 0 0
75 0 0
76 0 0
77 0 0
78 0 0
79 0 0
80 0 0
81 0 0
82 0 0
83 0 0
84 0 0
85 0 0
86 0 0
87 0 0
88 0 0
89 0 0
90 0 0
91 0 0
92 0 0
93 0 0
94 0 0
95 0 0
96 0 0
97 0 0
98 0 0
99 0 0
100 0 0
101 0 0
102 0 0
103 0 0
104 0 0
105 0 0
106 0 0
107 0 0
108 0 0
109 0 0
110 0 0
111 0 0
112 0 0
113 0 0
114 0 0
115 0 0
116 0 0
117 0 0
118 0 0
119 0 0
120 0 0
121 0 0
122 0 0
123 0 0
124 0 0
125 0 0
126 0 0
127 0 0
128 0 0
129 0 0
130 0 0
131 0 0
132 0 0
133 0 0
134 0 0
135 0 0
136 0 0
137 0 0
138 0 0
139 0 0
140 0 0
141 0 0
142 0 0
143 0 0
144 0 0
145 0 0
146 0 0
147 0 0
148 0 0
149 0 0
150 0 0
151 0 0
152 0 0
153 0 0
154 0 0
155 0 0
156 0 0
157 0 0
158 0 0
159 0 0
160 0 0
161 0 0
162 0 0
163 0 0
164 0 0
165 0 0
166 0 0
167 0 0
168 0 0
169 0 0
170 0 0
171 0 0
172 0 0
173 0 0
174 0 0
175 0 0
176 0 0
177 0 0
178 0 0
179 0 0
180 0 0
181 0 0
182 0 0
183 0 0
184 0 0
185 0 0
186 0 0
187 0 0
188 0 0
189 0 0
190 0 0
191 0 0
192 0 0
193 0 0
194 0 0
195 0 0
196 0 0
197 0 0
198 0 0
199 0 0
200 0 0
201 0 0
202 0 0
203 0 0
204 0 0
205 0 0
206 0 0
207 0 0
208 0 0
209 0 0
210 0 0
211 0 0
212 0 0
213 0 0
214 0 0
215 0 0
216 0 0
217 0 0
218 0 0
219 0 0
220 0 0
221 0 0
222 0 0
223 0 0
224 0 0
225 0 0
226 0 0
227 0 0
228 0 0
229 0 0
230 0 0
231 0 0
232 0 0
233 0 0
234 0 0
235 0 0
236 0 0
237 0 0
238 0 0
239 0 0
240 0 0
241 0 0
242 0 0
243 0 0
244 0 0
245 0 0
246 0 0
247 0 0
248 0 0
249 0 0
250 0 0
251 0 0
252 0 0
253 0 0
254 0 0
255 0 0
256 0 0
257 0 0
258 0 0
259 0 0
260 0 0
261 0 0
262 0 0
263 0 0
264 0 0
265 0 0
266 0 0
267 0 0
268 0 0
269 0 0
270 0 0
271 0 0
272 0 0
273 0 0
274 0 0
275 0 0
276 0 0
277 0 0
278 0 0
279 0 0
280 0 0
281 0 0
282 0 0
283 0 0
284 0 0
285 0 0
286 0 0
287 0 0
288 0 0
289 0 0
290 0 0
291 0 0
292 0 0
293 0 0
294 0 0
295 0 0
296 0 0
297 0 0
298 0 0
299 0 0
300 0 0
301 0 0
302 0 0
303 0 0
304 0 0
305 0 0
306 0 0
307 0 0
308 0 0
309 0 0
310 0 0
311 0 0
312 0 0
313 0 0
314 0 0
315 0 0
316 0 0
317 0 0
318 0 0
319 0 0
320 0 0
321 0 0
322 0 0
323 0 0
324 0 0
325 0 0
326 0 0
327 0 0
328 0 0
329 0 0
330 0 0
331 0 0
332 0 0
333 0 0
334 0 0
335 0 0
336 0 0
337 0 0
338 0 0
339 0 0
340 0 0
341 0 0
342 0 0
343 0 0
344 0 0
345 0 0
346 0 0
347 0 0
348 0 0
349 0 0
350 2.51101e-25 -0.01
351 0 0
352 0 0
353 0 0
354 0 0
355 0 0
356 0 0
357 0 0
358 0 0
359 0 0
360 0 0
361 0 0
362 0 0
363 0 0
364 0 0
365 0 0
366 0 0
367 0 0
368 0 0
369 0 0
370 0 0
371 0 0
372 0 0
373 0 0
374 0 0
375 0 0
376 0 0
377 0 0
378 0 0
379 0 0
380 0 0
381 0 0
382 0 0
383 0 0
384 0 0
385 0 0
386 0 0
387 0 0
388 0 0
389 0 0
390 0 0
391 0 0
392 0 0
393 0 0
394 0 0
395 0 0
396 0 0
397 0 0
398 0 0
399 0 0
400 0 0
401 0 0
402 0 0
403 0 0
404 0 0
405 0 0
406 0 0
407 0 0
408 0 0
409 0 0
410 0 0
411 0 0
412 0 0
413 0 0
414 0 0
415 0 0
416 0 0
417 0 0
418 0 0
419 0 0
420 0 0
421 0 0
422 0 0
423 0 0
424 0 0
425 0 0
426 0 0
427 0 0
428 0 0
429 0 0
430 0 0
431 0 0
432 0 0
433 0 0
434 0 0
435 0 0
436 0 0
437 0 0
438 0 0
439 0 0
440 0 0
441 0 0
442 0 0
443 0 0
444 0 0
445 0 0
446 0 0
447 0 0
448 0 0
449 0 0
450 0 0
451 0 0
452 0 0
453 0 0
454 0 0
455 0 0
456 0 0
457 0 0
458 0 0
459 0 0
460 0 0
461 0 0
462 0 0
463 0 0
464 0 0
465 0 0
466 0 0
467 0 0
468 0 0
469 0 0
470 0 0
471 0 0
472 0 0
473 0 0
474 0 0
475 0.608813 0.07
476 0.899943 0
477 0.936921 -0.01
478 1.03803 0.02
479 1.26215 -0.03
480 1.04984 -0.02
481 0.936905 0.03
482 1.21822 0.02
483 1.00341 0
484 0.900714 -0.03
485 1.00607 0
486 1.01988 0
487 1.16131 0.01
488 0.900017 -0.01
489 1.21879 0.05
490 1.10317 -0.04
491 0.871476 0
492 1.10096 0.02
493 1.06922 -0.01
494 1.05575 -0.01
495 1.27811 -0.03
496 1.12504 0.02
497 1.06807 0.03
498 1.08593 -0.03
499 1.03171 0.03
500 1.23733 -0.02
501 1.13714 0.02
502 0.989456 -0.02
503 1.0202 -0.01
504 1.14604 0.07
505 1.04717 -0.05
506 1.09769 0.04
507 1.14802 -0.01
508 0.992889 -0.03
509 1.16633 -0.02
510 1.1502 0.03
511 1.5312 -0.01
512 1.84638 0.03
513 1.10783 0
514 1.26383 0
515 1.11648 0.02
516 1.0311 -0.02
517 1.26164 -0.03
518 1.09593 0
519 1.78682 0.06
520 1.3747 -0.06
521 1.3635 0.03
522 1.43831 -0.01
523 1.29861 -0.01
524 1.30482 0.03
525 0.394694 0
526 0 0
527 0 0
528 0 0
529 0 0
530 0 0
531 0 0
532 0 0
533 0 0
534 0 0
535 0 0
536 0 0
537 0 0
538 0 0
539 0 0
540 0 0
541 0 0
542 0 0
543 0 0
544 0 0
545 0 0
546 0 0
547 0 0
548 0 0
549 0 0
550 0 0
551 0 0
552 0 0
553 0 0
554 0 0
555 0 0
556 0 0
557 0 0
558 0 0
559 0 0
560 0 0
561 0 0
562 0 0
563 0 0
564 0 0
565 0 0
566 0 0
567 0 0
568 0 0
569 0 0
570 0 0
571 0 0
572 0 0
573 0 0
574 0 0
575 0 0
576 0 0
577 0 0
578 0 0
579 0 0
580 0 0
581 0 0
582 0 0
583 0 0
584 0 0
585 0 0
586 0 0
587 0 0
588 0 0
589 0 0
590 0 0
591 0 0
592 0 0
593 0 0
594 0 0
595 0 0
596 0 0
597 0 0
598 0 0
599 0 0
600 0 0
601 0 0
602 0 0
603 0 0
604 0 0
605 0 0
606 0 0
607 0 0
608 0 0
609 0 0
610 0 0
611 0 0
612 0 0
613 1.86819e-24 -0.01
614 0 0
615 0 0
616 0 0
617 0 0
618 0 0
619 0 0
620 0 0
621 0 0
622 0 0
623 0 0
624 0 0
625 0 0
626 0 0
627 0 0
628 0 0
629 0 0
630 0 0
631 0 0
632 0 0
633 0 0
634 0 0
635 0 0
636 0 0
637 0 0
638 0 0
639 0 0
640 0 0
641 0 0
642 0 0
643 0 0
644 0 0
645 0 0
646 0 0
647 0 0
648 0 0
649 0 0
650 0 0
651 0 0
652 0 0
653 0 0
654 0 0
655 0 0
656 0 0
657 0 0
658 0 0
659 0 0
660 0 0
661 0 0
662 0 0
663 0 0
664 0 0
665 0 0
666 0 0
667 0 0
668 0 0
669 1.87958e-24 0.01
670 0 0
671 1.3798e-25 -0.01
672 0 0
673 0 0
674 0 0
675 0 0
676 0 0
677 0 0
678 0 0
679 0 0
680 0 0
681 0 0
682 0 0
683 0 0
684 0 0
685 0 0
686 0 0
687 0 0
688 0 0
689 0 0
690 0 0
691 0 0
692 0 0
693 0 0
694 0 0
695 0 0
696 0 0
697 0 0
698 0 0
699 0 0
700 0 0
701 0 0
702 0 0
703 0 0
704 0 0
705 0 0
706 0 0
707 0 0
708 3.12064e-25 -0.01
709 0 0
710 0 0
711 0 0
712 0 0
713 0 0
714 0 0
715 0 0
716 0 0
717 0 0
718 0 0
719 0 0
720 0 0
721 0 0
722 0 0
723 0 0
724 0 0
725 0 0
726 0 0
727 0 0
728 0 0
729 0 0
730 0 0
731 0 0
732 6.67423e-25 0.01
733 0 0
734 0 0
735 0 0
736 0 0
737 0 0
738 0 0
739 0 0
740 0 0
741 0 0
742 0 0
743 0 0
744 0 0
745 0 0
746 0 0
747 0 0
748 0 0
749 0 0
750 0 0
751 0 0
752 0 0
753 0 0
754 0 0
755 0 0
756 0 0
757 0 0
758 0 0
759 0 0
760 0 0
761 0 0
762 0 0
763 0 0
764 0 0
765 0 0
766 0 0
767 0 0
768 0 0
769 0 0
770 0 0
771 0 0
772 0 0
773 0 0
774 0 0
775 0 0
776 0 0
777 0 0
778 0 0
779 0 0
780 2.73612e-25 -0.01
781 0 0
782 0 0
783 0 0
784 0 0
785 0 0
786 0 0
787 0 0
788 0 0
789 0 0
790 0 0
791 0 0
792 0 0
793 0 0
794 0 0
795 0 0
796 0 0
797 0 0
798 0 0
799 0 0
800 0 0
801 0 0
802 0 0
803 0 0
804 0 0
805 0 0
806 0 0
807 0 0
808 0 0
809 0 0
810 0 0
811 0 0
812 0 0
813 0 0
814 0 0
815 0 0
816 0 0
817 0 0
818 0 0
819 0 0
820 0 0
821 0 0
822 0 0
823 0 0
824 0 0
825 0 0
826 0 0
827 0 0
828 0 0
829 0 0
830 0 0
831 0 0
832 0 0
833 0 0
834 0 0
835 0 0
836 0 0
837 0 0
838 0 0
839 0 0
840 0 0
841 0 0
842 0 0
843 0 0
844 0 0
845 0 0
846 0 0
847 0 0
848 0 0
849 0 0
850 1.95049e-23 0
851 2.03231e-05 0
852 8.52665e-25 0
853 5.35048e-25 0
854 0 0
855 2.6786e-05 0
856 1.89956e-05 0
857 0 0
858 2.74109e-25 0
859 2.44555e-05 0
860 5.35156e-05 0
861 1.66322e-05 0
862 0 0
863 2.38657e-05 0
864 3.62742e-05 0
865 0 0
866 0 0
867 5.8607e-25 0
868 0 0
869 2.55821e-05 0
870 4.41203e-05 0
871 1.84695e-05 0
872 0 0
873 0 0
874 8.60187e-06 0
875 1.83118e-05 0
876 2.43217e-05 0
877 2.45873e-05 0
878 0 0
879 4.90609e-05 0
880 0 0
881 0 0
882 0 0
883 1.40345e-05 0
884 4.42822e-05 0
885 0 0
886 0 0
887 4.38481e-05 0.01
888 2.52774e-05 -0.01
889 6.08274e-05 0
890 5.00881e-05 0
891 0 0
892 3.69191e-05 0
893 0 0
894 0 0
895 2.94101e-05 0
896 0 0
897 0 0
898 8.77045e-05 0
899 0 0
900 8.18508e-05 0
901 0 0
902 0 0
903 0 0
904 0.000105522 0
905 0.000159329 0
906 0 0
907 0 0
908 7.00421e-05 0
909 4.5577e-05 0
910 0 0
911 6.6769e-05 0
912 5.94851e-05 0
913 0.000137832 0
914 4.96452e-05 0
915 5.27592e-05 0.01
916 1.6013e-05 0
917 5.56933e-05 -0.01
918 8.16667e-05 0
919 9.24237e-05 0
920 2.65692e-05 0.01
921 4.84929e-05 -0.01
922 0.000105938 0
923 1.66628e-05 0
924 1.04378e-05 0
925 4.68346e-05 0.01
926 0 0
927 2.37016e-05 0
928 6.29516e-05 0
929 0 0
930 8.42917e-05 0.01
931 2.61824e-05 -0.01
932 0 0
933 0 0
934 0.000103641 0.01
935 0.000178091 0
936 0 0
937 0.000105066 0
938 2.69441e-05 -0.01
939 0.000104014 -0.01
940 1.75493e-05 0
941 1.47605e-05 0
942 6.44513e-05 0.01
943 0.000161503 0
944 3.84562e-05 -0.01
945 0.000112955 0
946 1.18201e-05 0
947 0 0
948 0 0
949 8.32505e-05 0
950 7.08991e-05 0.01
951 1.7808e-05 0
952 1.36909e-05 0
953 8.71288e-05 0
954 0 0
955 0 0
956 6.09112e-05 0.01
957 9.27494e-05 -0.01
958 0.000335005 0.01
959 0.000118656 0
960 9.58076e-05 0.01
961 9.86069e-05 0
962 0.000158384 0
963 1.28264e-05 0
964 0 0
965 6.31803e-05 0.01
966 0 0
967 9.37544e-05 0
968 3.0125e-05 0
969 1.70423e-05 0
970 2.39816e-05 0
971 0.00020306 0
972 0 0
973 1.50647e-05 0
974 4.12958e-05 0
975 0 0
976 0 0
977 0.000100122 0
978 0 0
979 0.000122992 0
980 0 0
981 1.27309e-05 0
982 3.95692e-05 0
983 0 0
984 0 0
985 0 0
986 0 0
987 0 0
988 0.000106661 0
989 9.73268e-05 0
990 0.000105887 0
991 0 0
992 9.43082e-05 0
993 0.000134759 0
994 1.32725e-06 0.01
995 2.83719e-05 0
996 1.20686e-05 -0.01
997 0 0
998 0 0
999 5.35094e-05 0
1000 0 0
1001 1.73633e-05 0
1002 0.000107448 0
1003 0.000190125 0
1004 1.72453e-05 0
1005 0 0
1006 0 0
1007 6.56655e-05 0
1008 0 0
1009 0 0
1010 0 0
1011 0 0
1012 0.000241192 0.02
1013 0.000196631 0
1014 2.09068e-05 -0.01
1015 7.33966e-05 0
1016 3.97566e-05 0
1017 0.000154625 0
1018 2.17688e-05 0
1019 1.91748e-05 0
1020 5.11305e-05 0
1021 0.000193041 0
1022 5.71743e-05 -0.01
1023 0 0
1024 0.000220576 0
1025 0 0
1026 0 0
1027 0 0
1028 2.1445e-05 0
1029 0 0
1030 0 0
1031 4.20104e-05 0.01
1032 4.61615e-05 -0.01
1033 0 0
1034 0 0
1035 0.00019512 0.01
1036 1.89434e-05 0
1037 6.79054e-05 0
1038 0.000102158 0
1039 0 0
1040 7.2981e-05 0
1041 0 0
1042 0 0
1043 0 0
1044 2.82429e-05 0
1045 0.000211128 0
1046 0 0
1047 0 0
1048 7.983e-05 0
1049 0 0
1050 0 0
1051 0.000131159 0
1052 0 0
1053 2.00545e-05 0
1054 0 0
1055 0 0
1056 0 0
1057 0 0
1058 0 0
1059 0.000114482 0
1060 5.43058e-05 0
1061 0 0
1062 1.81669e-05 0
1063 0 0
1064 0 0
1065 0.000212748 0
1066 0 0
1067 0 0
1068 1.58656e-05 0
1069 0 0
1070 1.82798e-05 0
1071 6.59176e-05 0.01
1072 0.000148401 0
1073 0 0
1074 0.000130274 0.02
1075 0.000102381 -0.01
1076 7.09253e-05 0
1077 7.76628e-05 0
1078 0 0
1079 3.67394e-05 -0.01
1080 0.000158313 0.01
1081 0.000180545 0
1082 1.52452e-05 0
1083 0 0
1084 4.75269e-05 0.01
1085 9.38775e-05 -0.01
1086 3.70648e-05 -0.01
1087 1.82209e-05 0
1088 0.000178659 0.01
1089 6.79895e-05 -0.01
1090 9.4102e-05 -0.01
1091 0.000141938 0
1092 0 0
1093 0 0
1094 0.000168803 0.01
1095 0 0
1096 0.000321352 0
1097 4.49759e-05 0
1098 5.97439e-05 0
1099 0.000277186 0.01
1100 0.000193042 -0.01
1101 2.58223e-05 -0.01
1102 3.33187e-05 0
1103 0 0
1104 0 0
1105 0 0
1106 0 0
1107 0 0
1108 0.000170014 0
1109 0 0
1110 0 0
1111 0.000151925 0.01
1112 0 0
1113 0.000149992 0.01
1114 3.99156e-05 -0.01
1115 5.74431e-05 0
1116 8.65002e-05 -0.01
1117 1.93463e-05 0
1118 0 0
1119 0 0
1120 8.55373e-05 0.01
1121 0.000153429 -0.01
1122 0 0
1123 0 0
1124 5.6169e-05 0
1125 7.14782e-05 0
1126 3.59623e-05 0
1127 0 0
1128 0.000120212 0
1129 0 0
1130 0 0
1131 0.000110964 0
1132 1.98912e-27 0.01
1133 0.00036602 0
1134 0 0
1135 1.3325e-06 0
1136 5.61652e-05 0
1137 2.82308e-06 0
1138 0.000229873 0
1139 0.000164255 0
1140 0.000175421 0
1141 5.56573e-05 0
1142 0 0
1143 0.000102101 0
1144 0.000141974 0
1145 0.000535325 0
1146 0.000303596 0
1147 0.000519719 0
1148 0.00105865 0
1149 0.00452619 0.87
