475 7.07646e-22
475 2.76239e-05
475 3.38678e-06
475 3.75681e-08
293 2.78883e-22
475 7.07646e-22
475 1.12378e-05
475 1.98802e-05
475 3.13417e-10
0 3.57076e-22
475 7.07646e-22
475 2.06961e-05
475 1.21308e-05
475 7.17318e-06
475 7.07646e-22
475 1.03095e-05
475 1.05329e-05
475 7.92509e-06
475 8.69913e-08
475 8.1025e-07
475 7.35367e-06
475 5.90832e-09
33 2.07726e-22
475 7.07646e-22
475 6.48557e-06
475 6.06157e-06
475 1.61098e-05
475 3.001e-06
475 2.10771e-08
225 2.42612e-22
475 7.07646e-22
475 2.11616e-05
475 8.70137e-06
475 3.22892e-06
475 6.16277e-07
458 1.76265e-22
475 7.07646e-22
475 2.15184e-06
475 3.66796e-06
475 1.58253e-05
475 1.3171e-05
475 5.18397e-06
475 7.07646e-22
475 4.2277e-06
475 1.88292e-05
475 1.03496e-05
475 4.12024e-09
0 3.0667e-22
475 7.07646e-22
475 2.70894e-05
475 6.90326e-06
475 3.68043e-09
315 1.98906e-22
475 7.07646e-22
475 1.50345e-05
475 7.87805e-06
475 1.1244e-05
475 5.8434e-06
