0 -1
477 1
475 1
475 -1
0 -1
477 1
475 1
475 -1
0 -1
477 1
475 1
475 -1
0 -1
477 1
475 1
475 -1
475 1
475 -1
0 -1
477 1
475 1
475 -1
475 1
475 -1
475 1
475 -1
475 1
475 -1
0 -1
477 1
475 1
475 -1
0 -1
477 1
0 -1
477 1
475 1
475 -1
0 -1
477 1
0 -1
477 1
475 1
475 -1
0 -1
477 1
475 1
475 -1
0 -1
477 1
475 1
475 -1
0 -1
477 1
0 -1
477 1
0 -1
477 1
475 1
475 -1
0 -1
477 1
0 -1
477 1
475 1
475 -1
0 -1
477 1
0 -1
477 1
475 1
475 -1
0 -1
477 1
475 1
475 -1
0 -1
477 1
475 1
475 -1
475 1
475 -1
0 -1
477 1
475 1
475 -1
475 1
475 -1
475 1
475 -1
0 -1
477 1
475 1
475 -1
475 1
475 -1
0 -1
477 1
0 -1
477 1
475 1
475 -1
0 -1
477 1
0 -1
477 1
475 1
475 -1
0 -1
477 1
0 -1
477 1
475 1
475 -1
475 1
475 -1
475 1
475 -1
0 -1
477 1
475 1
475 -1
0 -1
477 1
475 1
475 -1
0 -1
477 1
0 -1
477 1
475 1
475 -1
475 1
475 -1
0 -1
476 1
476 -13
476 13
475 1
475 -1
0 -1
477 1
0 -1
477 1
475 1
475 -1
0 -1
477 1
475 1
475 -1
0 -1
477 1
475 1
475 -1
475 1
475 -1
475 1
475 -1
0 -1
477 1
475 1
475 -1
0 -1
477 1
475 1
475 -1
475 1
475 -1
0 -1
477 1
0 -1
477 1
0 -1
477 1
0 -1
477 1
0 -1
477 1
0 -1
477 1
475 1
475 -1
0 -1
477 1
475 1
475 -1
0 -1
477 1
0 -1
477 1
475 1
475 -1
0 -1
477 1
475 1
475 -1
475 1
475 -1
475 1
475 -1
0 -1
477 1
475 1
475 -1
0 -1
477 1
0 -1
477 1
0 -1
477 1
0 -1
477 1
475 1
475 -1
0 -1
477 1
475 1
475 -1
475 1
475 -1
0 -1
477 1
475 1
475 -1
475 1
475 -1
475 1
475 -1
475 1
475 -1
0 -1
477 1
0 -1
477 1
475 1
475 -1
475 1
475 -1
0 -1
477 1
475 1
475 -1
0 -1
477 1
475 1
475 -1
475 1
475 -1
0 -1
477 1
475 1
475 -1
0 -1
477 1
475 1
475 -1
475 1
475 -1
0 -1
477 1
475 1
475 -1
475 1
475 -1
0 -1
477 1
475 1
475 -1
0 -1
477 1
0 -1
477 1
475 1
475 -1
0 -1
475 1
475 -13
475 13
475 -1
476 1
475 1
475 -1
475 1
475 -1
475 1
475 -1
475 1
475 -1
475 1
475 -1
506 1
506 -1
512 1
512 -1
517 1
517 -1
511 1
511 -1
485 1
485 -1
484 1
484 -1
0 -1
477 1
475 1
475 -1
0 -1
477 1
475 1
475 -1
0 -1
477 1
475 1
475 -1
0 -1
477 1
0 -1
477 1
0 -1
477 1
475 1
475 -1
0 -1
477 1
475 1
475 -1
475 1
475 -1
0 -1
477 1
0 -1
477 1
0 -1
477 1
475 1
475 -1
475 1
475 -1
0 -1
477 1
475 1
475 -1
0 -1
477 1
475 1
475 -1
475 1
475 -1
0 -1
477 1
475 1
475 -1
0 -1
477 1
0 -1
477 1
475 1
475 -1
475 1
475 -1
0 -1
477 1
475 1
475 -1
0 -1
477 1
475 1
475 -1
0 -1
477 1
475 1
475 -1
0 -1
477 1
475 1
475 -1
0 -1
477 1
0 -1
477 1
475 1
475 -1
0 -1
477 1
0 -1
477 1
0 -1
477 1
0 -1
477 1
475 1
475 -1
0 -1
477 1
475 1
475 -1
475 1
475 -1
0 -1
477 1
0 -1
477 1
0 -1
477 1
475 1
475 -1
475 1
475 -1
475 1
475 -1
475 1
475 -1
0 -1
477 1
475 1
475 -1
0 -1
477 1
0 -1
477 1
475 1
475 -1
