475 2.03792e-22
475 1.55078
475 0.738176
475 3.10902
476 2.93078
476 2.95527
476 2.69447
477 3.03534
477 2.91564
477 0.0224112
477 0.00825339
475 0.0398678
475 2.03792e-22
475 0.111978
475 3.10793
475 1.59546
476 3.02584
476 2.78045
476 2.78219
477 3.04096
477 3.50673
477 0.00744668
475 0.0410203
475 2.03792e-22
475 0.760303
475 1.09222
475 2.16171
476 3.08591
476 2.83525
476 2.80757
476 2.85976
477 3.27694
477 1.08265
475 0.0376891
475 2.03792e-22
475 0.325449
475 2.12355
475 3.08582
476 2.71124
476 2.78271
476 2.94455
477 3.23634
477 2.63382
477 0.0786234
475 0.0381027
475 0.039792
475 2.03792e-22
475 1.37968
475 0.689499
475 0.0586224
475 1.71288
476 2.75597
476 2.73263
476 2.86418
476 2.85816
477 3.31026
477 1.49535
475 0.0351215
475 0.0388723
475 0.0344642
475 0.0343141
475 2.03792e-22
475 0.622202
475 3.24042
476 3.01537
476 2.85443
476 2.80746
476 2.82928
477 3.38289
477 1.02439
477 0.188383
475 0.0351621
475 2.03792e-22
475 3.28676
476 2.93566
476 2.90963
476 2.78253
476 2.837
477 3.08794
477 2.16049
475 2.03792e-22
475 0.459797
475 3.12629
476 2.93691
476 3.05052
476 2.88983
476 2.87358
477 3.29966
477 1.32695
475 0.0364476
475 2.03792e-22
475 3.2849
476 3.02206
476 2.77527
476 2.84099
476 2.81008
477 3.18819
477 2.07102
477 0.007495
475 2.03792e-22
475 1.06427
475 2.36169
476 3.00836
476 2.85891
476 2.87629
476 2.81926
477 3.24097
477 1.73474
475 0.0355063
475 2.03792e-22
475 0.728696
475 3.24071
476 2.9724
476 2.83971
476 2.81026
476 2.83652
477 3.28551
477 1.24437
475 0.0418308
475 2.03792e-22
475 1.64014
475 3.17148
476 2.99632
476 2.83366
476 2.77663
477 3.01691
477 3.46959
477 0.0598747
477 0.000674651
475 0.0347109
475 2.03792e-22
475 3.23547
476 3.08503
476 3.00335
476 2.73075
476 2.83882
477 3.21481
477 1.89176
475 2.03792e-22
475 3.25525
475 1.35405
476 2.91945
476 2.74033
476 2.73851
477 3.03901
477 3.37141
477 0.581985
475 2.03792e-22
475 0.676179
475 2.52269
476 2.89723
476 3.02212
476 2.77419
476 2.82071
477 3.19669
477 2.02866
477 0.0179902
477 0.00875462
475 0.034785
475 2.03792e-22
475 3.30855
476 2.65565
476 2.74596
476 2.81879
476 2.80613
477 3.02381
477 2.64111
475 2.03792e-22
475 0.0557247
475 3.25207
476 3.01627
476 2.85599
476 2.83352
476 2.89173
477 3.24678
477 1.78641
477 0.0176908
475 0.00854014
475 0.0352703
475 2.03792e-22
475 3.16322
476 3.0025
476 2.82937
476 2.87243
476 2.75451
477 3.10513
477 2.27282
475 2.03792e-22
475 1.04915
475 3.14905
476 2.98013
476 2.94848
476 2.6785
477 2.88937
477 3.39194
477 0.875943
475 0.037426
475 2.03792e-22
475 0.720907
475 3.26493
476 3.03297
476 2.86815
476 2.76003
476 2.99208
477 3.34956
477 0.900582
477 0.0568973
477 0.0129154
475 0.0409755
475 2.03792e-22
475 0.0915807
475 0.147736
475 1.99022
475 2.44857
476 3.06098
476 2.90449
476 2.88301
477 2.93014
477 3.41997
477 0.0501324
475 0.036505
475 0.0366655
475 2.03792e-22
475 1.2849
475 0.166418
475 0.0163408
475 2.48533
476 2.99172
476 2.92694
476 2.79274
476 2.9711
477 3.36451
477 0.921151
475 0.0383905
475 0.0173139
475 0.0186102
475 0.001564
475 0.00297617
475 2.03792e-22
475 0.291913
475 2.3393
475 3.11053
476 2.85577
476 2.79435
476 2.7431
477 3.0408
477 2.71848
477 0.0161067
477 0.0124142
475 0.0344855
475 0.0427596
475 2.03792e-22
475 2.17619
475 3.13803
476 3.14811
476 2.72428
476 2.91328
477 3.13509
477 2.75639
477 0.0086364
475 2.03792e-22
475 2.38399
475 3.2548
476 2.86895
476 2.81532
476 2.81267
477 3.10015
477 2.72757
475 0.0365594
475 2.03792e-22
475 3.13829
475 0.623146
476 2.94557
476 2.81255
476 2.99504
477 2.98762
477 3.29398
477 1.20381
475 2.03792e-22
475 1.0399
475 0.202795
475 3.1454
476 3.08508
476 2.79265
476 2.78204
477 2.87328
477 3.48503
477 0.48278
477 0.0751338
475 0.0359117
475 2.03792e-22
475 1.77027
475 3.05656
476 2.80316
476 2.89631
476 2.7633
477 2.94073
477 3.49441
477 0.192983
477 0.0822757
475 2.03792e-22
475 0.132029
475 0.711995
475 3.23105
476 3.03312
476 2.85053
476 2.77512
476 2.98703
477 3.46562
477 0.736604
475 0.0364379
475 0.0198894
475 0.0193362
475 0.000121
475 0.00110722
475 2.03792e-22
475 1.97393
475 3.11646
476 2.95107
476 2.83789
476 2.84408
477 3.06781
477 3.11093
477 0.0347271
477 0.0237728
475 0.039336
475 2.03792e-22
475 0.0239884
475 3.32703
476 3.05499
476 2.87036
476 2.70569
476 2.88168
477 3.11299
477 1.76172
477 0.225022
475 0.00219646
475 0.00177241
475 0.0020654
475 0.00530947
475 0.0251858
475 2.03792e-22
475 3.43336
476 2.99873
476 2.7932
476 2.80813
476 2.8492
477 3.16433
477 1.88374
477 0.0391645
477 0.00920312
477 0.0209465
475 2.03792e-22
475 0.230489
475 0.113373
475 1.99925
475 3.04243
476 2.81792
476 2.86419
476 2.80731
477 3.09437
477 2.92298
477 0.0157661
477 0.00977618
475 0.0391763
475 0.0429682
475 2.03792e-22
475 3.19076
475 2.58892
476 2.85415
476 2.15095
476 2.83936
476 3.09085
476 2.62494
476 0.0101914
476 0.615347
475 0.0345314
475 2.03792e-22
475 3.19772
476 3.07983
476 2.84346
476 2.70123
476 2.75671
477 3.1593
477 2.26176
475 2.03792e-22
475 1.36606
475 2.23207
476 2.95472
476 3.00293
476 2.66524
476 2.87526
477 3.24927
477 1.49018
477 0.125453
475 0.0388135
475 2.03792e-22
475 2.97008
476 2.94619
476 2.8884
476 2.7582
476 2.75048
477 3.02334
477 2.62717
477 0.00128061
475 0.0348563
475 2.03792e-22
475 0.0242773
475 0.253731
475 0.397291
475 3.12684
476 3.10953
476 2.90708
476 2.86639
476 2.97549
477 3.39531
477 0.78928
477 0.0240537
477 0.0159402
475 0.0395836
475 0.0373855
475 0.00189746
475 0.00279617
475 0.00584702
475 0.0272809
475 2.03792e-22
475 0.262871
475 3.26599
476 2.82951
476 2.88126
476 2.63969
476 2.74544
477 3.09749
477 2.20337
477 0.0310038
475 0.0433896
475 2.03792e-22
475 0.324831
475 1.21931
475 3.07678
476 2.95411
476 2.7904
476 2.80705
477 2.98577
477 3.58541
477 0.171752
477 0.00845032
475 0.0363701
475 0.0397658
475 2.03792e-22
475 3.18549
475 1.0561
476 2.93091
476 2.76893
476 2.75711
477 2.9718
477 3.5032
477 0.826459
475 2.03792e-22
475 3.29684
476 2.81792
476 2.90422
476 2.71243
476 2.8151
477 3.19798
477 2.25551
475 2.03792e-22
475 2.99484
475 1.8564
476 2.8519
476 2.91582
476 2.89258
477 2.98795
477 3.47384
477 0.0106574
477 0.00221125
477 0.0138092
475 2.03792e-22
475 3.26472
476 3.15975
476 2.92952
476 2.87107
476 2.85535
477 3.23368
477 1.55437
477 0.129044
477 0.00250558
475 2.03792e-22
475 3.30617
476 3.1975
476 2.78498
476 2.90832
476 2.79541
477 3.23324
477 1.57612
477 0.192459
477 0.00580257
475 2.03792e-22
475 3.41466
475 0.26385
475 1.21047
476 2.81842
476 2.86306
476 2.84807
477 2.95775
477 3.49643
477 0.0777977
477 0.014009
475 0.035496
475 2.03792e-22
475 0.553499
475 1.16623
475 3.0931
476 2.98357
476 2.76362
476 2.80474
477 3.02855
477 3.51387
477 0.0370729
477 0.0143757
477 0.00332609
475 0.0380513
475 2.03792e-22
475 3.30947
476 3.0416
476 2.78637
476 2.82589
476 2.90848
477 3.15732
477 1.97087
475 2.03792e-22
475 0.767455
475 3.22697
476 3.13816
476 2.78491
476 2.61515
476 2.81712
477 3.26462
477 1.34545
475 0.0401505
475 2.03792e-22
475 0.79964
475 0.038018
475 0.476509
475 3.10228
476 2.82795
476 2.85029
476 2.82081
476 2.9309
477 3.45787
477 0.577759
477 0.0130072
475 0.0342308
475 0.0344938
475 0.0362414
475 2.03792e-22
475 2.03022
475 3.12434
476 2.98681
476 2.78416
476 2.76227
477 3.03528
477 3.23803
475 0.0388848
475 2.03792e-22
475 1.40054
475 3.11279
476 2.93821
476 2.9143
476 2.78516
477 2.96571
477 3.47826
477 0.346485
477 0.042099
477 0.00885388
477 0.00759117
475 2.03792e-22
475 2.38209
475 3.14185
476 2.98942
476 2.83534
476 2.79552
477 3.09109
477 2.76469
475 2.03792e-22
475 3.40596
476 3.02947
476 2.70654
476 2.75982
476 2.89711
477 3.17262
477 1.97965
477 0.0488384
475 2.03792e-22
475 3.32941
475 0.0144855
475 1.00004
476 2.97314
476 2.8129
476 2.74457
477 3.03928
477 3.51435
477 0.380747
477 0.0652053
477 0.0896321
475 0.0362329
475 2.03792e-22
475 0.0783986
475 1.00289
475 3.32587
476 3.01535
476 2.74354
476 2.81308
476 2.97922
477 3.5354
477 0.424724
475 0.0379748
475 0.0435489
475 2.03792e-22
475 0.0437979
475 0.0624931
475 0.737292
475 1.69383
475 2.9411
476 2.76266
476 2.74869
476 2.89963
477 3.18879
477 2.76248
475 0.0373644
475 0.041392
475 0.0391986
475 0.00386898
475 0.0374131
475 2.03792e-22
475 3.22022
476 3.07015
476 2.83122
476 2.86553
476 2.83195
477 3.20628
477 1.65242
477 0.322223
475 2.03792e-22
475 0.610697
475 0.777074
475 0.856368
475 3.18327
476 3.08582
476 2.76155
476 2.8239
477 3.13853
477 2.67026
477 0.0192911
475 0.0387155
475 0.034521
475 2.03792e-22
475 1.57985
475 3.21796
476 2.93209
476 2.82944
476 2.70434
477 3.0261
477 3.50546
477 0.10191
477 0.0601965
477 0.00567979
475 0.0369893
475 2.03792e-22
475 0.014063
475 1.36109
475 3.04608
476 2.92566
476 2.64048
476 2.73693
477 2.89466
477 3.31096
477 0.992232
475 0.0372418
475 0.000432691
475 0.000945979
475 0.00137067
475 0.00105672
475 0.00431575
475 0.00461548
475 0.00548483
475 0.00263391
475 0.00193319
475 0.00141759
475 0.00092341
475 0.0154836
475 2.03792e-22
475 1.77867
475 2.87937
476 2.92268
476 2.77795
476 2.83751
477 2.90442
477 3.42136
477 0.42183
477 0.0205021
475 0.0357053
475 2.03792e-22
475 0.192326
475 1.99469
475 2.72275
476 2.88203
476 2.85113
476 2.85962
477 2.97487
477 3.40684
477 0.0352731
477 0.00101512
475 0.0367187
475 0.0427416
475 2.03792e-22
475 0.524265
475 0.450177
475 0.860774
475 3.0166
476 2.97221
476 2.83346
476 2.79062
477 3.09879
477 3.37571
475 0.0360178
475 0.041389
475 2.03792e-22
475 3.20243
475 0.628268
476 3.02163
476 2.72437
476 2.75129
476 2.90264
477 3.25432
477 1.33448
477 0.146158
475 0.0344182
475 2.03792e-22
475 2.99924
476 3.08596
476 3.04761
476 2.79598
476 2.84499
477 3.18725
477 2.03897
475 2.03792e-22
475 1.81868
475 3.18039
476 2.9083
476 2.91054
476 2.89211
477 2.9995
477 3.25317
475 0.0373107
475 2.03792e-22
475 0.238629
475 0.0589281
475 0.229158
475 0.207827
475 0.159953
475 3.15392
475 1.57637
475 0.255474
476 3.08858
476 2.92902
476 0.0199787
476 0.00700999
475 0.0373498
475 0.0365292
475 0.0393875
475 0.0365119
475 0.0422891
485 0
511 0
517 0
512 0
506 0.001564
506 0.0751951
512 0.00191636
517 0.0257032
511 0.00404147
485 0.029474
481 0
529 0
484 0
502 0
712 0
484 0.155027
475 0
417 0
475 2.03792e-22
475 2.26978
475 0.340038
475 3.13287
476 2.86387
476 2.84593
476 2.70744
477 3.15798
477 2.6474
475 0.0346815
475 2.03792e-22
475 1.91443
475 3.05867
476 3.07805
476 2.73307
476 2.7618
477 2.95596
477 3.45893
475 0.0390884
475 2.03792e-22
475 2.98543
475 2.58867
476 2.79903
476 2.78318
476 2.8458
477 3.1095
477 2.85314
475 0.0352599
475 2.03792e-22
475 2.91757
475 1.62051
476 2.83026
476 2.89709
476 2.86956
477 2.88998
477 3.4331
477 0.541926
475 2.03792e-22
475 0.930772
475 3.21634
476 3.01171
476 2.85253
476 2.77979
477 3.00454
477 3.44899
477 0.755329
475 2.03792e-22
475 0.605949
475 3.16527
476 2.8653
476 2.92259
476 2.86859
476 2.97034
477 3.36791
477 1.10506
477 0.0922417
475 0.0367507
475 2.03792e-22
475 0.520416
475 0.0606641
475 1.72017
475 3.13957
476 2.8288
476 2.98303
476 2.76416
477 3.19156
477 2.71678
475 0.0373326
475 0.0375238
475 2.03792e-22
475 3.3931
476 2.86081
476 2.87461
476 2.73753
476 2.7582
477 3.10257
477 2.27319
475 2.03792e-22
475 3.27436
476 3.02805
476 2.8091
476 2.7346
476 2.79504
477 3.14967
477 2.16418
477 0.0449933
475 2.03792e-22
475 1.91343
475 0.031516
475 0.0627158
475 3.0273
476 2.94525
476 2.84976
476 2.88177
477 2.95337
477 3.25565
477 0.00616959
475 0.0345764
475 0.0384818
475 2.03792e-22
475 0.718096
475 3.00533
476 2.97649
476 2.71615
476 2.84938
477 2.88956
477 3.2449
477 1.56501
475 0.0351027
475 2.03792e-22
475 1.00481
475 0.791988
475 0.0745885
475 1.87055
476 3.14148
476 2.82025
476 2.82069
476 2.90297
477 3.32564
477 0.99949
477 0.0482075
477 0.0681756
477 0.0420911
477 0.0130237
475 0.0369899
475 0.0390484
475 2.03792e-22
475 1.64709
475 2.07603
476 3.16967
476 2.66015
476 2.8894
476 3.11308
477 3.38486
477 0.974887
477 0.020879
477 0.0249726
475 0.0389839
475 2.03792e-22
475 3.24536
476 3.10951
476 2.90148
476 2.80653
476 2.96583
477 3.23428
477 1.737
475 2.03792e-22
475 0.402649
475 1.04723
475 1.87436
476 3.17899
476 2.86898
476 2.74443
476 2.97128
477 3.24321
477 1.58944
477 0.00455558
475 0.0368913
475 0.0379903
475 2.03792e-22
475 2.24734
475 3.03586
476 2.81024
476 2.65968
476 2.87536
477 3.03664
477 3.298
475 0.0368752
475 2.03792e-22
475 0.904679
475 3.1274
476 3.13878
476 2.70449
476 2.8915
476 2.8378
477 3.40104
477 0.8418
477 0.0902255
477 0.0146265
477 0.0107616
475 0.0368964
475 2.03792e-22
475 1.55581
475 3.09461
476 2.88609
476 2.84909
476 2.78378
477 2.86228
477 3.44108
477 0.390381
477 0.0906378
477 0.0106895
475 0.0355504
475 2.03792e-22
475 3.00137
476 3.13312
476 2.7491
476 2.87006
476 2.79538
477 3.1613
477 2.25324
475 0.0364296
475 2.03792e-22
475 3.38541
475 0.507885
476 2.26701
476 2.94025
476 2.79103
476 2.82051
477 3.17753
477 2.06202
477 0.0482578
477 9.96279e-05
475 2.03792e-22
475 2.98742
476 3.10911
476 2.72784
476 2.84119
476 2.93101
477 3.09616
477 2.27019
477 0.000876309
475 0.0362038
475 2.03792e-22
475 3.24648
476 3.108
476 2.77645
476 2.93328
476 2.9761
477 3.06142
477 1.89827
475 2.03792e-22
475 3.39773
476 3.00109
476 2.75171
476 2.81266
476 2.98498
477 3.16967
477 1.8266
477 0.0345212
477 0.00363292
477 0.0174091
475 2.03792e-22
475 3.15141
476 3.03864
476 2.83869
476 2.71409
476 2.81482
477 3.11442
477 2.32793
475 2.03792e-22
475 2.30026
475 2.32072
476 2.92883
476 2.86903
476 2.83908
476 2.92252
477 3.46962
477 0.312726
475 0.0372191
475 2.03792e-22
475 0.707592
475 0.697046
475 3.01345
476 3.00958
476 2.70698
476 2.82733
477 2.90949
477 3.45769
477 0.541819
477 0.0454571
477 0.00147549
475 0.0400853
475 0.0419905
475 2.03792e-22
475 1.89528
475 1.25098
476 2.97435
476 2.96893
476 2.77769
476 2.73211
477 2.99715
477 2.40351
475 2.03792e-22
475 2.5154
475 2.96953
476 3.00827
476 2.91158
476 2.72162
477 3.0508
477 2.72534
477 0.097463
475 2.03792e-22
475 1.0836
475 0.0817746
475 0.360233
475 1.16787
475 0.317212
476 3.16489
476 2.73534
476 2.75252
476 2.90208
477 3.19245
477 2.07946
477 0.0163118
475 0.0356162
475 0.0375228
475 0.0353645
475 0.0377608
475 2.03792e-22
475 0.554859
475 3.07696
476 2.98201
476 2.76608
476 2.80796
476 2.86742
477 3.25591
477 1.64829
475 0.040507
475 2.03792e-22
475 2.69754
475 1.50132
476 2.97153
476 2.77208
476 2.62146
476 2.95233
477 3.43561
477 0.875499
477 0.161251
477 0.0113792
475 2.03792e-22
475 0.882997
475 3.14603
476 2.96552
476 2.80632
476 2.63313
477 2.96539
477 3.22785
477 1.33606
475 0.0366958
