# Energy z_(mm) Energy_Dep Net_Charge
5e+06 0 0 -1
5e+06 1 0 0
5e+06 2 0 0
5e+06 3 0 0
5e+06 4 0 0
5e+06 5 0 0
5e+06 6 0 0
5e+06 7 0 0
5e+06 8 0 0
5e+06 9 0 0
5e+06 10 0 0
5e+06 11 0 0
5e+06 12 0 0
5e+06 13 0 0
5e+06 14 0 0
5e+06 15 0 0
5e+06 16 0 0
5e+06 17 0 0
5e+06 18 0 0
5e+06 19 0 0
5e+06 20 0 0
5e+06 21 0 0
5e+06 22 0 0
5e+06 23 0 0
5e+06 24 0 0
5e+06 25 0 0
5e+06 26 0 0
5e+06 27 0 0
5e+06 28 0 0
5e+06 29 0 0
5e+06 30 0 0
5e+06 31 0 0
5e+06 32 0 0
5e+06 33 0 0
5e+06 34 0 0
5e+06 35 0 0
5e+06 36 0 0
5e+06 37 0 0
5e+06 38 0 0
5e+06 39 0 0
5e+06 40 0 0
5e+06 41 0 0
5e+06 42 0 0
5e+06 43 0 0
5e+06 44 0 0
5e+06 45 0 0
5e+06 46 0 0
5e+06 47 0 0
5e+06 48 0 0
5e+06 49 0 0
5e+06 50 0 0
5e+06 51 0 0
5e+06 52 0 0
5e+06 53 0 0
5e+06 54 0 0
5e+06 55 0 0
5e+06 56 0 0
5e+06 57 0 0
5e+06 58 0 0
5e+06 59 0 0
5e+06 60 0 0
5e+06 61 0 0
5e+06 62 0 0
5e+06 63 0 0
5e+06 64 0 0
5e+06 65 0 0
5e+06 66 0 0
5e+06 67 0 0
5e+06 68 0 0
5e+06 69 0 0
5e+06 70 0 0
5e+06 71 0 0
5e+06 72 0 0
5e+06 73 0 0
5e+06 74 0 0
5e+06 75 0 0
5e+06 76 0 0
5e+06 77 0 0
5e+06 78 0 0
5e+06 79 0 0
5e+06 80 0 0
5e+06 81 0 0
5e+06 82 0 0
5e+06 83 0 0
5e+06 84 0 0
5e+06 85 0 0
5e+06 86 0 0
5e+06 87 0 0
5e+06 88 0 0
5e+06 89 0 0
5e+06 90 0 0
5e+06 91 0 0
5e+06 92 0 0
5e+06 93 0 0
5e+06 94 0 0
5e+06 95 0 0
5e+06 96 0 0
5e+06 97 0 0
5e+06 98 0 0
5e+06 99 0 0
5e+06 100 0 0
5e+06 101 0 0
5e+06 102 0 0
5e+06 103 0 0
5e+06 104 0 0
5e+06 105 0 0
5e+06 106 0 0
5e+06 107 0 0
5e+06 108 0 0
5e+06 109 0 0
5e+06 110 0 0
5e+06 111 0 0
5e+06 112 0 0
5e+06 113 0 0
5e+06 114 0 0
5e+06 115 0 0
5e+06 116 0 0
5e+06 117 0 0
5e+06 118 0 0
5e+06 119 0 0
5e+06 120 0 0
5e+06 121 0 0
5e+06 122 0 0
5e+06 123 0 0
5e+06 124 0 0
5e+06 125 0 0
5e+06 126 0 0
5e+06 127 0 0
5e+06 128 0 0
5e+06 129 0 0
5e+06 130 0 0
5e+06 131 0 0
5e+06 132 0 0
5e+06 133 0 0
5e+06 134 0 0
5e+06 135 0 0
5e+06 136 0 0
5e+06 137 0 0
5e+06 138 0 0
5e+06 139 0 0
5e+06 140 0 0
5e+06 141 0 0
5e+06 142 0 0
5e+06 143 0 0
5e+06 144 0 0
5e+06 145 0 0
5e+06 146 0 0
5e+06 147 0 0
5e+06 148 0 0
5e+06 149 0 0
5e+06 150 0 0
5e+06 151 0 0
5e+06 152 0 0
5e+06 153 0 0
5e+06 154 0 0
5e+06 155 0 0
5e+06 156 0 0
5e+06 157 0 0
5e+06 158 0 0
5e+06 159 0 0
5e+06 160 0 0
5e+06 161 0 0
5e+06 162 0 0
5e+06 163 0 0
5e+06 164 0 0
5e+06 165 0 0
5e+06 166 0 0
5e+06 167 0 0
5e+06 168 0 0
5e+06 169 0 0
5e+06 170 0 0
5e+06 171 0 0
5e+06 172 0 0
5e+06 173 0 0
5e+06 174 0 0
5e+06 175 0 0
5e+06 176 0 0
5e+06 177 0 0
5e+06 178 0 0
5e+06 179 0 0
5e+06 180 0 0
5e+06 181 0 0
5e+06 182 0 0
5e+06 183 0 0
5e+06 184 0 0
5e+06 185 0 0
5e+06 186 0 0
5e+06 187 0 0
5e+06 188 0 0
5e+06 189 0 0
5e+06 190 0 0
5e+06 191 0 0
5e+06 192 0 0
5e+06 193 0 0
5e+06 194 0 0
5e+06 195 0 0
5e+06 196 0 0
5e+06 197 0 0
5e+06 198 0 0
5e+06 199 0 0
5e+06 200 0 0
5e+06 201 0 0
5e+06 202 0 0
5e+06 203 0 0
5e+06 204 0 0
5e+06 205 0 0
5e+06 206 0 0
5e+06 207 0 0
5e+06 208 0 0
5e+06 209 0 0
5e+06 210 0 0
5e+06 211 0 0
5e+06 212 0 0
5e+06 213 0 0
5e+06 214 0 0
5e+06 215 0 0
5e+06 216 0 0
5e+06 217 0 0
5e+06 218 0 0
5e+06 219 0 0
5e+06 220 0 0
5e+06 221 0 0
5e+06 222 0 0
5e+06 223 0 0
5e+06 224 0 0
5e+06 225 0 0
5e+06 226 0 0
5e+06 227 0 0
5e+06 228 0 0
5e+06 229 0 0
5e+06 230 0 0
5e+06 231 0 0
5e+06 232 0 0
5e+06 233 0 0
5e+06 234 0 0
5e+06 235 0 0
5e+06 236 0 0
5e+06 237 0 0
5e+06 238 0 0
5e+06 239 0 0
5e+06 240 0 0
5e+06 241 0 0
5e+06 242 0 0
5e+06 243 0 0
5e+06 244 0 0
5e+06 245 0 0
5e+06 246 0 0
5e+06 247 0 0
5e+06 248 0 0
5e+06 249 0 0
5e+06 250 0 0
5e+06 251 0 0
5e+06 252 0 0
5e+06 253 0 0
5e+06 254 0 0
5e+06 255 0 0
5e+06 256 0 0
5e+06 257 0 0
5e+06 258 0 0
5e+06 259 0 0
5e+06 260 0 0
5e+06 261 0 0
5e+06 262 0 0
5e+06 263 0 0
5e+06 264 0 0
5e+06 265 0 0
5e+06 266 0 0
5e+06 267 0 0
5e+06 268 0 0
5e+06 269 0 0
5e+06 270 0 0
5e+06 271 0 0
5e+06 272 0 0
5e+06 273 0 0
5e+06 274 0 0
5e+06 275 0 0
5e+06 276 0 0
5e+06 277 0 0
5e+06 278 0 0
5e+06 279 0 0
5e+06 280 0 0
5e+06 281 0 0
5e+06 282 0 0
5e+06 283 0 0
5e+06 284 0 0
5e+06 285 0 0
5e+06 286 0 0
5e+06 287 0 0
5e+06 288 0 0
5e+06 289 0 0
5e+06 290 0 0
5e+06 291 0 0
5e+06 292 0 0
5e+06 293 0 0
5e+06 294 0 0
5e+06 295 0 0
5e+06 296 0 0
5e+06 297 0 0
5e+06 298 0 0
5e+06 299 0 0
5e+06 300 0 0
5e+06 301 0 0
5e+06 302 0 0
5e+06 303 0 0
5e+06 304 0 0
5e+06 305 0 0
5e+06 306 0 0
5e+06 307 0 0
5e+06 308 0 0
5e+06 309 0 0
5e+06 310 0 0
5e+06 311 0 0
5e+06 312 0 0
5e+06 313 0 0
5e+06 314 0 0
5e+06 315 0 0
5e+06 316 0 0
5e+06 317 0 0
5e+06 318 0 0
5e+06 319 0 0
5e+06 320 0 0
5e+06 321 0 0
5e+06 322 0 0
5e+06 323 0 0
5e+06 324 0 0
5e+06 325 0 0
5e+06 326 0 0
5e+06 327 0 0
5e+06 328 0 0
5e+06 329 0 0
5e+06 330 0 0
5e+06 331 0 0
5e+06 332 0 0
5e+06 333 0 0
5e+06 334 0 0
5e+06 335 0 0
5e+06 336 0 0
5e+06 337 0 0
5e+06 338 0 0
5e+06 339 0 0
5e+06 340 0 0
5e+06 341 0 0
5e+06 342 0 0
5e+06 343 0 0
5e+06 344 0 0
5e+06 345 0 0
5e+06 346 0 0
5e+06 347 0 0
5e+06 348 0 0
5e+06 349 0 0
5e+06 350 0 0
5e+06 351 0 0
5e+06 352 0 0
5e+06 353 0 0
5e+06 354 0 0
5e+06 355 0 0
5e+06 356 0 0
5e+06 357 0 0
5e+06 358 0 0
5e+06 359 0 0
5e+06 360 0 0
5e+06 361 0 0
5e+06 362 0 0
5e+06 363 0 0
5e+06 364 0 0
5e+06 365 0 0
5e+06 366 0 0
5e+06 367 0 0
5e+06 368 0 0
5e+06 369 0 0
5e+06 370 0 0
5e+06 371 0 0
5e+06 372 0 0
5e+06 373 0 0
5e+06 374 0 0
5e+06 375 0 0
5e+06 376 0 0
5e+06 377 0 0
5e+06 378 0 0
5e+06 379 0 0
5e+06 380 0 0
5e+06 381 0 0
5e+06 382 0 0
5e+06 383 0 0
5e+06 384 0 0
5e+06 385 0 0
5e+06 386 0 0
5e+06 387 0 0
5e+06 388 0 0
5e+06 389 0 0
5e+06 390 0 0
5e+06 391 0 0
5e+06 392 0 0
5e+06 393 0 0
5e+06 394 0 0
5e+06 395 0 0
5e+06 396 0 0
5e+06 397 0 0
5e+06 398 0 0
5e+06 399 0 0
5e+06 400 0 0
5e+06 401 0 0
5e+06 402 0 0
5e+06 403 0 0
5e+06 404 0 0
5e+06 405 0 0
5e+06 406 0 0
5e+06 407 0 0
5e+06 408 0 0
5e+06 409 0 0
5e+06 410 0 0
5e+06 411 0 0
5e+06 412 0 0
5e+06 413 0 0
5e+06 414 0 0
5e+06 415 0 0
5e+06 416 0 0
5e+06 417 0 0
5e+06 418 0 0
5e+06 419 0 0
5e+06 420 0 0
5e+06 421 0 0
5e+06 422 0 0
5e+06 423 0 0
5e+06 424 0 0
5e+06 425 0 0
5e+06 426 0 0
5e+06 427 0 0
5e+06 428 0 0
5e+06 429 0 0
5e+06 430 0 0
5e+06 431 0 0
5e+06 432 0 0
5e+06 433 0 0
5e+06 434 0 0
5e+06 435 0 0
5e+06 436 0 0
5e+06 437 0 0
5e+06 438 0 0
5e+06 439 0 0
5e+06 440 0 0
5e+06 441 0 0
5e+06 442 0 0
5e+06 443 0 0
5e+06 444 0 0
5e+06 445 0 0
5e+06 446 0 0
5e+06 447 0 0
5e+06 448 0 0
5e+06 449 0 0
5e+06 450 0 0
5e+06 451 0 0
5e+06 452 0 0
5e+06 453 0 0
5e+06 454 0 0
5e+06 455 0 0
5e+06 456 0 0
5e+06 457 0 0
5e+06 458 0 0
5e+06 459 0 0
5e+06 460 0 0
5e+06 461 0 0
5e+06 462 0 0
5e+06 463 0 0
5e+06 464 0 0
5e+06 465 0 0
5e+06 466 0 0
5e+06 467 0 0
5e+06 468 0 0
5e+06 469 0 0
5e+06 470 0 0
5e+06 471 0 0
5e+06 472 0 0
5e+06 473 0 0
5e+06 474 0 0
5e+06 475 5 1
5e+06 476 0 0
5e+06 477 0 0
5e+06 478 0 0
5e+06 479 0 0
5e+06 480 0 0
5e+06 481 0 0
5e+06 482 0 0
5e+06 483 0 0
5e+06 484 0 0
5e+06 485 0 0
5e+06 486 0 0
5e+06 487 0 0
5e+06 488 0 0
5e+06 489 0 0
5e+06 490 0 0
5e+06 491 0 0
5e+06 492 0 0
5e+06 493 0 0
5e+06 494 0 0
5e+06 495 0 0
5e+06 496 0 0
5e+06 497 0 0
5e+06 498 0 0
5e+06 499 0 0
5e+06 500 0 0
5e+06 501 0 0
5e+06 502 0 0
5e+06 503 0 0
5e+06 504 0 0
5e+06 505 0 0
5e+06 506 0 0
5e+06 507 0 0
5e+06 508 0 0
5e+06 509 0 0
5e+06 510 0 0
5e+06 511 0 0
5e+06 512 0 0
5e+06 513 0 0
5e+06 514 0 0
5e+06 515 0 0
5e+06 516 0 0
5e+06 517 0 0
5e+06 518 0 0
5e+06 519 0 0
5e+06 520 0 0
5e+06 521 0 0
5e+06 522 0 0
5e+06 523 0 0
5e+06 524 0 0
5e+06 525 0 0
5e+06 526 0 0
5e+06 527 0 0
5e+06 528 0 0
5e+06 529 0 0
5e+06 530 0 0
5e+06 531 0 0
5e+06 532 0 0
5e+06 533 0 0
5e+06 534 0 0
5e+06 535 0 0
5e+06 536 0 0
5e+06 537 0 0
5e+06 538 0 0
5e+06 539 0 0
5e+06 540 0 0
5e+06 541 0 0
5e+06 542 0 0
5e+06 543 0 0
5e+06 544 0 0
5e+06 545 0 0
5e+06 546 0 0
5e+06 547 0 0
5e+06 548 0 0
5e+06 549 0 0
5e+06 550 0 0
5e+06 551 0 0
5e+06 552 0 0
5e+06 553 0 0
5e+06 554 0 0
5e+06 555 0 0
5e+06 556 0 0
5e+06 557 0 0
5e+06 558 0 0
5e+06 559 0 0
5e+06 560 0 0
5e+06 561 0 0
5e+06 562 0 0
5e+06 563 0 0
5e+06 564 0 0
5e+06 565 0 0
5e+06 566 0 0
5e+06 567 0 0
5e+06 568 0 0
5e+06 569 0 0
5e+06 570 0 0
5e+06 571 0 0
5e+06 572 0 0
5e+06 573 0 0
5e+06 574 0 0
5e+06 575 0 0
5e+06 576 0 0
5e+06 577 0 0
5e+06 578 0 0
5e+06 579 0 0
5e+06 580 0 0
5e+06 581 0 0
5e+06 582 0 0
5e+06 583 0 0
5e+06 584 0 0
5e+06 585 0 0
5e+06 586 0 0
5e+06 587 0 0
5e+06 588 0 0
5e+06 589 0 0
5e+06 590 0 0
5e+06 591 0 0
5e+06 592 0 0
5e+06 593 0 0
5e+06 594 0 0
5e+06 595 0 0
5e+06 596 0 0
5e+06 597 0 0
5e+06 598 0 0
5e+06 599 0 0
5e+06 600 0 0
5e+06 601 0 0
5e+06 602 0 0
5e+06 603 0 0
5e+06 604 0 0
5e+06 605 0 0
5e+06 606 0 0
5e+06 607 0 0
5e+06 608 0 0
5e+06 609 0 0
5e+06 610 0 0
5e+06 611 0 0
5e+06 612 0 0
5e+06 613 0 0
5e+06 614 0 0
5e+06 615 0 0
5e+06 616 0 0
5e+06 617 0 0
5e+06 618 0 0
5e+06 619 0 0
5e+06 620 0 0
5e+06 621 0 0
5e+06 622 0 0
5e+06 623 0 0
5e+06 624 0 0
5e+06 625 0 0
5e+06 626 0 0
5e+06 627 0 0
5e+06 628 0 0
5e+06 629 0 0
5e+06 630 0 0
5e+06 631 0 0
5e+06 632 0 0
5e+06 633 0 0
5e+06 634 0 0
5e+06 635 0 0
5e+06 636 0 0
5e+06 637 0 0
5e+06 638 0 0
5e+06 639 0 0
5e+06 640 0 0
5e+06 641 0 0
5e+06 642 0 0
5e+06 643 0 0
5e+06 644 0 0
5e+06 645 0 0
5e+06 646 0 0
5e+06 647 0 0
5e+06 648 0 0
5e+06 649 0 0
5e+06 650 0 0
5e+06 651 0 0
5e+06 652 0 0
5e+06 653 0 0
5e+06 654 0 0
5e+06 655 0 0
5e+06 656 0 0
5e+06 657 0 0
5e+06 658 0 0
5e+06 659 0 0
5e+06 660 0 0
5e+06 661 0 0
5e+06 662 0 0
5e+06 663 0 0
5e+06 664 0 0
5e+06 665 0 0
5e+06 666 0 0
5e+06 667 0 0
5e+06 668 0 0
5e+06 669 0 0
5e+06 670 0 0
5e+06 671 0 0
5e+06 672 0 0
5e+06 673 0 0
5e+06 674 0 0
5e+06 675 0 0
5e+06 676 0 0
5e+06 677 0 0
5e+06 678 0 0
5e+06 679 0 0
5e+06 680 0 0
5e+06 681 0 0
5e+06 682 0 0
5e+06 683 0 0
5e+06 684 0 0
5e+06 685 0 0
5e+06 686 0 0
5e+06 687 0 0
5e+06 688 0 0
5e+06 689 0 0
5e+06 690 0 0
5e+06 691 0 0
5e+06 692 0 0
5e+06 693 0 0
5e+06 694 0 0
5e+06 695 0 0
5e+06 696 0 0
5e+06 697 0 0
5e+06 698 0 0
5e+06 699 0 0
5e+06 700 0 0
5e+06 701 0 0
5e+06 702 0 0
5e+06 703 0 0
5e+06 704 0 0
5e+06 705 0 0
5e+06 706 0 0
5e+06 707 0 0
5e+06 708 0 0
5e+06 709 0 0
5e+06 710 0 0
5e+06 711 0 0
5e+06 712 0 0
5e+06 713 0 0
5e+06 714 0 0
5e+06 715 0 0
5e+06 716 0 0
5e+06 717 0 0
5e+06 718 0 0
5e+06 719 0 0
5e+06 720 0 0
5e+06 721 0 0
5e+06 722 0 0
5e+06 723 0 0
5e+06 724 0 0
5e+06 725 0 0
5e+06 726 0 0
5e+06 727 0 0
5e+06 728 0 0
5e+06 729 0 0
5e+06 730 0 0
5e+06 731 0 0
5e+06 732 0 0
5e+06 733 0 0
5e+06 734 0 0
5e+06 735 0 0
5e+06 736 0 0
5e+06 737 0 0
5e+06 738 0 0
5e+06 739 0 0
5e+06 740 0 0
5e+06 741 0 0
5e+06 742 0 0
5e+06 743 0 0
5e+06 744 0 0
5e+06 745 0 0
5e+06 746 0 0
5e+06 747 0 0
5e+06 748 0 0
5e+06 749 0 0
5e+06 750 0 0
5e+06 751 0 0
5e+06 752 0 0
5e+06 753 0 0
5e+06 754 0 0
5e+06 755 0 0
5e+06 756 0 0
5e+06 757 0 0
5e+06 758 0 0
5e+06 759 0 0
5e+06 760 0 0
5e+06 761 0 0
5e+06 762 0 0
5e+06 763 0 0
5e+06 764 0 0
5e+06 765 0 0
5e+06 766 0 0
5e+06 767 0 0
5e+06 768 0 0
5e+06 769 0 0
5e+06 770 0 0
5e+06 771 0 0
5e+06 772 0 0
5e+06 773 0 0
5e+06 774 0 0
5e+06 775 0 0
5e+06 776 0 0
5e+06 777 0 0
5e+06 778 0 0
5e+06 779 0 0
5e+06 780 0 0
5e+06 781 0 0
5e+06 782 0 0
5e+06 783 0 0
5e+06 784 0 0
5e+06 785 0 0
5e+06 786 0 0
5e+06 787 0 0
5e+06 788 0 0
5e+06 789 0 0
5e+06 790 0 0
5e+06 791 0 0
5e+06 792 0 0
5e+06 793 0 0
5e+06 794 0 0
5e+06 795 0 0
5e+06 796 0 0
5e+06 797 0 0
5e+06 798 0 0
5e+06 799 0 0
5e+06 800 0 0
5e+06 801 0 0
5e+06 802 0 0
5e+06 803 0 0
5e+06 804 0 0
5e+06 805 0 0
5e+06 806 0 0
5e+06 807 0 0
5e+06 808 0 0
5e+06 809 0 0
5e+06 810 0 0
5e+06 811 0 0
5e+06 812 0 0
5e+06 813 0 0
5e+06 814 0 0
5e+06 815 0 0
5e+06 816 0 0
5e+06 817 0 0
5e+06 818 0 0
5e+06 819 0 0
5e+06 820 0 0
5e+06 821 0 0
5e+06 822 0 0
5e+06 823 0 0
5e+06 824 0 0
5e+06 825 0 0
5e+06 826 0 0
5e+06 827 0 0
5e+06 828 0 0
5e+06 829 0 0
5e+06 830 0 0
5e+06 831 0 0
5e+06 832 0 0
5e+06 833 0 0
5e+06 834 0 0
5e+06 835 0 0
5e+06 836 0 0
5e+06 837 0 0
5e+06 838 0 0
5e+06 839 0 0
5e+06 840 0 0
5e+06 841 0 0
5e+06 842 0 0
5e+06 843 0 0
5e+06 844 0 0
5e+06 845 0 0
5e+06 846 0 0
5e+06 847 0 0
5e+06 848 0 0
5e+06 849 0 0
5e+06 850 0 0
5e+06 851 0 0
5e+06 852 0 0
5e+06 853 0 0
5e+06 854 0 0
5e+06 855 0 0
5e+06 856 0 0
5e+06 857 0 0
5e+06 858 0 0
5e+06 859 0 0
5e+06 860 0 0
5e+06 861 0 0
5e+06 862 0 0
5e+06 863 0 0
5e+06 864 0 0
5e+06 865 0 0
5e+06 866 0 0
5e+06 867 0 0
5e+06 868 0 0
5e+06 869 0 0
5e+06 870 0 0
5e+06 871 0 0
5e+06 872 0 0
5e+06 873 0 0
5e+06 874 0 0
5e+06 875 0 0
5e+06 876 0 0
5e+06 877 0 0
5e+06 878 0 0
5e+06 879 0 0
5e+06 880 0 0
5e+06 881 0 0
5e+06 882 0 0
5e+06 883 0 0
5e+06 884 0 0
5e+06 885 0 0
5e+06 886 0 0
5e+06 887 0 0
5e+06 888 0 0
5e+06 889 0 0
5e+06 890 0 0
5e+06 891 0 0
5e+06 892 0 0
5e+06 893 0 0
5e+06 894 0 0
5e+06 895 0 0
5e+06 896 0 0
5e+06 897 0 0
5e+06 898 0 0
5e+06 899 0 0
5e+06 900 0 0
5e+06 901 0 0
5e+06 902 0 0
5e+06 903 0 0
5e+06 904 0 0
5e+06 905 0 0
5e+06 906 0 0
5e+06 907 0 0
5e+06 908 0 0
5e+06 909 0 0
5e+06 910 0 0
5e+06 911 0 0
5e+06 912 0 0
5e+06 913 0 0
5e+06 914 0 0
5e+06 915 0 0
5e+06 916 0 0
5e+06 917 0 0
5e+06 918 0 0
5e+06 919 0 0
5e+06 920 0 0
5e+06 921 0 0
5e+06 922 0 0
5e+06 923 0 0
5e+06 924 0 0
5e+06 925 0 0
5e+06 926 0 0
5e+06 927 0 0
5e+06 928 0 0
5e+06 929 0 0
5e+06 930 0 0
5e+06 931 0 0
5e+06 932 0 0
5e+06 933 0 0
5e+06 934 0 0
5e+06 935 0 0
5e+06 936 0 0
5e+06 937 0 0
5e+06 938 0 0
5e+06 939 0 0
5e+06 940 0 0
5e+06 941 0 0
5e+06 942 0 0
5e+06 943 0 0
5e+06 944 0 0
5e+06 945 0 0
5e+06 946 0 0
5e+06 947 0 0
5e+06 948 0 0
5e+06 949 0 0
5e+06 950 0 0
5e+06 951 0 0
5e+06 952 0 0
5e+06 953 0 0
5e+06 954 0 0
5e+06 955 0 0
5e+06 956 0 0
5e+06 957 0 0
5e+06 958 0 0
5e+06 959 0 0
5e+06 960 0 0
5e+06 961 0 0
5e+06 962 0 0
5e+06 963 0 0
5e+06 964 0 0
5e+06 965 0 0
5e+06 966 0 0
5e+06 967 0 0
5e+06 968 0 0
5e+06 969 0 0
5e+06 970 0 0
5e+06 971 0 0
5e+06 972 0 0
5e+06 973 0 0
5e+06 974 0 0
5e+06 975 0 0
5e+06 976 0 0
5e+06 977 0 0
5e+06 978 0 0
5e+06 979 0 0
5e+06 980 0 0
5e+06 981 0 0
5e+06 982 0 0
5e+06 983 0 0
5e+06 984 0 0
5e+06 985 0 0
5e+06 986 0 0
5e+06 987 0 0
5e+06 988 0 0
5e+06 989 0 0
5e+06 990 0 0
5e+06 991 0 0
5e+06 992 0 0
5e+06 993 0 0
5e+06 994 0 0
5e+06 995 0 0
5e+06 996 0 0
5e+06 997 0 0
5e+06 998 0 0
5e+06 999 0 0
5e+06 1000 0 0
5e+06 1001 0 0
5e+06 1002 0 0
5e+06 1003 0 0
5e+06 1004 0 0
5e+06 1005 0 0
5e+06 1006 0 0
5e+06 1007 0 0
5e+06 1008 0 0
5e+06 1009 0 0
5e+06 1010 0 0
5e+06 1011 0 0
5e+06 1012 0 0
5e+06 1013 0 0
5e+06 1014 0 0
5e+06 1015 0 0
5e+06 1016 0 0
5e+06 1017 0 0
5e+06 1018 0 0
5e+06 1019 0 0
5e+06 1020 0 0
5e+06 1021 0 0
5e+06 1022 0 0
5e+06 1023 0 0
5e+06 1024 0 0
5e+06 1025 0 0
5e+06 1026 0 0
5e+06 1027 0 0
5e+06 1028 0 0
5e+06 1029 0 0
5e+06 1030 0 0
5e+06 1031 0 0
5e+06 1032 0 0
5e+06 1033 0 0
5e+06 1034 0 0
5e+06 1035 0 0
5e+06 1036 0 0
5e+06 1037 0 0
5e+06 1038 0 0
5e+06 1039 0 0
5e+06 1040 0 0
5e+06 1041 0 0
5e+06 1042 0 0
5e+06 1043 0 0
5e+06 1044 0 0
5e+06 1045 0 0
5e+06 1046 0 0
5e+06 1047 0 0
5e+06 1048 0 0
5e+06 1049 0 0
5e+06 1050 0 0
5e+06 1051 0 0
5e+06 1052 0 0
5e+06 1053 0 0
5e+06 1054 0 0
5e+06 1055 0 0
5e+06 1056 0 0
5e+06 1057 0 0
5e+06 1058 0 0
5e+06 1059 0 0
5e+06 1060 0 0
5e+06 1061 0 0
5e+06 1062 0 0
5e+06 1063 0 0
5e+06 1064 0 0
5e+06 1065 0 0
5e+06 1066 0 0
5e+06 1067 0 0
5e+06 1068 0 0
5e+06 1069 0 0
5e+06 1070 0 0
5e+06 1071 0 0
5e+06 1072 0 0
5e+06 1073 0 0
5e+06 1074 0 0
5e+06 1075 0 0
5e+06 1076 0 0
5e+06 1077 0 0
5e+06 1078 0 0
5e+06 1079 0 0
5e+06 1080 0 0
5e+06 1081 0 0
5e+06 1082 0 0
5e+06 1083 0 0
5e+06 1084 0 0
5e+06 1085 0 0
5e+06 1086 0 0
5e+06 1087 0 0
5e+06 1088 0 0
5e+06 1089 0 0
5e+06 1090 0 0
5e+06 1091 0 0
5e+06 1092 0 0
5e+06 1093 0 0
5e+06 1094 0 0
5e+06 1095 0 0
5e+06 1096 0 0
5e+06 1097 0 0
5e+06 1098 0 0
5e+06 1099 0 0
5e+06 1100 0 0
5e+06 1101 0 0
5e+06 1102 0 0
5e+06 1103 0 0
5e+06 1104 0 0
5e+06 1105 0 0
5e+06 1106 0 0
5e+06 1107 0 0
5e+06 1108 0 0
5e+06 1109 0 0
5e+06 1110 0 0
5e+06 1111 0 0
5e+06 1112 0 0
5e+06 1113 0 0
5e+06 1114 0 0
5e+06 1115 0 0
5e+06 1116 0 0
5e+06 1117 0 0
5e+06 1118 0 0
5e+06 1119 0 0
5e+06 1120 0 0
5e+06 1121 0 0
5e+06 1122 0 0
5e+06 1123 0 0
5e+06 1124 0 0
5e+06 1125 0 0
5e+06 1126 0 0
5e+06 1127 0 0
5e+06 1128 0 0
5e+06 1129 0 0
5e+06 1130 0 0
5e+06 1131 0 0
5e+06 1132 0 0
5e+06 1133 0 0
5e+06 1134 0 0
5e+06 1135 0 0
5e+06 1136 0 0
5e+06 1137 0 0
5e+06 1138 0 0
5e+06 1139 0 0
5e+06 1140 0 0
5e+06 1141 0 0
5e+06 1142 0 0
5e+06 1143 0 0
5e+06 1144 0 0
5e+06 1145 0 0
5e+06 1146 0 0
5e+06 1147 0 0
5e+06 1148 0 0
5e+06 1149 0 0
