475 0
491 2.05115e-05
493 2.73512e-05
493 1.28949e-05
502 8.90383e-06
503 1.0192e-05
503 2.5893e-05
494 0
314 0
475 0
515 3.46547e-05
514 3.30768e-05
512 4.00367e-05
507 3.59849e-05
501 8.17028e-06
504 0
600 0
475 0
487 4.13979e-05
475 0
329 0
475 0
499 1.55453e-05
508 4.22117e-05
482 3.2531e-05
502 1.51365e-05
509 1.05446e-05
507 2.90594e-05
504 2.22225e-05
476 0
305 0
475 0
513 1.11349e-05
525 0
715 0
475 0
525 0
850 0
1149 0
475 0
480 7.02137e-06
510 0
779 0
475 0
482 2.08996e-06
484 1.29092e-06
492 4.97985e-05
484 1.90804e-06
475 0
279 0
475 0
511 1.47959e-05
525 0
694 0
475 0
481 4.66102e-05
475 0
256 0
475 0
475 2.42643e-05
480 0
528 0
475 0
476 2.75069e-05
476 3.10539e-05
475 0
113 0
475 0
525 0
850 0
1149 0
475 0
513 2.08055e-05
516 4.16504e-05
522 0
575 0
475 0
514 3.12587e-05
512 0
493 0
475 0
525 0
850 0
1149 0
475 0
525 0
850 0
1149 0
475 0
499 4.15103e-05
492 1.55173e-05
494 4.66998e-05
490 1.8466e-05
503 0
742 0
475 0
500 3.15026e-05
498 0
476 0
475 0
517 4.54023e-05
499 3.62926e-05
497 3.00777e-05
520 0
642 0
475 0
510 1.86636e-05
512 3.90767e-05
501 1.9831e-05
500 3.44694e-06
497 0
443 0
475 0
487 4.33377e-05
483 1.84704e-05
479 1.58407e-05
480 3.49427e-05
481 6.16241e-06
479 2.61941e-05
480 1.109e-05
475 0
282 0
475 0
482 4.42204e-05
475 0
310 0
475 0
480 1.57154e-05
498 0
657 0
475 0
478 1.50617e-05
486 4.11041e-06
486 6.40166e-06
487 3.62559e-05
504 7.66359e-06
510 0
665 0
475 0
525 0
850 0
1149 0
475 0
525 0
850 0
1149 0
475 0
476 4.07985e-05
475 0
334 0
475 0
505 1.63023e-05
505 1.35802e-06
524 0
698 0
475 0
506 9.29843e-06
520 1.98219e-06
525 0
752 0
475 0
482 2.62822e-05
485 0
511 0
475 0
515 4.10979e-05
502 0
384 0
475 0
525 0
850 0
1149 0
475 0
525 0
850 0
1149 0
475 0
500 1.90035e-05
503 1.7099e-05
525 0
1007 0
475 0
496 3.90847e-05
492 1.63684e-05
502 0
646 0
475 0
525 0
850 0
1149 0
475 0
480 4.68835e-05
475 0
212 0
475 0
502 3.71375e-05
500 2.58234e-05
525 0
1149 0
475 0
519 5.26859e-05
510 3.6396e-05
511 1.18721e-06
507 1.07877e-05
512 0
625 0
475 0
486 5.34999e-05
475 0
0 0
475 0
477 1.13796e-06
495 2.61614e-05
507 5.06947e-05
487 0
372 0
475 0
499 4.09519e-05
492 1.28274e-05
492 2.50305e-05
488 0
425 0
475 0
511 5.48983e-05
508 2.60721e-05
508 3.22728e-05
514 0
568 0
475 0
493 2.26595e-05
494 4.67034e-05
490 7.91998e-07
475 0
308 0
475 0
522 2.22202e-05
525 0
583 0
475 0
486 1.13193e-05
507 0
694 0
475 0
503 5.45182e-05
482 4.28327e-05
483 1.11803e-05
510 0
808 0
475 0
503 5.44967e-05
502 2.79782e-05
502 2.28079e-06
497 1.71254e-05
481 2.13428e-05
481 2.71166e-06
477 0
386 0
475 0
512 1.68793e-05
518 1.28943e-05
519 3.08357e-06
521 0
541 0
475 0
492 3.93966e-05
488 4.42729e-05
488 4.62697e-06
501 0
597 0
475 0
484 1.98445e-05
493 0
574 0
475 0
518 3.60496e-05
518 3.88656e-05
508 0
421 0
475 0
481 4.25507e-05
475 0
336 0
475 0
483 2.03241e-05
493 5.10708e-05
495 1.15467e-05
487 0
409 0
475 0
477 4.35549e-05
475 0
287 0
475 0
477 1.60115e-05
491 0
615 0
475 0
525 0
850 0
1149 0
475 0
476 2.1678e-05
482 0
482 0.000883137
487 0
715 0
525 0
850 0
1149 0
1149 0
475 0
506 1.93431e-06
515 9.29043e-06
525 0
864 0
1068 0
475 0
489 4.13189e-05
479 1.15768e-06
478 0
432 0
475 0
488 4.22921e-05
484 1.98871e-05
475 0
0 0
475 0
485 2.98668e-05
484 0
474 0
475 0
476 4.69441e-05
475 0
218 0
475 0
494 2.33877e-05
495 2.3968e-05
525 0
930 0
475 0
484 1.14719e-05
499 3.07702e-05
514 3.51687e-05
512 2.4876e-05
511 3.96296e-05
520 3.88486e-06
518 0
460 0
475 0
502 6.86915e-06
519 2.84002e-05
515 0
437 0
475 0
477 1.54083e-05
491 0
620 0
475 0
480 5.28599e-05
475 0
0 0
475 0
491 4.73098e-06
492 8.11717e-06
496 1.83863e-05
498 3.12694e-05
496 0
486 0
475 0
504 9.83332e-06
517 2.99601e-05
502 0
247 0
475 0
507 4.26433e-05
492 3.02265e-05
490 3.14068e-05
482 0
353 0
475 0
477 4.41292e-05
475 0
268 0
475 0
507 5.36807e-05
497 3.90286e-06
475 0
33 0
475 0
489 3.95753e-05
485 2.14758e-05
475 0
218 0
475 0
517 2.05627e-05
525 0
600 0
475 0
497 6.79642e-06
498 3.19945e-05
500 1.58564e-05
514 3.20287e-05
515 2.3453e-05
516 1.88118e-05
516 1.47572e-05
516 3.41342e-05
519 0
546 0
475 0
525 0
850 0
1149 0
475 0
502 4.65574e-05
487 3.81385e-05
488 1.70538e-05
489 0
516 0
475 0
486 5.14015e-05
475 4.73073e-05
497 3.04827e-05
489 3.62366e-05
498 3.02537e-05
475 0
212 0
475 0
514 5.13515e-05
510 3.10489e-05
520 3.8326e-05
518 1.47106e-05
503 2.71474e-05
525 0
879 0
1063 0
1149 0
475 0
525 0
850 0
1149 0
475 0
475 4.54171e-05
475 0
261 0
475 0
500 1.36486e-05
511 1.90761e-05
515 0
556 0
475 0
511 3.6935e-05
501 1.10983e-05
493 0
115 0
475 0
492 2.50159e-05
494 3.67604e-05
491 0
455 0
475 0
525 0
850 0
1149 0
475 0
496 3.60912e-05
489 0
424 0
475 0
497 2.42583e-05
501 0
539 0
475 0
489 3.43988e-05
483 0
431 0
475 0
502 2.58274e-05
505 0
530 0
475 0
498 3.33291e-05
496 2.21557e-06
496 0
497 0
475 0
491 3.38638e-05
486 0
433 0
475 0
496 1.37967e-05
513 0
667 0
475 0
477 2.17583e-05
482 2.52602e-06
482 3.33123e-05
498 0
826 0
475 0
490 4.12459e-05
489 2.12961e-05
485 2.01094e-05
484 5.52682e-06
480 2.53167e-05
475 0
323 0
475 0
477 4.36348e-05
475 0
314 0
475 0
483 1.30238e-05
491 1.22404e-05
487 0
432 0
475 0
481 1.38002e-05
502 0
693 0
475 0
525 0
850 0
1149 0
