475 1.83112e-23
475 0.0780842
475 0.094563
477 1.02934
479 0.741718
480 0.367668
480 0.442544
481 0.407134
481 0.0963928
483 0.661435
483 0.0128274
484 0.392509
484 0.00992385
487 1.49478
488 0.326246
493 2.52668
493 0.0765205
494 0.635462
494 0.0856114
497 1.21524
498 0.363843
499 0.429907
499 0.275577
500 0.13889
500 0.0546327
500 0.100642
502 0.882895
504 0.937872
507 1.47954
507 0.250414
511 1.98939
513 0.727556
514 0.712156
514 0.221694
515 0.176708
516 0.436963
517 0.520119
518 0.334583
518 0.0673127
519 0.558581
520 0.665735
520 0.0387837
521 0.485292
521 0.0638579
522 0.335502
524 0.816481
524 0.0193493
524 0.0620408
524 0.288027
525 0.0346647
850 1.28896e-23
1149 0.00614222
1149 1.24708e-26
524 0.0488982
524 0.0619013
524 0.0821474
524 0.0469931
524 0.0482519
524 0.0602919
524 0.362023
524 0.124381
524 0.0842109
522 0.127402
521 0.0614852
521 0.0572705
521 0.215598
521 0.0689247
520 0.081158
519 0.0638424
518 0.042605
518 0.175832
517 0.0405442
516 0.149395
515 0.0391119
514 0.0405969
513 0.0445435
511 0.083731
507 0.110192
507 0.0374897
504 0.246506
500 0.0823592
500 0.0634605
499 0.0537606
499 0.107353
498 0.0607971
494 0.0544439
494 0.0412442
493 0.0829699
493 0.238934
493 0.073209
488 0.468753
487 0.0846628
487 0.0631866
487 0.0743755
487 0.0365997
484 0.400326
484 0.0346768
483 0.0970528
483 0.0398994
481 0.0676455
481 0.0506854
480 0.0555715
477 0.0438955
475 0.0978767
475 0.0749122
493 0.000121
493 0.00121941
475 1.83112e-23
478 1.58981
479 0.302633
480 0.475136
480 0.00130498
481 0.726437
482 0.319455
484 0.772873
484 0.218543
484 0.187626
485 0.029597
485 0.221868
485 0.086446
486 0.36523
486 0.166569
489 1.21617
489 0.219665
491 0.751578
498 3.2776
498 0.0971006
500 1.01246
500 0.0652875
501 0.422694
502 0.301473
502 0.174865
503 0.263904
503 0.0160063
503 0.225759
504 0.53157
504 0.0734721
504 0.0353218
505 0.103631
505 0.258491
507 0.639724
507 0.340899
508 0.241629
508 0.145942
508 0.110666
509 0.23127
509 0.172118
509 0.0976185
510 0.401585
511 0.6608
514 1.17567
515 0.902031
516 0.490856
520 1.7053
522 1.05651
523 0.157608
523 0.0335363
523 0.279118
524 0.408373
525 0.14957
850 1.29049e-23
1149 0.00686116
1149 2.72587e-26
524 0.0482072
523 0.0595198
523 0.0436766
523 0.0393268
522 0.093305
517 0.249444
517 0.0409542
517 0.181254
517 0.0385664
514 0.0676356
511 0.0678935
510 0.0786452
509 0.100489
509 0.0486267
509 0.0906299
508 0.0983579
508 0.0359672
508 0.138017
507 0.0589431
507 0.0888982
505 0.0417215
505 0.204492
504 0.0849776
504 0.105889
504 0.055147
503 0.190529
503 0.078654
503 0.0620807
502 0.0406715
502 0.165696
501 0.113944
500 0.0501733
500 0.105037
498 0.0442388
498 0.0423587
491 0.0619973
490 0.109596
490 0.278488
489 0.135312
486 0.14931
486 0.0735329
485 0.0672875
485 0.0509755
485 0.0444083
484 0.08048
484 0.056003
484 0.544885
484 0.18944
482 0.389432
481 0.0958376
480 0.0389674
480 0.0422042
479 0.0816908
479 0.193304
479 0.0402655
478 0.0569605
492 0
475 0
0 0
516 0.001564
516 0.022786
492 0.107077
475 1.83112e-23
475 0.115973
477 1.0746
479 1.1853
479 0.0232603
480 0.271494
482 0.947407
482 0.0730695
483 0.26549
483 0.401875
484 0.136065
486 0.829768
486 0.295096
487 0.413335
487 0.0199998
488 0.233482
489 0.658625
491 1.03255
491 0.0743454
495 1.87399
496 0.397417
496 0.13375
497 0.48735
498 0.155879
499 0.644703
499 0.012069
501 0.978148
501 0.0157142
503 0.884292
503 0.054378
505 0.617618
507 1.27055
508 0.319852
512 1.90003
513 0.491701
513 0.299585
517 1.69792
517 0.0108457
518 0.481895
518 0.4219
521 1.09829
522 0.656771
522 0.196352
523 0.267002
523 0.253099
525 0.579577
850 1.28806e-23
958 0.00534025
1149 0.00901455
1149 2.07386e-27
958 0.00114027
524 0.220063
523 0.0448308
522 0.0431413
521 0.117667
518 0.0703632
518 0.0572922
517 0.0354719
517 0.0479871
513 0.040569
513 0.0617509
508 0.0454827
505 0.094018
503 0.0750222
503 0.137503
501 0.0824755
501 0.0582552
499 0.104691
499 0.0769886
498 0.0387664
496 0.287965
496 0.0799323
495 0.203294
491 0.0411952
491 0.0414501
489 0.041704
488 0.461905
488 0.166419
488 0.0350713
487 0.0896476
487 0.511538
487 0.0720611
486 0.0660209
484 0.121672
483 0.0400573
483 0.237863
483 0.390644
483 0.0435234
482 0.100497
482 0.0507855
480 0.099402
479 0.037345
477 0.037376
475 0.000412278
475 0.0515678
475 0.233857
475 0.001564
475 0.00346426
475 1.83112e-23
476 0.555847
477 0.828248
478 0.211611
479 0.418634
479 0.0202116
480 0.592751
481 0.315916
481 0.0414986
482 0.302629
482 0.134239
485 1.69116
486 0.0292634
486 0.0663569
486 0.0802236
486 0.04247
486 0.0627561
487 0.569214
488 0.121625
490 1.06616
491 0.397507
492 0.619969
492 0.244536
493 0.0508
493 0.267227
495 0.770944
495 0.016569
496 0.541953
497 0.500824
498 0.807364
499 0.263281
501 1.00521
502 0.494762
503 0.576549
504 0.606619
505 0.0814045
505 0.155719
507 0.896878
508 0.688866
509 0.233419
509 0.00130022
510 0.659148
515 2.43359
515 0.0598983
516 0.482377
518 0.985096
519 0.315151
519 0.0246938
519 0.210143
522 1.13785
522 0.23387
523 0.26843
523 0.0220302
523 0.0757312
524 0.745634
524 0.0757935
525 0.00774599
850 1.28813e-23
1146 0.00767765
1149 0.00011964
1149 8.80364e-28
1146 0.00163642
524 0.0944741
523 0.0766566
523 0.0421372
523 0.038404
522 0.0558982
522 0.0841303
519 0.206673
519 0.040669
519 0.0751571
515 0.149369
515 0.164235
510 0.0512374
509 0.0430731
509 0.0510651
508 0.260449
507 0.0749232
505 0.118231
505 0.0813782
504 0.0350811
503 0.0496613
501 0.0498241
499 0.0682587
498 0.0834682
497 0.0508541
495 0.292566
495 0.10943
495 0.361826
493 0.0199468
493 0.395319
493 0.00409393
493 0.0306561
492 0.124252
492 0.0385753
491 0.067539
490 0.121336
488 0.0385786
486 0.0390167
486 0.039466
486 0.458954
486 0.178484
486 0.039584
485 0.0421222
482 0.275945
482 0.0567734
481 0.0541369
481 0.0456623
480 0.0745063
479 0.132714
479 0.0347741
478 0.0477565
477 0.043189
476 0.0478259
493 0.001564
495 0.001564
495 0.00391487
493 0.000124141
475 1.83112e-23
475 0.0552376
476 0.546954
476 0.323088
477 0.323899
479 0.897623
479 0.307641
483 1.74283
484 0.256991
486 1.04202
488 0.99462
489 0.440946
489 0.161777
490 0.504147
491 0.35122
492 0.21899
492 0.321364
494 0.88937
495 0.502661
495 0.172876
498 1.01422
498 0.0155992
499 0.680444
500 0.221819
501 0.683021
502 0.230278
502 0.213678
505 1.62197
506 0.149608
506 0.0621633
506 0.0616037
506 0.0564315
507 0.272098
508 0.69967
508 0.0414901
509 0.506995
511 0.709203
511 0.0233146
513 0.856975
516 1.41795
517 0.526674
517 0.163123
517 0.0119803
518 0.283063
518 0.161205
518 0.143692
520 0.6326
520 0.124933
521 0.264589
522 0.854601
523 0.315302
523 0.0599273
525 0.61725
850 1.28602e-23
1149 0.0101199
1149 3.37224e-28
523 0.0371064
523 0.231147
521 0.051045
520 0.0690116
518 0.0462677
518 0.0441124
517 0.0397782
517 0.0826247
517 0.049583
513 0.043785
511 0.14522
511 0.105555
509 0.0804906
508 0.12751
508 0.0391075
507 0.0383654
506 0.120169
506 0.0454147
506 0.0441582
506 0.0671186
505 0.0402012
502 0.0496191
502 0.0589856
501 0.0375969
500 0.102418
499 0.0381024
498 0.0369492
498 0.0467864
495 0.0780004
495 0.0419151
494 0.042578
492 0.0486527
492 0.245573
491 0.0447001
490 0.0592144
489 0.0363371
489 0.0486116
488 0.196308
486 0.0553362
483 0.066783
479 0.0504679
477 0.176952
476 0.0421235
476 0.128488
476 0.119858
476 0.0884158
475 0.00958076
475 0.0170655
475 0.0193871
475 0.0263344
475 0.0754244
475 0.0290975
475 0.0296729
475 0.0335641
475 0.251176
475 1.83112e-23
476 0.658872
478 0.856792
478 0.15474
478 0.135826
479 0.272367
480 0.427628
480 0.232488
481 0.110202
481 0.282372
482 0.19179
484 1.04892
484 0.00159578
485 0.676686
485 0.08803
485 0.0816047
486 0.530262
488 0.627795
488 0.0340909
488 0.256541
490 0.919195
491 0.342288
492 0.517761
492 0.244831
493 0.268396
494 0.699255
495 0.2657
496 0.341166
497 0.897057
498 0.381765
498 0.0886295
499 0.368533
500 0.373341
501 0.571924
503 0.853727
503 0.251598
504 0.348987
504 0.147777
505 0.163341
507 1.19671
508 0.573764
509 0.304047
509 0.103568
512 1.13278
512 0.308384
513 0.377748
515 0.808038
516 0.48426
516 0.218434
517 0.359019
518 0.597621
518 0.0161981
518 0.0118669
519 0.1597
520 0.732919
520 0.0469422
521 0.316695
522 0.419339
522 0.210409
523 0.402234
525 0.767042
850 1.28989e-23
1149 0.00952981
1149 1.51733e-26
523 0.183737
522 0.180646
522 0.0708823
521 0.0482165
520 0.0510253
520 0.0350875
519 0.142174
518 0.0708699
518 0.039093
518 0.0776948
517 0.0494665
516 0.0568409
516 0.377359
513 0.230778
512 0.0515518
512 0.0398599
508 0.0618471
505 0.169575
504 0.0709448
504 0.150179
504 0.403702
504 0.0566183
503 0.138106
501 0.0347806
500 0.0537537
499 0.0553592
498 0.0456122
498 0.0748328
497 0.0993017
496 0.0637757
495 0.0554405
494 0.0399062
493 0.041593
492 0.0635942
492 0.0368964
491 0.157867
490 0.0521253
488 0.0863326
488 0.0386561
488 0.141917
487 0.115638
485 0.0774973
485 0.0527024
485 0.0518199
484 0.147845
484 0.154269
484 0.0112841
484 0.0404218
484 0.0343331
484 0.162133
484 0.0886627
482 0.106451
482 0.0417366
481 0.0425604
481 0.118869
480 0.0386519
480 0.115155
480 0.0748664
479 0.205982
478 0.0788119
478 0.144529
476 0.0359875
482 0.001564
482 0.00038576
475 1.83112e-23
475 0.0330211
476 0.451425
478 1.04553
478 0.204021
480 0.721904
482 0.944225
483 0.520013
485 1.13175
486 0.242113
486 0.286106
486 0.107677
487 0.543994
488 0.307772
488 0.0856547
489 0.236484
489 0.0598538
489 0.219168
490 0.0280391
490 0.29181
490 0.0293776
491 0.261066
492 0.580225
492 0.268653
494 0.615925
496 1.19239
497 0.179534
498 0.632578
499 0.524126
501 0.762486
501 0.178534
501 0.148849
501 0.079702
502 0.337891
503 0.332926
503 0.315703
504 0.228198
504 0.051764
504 0.049705
505 0.219877
505 0.325366
505 0.021375
507 0.92207
507 0.0849239
508 0.204509
509 0.598501
513 2.25627
514 0.31033
514 0.198189
517 1.31494
519 0.86417
519 0.0566404
520 0.554942
520 0.165843
522 0.654662
522 0.208281
525 1.03089
850 1.28962e-23
1122 0.00802573
1149 0.000626036
1149 2.0042e-26
1122 0.00123641
522 0.047833
522 0.0451132
520 0.0672649
520 0.197484
519 0.0342388
517 0.268336
514 0.16613
514 0.0450996
513 0.0487603
509 0.0437746
508 0.0465608
507 0.147291
507 0.0390827
505 0.0350265
505 0.162545
504 0.0507549
504 0.0514658
503 0.148807
503 0.53665
503 0.084944
501 0.0610058
501 0.102333
501 0.0620926
499 0.516923
499 0.0548059
498 0.0612294
497 0.141948
496 0.0792816
494 0.147799
492 0.0418516
491 0.0775454
490 0.0982773
490 0.119671
490 0.418322
490 0.109626
490 0.129272
490 0.0444137
490 0.112839
489 0.0722767
489 0.0381433
489 0.0843206
488 0.067846
487 0.0673273
486 0.0419785
486 0.0363942
486 0.0459361
483 0.0410774
482 0.0591325
480 0.0720694
478 0.0439316
478 0.0524051
476 0.044158
475 0.0900062
475 1.83112e-23
475 0.488914
476 0.283823
478 1.09641
479 0.345393
479 0.262769
480 0.207386
481 0.449669
482 0.345519
482 0.323864
483 0.308016
483 0.0650669
484 0.352699
484 0.163451
484 0.152446
485 0.124659
485 0.016363
487 0.908985
487 0.0289476
487 0.0381532
492 2.61202
492 0.160214
492 0.0792366
492 0.034205
492 0.0262416
493 0.365932
493 0.0530469
494 0.470351
495 0.307897
497 0.858229
498 0.39879
499 0.699594
499 0.176322
500 0.145154
500 0.0880156
500 0.0223537
500 0.103902
501 0.356673
501 0.114389
502 0.127873
502 0.169485
502 0.0733507
504 1.11564
505 0.269476
507 0.859396
507 0.014625
508 0.348408
509 0.767299
510 0.207202
510 0.354433
510 0.00360232
511 0.571106
513 0.602497
514 0.406204
514 0.203811
516 0.799658
516 0.0495646
516 0.0447572
516 0.00296261
516 0.0877146
517 0.200924
517 0.149814
517 0.0336307
518 0.212539
518 0.106335
519 0.415938
519 0.234192
520 0.327386
520 0.0643196
521 0.414604
522 0.265521
524 1.42967
525 0.00778668
850 1.29042e-23
922 0.00193881
1149 0.00694491
1149 1.28408e-26
922 0.00141373
922 0.00165963
921 0.00221855
921 0.0010771
524 0.0415802
522 0.0607791
521 0.338143
520 0.0384462
519 0.0464474
518 0.0516426
518 0.08695
517 0.0383324
517 0.0484009
517 0.0473946
516 0.0695541
516 0.0392683
516 0.0613191
516 0.0807212
516 0.177085
516 0.118427
516 0.0755032
514 0.0800036
514 0.140223
513 0.111609
510 0.0566658
510 0.0356331
510 0.0382757
509 0.249902
509 0.0976787
508 0.0411437
507 0.106619
505 0.0795188
505 0.0176756
504 0.0442679
502 0.0472357
502 0.0607757
501 0.0601357
501 0.0942007
500 0.049754
500 0.0400336
500 0.530272
500 0.0825336
500 0.120182
499 0.100339
499 0.0592181
498 0.0567853
497 0.099559
495 0.0484558
494 0.0344317
493 0.0625352
493 0.0383952
493 0.0317205
492 0.048897
492 0.0351125
492 0.365802
492 0.0394626
492 0.510533
492 0.163308
487 0.172709
487 0.0372293
487 0.0612765
485 0.0612651
485 0.0653805
484 0.0439383
484 0.0420679
484 0.048247
483 0.119877
483 0.055905
482 0.0701578
480 0.0698939
480 0.0349091
479 0.104252
478 0.225945
476 0.192114
491 0
491 0.001564
491 0.0252629
491 0.00142745
475 1.83112e-23
477 1.09989
477 0.0537535
478 0.807816
479 0.384136
479 0.0742656
480 0.526855
484 1.78687
485 0.348125
486 0.670343
486 0.0277426
488 0.878846
489 0.628137
489 0.00705755
492 1.30027
492 0.116406
493 0.417513
496 1.21443
497 0.437295
497 0.360049
498 0.244663
499 0.55798
500 0.408663
500 0.0171824
501 0.526957
501 0.0619788
501 0.107951
502 0.41654
502 0.00332038
504 0.990222
505 0.141081
505 0.224658
505 0.164068
506 0.134401
506 0.408066
508 0.725916
509 0.237615
509 0.198729
509 0.0267321
510 0.617077
511 0.370712
513 0.705853
513 0.309128
515 0.694709
516 0.556529
516 0.0764069
519 1.41236
519 0.0966442
520 0.302319
521 0.5178
522 0.507022
523 0.764475
523 0.058787
525 0.520119
850 1.28834e-23
1149 0.00629288
1149 2.1301e-27
523 0.0452998
522 0.105571
521 0.0599227
520 0.1113
519 0.0377063
519 0.154811
516 0.0747675
516 0.0582831
515 0.0477148
513 0.087846
511 0.0732997
510 0.115231
509 0.0474768
509 0.0712638
508 0.0653454
506 0.11463
506 0.158571
505 0.0839786
505 0.0451823
505 0.0888632
502 0.0930582
502 0.170296
501 0.373065
501 0.0804408
501 0.0565578
500 0.0450979
500 0.0705363
499 0.374723
498 0.054703
497 0.421876
497 0.0583251
496 0.2529
493 0.0713434
492 0.0477354
492 0.211651
489 0.0388211
489 0.06217
488 0.0946424
486 0.0889432
486 0.0638534
485 0.356686
484 0.0406298
480 0.0413001
479 0.0869207
479 0.0383515
478 0.0052564
478 0.131061
478 0.0351902
477 0.0474103
475 1.83112e-23
475 0.109133
476 0.562017
476 0.245914
477 0.196351
477 0.19516
477 0.00334845
479 0.945463
480 0.361628
480 0.00706493
480 0.0495979
481 0.371472
482 0.263486
485 1.56214
485 0.171703
486 0.261962
487 0.259464
487 0.262947
489 0.900897
489 0.0408337
491 0.826123
492 0.59391
492 0.0618829
492 0.0145226
493 0.0776966
496 1.44805
496 0.0697942
496 0.035392
496 0.147321
496 0.192241
499 1.42882
500 0.380533
502 0.822592
503 0.482406
504 0.412768
506 1.31279
507 0.457977
508 0.380306
512 1.89935
512 0.0616365
512 0.107212
512 0.0881975
514 0.946354
515 0.574647
516 0.464244
517 0.337393
517 0.0139139
521 2.29656
524 0.987514
525 0.484508
850 1.28757e-23
1149 0.00977405
1149 2.16102e-26
524 0.0535476
524 0.0168257
524 0.26286
524 0.0441151
521 0.0497922
517 0.0511769
517 0.0524226
516 0.196949
514 0.0781168
512 0.0699596
512 0.0111943
512 0.204166
512 0.0354343
512 0.0946958
512 0.0414726
508 0.0549956
507 0.305596
504 0.0489603
503 0.00567379
503 0.083511
503 0.0501258
502 0.0439949
500 0.067021
499 0.0434868
497 0.143303
496 0.0555913
496 0.128127
496 0.0733645
496 0.111293
493 0.0437967
492 0.0449624
492 0.0668705
492 0.177055
491 0.0547449
489 0.0523828
489 0.097369
487 0.0433145
487 0.138814
486 0.0379394
485 0.0884215
485 0.0658258
482 0.0438683
481 0.0572699
480 0.157075
480 0.042482
480 0.0975021
479 0.0455781
477 0.035548
477 0.0619014
476 0.0378194
476 0.0345593
475 0.0598377
524 0.001564
524 0.00813476
