1 0 1
0 0 1
0 0 1
0 0 1
2 0 3
0 0 1
0 0 3
0 0 0
0 0 1
0 0 0
0 0 0
0 0 0
0 0 0
0 0 1
0 0 0
0 0 0
0 0 0
0 0 0
0 0 1
0 0 0
0 0 0
3 4 5
0 0 0
0 0 0
0 0 0
0 0 0
0 0 0
0 0 1
0 0 1
0 0 3
0 0 0
0 0 1
0 0 1
3 3 0
0 0 0
4 5 6
0 0 1
0 0 1
0 0 2
0 0 1
0 0 1
2 1 2
0 0 0
0 0 0
0 0 0
0 0 0
0 0 1
0 0 2
0 0 0
0 0 1
0 0 1
0 0 2
0 0 2
4 2 9
0 0 1
2 0 4
3 4 6
0 0 0
0 0 1
0 0 2
0 0 0
0 0 0
0 0 2
0 0 2
0 0 2
0 0 0
0 0 2
0 0 0
0 0 1
0 0 0
0 0 2
3 0 5
0 0 0
0 0 0
0 0 1
0 0 3
0 0 1
0 0 1
6 7 2
0 0 0
0 0 2
0 0 2
0 0 1
3 3 5
0 0 0
0 0 0
0 0 1
2 1 1
0 0 4
0 0 1
0 0 0
0 0 0
0 0 2
0 0 0
0 0 1
0 0 0
0 0 0
0 0 0
0 0 2
0 0 0
