0 -1
344 1
0 -1
284 1
0 -1
475 1
0 -1
207 1
0 -1
0 1
0 -1
0 1
0 -1
0 1
0 -1
81 1
0 -1
308 1
0 -1
119 1
0 -1
0 1
0 -1
0 1
0 -1
370 1
0 -1
475 1
0 -1
102 1
0 -1
298 1
0 -1
308 1
0 -1
475 1
0 -1
0 1
0 -1
0 1
0 -1
82 1
0 -1
475 1
0 -1
475 1
0 -1
0 1
0 -1
475 1
0 -1
447 1
0 -1
409 1
0 -1
475 1
0 -1
134 1
0 -1
336 1
0 -1
233 1
0 -1
248 1
0 -1
0 1
0 -1
0 1
0 -1
278 1
0 -1
146 1
0 -1
149 1
0 -1
291 1
0 -1
137 1
0 -1
83 1
0 -1
475 1
0 -1
475 1
0 -1
0 1
0 -1
395 1
0 -1
475 1
0 -1
475 1
0 -1
384 1
0 -1
472 1
0 -1
220 1
0 -1
435 1
0 -1
357 1
0 -1
436 1
0 -1
0 1
0 -1
0 1
0 -1
229 1
0 -1
453 1
0 -1
80 1
0 -1
0 1
0 -1
475 1
0 -1
297 1
0 -1
428 1
0 -1
142 1
0 -1
349 1
0 -1
228 1
0 -1
475 1
0 -1
0 1
0 -1
156 1
0 -1
401 1
0 -1
431 1
0 -1
214 1
0 -1
475 1
0 -1
253 1
0 -1
410 1
0 -1
475 1
0 -1
311 1
0 -1
367 1
0 -1
475 1
0 -1
465 1
0 -1
90 1
0 -1
0 1
0 -1
88 1
0 -1
475 1
0 -1
263 1
0 -1
198 1
0 -1
283 1
0 -1
475 1
0 -1
208 1
0 -1
219 1
0 -1
475 1
0 -1
246 1
0 -1
96 1
0 -1
330 1
0 -1
369 1
0 -1
475 1
0 -1
0 1
0 -1
475 1
0 -1
426 1
0 -1
444 1
0 -1
475 1
0 -1
358 1
