0 -1
389 1
0 -1
475 1
0 -1
227 1
0 -1
0 1
0 -1
360 1
0 -1
475 1
0 -1
0 1
0 -1
320 1
0 -1
144 1
0 -1
348 1
0 -1
468 1
0 -1
475 1
0 -1
475 1
0 -1
475 1
0 -1
475 1
0 -1
475 1
0 -1
475 1
0 -1
19 1
0 -1
475 1
0 -1
475 1
0 -1
271 1
0 -1
0 1
0 -1
329 1
0 -1
375 1
0 -1
0 1
0 -1
475 1
0 -1
0 1
0 -1
475 1
0 -1
475 1
0 -1
475 1
0 -1
345 1
0 -1
0 1
0 -1
475 1
0 -1
281 1
0 -1
257 1
0 -1
472 1
0 -1
475 1
0 -1
475 1
0 -1
0 1
0 -1
475 1
0 -1
348 1
0 -1
475 1
0 -1
475 1
0 -1
475 1
0 -1
0 1
0 -1
0 1
0 -1
0 1
0 -1
245 1
0 -1
475 1
0 -1
475 1
0 -1
0 1
0 -1
295 1
0 -1
0 1
0 -1
214 1
0 -1
24 1
0 -1
406 1
0 -1
369 1
0 -1
86 1
0 -1
475 1
0 -1
475 1
0 -1
475 1
0 -1
414 1
0 -1
380 1
0 -1
170 1
0 -1
475 1
0 -1
268 1
0 -1
423 1
0 -1
142 1
0 -1
475 1
0 -1
326 1
0 -1
173 1
0 -1
175 1
0 -1
417 1
0 -1
475 1
0 -1
271 1
0 -1
318 1
0 -1
319 1
0 -1
0 1
0 -1
475 1
0 -1
272 1
0 -1
109 1
0 -1
0 1
0 -1
475 1
0 -1
475 1
0 -1
475 1
0 -1
394 1
0 -1
309 1
0 -1
382 1
0 -1
120 1
0 -1
17 1
0 -1
372 1
0 -1
475 1
0 -1
0 1
0 -1
402 1
0 -1
475 1
0 -1
363 1
0 -1
0 1
0 -1
475 1
0 -1
454 1
0 -1
357 1
