475 1.93786e-21
475 1.74659e-40
475 1.87604e-40
475 1.73622e-06
389 1.07595e-21
475 1.93786e-21
475 4.54573e-11
475 1.9681e-10
475 1.60323e-07
475 3.10955e-37
475 1.41946e-06
475 1.41494e-18
475 3.10062e-74
475 1.14864e-12
475 2.1723e-07
475 3.35646e-11
475 2.53785e-28
475 5.05968e-08
475 2.0842e-19
475 1.66149e-37
475 3.40268e-05
475 5.32281e-22
475 0.000204997
475 1.03866e-05
475 3.60355e-07
475 1.86582e-05
475 2.83124e-06
475 5.89976e-06
475 9.73433e-06
475 6.84418e-06
475 4.41384e-06
475 1.93786e-21
475 1.66122e-44
475 9.20729e-08
227 1.75617e-21
475 1.93786e-21
475 6.71297e-30
475 9.28177e-09
475 3.51231e-06
475 0
475 1.04251e-08
475 2.76374e-07
475 1.48264e-06
360 1.12659e-21
475 1.93786e-21
475 2.0872e-19
475 2.72603e-06
0 2.09049e-21
475 1.93786e-21
475 3.05341e-08
475 4.04389e-07
0 2.02739e-21
475 1.93786e-21
475 5.05842e-14
475 0.0003
475 1.93786e-21
475 5.07124e-06
475 4.52328e-06
475 0
475 2.63863e-19
475 5.94133e-28
475 3.58845e-10
475 0.000200644
475 5.06228e-05
475 1.28508e-05
475 8.95423e-06
475 4.09528e-07
475 3.32481e-06
475 2.2843e-06
475 4.03778e-07
475 2.76765e-06
475 7.84281e-07
144 2.65903e-22
475 1.93786e-21
475 3.11776e-30
475 3.65199e-07
320 1.21529e-21
475 1.93786e-21
475 7.94325e-09
475 1.73971e-10
475 1.3409e-69
475 4.02221e-22
475 6.3057e-06
468 1.01424e-21
475 1.93786e-21
475 3.48402e-14
475 3.91476e-06
348 1.19782e-21
475 1.93786e-21
475 1.61199e-35
475 2.22128e-09
475 1.12157e-05
475 0
475 0.000288782
475 1.93786e-21
475 1.22937e-17
475 3.9783e-38
475 4.97187e-05
475 1.39319e-07
475 1.77922e-13
475 9.64706e-05
475 0.000108622
475 1.52893e-05
475 2.47762e-06
475 1.71977e-05
475 3.53535e-07
475 9.73117e-06
475 1.93786e-21
475 3.29235e-45
475 0.000120286
475 4.7689e-14
475 2.76538e-07
475 3.69904e-34
475 0.000160412
475 5.09715e-06
475 2.77301e-06
475 7.46058e-06
475 3.69507e-06
475 1.93786e-21
475 3.80068e-40
475 3.17219e-32
475 8.41135e-09
475 0.000183894
475 4.12439e-05
475 1.22627e-05
475 4.4969e-07
475 3.80355e-05
475 1.68744e-06
475 3.56286e-06
475 8.46172e-06
475 4.87529e-06
475 5.51845e-06
475 1.93786e-21
475 0.000213055
475 1.57394e-05
475 5.44096e-06
475 4.59882e-05
475 2.95067e-06
475 2.26834e-06
475 6.84314e-06
475 7.71413e-06
475 1.93786e-21
475 1.65435e-16
475 2.03369e-41
475 9.43167e-22
475 9.98408e-22
475 0.000273553
475 1.74923e-05
475 8.95515e-06
475 1.93786e-21
475 4.914e-12
475 9.01163e-49
475 0.0003
475 1.93786e-21
475 1.91378e-26
475 1.34358e-08
475 1.28118e-06
19 2.14206e-21
475 1.93786e-21
475 2.05557e-54
475 6.31297e-06
271 1.31073e-21
475 1.93786e-21
475 7.10205e-10
475 1.70702e-06
475 0
475 9.466e-15
475 1.62976e-137
475 1.98873e-06
475 7.16606e-08
475 0.000296232
475 1.93786e-21
475 1.18321e-05
475 3.22184e-07
475 8.41451e-33
475 2.94501e-07
329 1.1691e-21
475 1.93786e-21
475 6.82862e-11
475 1.38173e-08
475 5.19015e-73
475 4.2517e-29
475 9.5154e-07
0 1.9445e-21
475 1.93786e-21
475 1.70511e-16
475 1.6891e-16
475 5.17805e-06
0 2.08052e-21
475 1.93786e-21
475 8.70536e-15
475 7.13297e-12
475 7.2257e-07
375 1.0977e-21
475 1.93786e-21
475 1.06815e-05
475 1.30611e-06
475 0
475 2.0804e-08
475 2.30848e-07
0 2.01443e-21
475 1.93786e-21
475 2.9044e-09
475 1.14493e-06
475 0
475 0.000298852
475 1.93786e-21
475 2.01549e-06
475 2.52114e-07
475 1.50417e-10
475 1.6278e-06
475 0
475 6.61972e-21
475 3.40571e-06
475 0
475 3.4201e-18
475 4.90283e-13
475 4.4856e-25
475 3.96088e-05
475 1.27655e-38
475 0.00025309
475 1.93786e-21
475 1.24128e-09
475 8.71394e-08
475 5.84276e-07
475 2.13576e-13
475 1.38148e-06
475 1.37352e-19
475 4.26615e-19
475 7.20199e-09
475 4.72797e-08
475 8.38233e-21
475 3.17627e-19
475 6.75032e-40
475 0.000297891
475 1.93786e-21
475 5.077e-46
475 2.53592e-18
475 1.01192e-12
475 3.0095e-18
475 1.43256e-05
475 0
475 5.8019e-13
475 1.73e-15
475 4.66552e-15
475 1.19759e-06
475 0
475 4.89456e-05
475 1.35126e-08
475 5.61149e-06
475 0
475 2.17763e-15
475 5.37344e-08
475 2.37243e-06
475 0
475 1.79257e-47
475 3.17514e-06
345 1.30303e-21
475 1.93786e-21
475 2.28352e-07
475 6.65062e-19
475 8.7837e-45
475 9.17368e-15
475 4.46541e-21
475 9.68631e-08
475 2.25478e-10
475 8.39247e-28
475 0.000299675
475 1.93786e-21
475 2.99769e-13
475 5.17552e-19
475 1.74503e-67
475 5.09087e-09
475 0.000299995
475 1.93786e-21
475 4.03283e-72
475 1.3064e-10
475 5.99323e-18
475 1.03911e-05
475 0
475 3.41142e-13
475 5.97554e-11
475 7.07091e-08
0 2.06547e-21
475 1.93786e-21
475 1.21015e-10
475 1.42612e-40
475 1.20514e-21
475 1.62216e-07
257 1.50697e-21
475 1.93786e-21
475 9.56844e-27
475 7.25848e-06
281 1.38932e-21
475 1.93786e-21
475 2.3025e-08
475 2.36857e-07
475 0.00029974
475 1.93786e-21
475 1.59419e-19
475 1.60734e-26
475 3.34191e-06
475 2.66324e-22
475 2.82139e-05
475 5.06255e-05
475 8.62499e-112
475 6.34892e-27
475 4.67755e-74
475 2.40456e-67
475 4.67108e-24
475 3.94953e-17
475 3.73896e-11
475 2.0624e-70
475 3.02374e-11
475 2.06536e-30
475 5.32935e-11
475 1.64581e-07
475 2.91138e-84
475 8.42769e-08
475 0
475 1.71884e-71
475 1.18385e-06
472 8.90314e-22
475 1.93786e-21
475 3.6739e-38
475 2.55662e-30
475 1.03332e-72
475 5.17338e-15
475 1.12325e-32
475 3.82847e-31
475 8.48343e-06
475 0.000100687
475 2.1139e-09
475 5.7353e-51
475 5.83673e-38
475 1.38152e-23
475 1.33978e-61
475 2.15186e-22
475 6.42937e-21
475 3.37241e-18
475 5.81122e-14
475 2.45678e-48
475 2.75686e-42
475 5.81014e-14
475 2.71728e-49
475 2.9963e-66
475 2.57101e-76
475 1.06696e-15
475 3.80698e-153
475 4.53099e-18
475 1.29386e-10
475 3.4831e-14
475 3.24399e-10
475 3.66107e-87
475 1.90292e-33
475 2.33598e-63
475 1.66219e-15
475 1.02899e-17
475 1.90018e-08
475 0.000187565
475 1.47546e-06
0 1.55425e-22
475 1.93786e-21
475 0.0003
475 1.93786e-21
475 8.80903e-20
475 2.1653e-06
348 1.14254e-21
475 1.93786e-21
475 8.05828e-08
475 3.38127e-06
475 0
475 0.000258817
475 2.43355e-05
475 7.96628e-06
475 5.41923e-06
475 1.93786e-21
475 1.04717e-11
475 2.11824e-05
475 2.04921e-18
475 4.83503e-17
475 5.60304e-45
475 2.85139e-19
475 1.46227e-12
475 4.59313e-05
475 3.30537e-28
475 3.47525e-06
475 0
475 4.02027e-31
475 5.438e-51
475 1.39494e-20
475 3.27941e-47
475 0.000229411
475 1.93786e-21
475 1.38635e-09
475 1.19715e-37
475 5.43278e-10
475 7.74214e-22
475 6.75882e-08
475 6.3034e-10
475 3.7343e-82
475 4.56566e-21
475 3.63745e-22
475 1.50338e-11
475 1.15961e-13
475 5.33609e-15
475 2.4007e-07
475 8.85852e-19
475 1.41348e-09
475 0.000212678
475 1.72771e-05
475 1.26661e-05
475 3.13941e-05
475 1.6512e-05
475 9.16154e-06
475 1.93786e-21
475 6.33206e-70
475 3.09567e-11
475 4.62674e-31
475 7.55975e-44
475 2.09468e-35
475 4.05796e-11
475 9.42153e-33
475 8.77108e-07
475 8.39261e-21
475 1.78865e-14
475 1.27808e-26
475 1.97962e-11
475 3.73734e-17
475 1.30943e-06
0 1.94968e-21
475 1.93786e-21
475 1.11054e-27
475 2.2638e-07
475 4.97669e-12
475 1.78501e-46
475 0.000162953
475 1.62111e-05
475 6.28429e-05
475 2.70424e-05
475 9.66295e-07
475 1.90973e-06
475 5.49594e-06
475 5.06959e-06
475 2.40097e-06
475 1.10381e-06
475 1.13348e-06
475 1.05074e-06
475 3.8415e-06
475 7.75258e-06
475 1.93786e-21
475 1.85888e-08
475 3.59111e-07
475 0
475 3.4294e-06
475 2.62845e-06
0 2.03164e-21
475 1.93786e-21
475 2.5953e-27
475 3.21933e-07
0 2.16996e-21
475 1.93786e-21
475 0.0003
475 1.93786e-21
475 1.5071e-42
475 3.888e-06
0 2.09411e-21
475 1.93786e-21
475 1.4276e-21
475 2.93498e-07
475 9.9387e-05
475 2.59883e-36
475 1.86826e-69
475 5.54932e-150
475 4.42366e-05
475 2.53877e-05
475 4.51835e-05
475 5.09716e-05
475 1.45134e-05
475 3.44715e-06
475 6.57837e-06
475 5.29119e-06
475 2.07377e-07
245 1.7419e-22
475 1.93786e-21
475 3.58531e-14
475 9.06465e-23
475 9.44493e-32
475 3.76472e-05
475 9.04247e-41
475 1.80263e-12
475 3.91873e-73
475 2.82201e-08
475 1.77494e-06
0 1.95805e-21
475 1.93786e-21
475 0.0003
475 1.93786e-21
475 3.36468e-11
475 0.000235655
475 5.93443e-07
475 2.78072e-05
475 3.01644e-06
475 1.93337e-05
475 4.09923e-06
475 7.36e-07
24 3.67033e-22
475 1.93786e-21
475 3.46226e-08
475 1.31838e-39
475 7.14451e-18
475 4.48357e-07
295 1.27692e-21
475 1.93786e-21
475 8.06124e-19
475 6.00703e-07
369 1.1255e-21
475 1.93786e-21
475 3.98912e-09
475 2.50042e-20
475 5.86289e-21
475 3.02493e-33
475 2.58288e-09
475 9.09411e-12
475 2.55513e-06
214 1.72347e-21
475 1.93786e-21
475 8.45888e-10
475 3.98817e-07
406 1.23449e-21
475 1.93786e-21
475 2.67059e-12
475 7.75967e-08
475 1.42361e-09
475 5.21826e-22
475 5.22394e-16
475 1.93587e-17
475 1.33519e-12
475 2.48679e-38
475 1.32598e-09
475 1.41642e-19
475 6.68258e-33
475 1.01946e-33
475 8.70228e-06
475 3.31878e-38
475 1.60032e-41
475 1.07857e-11
475 8.65083e-29
475 1.31745e-05
475 2.25303e-20
475 5.57495e-81
475 2.28963e-16
475 1.68633e-22
475 3.14937e-05
475 7.11996e-14
475 6.06139e-36
475 4.24193e-12
475 9.16155e-16
475 3.32782e-15
475 2.51966e-34
475 2.90685e-14
475 8.59766e-40
475 5.75818e-35
475 1.46974e-08
475 3.10636e-45
475 6.21553e-31
475 0.000246535
475 1.93786e-21
475 2.9385e-34
475 4.36533e-05
475 2.35694e-06
86 1.75121e-21
475 1.93786e-21
475 1.02187e-62
475 4.98892e-07
475 1.3321e-08
475 3.20497e-09
475 1.07121e-29
475 0.000299485
475 1.93786e-21
475 1.59373e-37
475 0.0003
475 1.93786e-21
475 1.64513e-12
475 7.76696e-06
475 0
475 7.75206e-39
475 1.66916e-06
380 1.12526e-21
475 1.93786e-21
475 2.7027e-31
475 8.78125e-37
475 1.20936e-08
475 5.73934e-06
414 1.10241e-21
475 1.93786e-21
475 2.2271e-23
475 1.38711e-07
475 8.65836e-05
475 6.26099e-31
475 2.04982e-24
475 0.000213278
475 1.93786e-21
475 3.37074e-11
475 3.24079e-11
475 1.60961e-06
170 1.60836e-21
475 1.93786e-21
475 1.84021e-09
475 6.23292e-19
475 3.54753e-05
475 5.88027e-16
475 2.03559e-13
475 1.32431e-11
475 6.54027e-71
475 3.34247e-28
475 1.16555e-06
475 9.78113e-76
475 2.80088e-06
475 1.21883e-50
475 4.33083e-27
475 6.15783e-81
475 1.65901e-27
475 9.02586e-13
475 1.89929e-17
475 4.77127e-07
475 0
475 1.80903e-15
475 1.11984e-23
475 3.42014e-07
142 1.75654e-21
475 1.93786e-21
475 1.37061e-23
475 5.61045e-53
475 7.88729e-07
268 1.47234e-21
475 1.93786e-21
475 6.72091e-33
475 1.73128e-07
423 1.06605e-21
475 1.93786e-21
475 3.47449e-39
475 2.33616e-47
475 9.1038e-24
475 1.02448e-20
475 1.39376e-19
475 3.39258e-34
475 1.42081e-06
326 1.25709e-21
475 1.93786e-21
475 0.0003
475 1.93786e-21
475 3.15478e-24
475 5.6249e-26
475 5.36395e-07
173 1.62911e-21
475 1.93786e-21
475 1.07168e-49
475 5.6176e-07
175 1.79525e-21
475 1.93786e-21
475 4.45336e-14
475 3.80054e-26
475 4.84058e-12
475 1.57944e-19
475 6.61836e-12
475 2.35319e-48
475 6.79632e-32
475 2.28703e-15
475 4.60044e-23
475 2.57522e-22
475 3.875e-05
475 5.97633e-06
475 2.95051e-20
475 4.66907e-31
475 1.91144e-06
475 4.24399e-12
475 1.61044e-12
475 2.22436e-06
475 2.49613e-21
475 1.15391e-47
475 1.66331e-22
475 4.76499e-16
475 1.07301e-10
475 2.57334e-07
475 1.03572e-09
475 1.60583e-06
475 1.40758e-20
475 6.63371e-08
475 1.01309e-30
475 1.1348e-06
475 3.02385e-32
475 2.28537e-84
475 5.10338e-15
475 4.14971e-05
475 6.50225e-15
475 4.87824e-12
475 3.32693e-17
475 2.31406e-08
475 4.86085e-77
475 8.50322e-22
475 1.90163e-51
475 3.2904e-79
475 1.22329e-47
475 8.03812e-05
475 6.19504e-05
475 2.60771e-05
475 2.72062e-05
475 3.48105e-06
475 3.45416e-07
417 1.8297e-22
475 1.93786e-21
475 3.59404e-41
475 2.76315e-05
475 0
475 1.25949e-10
475 0.000272368
475 1.93786e-21
475 6.42225e-06
475 2.58146e-25
475 7.77995e-08
475 5.9066e-22
475 1.01455e-06
475 1.75537e-50
475 9.63805e-10
475 5.93894e-06
318 1.2709e-21
475 1.93786e-21
475 1.34345e-16
475 3.39378e-25
475 1.34744e-05
475 0
475 5.51944e-49
475 3.54931e-10
475 1.72804e-06
475 0
475 9.2878e-14
475 7.4512e-07
271 1.28301e-21
475 1.93786e-21
475 2.74714e-06
475 9.58735e-08
475 5.15525e-39
475 1.0588e-15
475 4.04483e-19
475 1.8183e-06
475 0
475 8.39356e-09
475 4.46904e-07
319 1.19299e-21
475 1.93786e-21
475 6.08057e-17
475 2.59126e-16
475 1.16238e-15
475 1.50534e-23
475 2.01192e-11
475 2.34344e-36
475 1.28741e-30
475 6.20378e-10
475 4.27685e-61
475 6.11293e-32
475 3.07088e-09
475 6.83949e-33
475 4.46788e-07
475 5.94763e-10
475 2.03364e-70
475 1.1051e-12
475 3.55902e-22
475 3.57518e-39
475 1.56041e-06
475 1.35353e-09
475 7.68048e-63
475 1.58854e-06
475 2.67947e-16
475 1.98153e-34
475 1.62627e-05
475 4.42043e-05
475 2.25036e-25
475 9.37507e-07
475 2.21685e-57
475 2.56016e-16
475 3.3894e-10
475 7.6908e-22
475 2.10995e-17
475 1.94662e-12
475 4.10711e-05
475 2.05761e-43
475 3.83956e-103
475 4.74592e-12
475 1.29062e-11
475 8.2116e-78
475 8.03761e-27
475 7.21095e-59
475 3.32304e-56
475 2.53206e-08
475 5.16277e-74
475 4.11431e-05
475 7.7008e-05
475 1.19737e-05
475 1.33316e-05
475 5.99562e-06
475 3.03978e-05
475 6.04836e-06
475 7.9992e-06
475 1.93786e-21
475 2.95563e-47
475 2.28651e-07
0 2.00305e-21
475 1.93786e-21
475 1.98735e-09
475 3.81665e-11
475 2.60498e-14
475 8.45292e-06
475 0
475 5.66961e-06
475 1.48971e-38
475 2.7399e-34
475 1.52303e-05
475 6.34628e-07
109 1.73317e-21
475 1.93786e-21
475 1.98099e-20
475 2.19881e-06
475 1.71994e-17
475 2.6805e-22
475 1.66228e-13
475 1.27762e-29
475 0
475 6.22743e-09
475 8.48577e-07
272 1.32159e-21
475 1.93786e-21
475 0.000291441
475 8.55915e-06
475 1.93786e-21
475 2.68441e-05
475 4.98071e-06
475 0
475 1.104e-90
475 5.73377e-05
475 5.16687e-08
0 1.74912e-21
475 1.93786e-21
475 4.17685e-10
475 2.64694e-18
475 3.66857e-27
475 1.35093e-18
475 8.29974e-06
475 1.09674e-16
475 0.0002917
475 1.93786e-21
475 2.02908e-37
475 2.19467e-16
475 2.41825e-06
475 6.17981e-48
475 4.19025e-06
475 3.16723e-44
475 5.29318e-15
475 6.3897e-18
475 0.000293391
475 1.93786e-21
475 4.58176e-06
475 4.44531e-06
309 1.50341e-21
475 1.93786e-21
475 1.21464e-35
475 3.8924e-06
394 1.2124e-21
475 1.93786e-21
475 6.14512e-15
475 1.18975e-05
475 0
475 3.42946e-13
475 5.82839e-09
120 1.80135e-21
475 1.93786e-21
475 4.18659e-24
475 7.47263e-07
382 1.09556e-21
475 1.93786e-21
475 5.62648e-33
475 2.83084e-06
372 1.48406e-21
475 1.93786e-21
475 1.53838e-09
475 5.55917e-10
475 3.61053e-05
475 5.81267e-30
475 7.20949e-06
475 0
475 7.15284e-07
475 1.55586e-37
475 9.51342e-32
475 4.8034e-07
17 1.99423e-21
475 1.93786e-21
475 1.13956e-18
475 1.25297e-06
0 1.99036e-21
475 1.93786e-21
475 7.12014e-11
475 5.68678e-81
475 0
475 4.61206e-35
475 2.12335e-26
475 6.06022e-10
475 6.50771e-45
475 6.14569e-09
475 1.14255e-12
475 2.27125e-05
475 6.12483e-37
475 1.32718e-06
475 0.000130683
475 7.41113e-05
475 4.21932e-05
475 1.56706e-05
475 8.64263e-06
475 4.65302e-06
475 1.93786e-21
475 3.33953e-11
475 1.07638e-45
475 2.89707e-71
475 5.68258e-29
475 1.5746e-14
475 1.11634e-11
475 4.87728e-14
475 4.85924e-13
475 2.66128e-06
475 2.92837e-18
475 4.65471e-14
475 1.18041e-53
475 0.000297339
475 1.93786e-21
475 3.58307e-16
475 3.71936e-16
475 3.67999e-15
475 5.41983e-25
475 3.12964e-06
402 1.40393e-21
475 1.93786e-21
475 5.72388e-08
475 6.23364e-06
0 2.12825e-21
475 1.93786e-21
475 6.81975e-05
475 6.32088e-29
475 2.15829e-06
363 1.01509e-21
475 1.93786e-21
475 4.79436e-07
475 0.000186385
475 6.46448e-05
475 2.633e-05
475 1.21187e-05
475 7.10591e-06
475 1.55328e-06
454 7.10284e-23
475 1.93786e-21
475 3.44483e-37
475 7.67427e-36
475 1.02012e-10
475 5.12201e-25
475 7.23891e-09
475 2.08831e-14
475 3.27907e-08
475 3.08728e-16
475 2.21915e-07
475 2.52165e-10
475 1.86816e-14
475 0.000146478
475 9.9827e-05
475 2.00531e-05
475 3.38666e-06
475 2.05551e-05
475 9.4376e-06
475 1.93786e-21
475 1.66505e-06
475 4.41467e-07
475 2.68883e-07
475 1.0247e-19
475 1.2038e-07
475 1.08261e-13
475 8.18607e-07
475 2.03635e-13
475 5.37904e-63
475 8.3065e-34
475 3.1898e-05
475 1.3517e-05
475 5.52432e-23
475 1.06041e-12
475 3.1255e-51
475 5.10603e-17
475 1.40968e-12
475 1.68899e-16
475 2.8113e-14
475 1.05088e-28
475 5.77996e-07
475 2.35567e-12
475 1.11431e-31
475 8.80852e-19
475 4.78736e-07
475 3.23726e-11
475 1.37914e-37
475 5.35891e-05
475 5.95615e-15
475 6.02222e-140
475 5.56797e-29
475 3.29136e-46
475 8.26316e-22
475 4.95601e-75
475 6.50753e-37
475 5.43142e-53
475 4.29684e-11
475 1.12588e-62
475 3.77529e-08
475 2.00212e-69
475 1.57405e-41
475 7.08471e-76
475 2.52691e-87
475 6.52393e-16
475 1.1591e-23
475 7.16595e-126
475 9.40004e-44
475 3.71611e-09
475 9.75466e-61
475 1.12769e-06
475 2.65233e-21
475 2.64044e-27
475 8.05234e-06
475 3.33214e-71
475 2.65106e-40
475 2.40976e-14
475 1.96773e-12
475 1.39394e-09
475 8.27997e-37
475 1.42232e-139
475 5.20134e-06
475 7.67146e-33
475 7.6305e-94
475 1.40323e-22
475 2.42755e-128
475 5.39302e-29
475 1.22365e-07
475 4.88447e-125
475 1.14156e-30
475 3.94018e-06
475 9.15415e-70
475 2.63816e-28
475 3.24323e-50
475 1.26384e-38
475 4.48535e-16
475 4.27581e-91
475 1.59902e-07
475 7.13741e-18
475 1.73807e-14
475 1.04469e-41
475 1.18707e-23
475 4.14986e-16
475 6.63831e-27
475 8.9895e-16
475 5.08e-38
475 2.32427e-40
475 3.93669e-05
475 6.84713e-06
475 8.19413e-05
475 3.14955e-06
475 6.37958e-07
475 4.19468e-06
475 1.25203e-05
475 1.7218e-05
475 4.98226e-06
475 3.54732e-06
357 1.25995e-22
