475 1.654e-20
475 0.03
475 1.654e-20
475 0.0261088
475 0.00282692
475 0.00106431
475 1.654e-20
475 0.0135844
475 0.0164156
475 1.654e-20
475 0.0171011
475 0.0128989
475 1.654e-20
475 0.00586175
475 0.0241383
475 1.654e-20
475 0.03
475 1.654e-20
475 0.0211496
475 0.00885039
475 1.654e-20
475 0.0116058
475 0.0183942
475 1.654e-20
475 0.0165939
475 0.0134061
475 1.654e-20
475 0.0172572
475 0.0127428
475 1.654e-20
475 0.0239403
475 1.39853e-09
475 0.00152584
475 2.85584e-05
475 0.00450533
475 1.654e-20
475 0.0178854
475 0.00204494
282 7.98931e-21
475 1.654e-20
475 0.0197697
475 0.0102303
475 1.654e-20
475 0.0280811
475 0.00191893
475 1.654e-20
475 0.03
475 1.654e-20
475 0.03
475 1.654e-20
475 0.0289667
475 0.00103328
475 1.654e-20
475 0.00206435
475 0.012675
475 0.0152607
475 1.654e-20
475 0.0106121
475 0.0193879
475 1.654e-20
475 0.03
475 1.654e-20
475 0.0206855
475 0.00931452
475 1.654e-20
475 0.0126222
475 0.0173778
475 1.654e-20
475 0.03
475 1.654e-20
475 0.03
475 1.654e-20
475 0.03
475 1.654e-20
475 0.03
475 1.654e-20
475 0.0083018
475 0.0216982
475 1.654e-20
475 0.0207664
475 0.00923357
475 1.654e-20
475 0.0212312
475 0.00876879
475 1.654e-20
475 0.00952893
475 0.0204711
475 1.654e-20
475 0.03
475 1.654e-20
475 0.0096651
475 0.00403498
475 0.0162999
475 1.654e-20
475 0.03
475 1.654e-20
475 0.03
475 1.654e-20
475 0.0118418
475 0.0181582
475 1.654e-20
475 0.0294955
475 0.00050445
475 1.654e-20
475 0.0197329
475 0.0102671
475 1.654e-20
475 0.0272183
475 0.00278166
475 1.654e-20
475 0.03
475 1.654e-20
475 0.0253567
475 0.0001689
475 0.00447442
475 1.654e-20
475 0.0108189
475 0.0111607
475 0.00802041
475 1.654e-20
475 0.0224846
475 0.00751536
475 1.654e-20
475 0.03
475 1.654e-20
475 0.0243583
475 0.00564171
475 1.654e-20
475 0.0230689
475 0.00693109
475 1.654e-20
475 0.0256446
475 0.00435543
475 1.654e-20
475 0.00708704
475 0.0203531
475 0.00255987
475 1.654e-20
475 0.0134648
475 0.0165352
475 1.654e-20
475 0.014795
475 0.015205
475 1.654e-20
475 0.03
475 1.654e-20
475 0.03
475 1.654e-20
475 0.0180982
475 0.0119018
475 1.654e-20
475 0.03
475 1.654e-20
475 0.03
475 1.654e-20
475 0.00425714
475 0.0257429
475 1.654e-20
475 0.0290656
475 0.000934389
475 1.654e-20
475 0.024351
475 0.000244566
475 0.00540443
475 1.654e-20
475 0.0168734
475 0.0131266
475 1.654e-20
475 0.03
475 1.654e-20
475 0.0259104
475 0.00408962
475 1.654e-20
475 0.03
475 1.654e-20
475 0.0291423
475 0.00085772
475 1.654e-20
475 0.0192732
475 0.0107268
475 1.654e-20
475 0.010967
475 0.019033
475 1.654e-20
475 0.015205
475 0.014795
475 1.654e-20
475 0.03
475 1.654e-20
475 0.00561695
475 0.0243831
475 1.654e-20
475 0.0175324
475 0.0124676
475 1.654e-20
475 0.03
475 1.654e-20
475 0.0254654
475 0.00453462
475 1.654e-20
475 0.03
475 1.654e-20
475 0.0165032
475 0.0134968
475 1.654e-20
475 0.00825156
475 0.0217484
475 1.654e-20
475 0.03
475 1.654e-20
475 0.03
475 1.654e-20
475 0.0293907
475 0.000609306
475 1.654e-20
475 0.03
475 1.654e-20
475 0.03
475 1.654e-20
475 0.03
475 1.654e-20
475 0.00360409
475 0.00263687
475 0.010331
475 0.0134281
475 1.654e-20
475 0.00104431
475 0.0164848
475 0.0124709
475 1.654e-20
475 0.03
475 1.654e-20
475 0.03
475 1.654e-20
475 0.0164938
475 0.0135062
475 1.654e-20
475 0.0212291
475 0.00877091
475 1.654e-20
475 0.03
475 1.654e-20
475 0.0216554
475 0.00834455
475 1.654e-20
475 0.00890962
475 0.0210904
475 1.654e-20
475 0.03
475 1.654e-20
475 0.0123951
475 0.0176049
475 1.654e-20
475 0.014051
475 0.015949
475 1.654e-20
475 0.03
475 1.654e-20
475 0.03
475 1.654e-20
475 0.0200684
475 0.00993158
475 1.654e-20
475 0.03
475 1.654e-20
475 0.03
475 1.654e-20
475 0.0190498
475 0.0109502
475 1.654e-20
475 0.03
475 1.654e-20
475 0.03
475 1.654e-20
475 0.0291807
475 0.000819322
475 1.654e-20
475 0.0117342
475 0.0182658
475 1.654e-20
475 0.0111685
475 0.0188315
475 1.654e-20
475 0.00740275
475 0.00407208
475 0.00810281
475 0.0104224
475 1.654e-20
475 0.03
475 1.654e-20
475 0.0263589
475 0.0017039
475 0.00193722
475 1.654e-20
475 0.03
475 1.654e-20
475 0.03
475 1.654e-20
475 0.00836615
475 0.00800066
475 0.0136332
475 1.654e-20
475 0.0115693
475 0.0184307
475 1.654e-20
475 0.0227952
475 0.00720476
475 1.654e-20
475 0.0233355
475 0.00666448
475 1.654e-20
475 0.03
475 1.654e-20
475 0.00604482
475 0.0012441
475 0.0227111
475 1.654e-20
475 0.0279984
475 5.88661e-05
475 0.00194272
475 1.654e-20
475 0.03
475 1.654e-20
475 0.03
475 1.654e-20
475 0.0292327
475 1.78543e-05
475 2.42521e-07
475 4.98681e-07
475 0.000575475
475 6.54813e-63
475 7.82939e-38
475 6.95464e-12
475 2.61942e-22
475 6.5852e-34
475 6.2331e-34
475 6.98621e-47
475 5.31469e-06
475 1.06905e-55
475 8.21041e-48
475 2.91301e-44
475 5.851e-10
475 1.98088e-40
475 5.16296e-40
475 3.52559e-150
475 2.55362e-93
475 2.52955e-27
475 0.00010494
475 6.29632e-05
475 1.654e-20
475 0.03
475 1.654e-20
475 0.03
475 1.654e-20
475 0.00576589
475 0.0242341
475 1.654e-20
475 0.0224223
475 0.00757766
475 1.654e-20
475 0.0170739
475 0.0129261
475 1.654e-20
475 0.0159601
475 0.0140399
475 1.654e-20
475 0.03
475 1.654e-20
475 0.0294337
475 0.000566336
475 1.654e-20
475 0.0196832
475 0.0103168
475 1.654e-20
475 0.0281143
475 4.29201e-05
475 0.00184279
475 1.654e-20
475 0.0190614
475 0.0109386
475 1.654e-20
475 0.0081987
475 0.0167911
475 0.0050102
475 1.654e-20
475 0.0108159
475 0.0104403
475 0.00874372
475 1.654e-20
475 0.0266236
475 0.00337643
475 1.654e-20
475 0.0207666
475 0.00923339
475 1.654e-20
475 0.0117581
475 0.0182419
475 1.654e-20
475 0.03
475 1.654e-20
475 0.03
475 1.654e-20
475 0.00483179
475 0.0251682
475 1.654e-20
475 0.03
475 1.654e-20
475 0.0199066
475 0.0100934
475 1.654e-20
475 0.03
475 1.654e-20
475 0.0120596
475 0.0179404
475 1.654e-20
475 0.03
475 1.654e-20
475 0.03
475 1.654e-20
475 0.0138869
475 0.0161131
475 1.654e-20
475 0.00689001
475 0.0140775
475 0.00903247
475 1.654e-20
475 0.0194857
475 0.0105143
475 1.654e-20
475 0.03
475 1.654e-20
475 0.00829528
475 0.00178029
475 0.0129751
475 0.00694933
475 1.654e-20
475 0.0298563
475 0.000143728
475 1.654e-20
475 0.03
475 1.654e-20
475 0.03
475 1.654e-20
475 0.0133889
475 0.0166111
475 1.654e-20
475 0.0076961
475 0.0223039
475 1.654e-20
475 0.0245247
475 0.00547531
475 1.654e-20
475 0.0276524
475 0.00234759
475 1.654e-20
475 0.00815309
475 0.0166062
475 0.00524067
475 1.654e-20
475 0.0296901
475 0.000309927
475 1.654e-20
475 0.03
475 1.654e-20
475 0.0259389
475 0.00406113
475 1.654e-20
475 0.03
475 1.654e-20
475 0.03
475 1.654e-20
475 0.0282335
475 0.00176655
475 1.654e-20
475 0.0143678
475 0.0156322
475 1.654e-20
475 0.00979
475 0.0107781
475 0.00943192
475 1.654e-20
475 0.03
475 1.654e-20
475 0.0277734
475 0.0022266
475 1.654e-20
475 0.03
475 1.654e-20
475 0.03
475 1.654e-20
475 0.0133028
475 0.0166972
475 1.654e-20
475 0.0289881
475 0.00101192
475 1.654e-20
475 0.03
475 1.654e-20
475 0.00471583
475 0.0104661
475 0.014818
475 1.654e-20
475 0.03
475 1.654e-20
475 0.0171617
475 0.0128383
475 1.654e-20
475 0.0211873
475 0.00881268
475 1.654e-20
475 0.0133562
475 0.0166438
475 1.654e-20
475 0.03
475 1.654e-20
475 0.0134166
475 0.0165834
475 1.654e-20
475 0.03
475 1.654e-20
475 0.03
475 1.654e-20
475 0.0146469
475 0.0153531
475 1.654e-20
475 0.03
475 1.654e-20
475 0.00438797
475 0.00949969
475 0.0161123
475 1.654e-20
475 0.0102464
475 0.0197536
475 1.654e-20
475 0.03
475 1.654e-20
475 0.03
475 1.654e-20
475 0.0242097
475 0.00217035
475 0.00361992
475 1.654e-20
475 0.0151238
475 0.0148762
475 1.654e-20
475 0.0085679
475 0.0214321
475 1.654e-20
475 0.0121191
475 0.0178809
475 1.654e-20
475 0.03
475 1.654e-20
475 0.03
475 1.654e-20
475 0.0228735
475 0.00712649
475 1.654e-20
475 0.0169416
475 0.0130584
475 1.654e-20
475 0.03
475 1.654e-20
475 0.03
475 1.654e-20
475 0.0127232
475 0.0172768
475 1.654e-20
475 0.0159927
475 0.0140073
475 1.654e-20
475 0.0254719
475 0.00452807
475 1.654e-20
475 0.03
475 1.654e-20
475 0.00816683
475 0.0218332
475 1.654e-20
475 0.0277883
475 2.13453e-05
475 0.00219038
475 1.654e-20
475 0.03
475 1.654e-20
475 0.03
475 1.654e-20
475 0.0182831
475 0.0117169
475 1.654e-20
475 0.03
475 1.654e-20
475 0.0124268
475 0.0175732
475 1.654e-20
475 0.0179797
475 0.0120203
475 1.654e-20
475 0.00411111
475 0.0258889
475 1.654e-20
475 0.03
475 1.654e-20
475 0.03
475 1.654e-20
475 0.00295143
475 0.0270486
475 1.654e-20
475 0.0106202
475 0.0122881
475 0.00709171
475 1.654e-20
475 0.03
475 1.654e-20
475 0.0211381
475 0.00886186
475 1.654e-20
475 0.03
475 1.654e-20
475 0.0241487
475 0.00103395
475 0.00481734
475 1.654e-20
475 0.0109357
475 0.0132879
475 0.00577637
475 1.654e-20
475 0.03
475 1.654e-20
475 0.028793
475 0.00120701
475 1.654e-20
475 0.0273723
475 0.00092805
475 0.0016996
475 1.654e-20
475 0.03
475 1.654e-20
475 0.03
475 1.654e-20
475 0.03
475 1.654e-20
475 0.0148945
475 0.0151055
475 1.654e-20
475 0.03
475 1.654e-20
475 0.03
475 1.654e-20
475 0.0290461
475 0.000953919
475 1.654e-20
475 0.03
475 1.654e-20
475 0.00983491
475 0.00589485
475 0.0142702
475 1.654e-20
475 0.0150129
475 0.0149871
475 1.654e-20
475 0.03
475 1.654e-20
475 0.00806365
475 0.0119151
475 0.0100213
475 1.654e-20
475 0.0125807
475 0.0174193
475 1.654e-20
475 0.0266156
475 0.0033844
475 1.654e-20
475 0.00308792
475 0.0269121
475 1.654e-20
475 0.0112001
475 0.0187999
475 1.654e-20
475 0.03
475 1.654e-20
475 0.0220504
475 0.00794961
475 1.654e-20
475 0.0136673
475 0.0163327
475 1.654e-20
475 0.03
475 1.654e-20
475 0.03
475 1.654e-20
475 0.0111096
475 0.00605911
475 0.0128313
475 1.654e-20
475 0.0283584
475 0.00164157
475 1.654e-20
475 0.03
475 1.654e-20
475 0.0141933
475 0.0158067
475 1.654e-20
475 0.0110781
475 0.0125298
475 0.000965274
475 0.00542674
475 1.654e-20
475 0.019534
475 0.010466
475 1.654e-20
475 0.03
475 1.654e-20
475 0.028882
475 0.00111803
475 1.654e-20
475 0.0113222
475 0.00256732
475 0.0161105
475 1.654e-20
475 0.03
475 1.654e-20
475 0.03
475 1.654e-20
475 0.0215646
475 0.00843537
475 1.654e-20
475 0.0119399
475 0.0180601
475 1.654e-20
475 0.00977732
475 0.00057357
475 0.00763525
475 0.0120139
475 1.654e-20
475 0.03
475 1.654e-20
475 0.0267072
475 0.00329283
475 1.654e-20
475 0.0184102
475 0.0115898
475 1.654e-20
475 0.0209335
475 0.00906652
475 1.654e-20
475 0.00811846
475 0.0104913
475 0.0113902
475 1.654e-20
475 0.03
475 1.654e-20
475 0.03
475 1.654e-20
475 0.0206168
475 0.00938316
475 1.654e-20
475 0.0187837
475 0.0112163
475 1.654e-20
475 0.03
475 1.654e-20
475 0.03
475 1.654e-20
475 0.0211859
475 0.00881405
475 1.654e-20
475 0.0228662
475 0.00713384
475 1.654e-20
475 0.03
475 1.654e-20
475 0.0190482
475 0.0109518
475 1.654e-20
475 0.03
475 1.654e-20
475 0.0248938
475 0.00510621
475 1.654e-20
475 0.0147584
475 0.0152416
475 1.654e-20
475 0.00607551
475 0.00379087
266 1.19221e-20
475 1.654e-20
475 0.03
475 1.654e-20
475 0.022579
475 0.007421
475 1.654e-20
475 0.03
475 1.654e-20
475 0.03
475 1.654e-20
475 0.03
475 1.654e-20
475 0.0212056
475 0.00879439
475 1.654e-20
475 0.03
475 1.654e-20
475 0.03
475 1.654e-20
475 0.0223996
475 0.00760037
475 1.654e-20
475 0.00545458
475 0.0192728
475 0.00527263
475 1.654e-20
475 0.03
475 1.654e-20
475 0.0201619
475 0.0098381
475 1.654e-20
475 0.03
475 1.654e-20
475 0.0146583
475 0.0153417
475 1.654e-20
475 0.03
475 1.654e-20
475 0.00961155
475 0.00355028
475 0.0168382
475 1.654e-20
475 0.03
475 1.654e-20
475 0.0125668
475 0.0174332
475 1.654e-20
475 0.0155682
475 0.0144318
475 1.654e-20
475 0.00464455
475 0.000288193
475 0.02288
475 0.0021873
475 1.654e-20
475 0.03
475 1.654e-20
475 0.0220954
475 0.00790462
475 1.654e-20
475 0.03
475 1.654e-20
475 0.00739566
475 0.0226043
475 1.654e-20
475 0.00228193
475 0.0111383
475 0.0165798
475 1.654e-20
475 0.0133934
475 0.0166066
475 1.654e-20
475 0.0162134
475 0.0137866
475 1.654e-20
475 0.03
475 1.654e-20
475 0.0295672
475 0.000432818
475 1.654e-20
475 0.00460504
475 0.025395
475 1.654e-20
475 0.00459361
475 0.0179079
475 0.00749852
475 1.654e-20
475 0.03
475 1.654e-20
475 0.0202104
475 0.00978956
475 1.654e-20
475 0.03
475 1.654e-20
475 0.0134831
475 0.0165169
475 1.654e-20
475 0.00979468
475 0.0202053
475 1.654e-20
475 0.0151795
475 0.0148205
475 1.654e-20
475 0.03
475 1.654e-20
475 0.0201917
475 0.00980833
475 1.654e-20
475 0.03
475 1.654e-20
475 0.03
475 1.654e-20
475 0.0225222
475 0.00747782
475 1.654e-20
475 0.0120764
475 0.0179236
475 1.654e-20
475 0.03
475 1.654e-20
475 0.0204073
475 0.00959268
475 1.654e-20
475 0.0269939
475 0.00300607
475 1.654e-20
475 0.03
475 1.654e-20
475 0.0294294
475 0.000570569
475 1.654e-20
475 0.0107611
475 0.00613131
475 0.0131076
475 1.654e-20
475 0.0145771
475 0.0154229
475 1.654e-20
475 0.0156337
475 0.0143663
475 1.654e-20
475 0.03
475 1.654e-20
475 0.0278187
475 0.00218129
475 1.654e-20
475 0.0292893
475 0.000710714
475 1.654e-20
475 0.00166474
475 0.00739944
475 0.0025017
475 0.0184341
475 1.654e-20
475 0.0127584
475 0.0172416
475 1.654e-20
475 0.0113146
475 0.0021961
475 0.0164893
475 1.654e-20
475 0.0144069
475 0.0155931
475 1.654e-20
475 0.0138933
475 0.0161067
475 1.654e-20
475 0.0091693
475 0.00886068
475 0.01197
475 1.654e-20
475 0.03
475 1.654e-20
475 0.03
475 1.654e-20
475 0.00696463
475 0.00499093
475 0.0180444
475 1.654e-20
475 0.03
475 1.654e-20
475 0.00722256
475 0.0168375
475 0.000275957
475 1.27362e-10
475 0.00267471
475 0.00228393
475 0.000705332
475 1.654e-20
475 0.0227286
475 0.00727145
475 1.654e-20
475 0.03
475 1.654e-20
475 0.0203441
475 0.0096559
475 1.654e-20
475 0.0197028
475 0.0102972
475 1.654e-20
475 0.0204851
475 0.00951493
475 1.654e-20
475 0.0105068
475 0.0106917
475 0.00880151
475 1.654e-20
475 0.0227639
475 0.00723614
475 1.654e-20
475 0.03
475 1.654e-20
475 0.00529705
475 0.024703
475 1.654e-20
475 0.03
475 1.654e-20
475 0.0126524
475 0.0173476
475 1.654e-20
475 0.00898165
475 0.0210184
475 1.654e-20
475 0.03
475 1.654e-20
475 0.0239962
475 0.00600381
475 1.654e-20
475 0.03
475 1.654e-20
475 0.0105313
475 0.0172666
475 0.00220203
475 1.654e-20
475 0.00329133
475 0.0215076
475 0.00520107
475 1.654e-20
475 0.03
475 1.654e-20
475 0.00516479
475 0.0248352
475 1.654e-20
475 0.0169468
475 0.0130532
475 1.654e-20
475 0.03
475 1.654e-20
475 0.0278164
475 0.00218361
475 1.654e-20
475 0.03
475 1.654e-20
475 0.0186945
475 0.0113055
475 1.654e-20
475 0.03
475 1.654e-20
475 0.03
475 1.654e-20
475 0.0263801
475 0.00283825
475 2.68182e-05
475 5.15093e-09
475 0.000754818
475 1.654e-20
475 0.0122248
475 0.0177752
475 1.654e-20
475 0.03
475 1.654e-20
475 0.03
475 1.654e-20
475 0.00825577
475 0.00187711
475 0.0198671
475 1.654e-20
475 0.00938976
475 0.00362936
475 0.00091314
439 8.83476e-21
475 1.654e-20
475 0.0173214
475 0.0126786
475 1.654e-20
475 0.00718395
475 0.022816
475 1.654e-20
475 0.03
475 1.654e-20
475 0.0246778
475 0.00532225
475 1.654e-20
475 0.03
475 1.654e-20
475 0.00917935
475 0.0186718
475 0.00214888
475 1.654e-20
475 0.0114659
475 0.00517135
475 0.0133628
475 1.654e-20
475 0.0174382
475 0.0125618
475 1.654e-20
475 0.0196629
475 0.0103371
475 1.654e-20
475 0.03
475 1.654e-20
475 0.00621107
475 0.00911288
475 0.014676
475 1.654e-20
475 0.0158669
475 0.0141331
475 1.654e-20
475 0.0277574
475 0.00224261
475 1.654e-20
475 0.0178859
475 0.0121141
475 1.654e-20
475 0.03
475 1.654e-20
475 0.03
475 1.654e-20
475 0.0156538
475 0.0143462
475 1.654e-20
475 0.0171867
475 0.0128133
475 1.654e-20
475 0.03
475 1.654e-20
475 0.03
475 1.654e-20
475 0.03
475 1.654e-20
475 0.0127981
475 0.0172019
475 1.654e-20
475 0.03
475 1.654e-20
475 0.0146764
475 0.0153236
475 1.654e-20
475 0.03
475 1.654e-20
475 0.0262797
475 0.00299493
475 0.00072539
475 1.654e-20
475 0.0162096
475 0.00141034
238 9.23298e-21
475 1.654e-20
475 0.0289887
475 0.00101132
475 1.654e-20
475 0.03
475 1.654e-20
475 0.00829924
475 0.0217008
475 1.654e-20
475 0.0235121
475 0.000278233
475 0.000380312
475 0.00221457
475 0.00361478
475 1.654e-20
475 0.0129754
475 0.0170246
475 1.654e-20
475 0.0230782
475 0.00692178
475 1.654e-20
475 0.0103466
475 0.0160479
475 0.00360551
475 1.654e-20
475 0.03
475 1.654e-20
475 0.0254367
475 0.00456331
475 1.654e-20
475 0.03
475 1.654e-20
475 0.03
475 1.654e-20
475 0.03
475 1.654e-20
475 0.00553327
475 0.0244667
475 1.654e-20
475 0.00862852
475 0.0207347
475 0.000636831
475 1.654e-20
475 0.012924
475 0.017076
475 1.654e-20
475 0.03
475 1.654e-20
475 0.0199627
475 0.0100373
475 1.654e-20
475 0.03
475 1.654e-20
475 0.012373
475 0.017627
475 1.654e-20
475 0.03
475 1.654e-20
475 0.0201534
475 0.00984662
475 1.654e-20
475 0.0247319
475 0.00526808
475 1.654e-20
475 0.0178818
475 0.0121182
475 1.654e-20
475 0.000503381
475 0.00933288
475 0.0201637
475 1.654e-20
475 0.03
475 1.654e-20
475 0.03
475 1.654e-20
475 0.00577588
475 0.0124326
475 0.0117916
475 1.654e-20
475 0.00990583
475 0.00465449
475 0.0154397
475 1.654e-20
475 0.03
475 1.654e-20
475 0.0219219
475 0.00807813
475 1.654e-20
475 0.0298096
475 0.000190351
475 1.654e-20
475 0.03
475 1.654e-20
475 0.00650957
475 0.000146508
475 0.00742256
475 0.0159214
475 1.654e-20
475 0.03
475 1.654e-20
475 0.019865
475 0.010135
475 1.654e-20
475 0.0233226
475 0.00667742
475 1.654e-20
475 0.00177018
475 0.0108499
475 0.0173799
475 1.654e-20
475 0.03
475 1.654e-20
475 0.023022
475 0.00697797
475 1.654e-20
475 0.0284352
475 0.00156477
475 1.654e-20
475 0.0293043
475 0.00069574
475 1.654e-20
475 0.03
475 1.654e-20
475 0.0201007
475 0.0098993
475 1.654e-20
475 0.0230904
475 0.0069096
475 1.654e-20
475 0.00799659
475 0.0121024
0 1.13375e-20
475 1.654e-20
475 0.0191458
475 0.0108542
475 1.654e-20
475 0.03
475 1.654e-20
475 0.019768
475 0.010232
475 1.654e-20
475 0.0262727
475 0.00372734
475 1.654e-20
475 0.0261039
475 0.00389613
475 1.654e-20
475 0.0141174
475 0.0158826
475 1.654e-20
475 0.0282317
475 0.000529348
475 0.00123896
475 1.654e-20
475 0.0156201
475 0.0143799
475 1.654e-20
475 0.028485
475 0.000305046
475 0.00120993
475 1.654e-20
475 0.03
475 1.654e-20
475 0.0145469
475 0.0154531
475 1.654e-20
475 0.0178598
475 0.0121402
475 1.654e-20
475 0.0283128
475 0.00168722
475 1.654e-20
475 0.03
475 1.654e-20
475 0.00838643
475 0.00229962
475 0.000428685
475 0.0188853
475 1.654e-20
475 0.03
475 1.654e-20
475 0.0094979
475 0.0205021
475 1.654e-20
475 0.0196548
475 0.0103452
475 1.654e-20
475 0.03
475 1.654e-20
475 0.0277743
475 0.00222572
475 1.654e-20
475 0.03
475 1.654e-20
475 0.0271238
475 3.41529e-05
475 0.000990542
475 0.00185149
475 1.654e-20
475 0.0247725
475 0.000778936
475 0.0044486
475 1.654e-20
475 0.0134767
475 0.0165233
475 1.654e-20
475 0.0260298
475 0.000496257
305 4.38586e-21
475 1.654e-20
475 0.03
475 1.654e-20
475 0.03
475 1.654e-20
475 0.0146608
475 0.0153392
475 1.654e-20
475 0.03
475 1.654e-20
475 0.0293345
475 0.000665538
475 1.654e-20
475 0.00944404
475 0.00387314
475 0.0166828
475 1.654e-20
475 0.0289748
475 0.00102519
475 1.654e-20
475 0.0267586
475 0.00324138
475 1.654e-20
475 0.00599229
475 0.0166841
475 0.00732366
475 1.654e-20
475 0.0202124
475 0.00978763
475 1.654e-20
475 0.0296292
475 0.000370773
475 1.654e-20
475 0.03
475 1.654e-20
475 0.0296277
475 0.000372299
475 1.654e-20
475 0.03
475 1.654e-20
475 0.0125925
475 0.0174075
475 1.654e-20
475 0.0099856
475 0.00308839
475 0.016926
475 1.654e-20
475 0.03
475 1.654e-20
475 0.0240336
475 0.00596642
475 1.654e-20
475 0.0127411
475 0.0172589
475 1.654e-20
475 0.03
475 1.654e-20
475 0.03
475 1.654e-20
475 0.03
475 1.654e-20
475 0.0201651
475 0.00983486
475 1.654e-20
475 0.00464494
475 0.015419
475 0.00993605
475 1.654e-20
475 0.02712
475 0.00288004
475 1.654e-20
475 0.010958
475 0.019042
475 1.654e-20
475 0.0172049
475 0.0127951
475 1.654e-20
475 0.03
475 1.654e-20
475 0.0116812
475 0.0183188
475 1.654e-20
475 0.03
475 1.654e-20
475 0.0108824
475 2.30459e-06
475 0.00612527
475 0.0129901
475 1.654e-20
475 0.03
475 1.654e-20
475 0.03
475 1.654e-20
475 0.021494
475 0.00850599
475 1.654e-20
475 0.0036139
475 0.0263861
475 1.654e-20
475 0.0187857
475 0.0112143
475 1.654e-20
475 0.0240748
475 0.00223441
475 0.00369081
475 1.654e-20
475 0.03
475 1.654e-20
475 0.03
475 1.654e-20
475 0.03
475 1.654e-20
475 0.0215899
475 0.00841006
475 1.654e-20
475 0.0251398
475 0.00486022
475 1.654e-20
475 0.0227195
475 0.00728052
475 1.654e-20
475 0.0217234
475 0.00827657
475 1.654e-20
475 0.0242463
475 0.00575374
475 1.654e-20
475 0.0184682
475 0.0115318
475 1.654e-20
475 0.0187605
475 0.0112395
475 1.654e-20
475 0.0219131
475 0.00808687
475 1.654e-20
475 0.03
475 1.654e-20
475 0.0161364
475 0.0138636
475 1.654e-20
475 0.03
475 1.654e-20
475 0.03
475 1.654e-20
475 0.00887033
475 0.0157951
475 3.04021e-08
475 0.000871491
475 0.00446309
475 1.654e-20
475 0.00976099
475 0.0107078
475 0.00953121
475 1.654e-20
475 0.03
475 1.654e-20
475 0.0125079
475 0.0174921
475 1.654e-20
475 0.03
475 1.654e-20
475 0.03
475 1.654e-20
475 0.018134
475 0.00198002
366 6.45332e-21
475 1.654e-20
475 0.03
475 1.654e-20
475 0.03
475 1.654e-20
475 0.03
475 1.654e-20
475 0.00689291
475 0.00937962
475 0.0137275
475 1.654e-20
475 0.0266934
475 0.000420906
475 0.000533264
475 0.000902793
475 0.00144962
475 1.654e-20
475 0.0241258
475 0.000275175
475 0.00559898
475 1.654e-20
475 0.03
475 1.654e-20
475 0.00709302
475 0.00510846
475 0.0177985
475 1.654e-20
475 0.0244385
475 2.27975e-07
475 0.0055613
475 1.654e-20
475 0.0127143
475 0.0172857
475 1.654e-20
475 0.03
475 1.654e-20
475 0.0105016
475 0.0194984
475 1.654e-20
475 0.03
475 1.654e-20
475 0.03
475 1.654e-20
475 0.022206
475 0.00779402
475 1.654e-20
475 0.0263474
475 0.0036526
475 1.654e-20
475 0.0146312
475 0.00265705
0 1.46339e-20
475 1.654e-20
475 0.00865816
475 0.00441367
475 0.0169282
475 1.654e-20
475 0.03
475 1.654e-20
475 0.0105385
475 0.000880929
475 0.0010728
475 0.0175078
475 1.654e-20
475 0.03
475 1.654e-20
475 0.0143378
475 0.0156622
475 1.654e-20
475 0.0178985
475 0.0121015
475 1.654e-20
475 0.03
475 1.654e-20
475 0.0262943
475 0.0037057
475 1.654e-20
475 0.0130363
475 0.0169637
475 1.654e-20
475 0.03
475 1.654e-20
475 0.0136577
475 0.0163423
475 1.654e-20
475 0.0168527
475 0.0131473
475 1.654e-20
475 0.0138595
475 0.0161405
475 1.654e-20
475 0.03
475 1.654e-20
475 0.00642956
475 0.00501107
475 0.00948888
475 0.00907048
475 1.654e-20
475 0.03
475 1.654e-20
475 0.0107075
475 0.0192925
475 1.654e-20
475 0.03
475 1.654e-20
475 0.03
475 1.654e-20
475 0.03
475 1.654e-20
475 0.0230976
475 0.00690238
475 1.654e-20
475 0.0184824
475 0.0115176
475 1.654e-20
475 0.00885944
475 0.0027964
475 0.0183442
475 1.654e-20
475 0.03
475 1.654e-20
475 0.03
475 1.654e-20
475 0.03
475 1.654e-20
475 0.03
475 1.654e-20
475 0.0244597
475 0.00116896
475 0.00437136
475 1.654e-20
475 0.0143827
475 0.0156173
475 1.654e-20
475 0.020391
475 0.00960899
475 1.654e-20
475 0.03
475 1.654e-20
475 0.03
475 1.654e-20
475 0.0110401
475 0.0189599
475 1.654e-20
475 0.00889195
475 0.021108
475 1.654e-20
475 0.01887
475 0.01113
475 1.654e-20
475 0.0132815
475 0.0167185
475 1.654e-20
475 0.03
475 1.654e-20
475 0.03
475 1.654e-20
475 0.00870373
475 0.00792746
475 0.0133688
475 1.654e-20
475 0.0102396
475 0.00375286
475 0.0160076
475 1.654e-20
475 0.03
475 1.654e-20
475 0.03
475 1.654e-20
475 0.03
475 1.654e-20
475 0.03
475 1.654e-20
475 0.00977147
475 0.000738619
475 0.0168228
0 6.30124e-21
475 1.654e-20
475 0.0167078
475 0.0132922
475 1.654e-20
475 0.03
475 1.654e-20
475 0.0187754
475 0.0112246
475 1.654e-20
475 0.03
475 1.654e-20
475 0.03
475 1.654e-20
475 0.03
475 1.654e-20
475 0.03
475 1.654e-20
475 0.0128517
475 0.0171483
475 1.654e-20
475 0.0169713
475 0.0130287
475 1.654e-20
475 0.0252021
475 0.0030986
475 0.00169934
475 1.654e-20
475 0.0144347
475 0.0155653
475 1.654e-20
475 0.00701978
475 0.0229802
475 1.654e-20
475 0.0133652
475 0.0166348
475 1.654e-20
475 0.0244598
475 0.00554017
475 1.654e-20
475 0.0102146
475 0.0133023
475 0.00648304
475 1.654e-20
475 0.0176166
475 0.0123834
475 1.654e-20
475 0.03
475 1.654e-20
475 0.03
475 1.654e-20
475 0.03
475 1.654e-20
475 0.03
475 1.654e-20
475 0.013605
475 0.016395
475 1.654e-20
475 0.0268719
475 3.01807e-05
475 0.000762791
475 0.00133418
475 3.15263e-05
475 0.000969458
475 1.654e-20
475 0.03
475 1.654e-20
475 0.0141399
475 0.0158601
475 1.654e-20
475 0.02411
475 9.31767e-05
475 0.00579678
475 1.654e-20
475 0.00743572
475 0.00690105
475 0.0156632
475 1.654e-20
475 0.03
475 1.654e-20
475 0.0229681
475 0.0070319
475 1.654e-20
475 0.0188563
475 0.0111437
475 1.654e-20
475 0.00822585
475 0.0181755
475 0.00359866
475 1.654e-20
475 0.019361
475 0.010639
475 1.654e-20
475 0.03
475 1.654e-20
475 0.0080722
475 0.0111129
475 0.0108149
475 1.654e-20
475 0.0269006
475 0.00309942
475 1.654e-20
475 0.03
475 1.654e-20
475 0.0130501
475 0.0169499
475 1.654e-20
475 0.03
475 1.654e-20
475 0.03
475 1.654e-20
475 0.0179755
475 0.0120245
475 1.654e-20
475 0.03
475 1.654e-20
475 0.0174702
475 0.0125298
475 1.654e-20
475 0.00250936
475 0.0274906
475 1.654e-20
475 0.03
475 1.654e-20
475 0.028937
475 0.00106302
475 1.654e-20
475 0.03
475 1.654e-20
475 0.0110756
475 0.0160358
475 0.00288852
475 1.654e-20
475 0.0211864
475 0.00881359
475 1.654e-20
475 0.03
475 1.654e-20
475 0.0220555
475 0.00794452
475 1.654e-20
475 0.03
475 1.654e-20
475 0.03
475 1.654e-20
475 0.00953855
475 0.00873835
0 1.30995e-20
475 1.654e-20
475 0.03
475 1.654e-20
475 0.03
475 1.654e-20
475 0.0115088
475 0.00189987
475 0.0165913
475 1.654e-20
475 0.03
475 1.654e-20
475 0.03
475 1.654e-20
475 0.03
475 1.654e-20
475 0.0251833
475 0.00481674
475 1.654e-20
475 0.03
475 1.654e-20
475 0.0197844
475 0.0102156
475 1.654e-20
475 0.03
475 1.654e-20
475 0.03
475 1.654e-20
475 0.013229
475 0.016771
475 1.654e-20
475 0.03
475 1.654e-20
475 0.00423552
475 0.0257645
475 1.654e-20
475 0.00939219
475 0.0206078
475 1.654e-20
475 0.022649
475 0.00735096
475 1.654e-20
475 0.0181723
475 0.0118277
475 1.654e-20
475 0.00296596
475 0.027034
475 1.654e-20
475 0.03
475 1.654e-20
475 0.03
475 1.654e-20
475 0.0185062
475 0.0114938
475 1.654e-20
475 0.03
475 1.654e-20
475 0.03
475 1.654e-20
475 0.03
475 1.654e-20
475 0.03
475 1.654e-20
475 0.02486
475 0.00514003
475 1.654e-20
475 0.0110074
475 0.0189926
475 1.654e-20
475 0.03
475 1.654e-20
475 0.0129071
475 0.0170929
475 1.654e-20
475 0.00709475
475 0.0229053
475 1.654e-20
475 0.03
475 1.654e-20
475 0.03
475 1.654e-20
475 0.03
475 1.654e-20
475 0.0132682
475 0.0167318
475 1.654e-20
475 0.03
475 1.654e-20
475 0.020274
475 0.009726
475 1.654e-20
475 0.00975625
475 0.00384947
475 0.000649301
332 8.30397e-21
475 1.654e-20
475 0.03
475 1.654e-20
475 0.0230321
475 0.00696786
475 1.654e-20
475 0.03
475 1.654e-20
475 0.0166555
475 0.0133445
475 1.654e-20
475 0.03
475 1.654e-20
475 0.029299
475 0.000700982
475 1.654e-20
475 0.03
475 1.654e-20
475 0.03
475 1.654e-20
475 0.03
475 1.654e-20
475 0.03
475 1.654e-20
475 0.03
475 1.654e-20
475 0.00989508
475 0.0201049
475 1.654e-20
475 0.03
475 1.654e-20
475 0.0130406
475 0.0169594
475 1.654e-20
475 0.00534216
475 0.0136857
216 8.87708e-21
475 1.654e-20
475 0.0175673
475 0.0124327
475 1.654e-20
475 0.025228
475 0.00477196
475 1.654e-20
475 0.0130723
475 0.0169277
475 1.654e-20
475 0.00732952
475 0.00183292
475 0.0208376
475 1.654e-20
475 0.03
475 1.654e-20
475 0.03
475 1.654e-20
475 0.0295428
475 0.000457171
475 1.654e-20
475 0.0238614
475 0.00613864
475 1.654e-20
475 0.03
475 1.654e-20
475 0.0232709
475 0.00672914
475 1.654e-20
475 0.03
475 1.654e-20
475 0.03
475 1.654e-20
475 0.0203264
475 0.00967357
475 1.654e-20
475 0.00729163
475 0.0107325
184 1.01495e-20
475 1.654e-20
475 0.00716717
475 0.0149319
475 0.00790089
475 1.654e-20
475 0.0242247
475 0.00577528
475 1.654e-20
475 0.03
475 1.654e-20
475 0.0114677
475 0.0185323
475 1.654e-20
475 0.0276236
475 0.00237643
475 1.654e-20
475 0.018264
475 0.011736
475 1.654e-20
475 0.0178018
475 0.0121982
475 1.654e-20
475 0.03
475 1.654e-20
475 0.0286788
475 1.56596e-05
475 0.000456155
475 7.15166e-17
475 0.000849344
475 1.654e-20
475 0.03
475 1.654e-20
475 0.0184511
475 0.0115489
475 1.654e-20
475 0.028433
475 0.00156697
475 1.654e-20
475 0.03
475 1.654e-20
475 0.03
475 1.654e-20
475 0.0132534
475 0.0167466
475 1.654e-20
475 0.0189885
475 0.0110115
475 1.654e-20
475 0.03
475 1.654e-20
475 0.0191247
475 0.0108753
475 1.654e-20
475 0.0244575
475 0.00305643
475 0.00248611
475 1.654e-20
475 0.03
475 1.654e-20
475 0.0160828
475 0.0139172
475 1.654e-20
475 0.03
475 1.654e-20
475 0.00831988
475 0.0167013
475 0.00497879
475 1.654e-20
475 0.03
475 1.654e-20
475 0.00283692
475 0.00722733
475 0.0157323
475 9.26134e-05
475 0.00411078
475 1.654e-20
475 0.0234869
475 0.00651313
475 1.654e-20
475 0.00910857
475 0.0208914
475 1.654e-20
475 0.03
475 1.654e-20
475 0.0295391
475 0.000460877
475 1.654e-20
475 0.03
475 1.654e-20
475 0.0299187
475 3.4477e-05
475 4.68714e-05
475 1.654e-20
475 0.03
475 1.654e-20
475 0.018095
475 0.011905
475 1.654e-20
475 0.0164132
475 0.0135868
475 1.654e-20
475 0.0246284
475 0.00020229
475 0.00057572
475 7.63886e-06
475 0.00458591
475 1.654e-20
475 0.03
475 1.654e-20
475 0.03
475 1.654e-20
475 0.03
475 1.654e-20
475 0.0172563
475 0.0127437
475 1.654e-20
475 0.03
475 1.654e-20
475 0.03
475 1.654e-20
475 0.03
475 1.654e-20
475 0.03
475 1.654e-20
475 0.0115767
475 0.0184233
475 1.654e-20
475 0.03
475 1.654e-20
475 0.0156865
475 0.0143135
475 1.654e-20
475 0.03
475 1.654e-20
475 0.03
475 1.654e-20
475 0.03
475 1.654e-20
475 0.03
475 1.654e-20
475 0.03
475 1.654e-20
475 0.03
475 1.654e-20
475 0.0154744
475 0.0145256
475 1.654e-20
475 0.03
475 1.654e-20
475 0.0261629
475 0.000393318
475 0.00344382
475 1.654e-20
475 0.0252135
475 5.50694e-06
475 0.00251579
475 0.000450551
475 5.34242e-05
475 4.22907e-05
475 0.000631986
475 0.000155584
475 5.93104e-07
475 1.34295e-05
475 2.91327e-06
475 3.43477e-06
475 3.78985e-06
475 0.000117276
475 1.71429e-11
475 0.000453959
475 2.47864e-09
475 4.82414e-21
475 1.95009e-08
475 1.68823e-20
475 2.29473e-16
475 7.83044e-33
475 2.18485e-23
475 1.16473e-15
475 2.59296e-10
475 1.36622e-06
475 1.72898e-12
475 8.20713e-52
475 2.5419e-27
475 1.03143e-14
475 4.96319e-08
475 5.59147e-26
475 3.69283e-09
475 1.47942e-13
475 1.64731e-07
475 1.20489e-06
475 4.45614e-22
475 1.90294e-10
475 3.61436e-31
475 2.33533e-08
475 4.56502e-07
475 4.56516e-27
475 2.87201e-48
475 8.69518e-35
475 1.31972e-06
475 0.000331343
475 1.654e-20
475 0.03
475 1.654e-20
475 0.0179426
475 0.0120574
475 1.654e-20
475 0.0202597
475 0.00974029
475 1.654e-20
475 0.0291154
475 0.00088461
475 1.654e-20
475 0.0189105
475 0.0110895
475 1.654e-20
475 0.0225507
475 0.00744927
475 1.654e-20
475 0.03
475 1.654e-20
475 0.0212012
475 0.00879885
475 1.654e-20
475 0.03
475 1.654e-20
475 0.0252804
475 0.00471963
475 1.654e-20
475 0.00861213
475 0.00966288
475 0.011725
475 1.654e-20
475 0.0224255
475 0.00757454
475 1.654e-20
475 0.00738357
475 0.00507961
475 0.0175368
475 1.654e-20
475 0.0237166
475 7.10087e-05
475 0.00621244
475 1.654e-20
475 0.03
475 1.654e-20
475 0.03
475 1.654e-20
475 0.03
475 1.654e-20
475 0.00406
475 0.02594
475 1.654e-20
475 0.03
475 1.654e-20
475 0.03
475 1.654e-20
475 0.0140834
475 0.0159166
475 1.654e-20
475 0.0255698
475 0.00443018
475 1.654e-20
475 0.0160701
475 0.0139299
475 1.654e-20
475 0.0182728
475 0.0117272
475 1.654e-20
475 0.00246498
475 0.027535
475 1.654e-20
475 0.03
475 1.654e-20
475 0.03
475 1.654e-20
475 0.0109025
475 0.0190975
475 1.654e-20
475 0.0191727
475 0.0108273
475 1.654e-20
475 0.03
475 1.654e-20
475 0.0252
475 4.2747e-05
475 0.0047573
475 1.654e-20
475 0.03
475 1.654e-20
475 0.0177671
475 0.0122329
475 1.654e-20
475 0.03
475 1.654e-20
475 0.03
475 1.654e-20
475 0.010846
475 0.019154
475 1.654e-20
475 0.03
475 1.654e-20
475 0.03
475 1.654e-20
475 0.0278182
475 0.00218179
475 1.654e-20
475 0.016301
475 0.013699
475 1.654e-20
475 0.03
475 1.654e-20
475 0.008981
475 0.00966694
475 0.0113521
475 1.654e-20
475 0.03
475 1.654e-20
475 0.03
475 1.654e-20
475 0.03
475 1.654e-20
475 0.0243153
475 1.61198e-12
475 0.00568474
475 1.654e-20
475 0.0039216
475 0.0260784
475 1.654e-20
475 0.03
475 1.654e-20
475 0.03
475 1.654e-20
475 0.00391816
475 0.0124313
475 0.0136506
475 1.654e-20
475 0.03
475 1.654e-20
475 0.00631462
475 0.0236854
475 1.654e-20
475 0.0279015
475 0.0020985
475 1.654e-20
475 0.0149154
475 0.0150846
475 1.654e-20
475 0.0163224
475 0.0136776
475 1.654e-20
475 0.03
475 1.654e-20
475 0.03
475 1.654e-20
475 0.03
475 1.654e-20
475 0.03
475 1.654e-20
475 0.0132873
475 0.0167127
475 1.654e-20
475 0.03
475 1.654e-20
475 0.03
475 1.654e-20
475 0.0127285
475 0.0172715
475 1.654e-20
475 0.0138244
475 0.0161756
475 1.654e-20
475 0.0114311
475 0.00841263
475 0.0101563
475 1.654e-20
475 0.00408942
475 0.00668267
475 0.0158368
475 0.000260429
475 0.00313067
475 1.654e-20
475 0.03
475 1.654e-20
475 0.020913
475 0.00908699
475 1.654e-20
475 0.0253312
475 0.00466884
475 1.654e-20
475 0.0134774
475 0.0165226
475 1.654e-20
475 0.0225481
475 0.00745195
475 1.654e-20
475 0.03
475 1.654e-20
475 0.0207204
475 0.0092796
475 1.654e-20
475 0.0290545
475 0.000945513
475 1.654e-20
475 0.00795663
475 0.0185078
475 0.00152826
475 0.00200732
475 1.654e-20
475 0.026032
475 0.00396796
475 1.654e-20
475 0.03
475 1.654e-20
475 0.03
475 1.654e-20
475 0.0298093
475 0.000190728
475 1.654e-20
475 0.0139834
475 0.00249346
0 1.45066e-20
475 1.654e-20
475 0.00979296
475 0.0119169
475 0.0082901
475 1.654e-20
475 0.0160954
475 0.0139046
475 1.654e-20
475 0.00278667
475 0.00412115
475 0.00430807
475 0.0187841
475 1.654e-20
475 0.00942805
475 0.017412
475 0.00315999
475 1.654e-20
475 0.0018317
475 0.0214546
475 0.00671367
475 1.654e-20
475 0.03
475 1.654e-20
475 0.0138041
475 0.0161959
475 1.654e-20
475 0.03
475 1.654e-20
475 0.0180061
475 0.0119939
475 1.654e-20
475 0.03
475 1.654e-20
475 0.03
475 1.654e-20
475 0.0223674
475 0.00763256
475 1.654e-20
475 0.0103809
475 0.005455
475 0.0141641
475 1.654e-20
475 0.0176572
475 0.0123428
475 1.654e-20
475 0.012441
475 0.017559
475 1.654e-20
475 0.0163176
475 0.0136824
475 1.654e-20
475 0.03
475 1.654e-20
475 0.0211203
475 0.00887966
475 1.654e-20
475 0.03
475 1.654e-20
475 0.03
475 1.654e-20
475 0.03
475 1.654e-20
475 0.00759295
475 0.019451
475 0.00295603
475 1.654e-20
475 0.03
475 1.654e-20
475 0.0249748
475 0.00502516
475 1.654e-20
475 0.03
475 1.654e-20
475 0.03
475 1.654e-20
475 0.03
475 1.654e-20
475 0.0176497
475 0.0123503
475 1.654e-20
475 0.0262546
475 0.00159678
475 0.00214858
475 1.654e-20
475 0.03
475 1.654e-20
475 0.00544206
475 0.0171472
475 0
475 0.00741072
475 1.654e-20
475 0.03
475 1.654e-20
475 0.0133748
475 0.0166252
475 1.654e-20
475 0.03
475 1.654e-20
475 0.00172449
475 0.00934721
475 0.0189283
475 1.654e-20
475 0.0188528
475 0.0111472
475 1.654e-20
475 0.03
475 1.654e-20
475 0.03
475 1.654e-20
475 0.0180492
475 0.0119508
475 1.654e-20
475 0.01556
475 0.01444
475 1.654e-20
475 0.007239
475 0.022761
475 1.654e-20
475 0.0187969
475 0.0112031
475 1.654e-20
475 0.0108635
475 0.00727968
475 0.0118568
475 1.654e-20
475 0.00553288
475 0.00588919
0 1.4375e-20
475 1.654e-20
475 0.0223252
475 0.00767483
475 1.654e-20
475 0.0174605
475 0.0125395
475 1.654e-20
475 0.03
475 1.654e-20
475 0.03
475 1.654e-20
475 0.0147009
475 0.0152991
475 1.654e-20
475 0.0108378
475 0.000301215
475 0.0012077
475 0.0176532
475 1.654e-20
475 0.0224545
475 0.00754549
475 1.654e-20
475 0.0127955
475 0.0172045
475 1.654e-20
475 0.0139116
475 0.0160884
475 1.654e-20
475 0.03
475 1.654e-20
475 0.00999334
475 0.0165949
475 0.000469184
475 0.00294257
475 1.654e-20
475 0.0099256
475 0.0200744
475 1.654e-20
475 0.00412919
475 0.0161141
475 0.00975671
475 1.654e-20
475 0.03
475 1.654e-20
475 0.03
475 1.654e-20
475 0.0229583
475 0.00704172
475 1.654e-20
475 0.0131173
475 0.0168827
475 1.654e-20
475 0.03
475 1.654e-20
475 0.0119773
475 0.0180227
475 1.654e-20
475 0.0263831
475 0.0036169
475 1.654e-20
475 0.00873133
475 0.0212687
475 1.654e-20
475 0.0170779
475 0.0129221
475 1.654e-20
475 0.03
475 1.654e-20
475 0.03
475 1.654e-20
475 0.03
475 1.654e-20
475 0.015188
475 0.014812
475 1.654e-20
475 0.0213879
475 0.00861206
475 1.654e-20
475 0.03
475 1.654e-20
475 0.03
475 1.654e-20
475 0.00758262
475 0.00255552
475 0.0198619
475 1.654e-20
475 0.0286447
475 0.0013553
475 1.654e-20
475 0.0106395
475 0.0193605
475 1.654e-20
475 0.03
475 1.654e-20
475 0.03
475 1.654e-20
475 0.0255953
475 0.00440469
475 1.654e-20
475 0.03
475 1.654e-20
475 0.0115061
475 0.0184939
475 1.654e-20
475 0.0228117
475 0.00718825
475 1.654e-20
475 0.0233838
475 0.00661618
475 1.654e-20
475 0.00744973
475 0.0225503
475 1.654e-20
475 0.03
475 1.654e-20
475 0.03
475 1.654e-20
475 0.0153851
475 0.0146149
475 1.654e-20
475 0.0214695
475 0.00853052
475 1.654e-20
475 0.0142957
475 0.0157043
475 1.654e-20
475 0.0116918
475 0.0183082
475 1.654e-20
475 0.00938988
475 0.0150596
475 0.00555053
475 1.654e-20
475 0.03
475 1.654e-20
475 0.0020142
475 0.0279858
475 1.654e-20
475 0.0204841
475 0.00951589
475 1.654e-20
475 0.03
475 1.654e-20
475 0.03
475 1.654e-20
475 0.0230098
475 0.0069902
475 1.654e-20
475 0.03
475 1.654e-20
475 0.03
475 1.654e-20
475 0.0233804
475 0.00661964
475 1.654e-20
475 0.000834412
475 0.0291656
475 1.654e-20
475 0.0190588
475 0.0109412
475 1.654e-20
475 0.0080064
475 0.0219936
475 1.654e-20
475 0.03
475 1.654e-20
475 0.0206335
475 0.00936648
475 1.654e-20
475 0.000637419
475 0.0206624
475 0.0087002
475 1.654e-20
475 0.0187291
475 0.0112709
475 1.654e-20
475 0.03
475 1.654e-20
475 0.00765223
475 0.00801675
475 0.014331
475 1.654e-20
475 0.03
475 1.654e-20
475 0.0167239
475 0.0132761
475 1.654e-20
475 0.0235345
475 0.00646545
475 1.654e-20
475 0.03
475 1.654e-20
475 0.0260771
475 0.00392294
475 1.654e-20
475 0.00853816
475 0.000518722
475 0.0209431
475 1.654e-20
475 0.0187191
475 0.0112809
475 1.654e-20
475 0.00693848
475 0.00513389
475 0.0179276
475 1.654e-20
475 0.0219272
475 0.00807277
475 1.654e-20
475 0.00870287
475 0.0212971
475 1.654e-20
475 0.00808418
475 0.00666619
475 0.0152496
475 1.654e-20
475 0.0128944
475 0.0171056
475 1.654e-20
475 0.0248369
475 0.0051631
475 1.654e-20
475 0.0170511
475 0.0129489
475 1.654e-20
475 0.0144987
475 0.0155013
475 1.654e-20
475 0.018632
475 0.011368
475 1.654e-20
475 0.0231848
475 0.00681516
475 1.654e-20
475 0.03
475 1.654e-20
475 0.0197755
475 0.0102245
475 1.654e-20
475 0.03
475 1.654e-20
475 0.03
475 1.654e-20
475 0.00632648
475 0.0154971
475 0.00817643
475 1.654e-20
475 0.03
475 1.654e-20
475 0.0126402
475 0.0173598
475 1.654e-20
475 0.0202452
475 0.0097548
475 1.654e-20
475 0.03
475 1.654e-20
475 0.03
475 1.654e-20
475 0.0173507
475 0.0126493
475 1.654e-20
475 0.0217084
475 0.00829158
475 1.654e-20
475 0.00819552
475 0.0218045
475 1.654e-20
475 0.00720426
475 0.00558646
475 0.0172093
475 1.654e-20
475 0.0184847
475 0.0115153
475 1.654e-20
475 0.0244176
475 0.000190709
475 0.00539166
475 1.654e-20
475 0.03
475 1.654e-20
475 0.0134151
475 0.0165849
475 1.654e-20
475 0.00265776
475 0.0273422
475 1.654e-20
475 0.03
475 1.654e-20
475 0.029333
475 1.08226e-24
475 0.000666958
475 1.654e-20
475 0.0227802
475 0.00721978
475 1.654e-20
475 0.0230829
475 0.00691714
475 1.654e-20
475 0.0150872
475 0.00403592
0 1.34259e-20
475 1.654e-20
475 0.03
475 1.654e-20
475 0.03
475 1.654e-20
475 0.03
475 1.654e-20
475 0.0152956
475 0.0147044
475 1.654e-20
475 0.03
475 1.654e-20
475 0.03
475 1.654e-20
475 0.00763613
475 0.00272381
475 0.00549447
475 0.0141456
