475 0
525 0
850 0
1149 0
475 0
481 6.48324e-05
481 0.000104438
482 3.46332e-05
480 5.5036e-05
475 4.92667e-05
475 8.70686e-05
475 0
303 0
475 0
475 3.66782e-05
483 0.000115372
486 7.30255e-06
485 2.62182e-05
481 5.2176e-05
476 3.49036e-05
478 0
494 0
475 0
519 0.000112405
511 8.42503e-05
513 0.000104121
506 0
457 0
475 0
482 4.03252e-05
496 0
618 0
475 0
510 5.25223e-05
520 0
603 0
475 0
478 0.000125634
476 3.49806e-05
475 0
233 0
475 0
492 2.43107e-05
505 0.000109613
492 2.36188e-05
486 4.17772e-05
486 3.40583e-05
490 2.08832e-05
491 0
549 0
475 0
476 0.000119504
475 0
214 0
475 0
480 1.01485e-05
485 8.23182e-05
480 5.00647e-06
476 6.65906e-05
477 8.47198e-05
487 9.16678e-05
483 3.57872e-05
475 0
277 0
