475 0
496 1.64919e-07
525 0
851 0
1145 0
1145 0
475 0
493 1.58865e-06
493 1.85056e-08
495 9.71038e-07
525 0
934 0
934 0
475 0
476 1.53034e-06
492 0
635 0
475 0
491 1.12121e-06
506 4.52246e-06
500 1.24521e-06
489 0
218 0
475 0
489 8.83026e-07
491 3.25566e-06
491 4.64599e-06
507 4.25424e-06
505 1.58964e-06
497 3.2959e-06
503 1.11487e-06
500 0
419 0
475 0
525 0
850 0
1149 0
475 0
525 0
850 0
1149 0
475 0
485 3.87829e-06
481 4.60741e-06
484 3.03391e-06
481 1.92674e-06
485 6.33232e-07
485 0
628 0
475 0
510 7.92937e-07
524 2.17828e-06
521 1.788e-06
524 1.13515e-06
525 0
572 0
475 0
507 1.14999e-06
517 3.36154e-06
512 0
447 0
