475 3.10141e-23
475 0.0027341
476 1.40502
478 1.43706
478 0.217463
479 0.42869
480 0.73855
480 0.473799
481 0.27452
482 0.843386
482 0.0946372
483 1.22329
484 0.292518
485 0.752525
485 0.375383
485 0.0690999
487 1.16309
487 0.163945
487 0.415594
488 0.205461
488 0.414731
488 0.225092
488 0.194227
489 0.245029
489 0.0131796
489 0.561811
490 0.2285
490 0.0496233
490 0.253263
490 0.0683891
490 0.135607
491 0.766628
492 0.412955
492 0.0998851
492 0.211638
492 0.00893294
493 0.684226
493 0.109235
493 0.270682
493 0.097088
494 0.827417
495 0.115016
495 0.289404
495 0.178907
496 0.442886
497 0.833587
499 1.95373
499 0.101297
499 0.117056
499 0.0525067
500 0.209831
500 0.331544
501 0.562354
501 0.0126438
501 0.248783
501 0.358479
501 0.14398
502 0.275366
502 0.281984
504 1.35688
505 1.73378
506 0.0744372
507 0.941455
507 0.28535
507 0.0206162
507 0.059399
507 0.1978
507 0.0312362
507 0.156384
508 0.131283
508 0.27769
509 1.00355
509 0.161307
510 0.513355
510 0.313707
510 0.0560558
510 0.0432109
510 0.0747871
510 0.0109631
510 0.109642
511 0.0484133
511 0.456226
511 0.192446
511 0.177758
512 0.121358
512 0.0930263
512 0.270393
513 0.709964
513 0.0715449
513 0.396928
514 0.722001
514 0.48336
515 0.257192
515 0.0866433
515 0.138621
515 0.273572
515 0.054115
516 0.330284
516 0.339263
516 0.139736
516 0.029569
517 1.01658
517 0.157107
518 0.930245
519 0.195934
519 0.457122
519 0.387331
520 0.559472
520 0.0890302
520 0.266516
522 1.05635
523 1.68143
524 0.651772
524 0.0363778
524 0.121329
525 0.3975
851 2.67968e-23
939 0.0060929
970 0.00109799
1118 0.00991244
1145 0.000789883
1149 3.28802e-25
1118 0.00216966
940 0.00183658
940 0.000943509
524 0.112545
524 0.0858774
524 0.062672
523 0.0842796
522 0.0676729
520 0.230772
520 0.074114
520 0.0596881
519 0.0625573
519 0.253389
518 0.0569482
517 0.0454212
517 0.0410115
516 0.091084
516 0.0565429
516 0.102974
516 0.038176
515 0.0388213
515 0.0492868
515 0.0853375
515 0.0350224
515 0.0499976
514 0.164237
514 0.0854157
513 0.0640999
513 0.0491188
513 0.0384799
512 0.081592
512 0.0539586
512 0.0446712
512 0.0497202
511 0.104061
511 0.0372294
511 0.0998492
510 0.0345308
510 0.0419184
510 0.127228
510 0.156759
510 0.0599123
510 0.119577
510 0.0348973
509 0.0601217
509 0.0443925
508 0.0470955
508 0.0417502
507 0.0457973
507 0.058958
507 0.0516136
507 0.0360852
507 0.0628946
507 0.0846911
507 0.141486
507 0.102225
507 0.0953977
506 0.0481913
504 0.0427374
502 0.31465
502 0.0380405
501 0.178933
501 0.115072
501 0.0780602
501 0.127668
500 0.0356701
500 0.0451815
499 0.0346226
499 0.0475595
499 0.289555
499 0.0514173
497 0.044282
496 0.0414633
495 0.0519839
495 0.0739634
493 0.0426613
493 0.0370107
493 0.0367933
493 0.0981951
492 0.0521582
492 0.0509866
492 0.154469
492 0.0601444
491 0.156588
490 0.0477736
490 0.0357792
490 0.0419305
490 0.0855058
490 0.08485
489 0.0664835
489 0.0359863
489 0.0520042
488 0.0486911
488 0.0647544
488 0.0443561
488 0.0977857
487 0.0358431
487 0.0409957
485 0.0437083
485 0.0703505
485 0.0449098
484 0.0418462
483 0.0420004
482 0.181391
482 0.0415824
481 0.110079
480 0.0357832
480 0.0493987
480 0.0438719
479 0.0446934
476 0.0630116
475 0.000709483
475 0.00218274
475 0.00167439
475 0.000977143
475 0.0015545
475 0.00395833
475 0.002776
475 0.00585307
475 0.00404901
475 0.00497579
475 0.00319184
475 0.00367894
475 0.00387436
475 0.00204194
475 0.00259599
475 0.00189119
475 0.00476795
475 0.00322477
475 0.00436716
475 0.00260336
475 0.00787335
475 0.0190318
478 0.17832
