475 3.10141e-23
475 0.186743
475 0.279232
475 0.0767724
476 0.745898
477 0.542809
477 0.0473243
477 0.0666489
477 0.143825
479 1.18068
479 0.764497
480 0.0423717
480 0.14962
480 0.356692
480 0.211561
480 0.0454419
481 0.100193
481 0.436911
481 0.0712266
481 0.177063
482 0.416135
482 0.886199
482 2.42617
482 0.00391151
482 0.0321718
482 2.90006
482 3.37337
482 0.0112449
482 2.91017
482 2.86611
483 2.74513
483 3.13723
483 2.33761
483 0.0775488
482 0.580519
483 1.03268
484 1.06086
484 0.0834624
484 0.474132
485 2.79151
486 0.132175
486 0.676869
486 0.438281
486 0.214677
486 0.147865
486 0.233969
487 0.110231
487 0.525945
487 0.319558
488 1.09694
488 0.0430592
488 0.0898974
488 0.598566
489 1.3593
489 0.256671
489 0.277725
489 0.142629
489 0.967811
490 0.640792
491 3.72503
492 0.189243
492 0.802702
492 0.322769
492 0.194214
492 0.018439
493 0.802757
493 0.50398
493 0.671883
493 0.137891
494 1.40436
494 0.150775
494 0.576226
494 0.383957
494 0.0530013
494 0.118521
494 0.227539
495 1.4193
496 2.01414
496 0.136295
496 0.396191
496 0.377527
496 0.589482
497 0.349484
497 0.131042
497 0.949761
497 0.39424
497 0.0114191
497 0.73228
497 0.218169
498 1.01382
498 0.412503
498 0.656672
499 1.02993
499 1.33915
499 0.0136558
499 0.114814
499 0.0321393
500 1.56331
500 1.61956
500 0.094023
500 0.1343
500 0.0294686
501 0.646641
501 1.2889
501 0.173987
501 0.109103
501 0.214985
501 0.724727
501 0.337803
501 0.238555
502 0.45236
502 0.988095
502 0.0280762
502 0.359674
502 1.10304
503 3.24753
503 0.119721
503 0.429548
503 0.186623
504 1.07112
504 0.172914
504 0.452266
504 0.832614
504 2.78345
505 0.696932
505 0.704314
505 1.3146
505 1.11436
505 0.698184
505 0.203987
506 1.58565
506 0.0432695
506 3.08396
506 2.90904
507 2.86273
507 2.72511
507 2.96863
507 3.44464
507 0.0327918
507 0.0212269
506 0.0348043
506 0.0358359
505 0.0361996
505 0.0384805
505 0.0393457
505 0.0456612
505 0.0470014
505 0.0422212
504 0.0389424
504 0.0596787
504 0.0448073
504 0.0377805
504 0.0532907
503 0.0368718
503 0.0472038
503 0.0481864
503 0.0343719
502 0.0429248
502 0.0449623
502 0.0403666
502 0.0745251
502 0.0398206
501 0.0515716
501 0.0567866
501 0.0501671
501 0.0775671
501 0.0739499
501 0.0369127
501 0.0710611
501 0.0854421
500 0.040435
500 0.0447917
500 0.0489111
500 0.0457827
500 0.0353554
499 0.0736987
499 0.0721785
499 0.044223
499 0.0466452
499 0.0715806
498 0.0367652
498 0.0347636
498 0.0360654
497 0.0410451
497 0.0419847
497 0.0350136
497 0.0547147
497 0.0906221
497 0.0408765
496 0.050887
496 0.0946861
496 0.0422382
496 0.0976343
496 0.0737029
495 0.0369235
494 0.037722
494 0.0500165
494 0.0367567
494 0.0592007
494 0.0602173
494 0.0701554
494 0.0406938
494 0.0596027
493 0.0575656
493 0.0622199
493 0.0885221
493 0.066761
492 0.050071
492 0.144895
492 0.062569
492 0.036354
491 0.0975624
490 0.0409393
489 0.112496
489 0.0768121
489 0.159281
489 0.0556361
488 0.0511511
488 0.0851296
488 0.059856
488 0.0433568
487 0.0353479
487 0.117071
486 0.0794916
486 0.0909624
486 0.0893159
486 0.0362768
486 0.0440983
485 0.0391328
484 0.052138
484 0.0390429
484 0.0455802
483 0.0389549
481 0.039841
481 0.204487
481 0.108472
481 0.0787078
480 0.0697287
480 0.0620798
480 0.0419072
480 0.137744
480 0.0737866
480 0.0510279
480 0.0473426
479 0.124308
479 0.0533675
477 0.0444669
477 0.0545642
477 0.138831
477 0.0697533
476 0.0704607
475 0.132443
475 0.153348
475 0.0835158
475 0.0766061
494 0.001564
494 0.00438849
475 0
387 0
525 0
873 0
1085 0
1150 0
478 0
525 0
850 0
1149 0
1150 0
475 0
334 0
485 0
509 0
478 0.123972
