475 3.10141e-23
475 0.522903
475 0.0627511
476 0.958642
477 0.550466
478 0.506295
479 0.618207
479 0.0935731
479 0.184809
480 0.677284
480 0.096042
480 0.0182711
480 0.0278366
480 0.0450819
480 0.343802
483 2.23586
483 0.0152523
484 0.560453
484 0.386913
485 0.645687
486 0.908641
487 0.55634
488 0.679406
489 0.919097
491 1.71017
491 0.125338
491 0.0411801
491 0.150678
491 0.0858713
491 0.190701
492 0.199271
492 0.00302622
493 1.3532
494 0.887529
497 2.28356
497 0.565246
500 2.39267
501 0.393308
501 0.00236901
501 0.0644801
501 0.36899
502 0.930198
502 0.0392005
502 0.0307845
504 1.4402
504 0.120199
504 0.0337802
505 0.54007
507 1.6428
507 0.1666
507 0.24318
508 0.745306
508 0.259211
509 0.880541
510 1.01108
511 0.16668
511 0.483509
511 0.0230778
511 0.0425122
511 0.0738657
512 0.962107
513 0.484543
513 0.530953
514 0.239118
514 0.134769
514 0.121831
514 0.03578
514 0.00704856
515 0.701416
515 0.473508
515 0.188247
517 1.07445
517 0.156963
518 0.811193
518 0.323544
519 0.654832
519 0.170549
520 1.02107
520 0.0261449
520 0.0556225
521 0.577538
521 0.220404
521 0.0598813
521 0.344028
522 0.580756
522 0.373515
522 0.138619
523 0.208438
523 0.745456
524 0.745709
524 0.0897383
524 0.04538
524 0.036003
524 0.00155194
525 0.239441
850 2.60501e-23
896 0.00295975
947 0.00327999
960 0.000162693
1045 0.00455702
1149 0.00689378
1149 5.24919e-26
1045 0.00198946
960 0.00189628
947 0.00175527
524 0.163943
524 0.0686506
524 0.0944724
524 0.0653188
524 0.0426865
523 0.0431293
522 0.0570771
522 0.0350695
522 0.0430214
521 0.0641664
521 0.131815
521 0.0473114
521 0.0396871
520 0.0605155
520 0.0776384
520 0.0528455
519 0.0565033
519 0.0535513
518 0.0455322
518 0.0430565
517 0.0675012
517 0.0390335
515 0.0436512
515 0.0838332
515 0.109805
514 0.0426467
514 0.0366324
514 0.175042
514 0.0417878
514 0.0461706
513 0.0832878
513 0.0977443
512 0.134985
511 0.387265
511 0.0368924
511 0.0443912
511 0.044215
511 0.0530193
510 0.0415268
509 0.0567315
508 0.1532
508 0.0707812
507 0.0409899
507 0.0539144
507 0.0712008
505 0.0433497
504 0.0786005
504 0.0472967
502 0.0238567
502 0.0393481
502 0.0358055
502 0.082388
502 0.0610589
501 0.0547977
501 0.0382175
501 0.0343376
501 0.0510909
500 0.0431079
497 0.0527101
497 0.21865
494 0.0480074
493 0.0992118
492 0.211538
492 0.102616
491 0.0363637
491 0.0430464
491 0.0478828
491 0.0540428
491 0.0342937
491 0.101204
489 0.0884458
488 0.0351825
487 0.0817493
485 0.0776093
484 0.0345432
484 0.0981496
483 0.0648487
480 0.105449
480 0.0618384
479 0.0488092
479 0.0493994
479 0.0395032
478 0.0350191
477 0.0433586
476 0.113187
475 0.0589987
475 0.118491
