475 3.10141e-23
475 0.0326828
475 0.111643
476 1.15694
476 0.0989068
478 1.79946
479 0.296404
479 0.344347
481 1.2282
483 1.70565
483 0.0155352
484 0.742209
484 0.381073
484 0.284265
485 0.215897
485 0.00371272
485 0.0178909
485 0.0623865
485 0.19517
485 0.474967
486 0.348212
487 0.717959
487 0.635886
487 0.0508565
488 0.481196
488 0.0536997
488 0.173568
488 0.0573744
489 0.0801846
489 0.388976
489 0.0724593
490 0.540052
491 1.03867
491 0.334694
492 0.241538
493 1.1761
493 0.413814
494 0.85008
495 0.709757
495 0.161623
496 0.179735
496 0.457794
496 0.0239695
496 0.0835175
497 0.350793
498 0.692522
498 0.555414
498 0.190492
499 0.449978
500 0.927144
500 0.235799
500 0.0938425
501 0.303594
501 0.219185
501 0.0382425
502 0.605606
503 1.12801
503 0.0430195
504 0.775491
504 0.244855
504 0.152632
505 0.274378
505 0.201597
506 1.5636
507 0.73185
508 0.327475
508 0.0314927
508 0.724154
509 0.0997787
509 0.595489
510 0.861867
511 0.383633
512 1.15098
514 1.94404
514 0.166438
514 0.145629
515 0.608985
515 0.183156
515 0.0114224
515 0.00191503
516 0.662788
516 0.193074
516 0.0271083
517 0.888877
518 0.758247
518 0.538693
519 0.685138
519 0.392005
520 0.444363
520 0.351007
520 0.248185
522 1.45568
522 0.226296
523 0.816864
523 0.300193
524 0.71676
524 0.223434
525 0.382689
850 2.61937e-23
903 0.00368052
1015 0.00504431
1035 0.001305
1148 0.00979618
1149 1.01859e-25
1015 0.00197576
903 0.00155896
524 0.0519759
524 0.0838764
523 0.0547685
523 0.0688777
522 0.0352836
522 0.130258
520 0.0448951
520 0.0851612
519 0.0699794
519 0.129788
518 0.0555678
516 0.0355195
516 0.0497389
516 0.00592244
516 0.0396213
515 0.10048
515 0.0536649
515 0.0815448
515 0.139192
514 0.339973
510 0.145388
509 0.123671
509 0.140016
508 0.0977184
508 0.0573494
508 0.126336
507 0.148486
506 0.0602215
505 0.0627119
505 0.11365
504 0.18679
504 0.0474164
504 0.0635017
503 0.0385841
503 0.0591497
502 0.0465663
501 0.0518669
501 0.0480011
500 0.0379137
500 0.0360161
500 0.0818268
498 0.0345324
498 0.0677513
497 0.335995
496 0.0554264
496 0.0400911
496 0.0399233
495 0.144139
494 0.0523102
493 0.111751
493 0.203094
492 0.0747305
491 0.0343846
490 0.0862039
489 0.0411081
489 0.0491055
489 0.106515
488 0.0383227
488 0.0399126
488 0.0406937
488 0.0494034
487 0.0621426
485 0.0542525
485 0.0994182
485 0.0781354
485 0.0638394
485 0.0782147
484 0.05067
484 0.0369481
483 0.0416372
483 0.0438621
481 0.0794191
479 0.0729193
479 0.0712981
478 0.0417389
476 0.0353536
476 0.0371979
475 0.0354125
516 0.001564
516 0.00231621
