475 3.10141e-23
475 0.546947
475 0.125034
476 0.162063
476 0.172776
476 0.175944
476 0.120676
476 0.118287
477 0.297907
478 0.793042
478 0.0439373
478 0.105701
478 0.0733553
479 0.515803
479 0.304687
479 0.284427
480 0.187518
480 0.131004
481 0.843725
481 0.256624
481 0.0620904
481 0.0787655
481 0.0688833
481 0.0393377
481 0.0191395
482 0.444951
482 0.0824317
482 0.0204081
482 0.219981
483 0.331747
483 0.19498
483 0.150885
483 0.00365354
483 0.086868
485 1.23492
485 0.44841
485 0.114889
485 0.127493
486 0.342557
486 0.0411562
487 0.682764
487 0.627875
487 0.0169884
488 0.142209
488 0.467156
488 0.158039
488 0.0768883
489 0.290742
489 0.173902
489 0.0229135
489 0.258784
489 0.104136
489 0.0483556
490 0.255684
490 0.382515
491 0.422848
491 0.316567
491 0.338811
493 1.03132
493 0.750876
493 1.95866
494 2.94547
494 3.16159
494 2.11683
494 0.00141286
494 2.80201
494 3.0677
494 2.76466
493 2.68422
493 2.888
493 2.14899
493 1.48685
493 0.0326322
493 0.00815254
493 0.0907247
493 2.75298
493 2.84394
493 2.83853
493 3.51569
493 0.0503366
493 0.0121327
493 0
486 0
523 0
787 0
493 0.0744598
491 0.0426633
491 0.044521
491 0.162889
490 0.226248
490 0.0678721
489 0.0442028
489 0.0373747
489 0.120333
488 0.0999419
488 0.0618373
488 0.13154
488 0.0640674
487 0.120726
487 0.104836
487 0.047792
487 0.0583133
487 0.043187
487 0.102156
486 0.0579339
486 0.0400076
485 0.289328
485 0.0810754
485 0.204644
485 0.0579522
485 0.0531153
483 0.0520418
483 0.0691815
483 0.177719
483 0.0405219
483 0.0500696
482 0.104346
482 0.0936633
482 0.0348814
481 0.147761
481 0.198623
481 0.0881937
481 0.0585406
481 0.143541
481 0.047835
481 0.0358529
480 0.0917788
480 0.0853335
479 0.0380908
479 0.129775
479 0.0395816
478 0.0429378
478 0.043887
478 0.231306
478 0.0422416
477 0.040276
476 0.0389574
476 0.0487165
476 0.0955282
476 0.0343459
476 0.0564631
475 0.0350856
475 0.0567823
485 0
498 0
507 0
506 0
504 0
466 0
506 0.0313586
507 0.0548538
498 0.0427342
485 0.471888
506 0
498 0
498 0
461 0
498 0.0473449
507 0.772673
507 0.0983953
507 0.526571
507 0.146052
507 0.0951186
507 0.059599
