475 3.10141e-23
475 0.014063
476 1.21874
476 0.260384
477 0.155246
477 0.0573794
477 0.154248
478 0.519054
479 0.998258
479 0.155107
479 0.340267
479 0.0137658
480 0.413311
481 0.510938
481 0.133768
481 0.0804343
481 0.329149
482 0.245144
483 1.12342
487 3.22989
487 0.255634
488 0.987706
489 0.832394
489 0.0590059
490 0.109482
490 0.321091
490 0.252695
491 0.736948
491 0.0411039
492 0.843825
492 0.0682336
492 0.0140428
492 0.161572
493 0.514377
493 0.0495303
493 0.0786564
494 0.3968
494 0.0308477
494 0.0599801
494 0.00862649
495 0.580461
495 0.37886
496 0.4463
497 0.851504
498 1.24298
499 0.767234
499 0.149626
500 0.449296
500 0.143838
500 0.0087084
500 0.279674
500 0.091004
500 0.107651
501 0.78076
502 0.237008
502 0.281022
503 0.548977
503 0.307308
503 0.497282
504 0.411794
504 0.0667745
504 0.164701
505 0.697651
505 0.283935
505 0.130792
506 0.29439
507 1.09412
507 0.47339
507 0.00210714
508 0.640717
508 0.300644
509 0.427129
509 0.134117
510 0.905287
511 0.475117
511 0.0539861
511 0.158696
511 0.451617
511 0.0459141
512 0.0924378
512 0.883481
513 0.682227
514 1.02163
514 0.0153851
514 0.0822476
515 0.42803
515 0.190302
515 0.0403401
516 0.525367
516 0.520197
516 0.0336401
516 0.087313
516 0.308177
517 0.556786
517 0.222666
518 0.336725
518 0.0300346
518 0.425878
518 0.147413
519 1.03127
520 0.200194
521 1.13505
521 0.0501875
522 1.65232
523 0.528156
524 0.546295
524 0.0946263
525 0.865632
850 2.63984e-23
914 0.00322748
918 0.000196888
1147 0.0106048
1150 1.95245e-25
914 0.00152912
524 0.10701
524 0.23688
523 0.0616361
522 0.0468156
521 0.039519
521 0.147956
519 0.0471037
518 0.0380856
518 0.0841454
518 0.282414
517 0.127706
517 0.0371925
517 0.289813
516 0.0574785
516 0.195195
516 0.0359865
516 0.0718195
515 0.129421
515 0.0389231
514 0.0696777
514 0.034994
514 0.107417
512 0.0667699
511 0.0432023
511 0.0373639
511 0.0701202
510 0.0589981
509 0.0360466
509 0.0708455
509 0.235054
508 0.0390716
507 0.0370782
507 0.0588007
507 0.0766322
506 0.102811
505 0.0702238
505 0.00904251
505 0.0524302
505 0.0343202
505 0.0704772
504 0.059144
504 0.0587503
504 0.174411
503 0.16015
503 0.0473429
502 0.114936
502 0.0422043
501 0.0552438
500 0.0405285
500 0.0370186
500 0.0537124
500 0.0564075
500 0.0715389
499 0.0479933
499 0.0619423
498 0.0793819
497 0.0935307
496 0.0480737
495 0.0137144
495 0.0757538
495 0.0481251
494 0.0393941
494 0.0468257
494 0.268876
494 0.139572
493 0.12845
493 0.088425
493 0.0729657
492 0.0449045
492 0.185827
492 0.0436137
492 0.060575
491 0.125886
491 0.0442498
490 0.102501
490 0.2319
490 0.0382442
490 0.0677806
490 0.0500778
489 0.061125
489 0.182231
488 0.0920652
487 0.0616912
487 0.0630245
483 0.0826241
482 0.0547759
481 0.0370848
481 0.0569105
481 0.0753049
480 0.0343052
480 0.0429419
479 0.128354
479 0.0532704
479 0.077587
478 0.105157
477 0.196245
477 0.0537921
477 0.0910063
476 0.0634133
476 0.0391102
475 0.00745032
475 0.00166261
475 0.00177891
475 0.00208303
475 0.00330672
475 0.00365454
475 0.00223137
475 0.00248194
475 0.00780403
475 0.0029034
475 0.0146335
475 0.00613044
475 0.00212552
475 0.00213595
475 0.00334085
475 0.0064297
475 0.00406714
475 0.00504188
475 0.0337019
