475 2.04024e-23
475 0.341464
475 0.0706243
476 0.167335
476 0.122667
476 0.153082
476 0.0524746
478 0.779818
478 0.188622
479 0.526491
481 1.13152
483 1.24735
484 0.264636
485 0.344713
485 0.0115888
485 0.243828
485 0.130349
486 0.0576417
486 0.137707
487 0.767839
492 2.22352
493 0.738718
495 1.01115
496 0.235239
496 0.259508
496 0.0844086
496 0.0198162
497 0.435291
497 0.0584922
498 0.331553
498 0.299781
499 0.0623082
500 0.533546
500 0.545576
502 0.946757
503 0.437528
503 0.155477
506 1.30506
508 0.818715
508 0.375973
508 0.104179
512 2.09707
514 0.721023
514 0.313473
517 1.71136
517 0.0433491
519 0.888178
522 1.65536
523 0.442974
524 0.531295
524 0.213417
525 0.165799
850 1.4597e-23
898 0.00133938
1149 0.00720544
1150 1.43734e-26
898 0.00198379
898 0.000203804
524 0.0628105
524 0.109187
523 0.177536
522 0.0881656
522 0.353599
522 0.0487896
519 0.0431839
517 0.0406076
517 0.0903486
514 0.0368814
514 0.0459101
508 0.253264
508 0.123779
506 0.0559038
503 0.0383806
503 0.0446242
502 0.085224
502 0.0421966
502 0.0392155
501 0.135112
499 0.0919241
498 0.0361958
498 0.0481146
497 0.198591
497 0.0522088
496 0.0557425
496 0.0460939
496 0.225697
496 0.0744314
495 0.0568058
493 0.0528072
492 0.03615
487 0.0822966
486 0.0490831
486 0.0879317
486 0.433923
486 0.0965199
486 0.0921241
486 0.0344458
485 0.0663135
485 0.0743024
485 0.0480266
484 0.0849605
483 0.0514225
482 0.399229
479 0.0407533
478 0.0385617
476 0.157118
476 0.0467645
476 0.0465116
476 0.332393
475 0.0553489
475 0.195184
