475 2.04024e-23
475 0.30057
476 0.325528
477 0.775474
478 0.522771
478 0.0615091
479 0.140376
481 1.20153
481 0.0427677
481 0.0703446
482 0.815509
484 0.597425
484 0.05346
484 0.225897
485 0.201061
485 0.0795087
485 6.55896e-05
485 0.19324
488 1.49765
488 0.107674
488 0.0157512
490 0.98629
491 0.41024
492 0.940274
493 0.0812025
493 0.30592
494 0.538942
497 1.48287
497 0.0376605
497 0.0294954
497 0.00673186
498 0.551754
498 0.093777
499 0.268813
499 0.0779132
499 0.217916
500 0.699129
501 0.228193
501 0.33487
502 0.162497
503 0.474595
503 0.0515267
503 0.341044
504 0.263439
505 0.770985
507 0.856332
507 0.168035
508 0.44117
508 0.012093
508 0.0471117
509 0.61074
510 0.208124
510 0.265125
510 0.0206317
510 0.0903029
510 0.0707577
511 0.0953112
511 0.152798
512 0.374815
512 0.047038
512 0.0259478
513 0.698044
516 1.34818
517 0.790756
517 0.123892
517 0.094276
519 1.11516
520 0.11072
522 1.46024
522 0.0120138
524 0.946672
525 0.245944
850 1.46106e-23
904 0.00119601
995 0.00259332
1121 0.00395394
1149 0.00125952
1150 7.02579e-27
1121 0.00209274
1121 0.000118784
904 0.00261825
522 0.0346864
522 0.0476642
520 0.0798608
520 0.0430396
518 0.269272
517 0.0507816
517 0.0361059
516 0.0778579
513 0.0712748
512 0.0423249
512 0.0832683
512 0.0385531
511 0.0485194
510 0.105093
510 0.034891
510 0.210795
510 0.0357064
509 0.03424
508 0.123649
508 0.0418045
508 0.0641583
507 0.051983
507 0.0417389
504 0.357847
503 0.0348862
503 0.0446756
503 0.124703
502 0.0781717
501 0.042155
501 0.0760137
500 0.0645895
500 0.0104429
499 0.0754258
499 0.0508147
499 0.0355679
498 0.0552393
498 0.143266
497 0.036857
497 0.0677028
497 0.0405944
493 0.0744883
493 0.0601496
492 0.0810504
491 0.255449
490 0.047904
488 0.0381153
488 0.0652466
488 0.0882361
485 0.0360396
485 0.346806
485 0.544905
485 0.208134
485 0.086083
485 0.0716215
485 0.0375492
484 0.053516
484 0.0404047
484 0.0416674
481 0.202777
481 0.0563815
481 0.035283
479 0.0445397
478 0.0348886
478 0.188513
477 0.106157
476 0.0384387
501 0.001564
501 0.0099687
