475 2.04024e-23
476 0.813759
477 0.423722
478 0.494403
478 0.403657
482 1.78174
482 0.174886
483 0.44234
483 0.221209
484 0.388608
485 0.511246
487 1.0611
488 0.425269
488 0.0724919
489 0.859471
491 0.634234
491 0.00282788
491 0.0316699
493 0.986572
494 0.696548
495 0.473728
496 0.673766
496 0.130439
497 0.51957
497 0.129438
498 0.268137
498 0.168826
498 0.0931228
499 0.7506
500 0.462487
501 0.459399
503 0.841845
504 0.410306
505 0.705619
505 0.207662
506 0.282979
509 1.51748
510 0.39959
510 0.0925039
511 0.853414
511 0.176476
512 0.0682085
512 0.0249935
513 0.718211
514 0.604253
515 0.200343
518 1.83125
518 0.335352
520 1.05823
524 1.90529
525 0.393988
850 1.45555e-23
1017 0.00517768
1149 0.0028994
1150 1.52226e-27
524 0.267442
520 0.113527
518 0.186863
518 0.0342887
515 0.0370802
514 0.396177
513 0.0360865
512 0.085884
512 0.07103
511 0.03723
510 0.0431288
510 0.0395279
509 0.0392925
506 0.118182
506 0.0513488
504 0.0342218
503 0.0390974
501 0.0402975
500 0.0470446
498 0.0613503
498 0.0882648
497 0.143376
497 0.0698031
496 0.0785571
495 0.137586
494 0.0342982
493 0.0493101
491 0.148788
491 0.0383928
491 0.0925932
489 0.0490356
488 0.0401955
488 0.0485756
487 0.0354954
485 0.0357055
484 0.058864
483 0.0426295
482 0.0507915
482 0.0516557
478 0.0674453
478 0.0478536
477 0.0398188
