475 2.04024e-23
476 0.889861
478 0.782639
478 0.096413
478 0.328614
479 0.136812
481 0.995977
481 0.00532944
483 1.34021
484 0.447941
484 0.239918
486 0.674131
490 2.15779
490 0.181337
491 0.446928
491 0.291675
493 0.599734
493 0.0293131
495 1.18167
496 0.604655
501 2.91437
503 0.995019
504 0.362252
505 0.738947
505 0.0808481
506 0.38084
506 0.0777765
507 0.495376
508 0.21033
508 0.295734
509 0.418044
509 0.0342985
509 0.0306753
510 0.212946
510 0.315978
510 0.127193
511 0.15627
513 1.23269
517 1.86258
517 0.2691
518 0.752317
519 0.433772
519 0.270922
521 0.662034
521 3.81164
521 2.87209
521 0.044772
521 3.46202
521 0.00637548
495 0
497 0
498 0
493 0
425 0
525 0
850 0
1148 0
1150 0
519 0.019053
519 0.0946291
519 0.0389281
518 0.03652
517 0.0201761
517 0.0642906
517 0.0870609
513 0.0386932
511 0.140099
510 0.0355222
510 0.064562
509 0.0602294
509 0.37657
509 0.0431219
508 0.0448454
508 0.0461716
507 0.0609235
506 0.0579296
506 0.0392905
506 0.193671
506 0.0401778
506 0.103652
505 0.0392368
504 0.147969
503 0.176861
501 0.505124
501 0.135498
496 0.0686883
495 0.195162
495 0.0981497
495 0.0697704
493 0.0532715
493 0.243807
491 0.208176
491 0.160005
490 0.0509033
490 0.228249
484 0.0939367
484 0.457191
483 0.048058
481 0.052539
479 0.0918343
478 0.127843
478 0.106638
478 0.0554334
476 0.0452783
501 0
500 0.001564
500 0.112542
501 0.0620908
525 0
1150 0
525 0
609 0
525 0
876 0
478 0
97 0
498 0.0138836
497 0.0112973
495 0.127769
