# Energy z_(mm) Energy_Dep Net_Charge
2e+08 0 1.55002e-25 0.0001
2e+08 1 0 0
2e+08 2 0 0
2e+08 3 0 0
2e+08 4 0 0
2e+08 5 0 0
2e+08 6 0 0
2e+08 7 0 0
2e+08 8 0 0
2e+08 9 0 0
2e+08 10 0 0
2e+08 11 0 0
2e+08 12 0 0
2e+08 13 0 0
2e+08 14 0 0
2e+08 15 0 0
2e+08 16 0 0
2e+08 17 0 0
2e+08 18 0 0
2e+08 19 0 0
2e+08 20 0 0
2e+08 21 0 0
2e+08 22 0 0
2e+08 23 0 0
2e+08 24 0 0
2e+08 25 0 0
2e+08 26 0 0
2e+08 27 0 0
2e+08 28 0 0
2e+08 29 0 0
2e+08 30 0 0
2e+08 31 0 0
2e+08 32 0 0
2e+08 33 0 0
2e+08 34 0 0
2e+08 35 0 0
2e+08 36 0 0
2e+08 37 0 0
2e+08 38 0 0
2e+08 39 0 0
2e+08 40 0 0
2e+08 41 0 0
2e+08 42 0 0
2e+08 43 0 0
2e+08 44 0 0
2e+08 45 0 0
2e+08 46 0 0
2e+08 47 0 0
2e+08 48 0 0
2e+08 49 0 0
2e+08 50 0 0
2e+08 51 0 0
2e+08 52 0 0
2e+08 53 0 0
2e+08 54 0 0
2e+08 55 0 0
2e+08 56 0 0
2e+08 57 0 0
2e+08 58 0 0
2e+08 59 0 0
2e+08 60 0 0
2e+08 61 0 0
2e+08 62 0 0
2e+08 63 0 0
2e+08 64 0 0
2e+08 65 0 0
2e+08 66 0 0
2e+08 67 0 0
2e+08 68 0 0
2e+08 69 0 0
2e+08 70 0 0
2e+08 71 0 0
2e+08 72 0 0
2e+08 73 0 0
2e+08 74 0 0
2e+08 75 0 0
2e+08 76 0 0
2e+08 77 0 0
2e+08 78 0 0
2e+08 79 0 0
2e+08 80 0 0
2e+08 81 0 0
2e+08 82 0 0
2e+08 83 0 0
2e+08 84 0 0
2e+08 85 0 0
2e+08 86 0 0
2e+08 87 0 0
2e+08 88 0 0
2e+08 89 0 0
2e+08 90 0 0
2e+08 91 0 0
2e+08 92 0 0
2e+08 93 0 0
2e+08 94 0 0
2e+08 95 0 0
2e+08 96 0 0
2e+08 97 0 0
2e+08 98 0 0
2e+08 99 0 0
2e+08 100 0 0
2e+08 101 0 0
2e+08 102 0 0
2e+08 103 0 0
2e+08 104 0 0
2e+08 105 0 0
2e+08 106 0 0
2e+08 107 0 0
2e+08 108 0 0
2e+08 109 0 0
2e+08 110 1.19268e-27 -0.0001
2e+08 111 6.28565e-27 0.0001
2e+08 112 0 0
2e+08 113 0 0
2e+08 114 0 0
2e+08 115 0 0
2e+08 116 0 0
2e+08 117 0 0
2e+08 118 0 0
2e+08 119 0 0
2e+08 120 0 0
2e+08 121 0 0
2e+08 122 0 0
2e+08 123 0 0
2e+08 124 0 0
2e+08 125 0 0
2e+08 126 0 0
2e+08 127 0 0
2e+08 128 0 0
2e+08 129 0 0
2e+08 130 0 0
2e+08 131 0 0
2e+08 132 0 0
2e+08 133 0 0
2e+08 134 0 0
2e+08 135 0 0
2e+08 136 0 0
2e+08 137 0 0
2e+08 138 0 0
2e+08 139 0 0
2e+08 140 0 0
2e+08 141 6.42636e-27 0.0001
2e+08 142 0 0
2e+08 143 0 0
2e+08 144 0 0
2e+08 145 0 0
2e+08 146 0 0
2e+08 147 0 0
2e+08 148 0 0
2e+08 149 0 0
2e+08 150 0 0
2e+08 151 0 0
2e+08 152 0 0
2e+08 153 0 0
2e+08 154 0 0
2e+08 155 0 0
2e+08 156 0 0
2e+08 157 0 0
2e+08 158 0 0
2e+08 159 0 0
2e+08 160 0 0
2e+08 161 0 0
2e+08 162 0 0
2e+08 163 0 0
2e+08 164 0 0
2e+08 165 0 0
2e+08 166 0 0
2e+08 167 1.8091e-27 -0.0001
2e+08 168 0 0
2e+08 169 0 0
2e+08 170 0 0
2e+08 171 0 0
2e+08 172 0 0
2e+08 173 0 0
2e+08 174 0 0
2e+08 175 0 0
2e+08 176 0 0
2e+08 177 0 0
2e+08 178 0 0
2e+08 179 0 0
2e+08 180 0 0
2e+08 181 0 0
2e+08 182 0 0
2e+08 183 0 0
2e+08 184 0 0
2e+08 185 0 0
2e+08 186 0 0
2e+08 187 0 0
2e+08 188 0 0
2e+08 189 0 0
2e+08 190 0 0
2e+08 191 0 0
2e+08 192 0 0
2e+08 193 0 0
2e+08 194 0 0
2e+08 195 0 0
2e+08 196 0 0
2e+08 197 0 0
2e+08 198 0 0
2e+08 199 0 0
2e+08 200 0 0
2e+08 201 0 0
2e+08 202 0 0
2e+08 203 0 0
2e+08 204 0 0
2e+08 205 0 0
2e+08 206 0 0
2e+08 207 0 0
2e+08 208 0 0
2e+08 209 0 0
2e+08 210 0 0
2e+08 211 0 0
2e+08 212 0 0
2e+08 213 0 0
2e+08 214 1.73269e-26 0.0001
2e+08 215 0 0
2e+08 216 0 0
2e+08 217 0 0
2e+08 218 0 0
2e+08 219 0 0
2e+08 220 0 0
2e+08 221 0 0
2e+08 222 0 0
2e+08 223 0 0
2e+08 224 0 0
2e+08 225 0 0
2e+08 226 0 0
2e+08 227 0 0
2e+08 228 0 0
2e+08 229 0 0
2e+08 230 0 0
2e+08 231 0 0
2e+08 232 0 0
2e+08 233 0 0
2e+08 234 0 0
2e+08 235 3.01768e-26 0.0001
2e+08 236 0 0
2e+08 237 0 0
2e+08 238 0 0
2e+08 239 0 0
2e+08 240 0 0
2e+08 241 0 0
2e+08 242 0 0
2e+08 243 0 0
2e+08 244 0 0
2e+08 245 0 0
2e+08 246 0 0
2e+08 247 0 0
2e+08 248 0 0
2e+08 249 0 0
2e+08 250 0 0
2e+08 251 0 0
2e+08 252 0 0
2e+08 253 0 0
2e+08 254 0 0
2e+08 255 0 0
2e+08 256 0 0
2e+08 257 0 0
2e+08 258 0 0
2e+08 259 0 0
2e+08 260 0 0
2e+08 261 0 0
2e+08 262 0 0
2e+08 263 0 0
2e+08 264 0 0
2e+08 265 0 0
2e+08 266 0 0
2e+08 267 0 0
2e+08 268 0 0
2e+08 269 0 0
2e+08 270 0 0
2e+08 271 0 0
2e+08 272 0 0
2e+08 273 0 0
2e+08 274 0 0
2e+08 275 0 0
2e+08 276 0 0
2e+08 277 0 0
2e+08 278 0 0
2e+08 279 0 0
2e+08 280 0 0
2e+08 281 0 0
2e+08 282 0 0
2e+08 283 0 0
2e+08 284 0 0
2e+08 285 0 0
2e+08 286 0 0
2e+08 287 5.68589e-26 0.0001
2e+08 288 0 0
2e+08 289 0 0
2e+08 290 0 0
2e+08 291 0 0
2e+08 292 0 0
2e+08 293 0 0
2e+08 294 0 0
2e+08 295 0 0
2e+08 296 0 0
2e+08 297 0 0
2e+08 298 0 0
2e+08 299 0 0
2e+08 300 0 0
2e+08 301 0 0
2e+08 302 0 0
2e+08 303 0 0
2e+08 304 0 0
2e+08 305 0 0
2e+08 306 0 0
2e+08 307 0 0
2e+08 308 0 0
2e+08 309 0 0
2e+08 310 0 0
2e+08 311 0 0
2e+08 312 0 0
2e+08 313 0 0
2e+08 314 0 0
2e+08 315 0 0
2e+08 316 0 0
2e+08 317 0 0
2e+08 318 0 0
2e+08 319 0 0
2e+08 320 0 0
2e+08 321 0 0
2e+08 322 0 0
2e+08 323 0 0
2e+08 324 0 0
2e+08 325 7.97382e-28 -0.0001
2e+08 326 0 0
2e+08 327 0 0
2e+08 328 0 0
2e+08 329 0 0
2e+08 330 0 0
2e+08 331 8.05887e-28 -0.0001
2e+08 332 8.27699e-28 0.0001
2e+08 333 0 0
2e+08 334 0 0
2e+08 335 0 0
2e+08 336 0 0
2e+08 337 0 0
2e+08 338 0 0
2e+08 339 0 0
2e+08 340 0 0
2e+08 341 0 0
2e+08 342 0 0
2e+08 343 0 0
2e+08 344 0 0
2e+08 345 0 0
2e+08 346 0 0
2e+08 347 0 0
2e+08 348 0 0
2e+08 349 0 0
2e+08 350 0 0
2e+08 351 0 0
2e+08 352 0 0
2e+08 353 0 0
2e+08 354 0 0
2e+08 355 0 0
2e+08 356 0 0
2e+08 357 0 0
2e+08 358 0 0
2e+08 359 0 0
2e+08 360 0 0
2e+08 361 0 0
2e+08 362 6.29266e-27 0.0001
2e+08 363 0 0
2e+08 364 0 0
2e+08 365 0 0
2e+08 366 0 0
2e+08 367 1.61629e-27 -0.0001
2e+08 368 0 0
2e+08 369 0 0
2e+08 370 0 0
2e+08 371 0 0
2e+08 372 0 0
2e+08 373 0 0
2e+08 374 0 0
2e+08 375 0 0
2e+08 376 0 0
2e+08 377 0 0
2e+08 378 0 0
2e+08 379 0 0
2e+08 380 0 0
2e+08 381 0 0
2e+08 382 0 0
2e+08 383 0 0
2e+08 384 0 0
2e+08 385 0 0
2e+08 386 0 0
2e+08 387 0 0
2e+08 388 0 0
2e+08 389 0 0
2e+08 390 0 0
2e+08 391 0 0
2e+08 392 0 0
2e+08 393 0 0
2e+08 394 0 0
2e+08 395 0 0
2e+08 396 0 0
2e+08 397 0 0
2e+08 398 0 0
2e+08 399 0 0
2e+08 400 0 0
2e+08 401 0 0
2e+08 402 0 0
2e+08 403 0 0
2e+08 404 0 0
2e+08 405 0 0
2e+08 406 1.1149e-27 -0.0001
2e+08 407 0 0
2e+08 408 0 0
2e+08 409 0 0
2e+08 410 0 0
2e+08 411 0 0
2e+08 412 0 0
2e+08 413 0 0
2e+08 414 0 0
2e+08 415 0 0
2e+08 416 0 0
2e+08 417 2.37403e-26 0.0001
2e+08 418 0 0
2e+08 419 0 0
2e+08 420 0 0
2e+08 421 0 0
2e+08 422 0 0
2e+08 423 0 0
2e+08 424 0 0
2e+08 425 0 0
2e+08 426 0 0
2e+08 427 0 0
2e+08 428 0 0
2e+08 429 0 0
2e+08 430 0 0
2e+08 431 0 0
2e+08 432 0 0
2e+08 433 0 0
2e+08 434 0 0
2e+08 435 0 0
2e+08 436 9.02536e-28 -0.0001
2e+08 437 0 0
2e+08 438 0 0
2e+08 439 0 0
2e+08 440 0 0
2e+08 441 0 0
2e+08 442 0 0
2e+08 443 0 0
2e+08 444 0 0
2e+08 445 0 0
2e+08 446 0 0
2e+08 447 0 0
2e+08 448 0 0
2e+08 449 0 0
2e+08 450 0 0
2e+08 451 0 0
2e+08 452 0 0
2e+08 453 0 0
2e+08 454 0 0
2e+08 455 0 0
2e+08 456 6.24839e-28 -0.0001
2e+08 457 0 0
2e+08 458 0 0
2e+08 459 0 0
2e+08 460 0 0
2e+08 461 0 0
2e+08 462 0 0
2e+08 463 0 0
2e+08 464 0 0
2e+08 465 0 0
2e+08 466 0 0
2e+08 467 0 0
2e+08 468 0 0
2e+08 469 0 0
2e+08 470 0 0
2e+08 471 0 0
2e+08 472 0 0
2e+08 473 0 0
2e+08 474 0 0
2e+08 475 0.0252939 -0.0014
2e+08 476 0.0441865 -0.0009
2e+08 477 0.0553546 -0.0006
2e+08 478 0.0721123 -0.0005
2e+08 479 0.0532125 -0.0009
2e+08 480 0.0510212 0
2e+08 481 0.0469072 -0.001
2e+08 482 0.0531055 -0.0006
2e+08 483 0.0552629 -0.0001
2e+08 484 0.0611912 0.0013
2e+08 485 0.0560964 -0.0029
2e+08 486 0.0569992 0.001
2e+08 487 0.0558959 -0.0005
2e+08 488 0.0457181 -0.0002
2e+08 489 0.0719141 0.0002
2e+08 490 0.0592248 -0.0016
2e+08 491 0.0657468 0.0004
2e+08 492 0.063866 0.0005
2e+08 493 0.0568095 -0.0001
2e+08 494 0.0518875 -0.0002
2e+08 495 0.0487928 -0.0007
2e+08 496 0.0501146 0.0003
2e+08 497 0.065868 -0.0009
2e+08 498 0.0736942 -0.0001
2e+08 499 0.0675685 -0.0012
2e+08 500 0.0713482 0
2e+08 501 0.0702273 -0.0012
2e+08 502 0.0727581 0.0009
2e+08 503 0.084508 -0.0005
2e+08 504 0.0836608 -0.0006
2e+08 505 0.078057 -0.0007
2e+08 506 0.0723278 0.0007
2e+08 507 0.0779551 -0.0007
2e+08 508 0.0849128 -0.0015
2e+08 509 0.0986727 0.0004
2e+08 510 0.0812663 -0.0005
2e+08 511 0.0786038 -0.0002
2e+08 512 0.0772029 -0.0001
2e+08 513 0.081178 -0.0013
2e+08 514 0.0820101 0.0014
2e+08 515 0.0851181 -0.0012
2e+08 516 0.0752888 0.0003
2e+08 517 0.085929 0.0008
2e+08 518 0.0922617 0.0001
2e+08 519 0.0789961 0.0007
2e+08 520 0.0677644 -0.0007
2e+08 521 0.07344 0.0004
2e+08 522 0.0712945 0.0008
2e+08 523 0.0725138 -0.0012
2e+08 524 0.0837027 -0.0013
2e+08 525 0.00933627 0
2e+08 526 4.90163e-27 0.0001
2e+08 527 0 0
2e+08 528 0 0
2e+08 529 0 0
2e+08 530 0 0
2e+08 531 0 0
2e+08 532 0 0
2e+08 533 0 0
2e+08 534 3.34704e-27 -0.0001
2e+08 535 0 0
2e+08 536 0 0
2e+08 537 0 0
2e+08 538 0 0
2e+08 539 0 0
2e+08 540 0 0
2e+08 541 0 0
2e+08 542 0 0
2e+08 543 0 0
2e+08 544 0 0
2e+08 545 0 0
2e+08 546 0 0
2e+08 547 8.97919e-28 -0.0001
2e+08 548 0 0
2e+08 549 0 0
2e+08 550 0 0
2e+08 551 0 0
2e+08 552 0 0
2e+08 553 1.01352e-27 -0.0001
2e+08 554 0 0
2e+08 555 0 0
2e+08 556 0 0
2e+08 557 0 0
2e+08 558 1.45017e-26 0
2e+08 559 0 0
2e+08 560 0 0
2e+08 561 0 0
2e+08 562 0 0
2e+08 563 0 0
2e+08 564 0 0
2e+08 565 0 0
2e+08 566 0 0
2e+08 567 0 0
2e+08 568 0 0
2e+08 569 0 0
2e+08 570 0 0
2e+08 571 0 0
2e+08 572 0 0
2e+08 573 0 0
2e+08 574 0 0
2e+08 575 0 0
2e+08 576 0 0
2e+08 577 0 0
2e+08 578 0 0
2e+08 579 0 0
2e+08 580 0 0
2e+08 581 0 0
2e+08 582 0 0
2e+08 583 0 0
2e+08 584 0 0
2e+08 585 7.60064e-27 0.0001
2e+08 586 0 0
2e+08 587 8.35393e-28 -0.0001
2e+08 588 0 0
2e+08 589 0 0
2e+08 590 0 0
2e+08 591 3.57841e-27 0.0001
2e+08 592 0 0
2e+08 593 0 0
2e+08 594 0 0
2e+08 595 0 0
2e+08 596 0 0
2e+08 597 0 0
2e+08 598 0 0
2e+08 599 8.49789e-28 -0.0001
2e+08 600 0 0
2e+08 601 0 0
2e+08 602 0 0
2e+08 603 0 0
2e+08 604 6.91974e-28 -0.0001
2e+08 605 7.02977e-28 -0.0001
2e+08 606 0 0
2e+08 607 0 0
2e+08 608 3.80416e-27 0.0001
2e+08 609 2.45319e-26 0.0001
2e+08 610 4.42512e-27 0.0001
2e+08 611 0 0
2e+08 612 0 0
2e+08 613 0 0
2e+08 614 0 0
2e+08 615 0 0
2e+08 616 0 0
2e+08 617 0 0
2e+08 618 0 0
2e+08 619 5.96236e-27 0.0001
2e+08 620 2.32058e-26 0.0001
2e+08 621 0 0
2e+08 622 0 0
2e+08 623 0 0
2e+08 624 0 0
2e+08 625 5.14383e-26 0.0001
2e+08 626 8.66436e-27 0.0001
2e+08 627 0 0
2e+08 628 3.83985e-27 0.0001
2e+08 629 0 0
2e+08 630 0 0
2e+08 631 0 0
2e+08 632 0 0
2e+08 633 0 0
2e+08 634 4.69493e-27 0.0001
2e+08 635 0 0
2e+08 636 0 0
2e+08 637 0 0
2e+08 638 0 0
2e+08 639 0 0
2e+08 640 0 0
2e+08 641 7.33991e-27 0.0002
2e+08 642 7.67047e-28 -0.0001
2e+08 643 0 0
2e+08 644 0 0
2e+08 645 0 0
2e+08 646 0 0
2e+08 647 0 0
2e+08 648 9.48985e-27 0.0002
2e+08 649 0 0
2e+08 650 0 0
2e+08 651 0 0
2e+08 652 0 0
2e+08 653 0 0
2e+08 654 0 0
2e+08 655 0 0
2e+08 656 1.1196e-25 0.0001
2e+08 657 0 0
2e+08 658 1.62941e-26 0.0001
2e+08 659 0 0
2e+08 660 0 0
2e+08 661 7.52567e-28 -0.0001
2e+08 662 8.5853e-28 -0.0001
2e+08 663 0 0
2e+08 664 0 0
2e+08 665 0 0
2e+08 666 7.31211e-27 0.0002
2e+08 667 0 0
2e+08 668 0 0
2e+08 669 1.20401e-26 0.0001
2e+08 670 0 0
2e+08 671 0 0
2e+08 672 0 0
2e+08 673 0 0
2e+08 674 0 0
2e+08 675 3.42858e-27 0
2e+08 676 0 0
2e+08 677 0 0
2e+08 678 0 0
2e+08 679 1.69422e-27 -0.0001
2e+08 680 0 0
2e+08 681 0 0
2e+08 682 0 0
2e+08 683 0 0
2e+08 684 2.14382e-27 -0.0001
2e+08 685 0 0
2e+08 686 0 0
2e+08 687 0 0
2e+08 688 4.45589e-27 0.0001
2e+08 689 0 0
2e+08 690 0 0
2e+08 691 0 0
2e+08 692 0 0
2e+08 693 0 0
2e+08 694 0 0
2e+08 695 0 0
2e+08 696 0 0
2e+08 697 0 0
2e+08 698 8.68378e-27 0.0001
2e+08 699 4.17731e-27 0.0001
2e+08 700 0 0
2e+08 701 0 0
2e+08 702 0 0
2e+08 703 0 0
2e+08 704 0 0
2e+08 705 0 0
2e+08 706 0 0
2e+08 707 0 0
2e+08 708 0 0
2e+08 709 1.85855e-26 0.0001
2e+08 710 0 0
2e+08 711 0 0
2e+08 712 0 0
2e+08 713 0 0
2e+08 714 9.92502e-26 0.0001
2e+08 715 0 0
2e+08 716 0 0
2e+08 717 3.69251e-26 0.0001
2e+08 718 0 0
2e+08 719 0 0
2e+08 720 0 0
2e+08 721 8.19305e-27 0.0001
2e+08 722 6.57733e-27 0
2e+08 723 0 0
2e+08 724 0 0
2e+08 725 0 0
2e+08 726 0 0
2e+08 727 0 0
2e+08 728 3.85834e-27 0.0001
2e+08 729 3.40821e-27 0.0001
2e+08 730 0 0
2e+08 731 0 0
2e+08 732 3.20003e-27 -0.0001
2e+08 733 0 0
2e+08 734 0 0
2e+08 735 0 0
2e+08 736 0 0
2e+08 737 5.30971e-27 0.0001
2e+08 738 1.5429e-26 0.0003
2e+08 739 0 0
2e+08 740 0 0
2e+08 741 1.12258e-26 0.0002
2e+08 742 0 0
2e+08 743 0 0
2e+08 744 0 0
2e+08 745 0 0
2e+08 746 0 0
2e+08 747 0 0
2e+08 748 0 0
2e+08 749 7.01035e-27 0.0001
2e+08 750 0 0
2e+08 751 0 0
2e+08 752 0 0
2e+08 753 0 0
2e+08 754 0 0
2e+08 755 0 0
2e+08 756 7.83326e-27 0.0001
2e+08 757 0 0
2e+08 758 0 0
2e+08 759 0 0
2e+08 760 0 0
2e+08 761 1.34394e-26 0.0002
2e+08 762 0 0
2e+08 763 0 0
2e+08 764 0 0
2e+08 765 0 0
2e+08 766 4.17149e-27 0.0001
2e+08 767 1.65622e-26 0.0003
2e+08 768 0 0
2e+08 769 0 0
2e+08 770 0 0
2e+08 771 0 0
2e+08 772 6.06614e-27 0.0001
2e+08 773 7.01413e-27 0.0001
2e+08 774 6.90651e-27 0.0001
2e+08 775 5.93772e-27 0.0001
2e+08 776 0 0
2e+08 777 0 0
2e+08 778 5.43486e-27 0.0001
2e+08 779 0 0
2e+08 780 0 0
2e+08 781 0 0
2e+08 782 0 0
2e+08 783 0 0
2e+08 784 0 0
2e+08 785 0 0
2e+08 786 0 0
2e+08 787 0 0
2e+08 788 0 0
2e+08 789 0 0
2e+08 790 0 0
2e+08 791 0 0
2e+08 792 0 0
2e+08 793 0 0
2e+08 794 0 0
2e+08 795 0 0
2e+08 796 0 0
2e+08 797 3.76622e-27 0.0001
2e+08 798 0 0
2e+08 799 0 0
2e+08 800 0 0
2e+08 801 0 0
2e+08 802 0 0
2e+08 803 0 0
2e+08 804 3.46696e-27 0.0001
2e+08 805 0 0
2e+08 806 0 0
2e+08 807 0 0
2e+08 808 0 0
2e+08 809 0 0
2e+08 810 0 0
2e+08 811 0 0
2e+08 812 0 0
2e+08 813 7.28949e-27 0.0001
2e+08 814 1.08215e-27 -0.0001
2e+08 815 0 0
2e+08 816 3.96746e-27 0.0001
2e+08 817 0 0
2e+08 818 0 0
2e+08 819 1.63957e-26 0.0002
2e+08 820 3.77794e-27 0.0001
2e+08 821 6.03597e-27 0.0001
2e+08 822 0 0
2e+08 823 0 0
2e+08 824 0 0
2e+08 825 0 0
2e+08 826 0 0
2e+08 827 0 0
2e+08 828 0 0
2e+08 829 0 0
2e+08 830 0 0
2e+08 831 0 0
2e+08 832 0 0
2e+08 833 7.21236e-27 0.0001
2e+08 834 0 0
2e+08 835 0 0
2e+08 836 0 0
2e+08 837 0 0
2e+08 838 6.35616e-26 0.0001
2e+08 839 0 0
2e+08 840 0 0
2e+08 841 3.26463e-27 0.0001
2e+08 842 5.30233e-27 0.0001
2e+08 843 0 0
2e+08 844 0 0
2e+08 845 0 0
2e+08 846 0 0
2e+08 847 0 0
2e+08 848 0 0
2e+08 849 0 0
2e+08 850 1.35897e-25 0
2e+08 851 3.99521e-08 0.0001
2e+08 852 3.54537e-26 0.0001
2e+08 853 2.57998e-07 0.0001
2e+08 854 8.46468e-07 0
2e+08 855 9.4473e-07 0
2e+08 856 8.33074e-07 -0.0001
2e+08 857 8.72324e-06 0
2e+08 858 4.05263e-08 0.0002
2e+08 859 9.12567e-06 0
2e+08 860 7.86588e-06 -0.0001
2e+08 861 2.2738e-08 0.0001
2e+08 862 7.09419e-06 -0.0001
2e+08 863 9.17755e-06 0.0001
2e+08 864 2.77559e-07 -0.0001
2e+08 865 5.26434e-06 0
2e+08 866 4.82721e-06 0.0001
2e+08 867 5.0394e-06 0
2e+08 868 3.95327e-06 0
2e+08 869 1.98643e-06 0
2e+08 870 4.56042e-06 0.0003
2e+08 871 2.84493e-06 -0.0002
2e+08 872 2.28635e-06 0
2e+08 873 2.91243e-06 0.0001
2e+08 874 2.83214e-06 0
2e+08 875 1.89858e-06 -0.0001
2e+08 876 2.06024e-06 0
2e+08 877 9.23393e-07 0.0001
2e+08 878 1.66332e-06 0.0002
2e+08 879 1.29015e-06 0.0001
2e+08 880 1.41663e-06 -0.0002
2e+08 881 3.39909e-06 0.0002
2e+08 882 2.62378e-07 0.0001
2e+08 883 3.50329e-06 0.0001
2e+08 884 1.16681e-06 -0.0001
2e+08 885 3.14792e-07 0.0001
2e+08 886 1.65517e-06 0
2e+08 887 4.80398e-07 0.0001
2e+08 888 5.84073e-07 -0.0001
2e+08 889 5.38587e-07 0.0002
2e+08 890 1.48869e-06 -0.0001
2e+08 891 2.3302e-07 -0.0001
2e+08 892 1.0081e-06 0
2e+08 893 1.8636e-07 0
2e+08 894 1.29099e-06 0
2e+08 895 3.96903e-27 0
2e+08 896 6.29428e-07 0.0001
2e+08 897 1.59002e-06 -0.0001
2e+08 898 0 0
2e+08 899 0 0
2e+08 900 1.51967e-26 0.0001
2e+08 901 8.30453e-07 0.0001
2e+08 902 1.8969e-06 -0.0001
2e+08 903 3.17188e-07 0
2e+08 904 9.92274e-07 0.0002
2e+08 905 0 0
2e+08 906 9.03664e-07 0.0001
2e+08 907 4.94795e-07 0.0001
2e+08 908 0 0
2e+08 909 5.39941e-06 0
2e+08 910 1.44655e-06 0.0003
2e+08 911 9.17337e-07 0
2e+08 912 7.35099e-07 0.0001
2e+08 913 2.46337e-06 0
2e+08 914 1.23739e-06 0
2e+08 915 4.973e-07 0
2e+08 916 3.53636e-07 0
2e+08 917 1.24721e-06 0
2e+08 918 2.3857e-06 0.0004
2e+08 919 7.21002e-07 -0.0002
2e+08 920 0 0
2e+08 921 1.89648e-06 -0.0001
2e+08 922 7.24472e-07 0
2e+08 923 0 0
2e+08 924 1.73166e-07 0
2e+08 925 2.32176e-07 -0.0001
2e+08 926 2.50145e-06 0.0001
2e+08 927 2.99566e-06 0
2e+08 928 1.55167e-06 -0.0001
2e+08 929 6.6815e-07 0
2e+08 930 0 0
2e+08 931 1.68491e-06 0
2e+08 932 2.36525e-06 0.0001
2e+08 933 3.52635e-07 0.0001
2e+08 934 1.90871e-06 -0.0001
2e+08 935 2.47347e-07 -0.0001
2e+08 936 1.27864e-06 0.0003
2e+08 937 1.15903e-06 -0.0001
2e+08 938 1.45364e-06 0.0002
2e+08 939 2.82658e-07 -0.0001
2e+08 940 1.72552e-06 0.0002
2e+08 941 3.369e-07 -0.0001
2e+08 942 1.44589e-06 -0.0001
2e+08 943 8.80354e-07 0.0001
2e+08 944 8.80378e-27 0.0001
2e+08 945 1.44757e-06 0
2e+08 946 2.45383e-06 0.0002
2e+08 947 1.97957e-07 -0.0001
2e+08 948 1.49951e-06 0.0001
2e+08 949 5.30097e-07 0
2e+08 950 6.34738e-07 -0.0001
2e+08 951 0 0
2e+08 952 1.9899e-06 0.0001
2e+08 953 1.18124e-06 -0.0001
2e+08 954 6.13603e-07 0.0001
2e+08 955 1.47872e-27 -0.0001
2e+08 956 3.60186e-06 0.0001
2e+08 957 4.08101e-07 -0.0001
2e+08 958 4.33158e-07 0
2e+08 959 9.28705e-07 -0.0001
2e+08 960 0 0
2e+08 961 4.42251e-07 0
2e+08 962 0 0
2e+08 963 1.39634e-06 0
2e+08 964 7.99459e-06 0.0002
2e+08 965 1.44692e-07 0
2e+08 966 2.91998e-07 -0.0001
2e+08 967 1.08354e-06 0.0002
2e+08 968 6.75228e-07 0
2e+08 969 3.05339e-06 0.0001
2e+08 970 3.81387e-06 0
2e+08 971 1.31509e-06 0
2e+08 972 6.10859e-07 0
2e+08 973 0 0
2e+08 974 3.98846e-06 0.0002
2e+08 975 9.17437e-07 -0.0001
2e+08 976 5.90243e-07 0.0001
2e+08 977 4.30402e-06 0.0001
2e+08 978 1.63318e-06 -0.0002
2e+08 979 1.52368e-06 0.0001
2e+08 980 8.47789e-07 0
2e+08 981 7.31862e-07 0.0002
2e+08 982 2.89257e-06 -0.0002
2e+08 983 1.3135e-06 0.0001
2e+08 984 3.26669e-06 0.0001
2e+08 985 1.83682e-06 -0.0001
2e+08 986 6.48991e-07 0
2e+08 987 7.95176e-07 0
2e+08 988 1.27848e-06 0
2e+08 989 1.05082e-06 0.0001
2e+08 990 9.00771e-07 0
2e+08 991 4.02523e-07 -0.0001
2e+08 992 0 0
2e+08 993 9.40819e-07 0.0001
2e+08 994 1.32961e-06 -0.0001
2e+08 995 2.10085e-07 -0.0001
2e+08 996 1.72709e-07 0.0001
2e+08 997 0 0
2e+08 998 5.74415e-06 0.0001
2e+08 999 6.59358e-07 -0.0001
2e+08 1000 5.59638e-07 0.0001
2e+08 1001 1.99078e-07 0
2e+08 1002 7.81848e-07 0.0001
2e+08 1003 1.55845e-06 0.0001
2e+08 1004 3.23365e-06 0.0002
2e+08 1005 2.1447e-06 -0.0002
2e+08 1006 1.44574e-07 0
2e+08 1007 1.83091e-06 -0.0001
2e+08 1008 5.70389e-07 0.0002
2e+08 1009 1.66114e-06 -0.0001
2e+08 1010 0 0
2e+08 1011 2.18412e-06 0
2e+08 1012 3.67774e-07 0
2e+08 1013 0 0
2e+08 1014 3.69481e-06 0.0001
2e+08 1015 1.08574e-06 -0.0001
2e+08 1016 1.19586e-06 0
2e+08 1017 1.30187e-06 0.0001
2e+08 1018 1.90032e-07 -0.0001
2e+08 1019 2.58481e-07 0
2e+08 1020 0 0
2e+08 1021 0 0
2e+08 1022 3.48948e-06 0.0001
2e+08 1023 2.90392e-07 -0.0001
2e+08 1024 2.34546e-06 0.0001
2e+08 1025 1.12246e-07 -0.0001
2e+08 1026 0 0
2e+08 1027 0 0
2e+08 1028 0 0
2e+08 1029 1.48722e-06 0
2e+08 1030 2.62101e-06 0.0001
2e+08 1031 2.99242e-06 0
2e+08 1032 7.60592e-07 0.0001
2e+08 1033 3.44153e-07 -0.0001
2e+08 1034 5.43591e-07 0
2e+08 1035 3.03278e-06 0.0002
2e+08 1036 3.22411e-06 0.0002
2e+08 1037 1.74965e-06 -0.0001
2e+08 1038 3.20322e-06 0.0001
2e+08 1039 1.10722e-07 -0.0001
2e+08 1040 1.77066e-06 0.0001
2e+08 1041 3.58877e-06 0.0001
2e+08 1042 1.11322e-06 -0.0001
2e+08 1043 2.71877e-07 0
2e+08 1044 4.14129e-06 0
2e+08 1045 8.38394e-07 0.0001
2e+08 1046 1.38388e-06 -0.0001
2e+08 1047 1.31046e-06 0
2e+08 1048 0 0
2e+08 1049 8.49596e-07 0.0001
2e+08 1050 5.45996e-06 0.0003
2e+08 1051 4.31592e-07 -0.0002
2e+08 1052 1.38017e-06 0.0001
2e+08 1053 5.93382e-07 -0.0002
2e+08 1054 2.54852e-07 0.0001
2e+08 1055 1.98371e-06 -0.0001
2e+08 1056 1.97092e-06 0.0001
2e+08 1057 8.50056e-07 0
2e+08 1058 2.29827e-06 0.0001
2e+08 1059 3.92106e-07 0.0001
2e+08 1060 4.12117e-07 0
2e+08 1061 9.02493e-07 0
2e+08 1062 1.00929e-06 0.0001
2e+08 1063 4.15325e-06 0
2e+08 1064 2.60073e-07 0
2e+08 1065 1.32923e-07 0
2e+08 1066 1.8517e-06 0.0001
2e+08 1067 2.23244e-06 0.0001
2e+08 1068 9.24848e-07 -0.0001
2e+08 1069 3.46483e-07 -0.0001
2e+08 1070 2.68389e-06 0.0001
2e+08 1071 5.27593e-06 -0.0001
2e+08 1072 1.99174e-06 0
2e+08 1073 1.9983e-06 -0.0001
2e+08 1074 1.38225e-06 0
2e+08 1075 0 0
2e+08 1076 1.21095e-06 0.0001
2e+08 1077 2.13762e-06 -0.0001
2e+08 1078 1.27565e-06 0.0002
2e+08 1079 1.40628e-06 -0.0001
2e+08 1080 2.17241e-06 -0.0001
2e+08 1081 1.04915e-06 -0.0001
2e+08 1082 1.03697e-06 0.0001
2e+08 1083 9.60584e-07 0
2e+08 1084 3.2197e-07 -0.0001
2e+08 1085 0 0
2e+08 1086 0 0
2e+08 1087 4.35256e-07 0
2e+08 1088 0 0
2e+08 1089 2.46097e-07 0
2e+08 1090 7.72593e-07 0
2e+08 1091 0 0
2e+08 1092 4.16733e-06 0.0001
2e+08 1093 0 0
2e+08 1094 1.48192e-06 0.0001
2e+08 1095 4.12385e-06 0
2e+08 1096 2.29018e-06 0.0001
2e+08 1097 5.8281e-06 0.0001
2e+08 1098 1.63818e-07 -0.0001
2e+08 1099 0 0
2e+08 1100 4.29789e-07 0
2e+08 1101 0 0
2e+08 1102 3.60386e-07 0.0002
2e+08 1103 0 0
2e+08 1104 2.28501e-06 0.0003
2e+08 1105 7.81286e-07 -0.0001
2e+08 1106 4.10833e-07 0.0001
2e+08 1107 5.25201e-07 -0.0001
2e+08 1108 4.94148e-07 -0.0001
2e+08 1109 1.11038e-06 0
2e+08 1110 1.62883e-07 0.0001
2e+08 1111 1.27681e-06 0.0001
2e+08 1112 9.98203e-07 0
2e+08 1113 9.41717e-07 0
2e+08 1114 0 0
2e+08 1115 8.83196e-08 0
2e+08 1116 2.39753e-06 0.0001
2e+08 1117 0 0
2e+08 1118 0 0
2e+08 1119 1.90044e-06 0
2e+08 1120 1.25196e-06 0
2e+08 1121 1.8661e-07 0
2e+08 1122 5.15053e-06 0
2e+08 1123 3.19464e-07 0
2e+08 1124 1.05266e-06 -0.0001
2e+08 1125 5.64423e-07 0.0001
2e+08 1126 5.8265e-07 -0.0001
2e+08 1127 0 0
2e+08 1128 4.27472e-07 0
2e+08 1129 1.94169e-06 0
2e+08 1130 6.8563e-06 0.0001
2e+08 1131 5.8843e-07 0
2e+08 1132 7.66499e-07 -0.0001
2e+08 1133 3.21426e-06 0.0001
2e+08 1134 0 0
2e+08 1135 6.32246e-07 0
2e+08 1136 3.78825e-06 0.0001
2e+08 1137 1.22555e-07 -0.0001
2e+08 1138 4.2038e-06 0
2e+08 1139 1.3065e-07 -0.0001
2e+08 1140 0 0
2e+08 1141 8.86667e-07 0
2e+08 1142 4.63242e-07 0
2e+08 1143 2.21724e-06 0
2e+08 1144 8.01073e-07 0
2e+08 1145 6.89961e-07 0
2e+08 1146 6.73677e-07 0
2e+08 1147 0 0
2e+08 1148 2.8427e-06 -0.0001
2e+08 1149 4.60872e-06 0.0061
