475 1.58242e-21
475 1.00784e-09
475 0.000199999
475 1.58242e-21
475 2.19597e-31
475 1.43862e-38
475 3.06602e-25
475 2.8089e-57
475 1.82211e-20
475 3.06585e-27
475 3.87614e-13
475 0.0002
475 1.58242e-21
475 2.87773e-65
475 1.23609e-40
475 7.43978e-14
475 1.51157e-05
475 1.39805e-35
475 1.33925e-08
315 1.10215e-21
475 1.58242e-21
475 5.39576e-07
475 1.22114e-73
475 4.6151e-27
475 7.58352e-21
475 2.42989e-241
475 2.48172e-06
395 9.1357e-22
475 1.58242e-21
475 6.90836e-36
475 3.67098e-107
475 1.0608e-10
475 1.67508e-14
475 4.66668e-50
475 8.11186e-07
475 6.25105e-10
475 3.48294e-75
475 0.000199188
475 1.58242e-21
475 1.96371e-22
475 1.2271e-77
475 1.18478e-83
475 5.48882e-22
475 0.0002
475 1.58242e-21
475 4.35127e-115
475 1.18544e-21
475 1.64028e-26
475 5.19951e-154
475 8.24648e-07
69 1.71909e-21
475 1.58242e-21
475 7.59916e-227
475 2.14914e-58
475 1.69293e-79
475 3.80623e-80
475 2.87743e-169
475 5.5954e-14
475 5.00677e-19
475 6.37296e-75
475 1.29956e-23
475 3.4038e-43
475 6.61925e-11
475 9.40782e-49
475 8.38755e-08
475 7.7345e-24
475 6.60311e-22
475 1.98548e-63
475 3.05854e-19
475 1.29392e-65
475 3.9081e-109
475 2.88481e-23
475 3.30181e-08
475 3.24781e-10
475 5.53651e-108
475 1.16419e-06
475 1.49111e-19
475 1.22754e-59
475 3.29575e-17
475 1.25595e-07
475 8.22401e-33
475 6.36383e-55
475 3.98182e-20
475 7.21339e-41
475 1.81557e-07
475 9.53619e-26
475 9.93778e-09
475 1.40625e-14
475 1.0247e-07
475 2.72514e-58
475 8.61394e-47
475 2.05045e-18
475 1.24969e-17
475 7.42421e-32
475 2.53262e-42
475 1.24454e-54
475 6.20157e-61
475 6.80428e-163
475 1.91736e-45
475 6.01761e-07
475 6.4158e-12
475 5.25273e-31
475 0.000197697
475 1.58242e-21
475 5.75551e-55
475 6.28691e-16
475 7.17857e-100
475 1.18378e-06
338 1.10158e-21
475 1.58242e-21
475 1.34478e-17
475 4.01386e-32
475 1.1807e-15
475 1.77817e-06
475 3.29592e-06
475 0
475 5.37996e-98
475 0
474 9.60612e-22
