475 0
525 0
850 0
1149 0
475 0
476 3.68666e-05
488 3.81127e-05
503 2.73162e-05
508 0
840 0
475 0
506 0.000126637
499 3.17315e-05
497 8.51744e-05
475 1.60038e-05
475 0
156 0
475 0
483 9.27272e-05
477 5.54876e-05
475 0
0 0
475 0
489 4.35312e-05
495 7.21726e-05
495 0
493 0
475 0
489 0.000127714
475 0
120 0
475 0
525 0
850 0
1149 0
475 0
494 7.6899e-05
492 0
474 0
475 0
525 0
850 0
1149 0
475 0
515 6.04901e-05
519 0
560 0
475 0
486 8.89982e-05
478 0.000103289
477 9.98738e-06
476 9.90206e-05
475 3.83742e-05
475 0
0 0
475 0
476 7.4043e-05
476 1.76856e-05
475 0
422 0
475 0
486 0.000115062
475 0
239 0
475 0
487 2.65982e-05
499 7.11796e-05
486 0
234 0
475 0
525 0
850 0
1149 0
475 0
525 0
850 0
1149 0
475 0
509 3.78293e-05
524 0
652 0
475 0
503 3.26122e-05
521 0
687 0
475 0
489 6.6867e-05
489 0.000116969
490 6.26201e-05
475 0
258 0
475 0
475 8.49634e-05
475 0
417 0
475 0
488 4.94591e-05
498 7.26327e-05
513 0
798 0
475 0
518 5.84168e-05
520 1.38852e-05
519 6.20218e-05
495 4.30724e-06
494 0
397 0
475 0
508 4.00063e-05
513 0.000102277
492 0.000117603
495 4.12405e-05
501 2.13682e-05
502 1.7664e-05
506 9.03847e-05
475 0
0 0
475 0
489 3.59069e-05
504 0
638 0
475 0
476 6.5359e-06
481 0.000126103
475 0.00011866
492 4.8721e-05
498 1.57433e-06
514 2.58587e-05
514 0
414 0
475 0
486 5.08464e-05
495 0
573 0
475 0
484 4.74326e-05
492 6.73158e-05
477 3.37559e-05
475 0
3 0
475 0
484 2.95234e-05
486 0.000128489
475 0
178 0
475 0
485 3.29754e-05
490 7.85025e-05
486 2.57143e-06
475 0
210 0
475 0
506 2.66742e-05
524 9.20504e-05
524 0
521 0
475 0
482 8.41176e-07
525 0
850 0
1149 0
1149 0
475 0
501 3.8314e-05
515 0
637 0
475 0
488 4.29932e-05
488 7.41501e-05
489 5.36926e-05
490 8.6367e-05
484 0
360 0
475 0
477 6.88452e-05
478 0
489 0
475 0
476 0.000102749
475 0
347 0
475 0
482 0.000130766
475 0
30 0
475 0
483 6.88832e-05
484 1.78064e-05
490 0
624 0
475 0
477 2.82642e-05
500 0
712 0
475 0
482 9.86685e-05
475 0
377 0
475 0
525 0
850 0
1149 0
475 0
484 0.00010049
484 3.23919e-05
475 0
312 0
475 0
486 8.275e-05
486 0.000118197
489 5.91213e-05
492 3.54791e-05
489 0
436 0
475 0
477 0.000114696
475 0
274 0
475 0
525 0
850 0
1149 0
475 0
503 3.3894e-05
519 0
664 0
475 0
479 2.37294e-05
504 0
736 0
475 0
495 3.80356e-05
507 1.05294e-05
507 0
516 0
475 0
506 0.00013191
503 0.000103058
514 0.000102695
510 0
510 0.000126509
503 0
447 0
519 0
610 0
503 0
445 0
475 0
497 2.6838e-05
512 5.44398e-05
511 5.76379e-05
503 0.000113844
509 1.13156e-05
519 0
696 0
475 0
491 4.77141e-05
495 0.000114987
480 0
340 0
475 0
515 9.22324e-05
507 0
438 0
475 0
483 3.4335e-05
490 3.77859e-05
482 0
340 0
475 0
483 9.03635e-05
478 5.83995e-05
482 0
568 0
475 0
502 4.57578e-05
506 7.03766e-06
507 0
526 0
475 0
479 1.94066e-05
485 0.000117127
484 0
473 0
475 0
489 1.94912e-06
520 0.000130701
488 0.00011135
499 0.000100738
498 1.37448e-05
505 0
571 0
475 0
480 9.04831e-05
475 0
410 0
475 0
488 8.81442e-05
485 0.000101704
496 3.24182e-05
500 0
553 0
475 0
505 1.55671e-05
525 0
850 0
475 0
492 8.79629e-05
487 8.36193e-06
486 0
445 0
475 0
490 2.02799e-05
517 0
755 0
475 0
486 2.13312e-05
491 6.07837e-05
499 0.000114121
477 0
232 0
475 0
501 0.000125797
493 5.07703e-05
486 0
409 0
475 0
504 1.44475e-05
525 0
867 0
475 0
499 0.000124471
489 5.07974e-05
490 0.000102121
484 9.06102e-05
491 3.28601e-05
486 2.08763e-05
475 0
364 0
475 0
487 7.62316e-05
485 0
472 0
475 0
516 0.000111828
515 7.30864e-05
505 0
409 0
475 0
476 8.37321e-05
475 0
430 0
475 0
480 8.40053e-05
476 9.3949e-06
475 0
275 0
475 0
525 0
850 0
1149 0
475 0
495 9.28416e-06
523 1.30357e-06
525 0
848 0
475 0
496 5.79848e-05
497 0.000104951
475 0
221 0
475 0
485 6.27578e-05
486 8.16604e-05
475 0
109 0
475 0
525 0
850 0
1149 0
475 0
503 0.000123561
496 8.71562e-05
496 8.95427e-05
492 2.50452e-05
482 9.60324e-06
475 0
320 0
475 0
507 7.18603e-05
507 0.00010913
503 9.68048e-06
492 2.62982e-05
490 4.64243e-05
486 6.42547e-05
480 9.57672e-06
477 0
330 0
475 0
511 1.6528e-05
525 0
851 0
475 0
489 6.57668e-05
491 1.86602e-06
490 0
479 0
475 0
500 0.000119815
500 8.2819e-05
505 7.46395e-05
508 0
543 0
475 0
486 0.000101033
476 8.9863e-05
476 7.92591e-05
475 0
152 0
475 0
480 6.43962e-05
482 7.34231e-05
475 3.04933e-05
482 0
612 0
475 0
525 0
850 0
1149 0
475 0
525 0
850 0
1149 0
475 0
480 3.02371e-05
484 0.000113152
475 0
346 0
475 0
478 5.75733e-05
485 0
550 0
475 0
525 0
850 0
1149 0
475 0
520 3.82015e-05
523 1.33041e-05
524 7.71307e-05
525 0
556 0
475 0
492 0.00010364
482 6.0258e-05
475 0
229 0
475 0
477 6.0316e-05
477 6.66938e-05
475 0
279 0
475 0
517 1.35251e-05
525 0
852 0
876 0
475 0
476 6.33193e-05
478 0.000112711
475 0
156 0
475 0
525 0
850 0
1149 0
475 0
501 8.73098e-05
499 7.97164e-05
513 9.77173e-05
507 9.45109e-05
515 8.31631e-05
515 4.08452e-05
525 0
723 0
475 0
522 8.03454e-05
518 0
486 0
475 0
493 5.27725e-05
494 0.000108737
489 0
441 0
475 0
525 0
850 0
1149 0
475 0
480 2.17574e-05
496 8.38984e-05
484 6.02348e-06
475 0
111 0
475 0
525 0
850 0
1149 0
475 0
476 7.71588e-05
475 0.000127123
475 0
450 0
475 0
476 8.30308e-05
475 0
431 0
