487 -13
487 13
497 -13
497 13
483 -13
483 13
490 -13
490 13
484 -13
484 13
491 -13
491 13
492 -13
492 13
479 -13
479 13
479 -13
479 13
499 -13
499 13
511 -13
511 13
481 -13
481 13
481 -13
481 13
482 -13
482 13
476 -13
476 13
493 -13
493 13
499 -13
499 13
515 -13
515 13
505 -13
505 13
476 -13
476 13
478 -13
478 13
516 -13
516 13
477 -13
477 13
484 -13
484 13
504 -13
504 13
475 -13
475 13
509 -13
509 13
511 -13
511 13
516 -13
516 13
499 -13
499 13
488 -13
488 13
518 -13
518 13
516 -13
516 13
503 -13
503 13
490 -13
490 13
507 -13
507 13
506 -13
506 13
499 -13
499 13
503 -13
503 13
