475 0
477 0.000452246
488 0
587 0
475 0
512 0.000582083
513 0.000324876
513 4.0421e-05
511 0.000932714
511 0.000141919
516 0.000775948
509 0.000983489
525 0
699 0
475 0
486 0.000803867
483 0
481 0.000987647
482 0
518 0
483 0.00114581
475 0
489 0
475 0
101 0
489 0.00128645
475 0
489 0.000562589
492 0
499 0
540 0
492 0.00122373
475 0
525 0
850 0
1149 0
475 0
487 0.000926061
482 0
482 0.000895428
492 0.000687132
475 0
0 0
482 0.00122513
475 0
499 0.000705667
500 0.000406991
480 0.000723374
480 0.000313813
495 0
897 0
475 0
525 0
850 0
1149 0
475 0
497 0.000901533
491 0
429 0
