475 2.39303e-23
475 0.163385
475 0.227692
475 0.20683
475 0.0278854
476 0.320987
477 0.484728
477 0.0795605
478 0.537974
479 0.717594
480 0.860116
481 0.734574
481 0.0877916
482 0.143615
482 0.234432
483 0.625528
483 0.085006
485 1.27523
486 0.521965
486 0.24004
487 0.551265
487 0.0210781
491 2.29606
491 0.0633685
491 0.0505778
491 0.0736408
492 0.665748
492 0.214369
493 0.650128
494 0.423871
496 1.09722
496 0.130138
498 1.12422
499 1.05243
500 0.507232
500 0.141389
501 0.21752
501 0.0218516
503 1.78625
504 0.334332
505 0.641356
505 0.0570531
506 0.29606
506 0.0509578
506 0.178435
507 0.905017
507 0.0179503
509 1.12794
509 0.108705
510 0.282359
511 0.519765
511 0.188227
511 0.2717
511 0.100443
513 0.801538
513 0.400727
515 0.804979
515 0.130866
516 0.768336
516 0.28541
517 0.150499
517 0.0131115
517 0.286024
517 0.0680015
517 0.130167
518 0.00634063
518 0.0617737
518 0.314531
519 0.5181
519 0.357395
520 0.156861
520 0.297722
520 0.114295
521 0.184329
522 0.93109
523 0.826482
523 0.148418
524 0.460567
525 0.304895
850 1.78286e-23
1149 0.0133193
1149 5.27262e-26
523 0.0792118
523 0.0579855
522 0.0267031
522 0.0951017
521 0.0829704
520 0.0436293
520 0.0542577
520 0.0348883
519 0.0865449
518 0.0398355
518 0.0702029
518 0.0397325
517 0.0485151
517 0.0351032
517 0.0599226
517 0.123182
517 0.285856
516 0.0910905
515 0.0914469
513 0.137397
513 0.042231
512 0.200528
511 0.0432819
511 0.0407582
511 0.0626456
510 0.105312
509 0.244192
509 0.0661989
507 0.0724209
507 0.0354545
506 0.0470644
506 0.099552
505 0.0409142
505 0.0464
504 0.0574215
503 0.0519931
501 0.0854647
501 0.0418697
499 0.046387
498 0.0720461
496 0.139038
496 0.0623756
494 0.254783
493 0.0387951
492 0.0402028
492 0.036555
491 0.0385787
491 0.0349198
491 0.109371
491 0.0430923
487 0.0830132
486 0.044825
486 0.130091
485 0.049852
483 0.0557004
483 0.0372702
482 0.299485
482 0.0354414
481 0.0694618
481 0.122185
481 0.317164
481 0.073139
480 0.0357193
479 0.112462
478 0.0637345
477 0.036419
476 0.0438562
475 0.147703
475 0.0516049
475 0.0374316
475 0.0868096
475 0.226288
475 0.0549836
475 0.0170023
475 0.196217
522 0.001564
522 0.00190027
475 2.39303e-23
475 0.0920518
475 0.0281497
475 0.00278715
475 0.378961
476 0.377968
476 0.268452
477 0.608037
477 0.0614274
478 0.431679
479 0.374098
479 0.0834924
479 0.123268
479 0.163876
480 0.246398
481 0.535423
482 1.08047
483 0.595751
484 0.278131
484 0.194923
484 0.102727
485 0.402164
485 0.079712
485 0.0780889
485 0.0523835
486 0.38258
486 0.141968
487 0.935618
488 0.192875
488 0.103918
489 0.88846
490 0.192989
490 0.245755
491 0.610733
491 0.303046
491 0.0378068
492 0.151167
493 0.569883
493 0.305872
494 0.519029
494 0.334636
495 0.278315
495 0.292425
496 0.317363
496 0.359306
497 0.531358
497 0.126826
498 0.131207
498 0.189417
498 0.237109
499 0.142767
499 0.520612
500 0.23734
500 0.000726487
501 0.922305
502 0.214196
502 0.175013
502 0.00448775
502 0.107043
502 0.00916604
502 0.0568421
503 0.778706
504 0.519573
505 0.474052
505 0.214592
506 0.320008
506 0.473809
507 0.727597
508 0.509644
509 0.321843
509 0.11225
509 0.372543
510 0.63197
510 0.0993662
511 0.0896869
511 0.00397368
511 0.300905
511 0.228174
513 0.917893
513 0.0871564
513 0.23019
514 0.575027
515 0.393177
515 0.205881
516 0.560901
516 0.256313
516 0.12949
517 0.595318
518 0.825905
519 0.120766
519 0.0754598
519 0.0180017
519 0.140236
520 0.421265
520 0.327167
521 0.958893
522 0.398061
523 0.375358
523 0.615777
523 0.079494
524 0.525658
524 0.153474
525 0.176584
850 1.80078e-23
1149 0.0123091
1149 1.37065e-27
524 0.00766449
524 0.0611097
524 0.0365535
524 0.0386988
524 0.0175783
524 0.0156185
524 0.011153
524 0.0136409
524 0.0125462
524 0.0199963
524 0.0415651
524 0.0237661
524 0.0283606
524 0.057083
524 0.0479624
523 0.121828
523 0.0603618
523 0.113549
522 0.0356338
521 0.054024
520 0.0580856
519 0.0366696
519 0.19006
519 0.0570325
519 0.0468649
518 0.0362452
517 0.0446723
516 0.059178
516 0.0425982
516 0.0818436
515 0.0696372
515 0.0373664
514 0.149078
513 0.0684565
513 0.0702351
513 0.0348943
511 0.063024
511 0.0852619
511 0.205058
511 0.507361
510 0.0760811
509 0.0343959
509 0.0697827
508 0.0415247
507 0.0567352
506 0.341883
506 0.0476062
505 0.068801
504 0.150798
504 0.297149
502 0.074869
502 0.0883247
502 0.0073526
502 0.0768467
502 0.0425062
502 0.0367945
502 0.38635
502 0.0370037
501 0.124903
500 0.547033
500 0.180866
499 0.0543397
499 0.197652
498 0.0384613
498 0.0605905
498 0.0635848
497 0.0360915
498 0.373287
498 0.180197
498 0.150536
496 0.0428199
496 0.0507761
495 0.0755876
495 0.052814
493 0.085751
492 0.0661019
491 0.144672
491 0.0475801
491 0.035115
490 0.0378759
490 0.100389
489 0.0764288
488 0.0349838
486 0.0811686
486 0.229891
486 0.0625456
486 0.0367741
485 0.104059
485 0.162177
485 0.0355976
484 0.0415135
484 0.036034
484 0.144855
484 0.455199
481 0.0957462
479 0.0661815
479 0.202245
479 0.0532843
479 0.106276
478 0.156325
477 0.0370112
477 0.0369651
476 0.0379054
476 0.0596802
475 0.091884
475 0.0592227
475 0.0163402
475 0.0237456
475 0.050306
475 0.022876
475 0.0303885
475 0.0183253
475 0.139177
475 0.0900624
475 0.0388476
502 0.001564
502 0.00448046
475 2.39303e-23
475 0.387446
477 1.0486
477 0.206766
479 1.38742
480 0.248452
480 0.335289
482 1.39572
483 0.174757
483 0.175437
483 0.218624
485 0.929997
486 0.59297
486 0.0529932
488 1.42777
488 0.0748048
488 0.120003
489 0.34705
489 0.00120731
489 0.0138606
490 0.58931
491 0.676126
492 0.399693
492 0.38491
494 0.877759
494 0.039846
494 0.185287
494 0.309504
494 0.0554042
495 0.116843
495 0.106509
495 0.0353288
495 0.363421
496 0.106173
496 0.40442
497 0.529952
498 0.286712
499 0.663695
499 0.394928
499 0.0597787
500 0.579709
502 0.799948
502 0.499217
503 0.518107
504 0.513013
504 0.00980805
504 0.0784561
505 0.611829
505 0.228937
507 1.14217
507 0.104747
508 0.576244
510 1.32856
511 0.522834
512 0.981321
513 0.435384
515 1.40517
515 0.331278
516 0.437241
516 0.235283
518 1.21027
519 0.380985
520 0.466693
520 0.106771
520 0.345049
521 0.160888
521 0.0377962
522 0.955521
522 0.0983269
523 0.743476
524 0.481241
524 0.175505
525 0.160651
850 1.78112e-23
1030 0.00570485
1149 0.00586769
1149 6.02939e-28
1030 0.00173942
1030 0.00141851
1030 0.00124211
524 0.0683349
524 0.0514651
523 0.0439444
522 0.0398074
522 0.0872541
521 0.050567
521 0.0621281
521 0.513576
520 0.0976874
520 0.0708822
519 0.0421591
518 0.0663449
516 0.108255
515 0.065978
515 0.0441315
513 0.0449947
512 0.13936
511 0.0681409
510 0.0488342
508 0.0344643
507 0.0415576
507 0.0403549
505 0.0937148
504 0.179583
504 0.0505054
504 0.173852
503 0.03609
502 0.0419791
502 0.101646
500 0.278526
499 0.283917
499 0.0439991
499 0.102912
498 0.0761974
497 0.166016
496 0.0464141
496 0.0362719
495 0.0428216
495 0.233805
495 0.0434462
494 0.171759
494 0.0428638
494 0.0777315
494 0.0469191
492 0.0372754
492 0.0779795
491 0.0709749
490 0.290625
489 0.0811448
489 0.0443025
489 0.12204
488 0.177316
488 0.216205
488 0.0880078
488 0.0502635
488 0.0358819
486 0.111219
485 0.0794442
483 0.00159825
483 0.0899131
483 0.0475133
483 0.0807769
483 0.0561958
480 0.0439045
479 0.135534
477 0.0853887
475 0.0343447
475 2.39303e-23
476 0.854
477 0.719633
477 0.0843272
479 0.915593
479 0.269423
480 0.206272
480 0.0631794
480 0.106692
481 0.579694
481 0.0298227
481 0.128894
482 0.509895
483 0.381403
483 0.086605
483 0.00329213
483 0.333434
484 0.4115
484 0.31987
485 0.55328
486 0.440861
486 0.410129
487 0.226748
487 0.0274208
488 0.49383
488 0.425006
489 0.404299
489 0.0160336
489 0.0398321
490 0.790631
490 0.0155003
491 0.174141
492 0.890419
492 0.220457
493 0.492673
493 0.0622977
495 1.0823
495 0.195701
495 0.262544
496 0.247549
496 0.278518
497 0.749578
498 0.292174
500 1.61596
501 0.654704
502 0.362487
502 0.128105
502 0.0741163
503 0.35068
503 0.31003
504 0.428259
505 0.226557
505 0.364424
507 1.12586
507 0.137283
507 0.256641
508 0.203645
508 0.383831
508 0.139741
509 0.102907
510 0.946528
510 0.233874
511 0.116056
511 0.123872
511 0.386842
513 0.979865
513 0.44241
514 0.197195
514 0.330272
515 0.476711
515 0.131362
515 0.0957129
516 0.58511
517 0.361509
517 0.209885
518 0.455488
519 1.09472
519 0.00481216
520 0.132467
520 0.165033
521 0.662626
522 0.430222
522 0.476272
523 0.226081
523 0.00825132
523 0.0989769
523 0.0165866
523 0.143427
523 0.0451976
524 0.548452
525 0.455152
852 1.80829e-23
919 0.00205566
1142 0.00970737
1149 4.23074e-25
920 0.0016476
920 0.00134014
523 0.0775788
523 0.118179
523 0.0357517
523 0.052037
523 0.132967
523 0.177635
522 0.0425916
522 0.104171
522 0.0217656
521 0.240165
520 0.052198
520 0.0361332
519 0.0429029
519 0.0488827
518 0.0427167
517 0.0353742
516 0.0491493
515 0.0972417
515 0.0943668
516 0.457726
515 0.105501
515 0.051094
514 0.0860795
514 0.0396676
514 0.208695
513 0.0497501
511 0.0992824
511 0.0391548
511 0.0378433
510 0.0402359
510 0.0357461
509 0.0447691
508 0.0417331
508 0.0993212
507 0.0402364
507 0.112553
507 0.0132227
507 0.0534454
505 0.0351346
505 0.0460202
504 0.0433757
503 0.0477575
503 0.0559145
502 0.040967
502 0.0482891
502 0.0384139
501 0.0492598
500 0.0631956
498 0.213798
496 0.0890261
496 0.100536
495 0.151203
495 0.297651
495 0.0592602
493 0.585975
492 0.0537838
492 0.152022
492 0.408277
492 0.0407144
492 0.272921
490 0.0059276
490 0.0372105
490 0.0368041
490 0.0726813
489 0.265888
489 0.0882082
489 0.0396431
489 0.0504303
488 0.0556726
488 0.0549315
487 0.0412152
487 0.0420228
486 0.0416256
486 0.0342834
485 0.080113
484 0.0767798
484 0.0068203
484 0.0485941
484 0.0899171
484 0.0692746
483 0.0670554
483 0.297003
483 0.0528701
483 0.0534386
483 0.0359449
482 0.0403707
481 0.147431
481 0.0609024
480 0.0508136
480 0.0488569
480 0.0893118
479 0.0569371
479 0.178486
477 0.073425
476 0.0364016
492 0.001564
522 0.000121
522 0.0010376
492 0.00808942
475 2.39303e-23
475 0.0486695
475 0.344163
476 0.572035
476 0.0648286
476 0.0949422
478 0.833433
478 0.171742
479 0.631068
480 0.61141
480 0.121481
480 0.0466101
481 0.550269
482 0.434455
482 0.449084
482 0.0891953
483 0.1652
483 0.334984
485 1.15554
487 1.225
488 0.817863
488 0.0482403
489 0.43381
490 0.315191
490 0.221034
491 1.08047
495 1.87881
495 0.468436
495 0.00494115
498 1.31491
498 0.165061
499 0.697079
500 0.448927
501 0.721098
502 0.653453
502 0.00699279
502 0.0231492
502 0.128206
503 0.635792
505 0.950261
505 0.0779785
505 0.23064
505 0.127561
506 0.238398
506 0.396544
507 0.717711
508 0.347425
508 0.453155
509 0.325403
509 0.109465
511 1.3919
512 0.226611
514 1.2077
514 0.162692
514 0.149415
514 0.248928
515 0.204993
517 1.35559
517 0.0447521
517 0.290909
517 0.164034
518 0.506016
519 0.903629
520 0.453351
521 0.259569
521 0.336788
522 0.350302
522 0.064729
523 0.911446
523 0.0221915
524 0.513094
524 0.416172
525 0.0231467
851 1.78859e-23
937 0.00368696
1071 0.00620283
1146 0.00248363
1149 1.94408e-25
1071 0.00226406
938 0.00255348
524 0.00670642
524 0.00448386
524 0.0105311
524 0.00259784
524 0.00818269
524 0.00271484
524 0.00286664
524 0.00232347
524 0.00558234
524 0.00358886
524 0.0038667
524 0.00627026
524 0.00388783
524 0.00565083
525 0.00275374
977 4.30895e-23
524 0.0492505
523 0.038079
523 0.0733137
522 0.0553205
522 0.237423
521 0.208725
520 0.14453
520 0.0671201
518 0.044449
518 0.372134
517 0.0729601
517 0.124569
515 0.0354758
514 0.0442425
514 0.143977
514 0.455098
514 0.182111
512 0.127591
511 0.0477644
509 0.0424433
509 0.059593
508 0.0853286
508 0.0446757
506 0.125831
506 0.313324
505 0.0417912
505 0.0347744
505 0.0390477
505 0.0980152
503 0.0520031
502 0.0145327
502 0.0594608
502 0.0419444
502 0.0482325
500 0.0939324
499 0.133593
498 0.0538578
498 0.128414
495 0.0696097
495 0.121676
495 0.187485
492 0.0711755
490 0.269388
489 0.0480219
488 0.0443807
488 0.160762
488 0.0390199
483 0.147525
483 0.0359568
482 0.0614083
482 0.0535616
481 0.100397
480 0.0430165
480 0.102784
480 0.0554524
479 0.0647997
478 0.0596689
478 0.054314
478 0.0916142
478 0.0347284
476 0.0391568
476 0.0984743
476 0.0388473
475 0.0631283
475 0.0352474
475 2.39303e-23
475 0.137258
476 0.638363
476 0.16582
476 0.192008
477 0.172017
477 0.264403
477 0.0936884
479 1.44666
481 0.976196
481 0.0475882
481 0.0805687
481 0.088932
482 0.416253
484 0.949108
484 0.177342
485 0.639865
487 1.30882
487 0.246997
488 0.448959
489 0.193636
489 0.240114
490 0.68889
490 0.0234753
493 1.59121
493 0.313684
494 0.830385
495 0.384794
496 0.445001
496 0.314667
497 0.594802
498 0.409253
498 0.149673
499 0.497645
499 0.0356095
499 0.136017
499 0.0629303
500 0.325372
501 0.633963
501 0.252437
501 0.0234593
502 0.530736
502 0.186084
502 0.0734556
503 0.608451
503 0.0369417
504 0.261516
504 0.400633
504 0.0650922
505 0.538059
506 0.303015
506 0.320174
507 0.498664
507 0.0489021
508 0.66018
508 0.134109
508 0.158611
509 0.365036
509 0.127517
509 0.125731
511 0.925605
511 0.249536
511 0.250898
511 0.0142446
512 0.421082
513 0.290796
514 0.692928
515 0.770115
516 0.494693
517 0.882221
518 1.16872
519 0.12161
519 0.180389
519 0.0997457
520 0.445855
521 0.556589
522 0.980342
522 0.0399363
522 0.0235095
522 0.14195
524 0.978107
524 0.0115586
524 0.281204
524 0.198221
525 0.103902
850 1.78887e-23
1149 0.0129389
1149 2.56681e-27
524 0.0239895
524 0.00466025
524 0.0103614
524 0.00443411
524 0.0036629
524 0.00533527
524 0.00048889
524 0.00955237
524 0.0152526
524 0.0117201
524 0.00824834
524 0.0176879
524 0.00929074
524 0.00820152
524 0.0417526
524 0.038036
524 0.0440806
524 0.109782
524 0.116529
524 0.091057
522 0.0436
522 0.0460767
522 0.30239
522 0.0363887
522 0.126027
521 0.0402508
520 0.0354013
519 0.146607
519 0.198812
518 0.0360727
516 0.0508375
515 0.0393948
514 0.0557609
513 0.0515536
512 0.0462389
511 0.0954871
511 0.058764
511 0.0364726
511 0.125688
509 0.0816238
509 0.0438942
509 0.16937
509 0.0597296
509 0.0388318
508 0.0550098
508 0.0366153
508 0.0349273
507 0.0390887
507 0.0362451
506 0.0225971
506 0.025815
506 0.0368487
505 0.10675
504 0.0843382
504 0.0295915
504 0.0689957
504 0.0533657
503 0.0349817
503 0.0821014
502 0.0375009
502 0.0908887
502 0.0468227
501 0.0380937
501 0.138211
501 0.0402236
500 0.284692
499 0.0539382
499 0.0623131
499 0.0420193
499 0.199245
498 0.050068
498 0.0646793
498 0.0445259
498 0.0364997
497 0.0364638
496 0.0868102
496 0.0523618
495 0.0347696
494 0.252699
493 0.0878806
493 0.142405
490 0.266677
490 0.289326
490 0.0887657
489 0.0554377
489 0.047097
488 0.0353163
487 0.0490516
487 0.213262
486 0.651782
486 0.0197109
484 0.044429
484 0.139233
484 0.0394928
484 0.0509411
481 0.0732299
481 0.197739
481 0.0459576
480 0.0327442
480 0.205518
477 0.0365819
476 0.0709534
476 0.0677888
476 0.0762275
475 0.059612
480 0.001564
506 0.000121
522 0.000121
522 0.00135522
506 0.00110734
480 0.000540552
475 2.39303e-23
475 0.0606689
475 0.0677262
475 0.212038
476 0.583096
477 0.322178
478 0.650634
478 0.0653478
478 0.456739
479 0.116664
481 1.6196
482 0.462213
485 1.78624
485 0.120195
485 0.227665
485 0.142599
486 0.210216
487 0.874373
488 0.480262
492 2.80132
494 1.11105
494 0.131513
494 0.0503588
495 0.447324
496 0.712314
496 0.0679398
497 0.715832
497 0.234584
498 0.303701
500 1.08354
501 1.02587
501 0.00144608
504 1.60998
504 0.297531
504 0.0374785
506 0.927198
506 0.115102
507 0.472407
509 1.38055
510 0.748219
510 0.28392
511 0.780742
512 0.155208
512 0.262844
513 0.595148
515 1.22256
515 0.305224
516 0.489884
516 0.246403
516 0.312121
519 1.74961
520 0.529603
520 0.264569
520 0.00125352
520 0.0615888
521 0.478261
521 0.00723653
521 0.316551
522 0.084845
522 0.326353
524 0.939747
524 0.112461
525 0.525421
850 1.77548e-23
1073 0.0092112
1149 0.00302817
1149 8.85131e-27
1074 0.00134508
1074 0.00160247
524 0.0378245
522 0.0501273
522 0.0467745
521 0.0484244
521 0.0569111
520 0.105229
520 0.0563148
520 0.0471864
520 0.0451228
520 0.129842
520 0.0264932
520 0.0865495
520 0.0360308
519 0.03633
516 0.03554
516 0.158321
515 0.0486429
515 0.0519203
513 0.0515559
512 0.0882138
511 0.290342
510 0.0521708
509 0.0378223
507 0.162471
506 0.117067
506 0.0427467
504 0.0984197
504 0.0783594
504 0.0685536
501 0.0393078
500 0.0134015
500 0.148094
500 0.0402591
498 0.175912
497 0.047094
496 0.120449
496 0.11345
495 0.090067
494 0.050366
494 0.0813907
488 0.0666988
487 0.0489646
486 0.100669
485 0.10705
485 0.0898564
485 0.0578393
481 0.0950379
479 0.0654275
479 0.23688
478 0.0412639
478 0.0665592
477 0.141564
476 0.0380143
475 0.0452413
475 0.120692
475 0.0343637
475 2.39303e-23
475 0.0869458
475 0.232145
475 0.0713472
475 0.158965
475 0.0349202
476 0.035277
476 0.112891
476 0.190235
477 0.42034
477 0.195456
478 0.378165
478 0.35738
478 0.118044
479 0.0984669
479 0.30068
480 0.294716
480 0.262505
480 0.270272
481 0.0486606
481 0.452887
482 0.429491
483 0.534314
483 0.0762355
484 0.642753
484 0.209871
486 0.846338
486 0.261997
486 0.0131387
486 0.142986
486 0.0490139
489 1.5887
491 1.04431
492 1.23495
495 1.68041
495 0.137288
495 0.0615169
496 0.540353
497 0.397818
498 0.684096
499 0.663889
500 0.443854
502 1.8718
503 0.153879
503 0.00321841
503 0.495973
504 0.295988
505 0.855214
505 0.0971595
506 0.731784
506 0.0306023
506 0.025863
507 0.490237
507 0.239769
508 0.315004
508 0.198408
509 0.715737
510 0.355852
510 0.0433378
510 0.128738
511 0.233369
511 0.235053
512 0.452555
514 1.26452
515 0.79566
515 0.256023
515 0.188003
516 0.647026
517 0.219968
517 0.191448
517 0.0723425
517 0.181873
518 0.549781
518 0.0363253
519 0.766022
520 0.50502
521 0.642671
521 0.177087
522 0.23704
523 0.573297
525 1.22281
850 1.79162e-23
1149 0.0147414
1149 1.31567e-27
523 0.0439976
522 0.0366492
521 0.0530242
520 0.0810818
519 0.0514922
518 0.0729088
518 0.035264
517 0.0519135
517 0.0698468
517 0.208433
516 0.0382701
515 0.145432
515 0.178111
515 0.0420285
515 0.14139
514 0.0488786
512 0.0538077
511 0.0573448
511 0.0352331
510 0.0537581
510 0.0795425
510 0.0720942
509 0.0350251
508 0.176539
508 0.350158
507 0.0503021
506 0.0639107
506 0.0918691
506 0.03462
505 0.0567776
505 0.520035
504 0.160904
503 0.0402519
503 0.294261
502 0.0348057
500 0.000114346
500 0.0274784
498 0.432641
497 0.252661
496 0.143114
495 0.0351895
495 0.0418403
495 0.0385366
492 0.0467585
491 0.392817
489 0.0732601
486 0.0635274
486 0.0999682
486 0.0652597
486 0.0202011
486 0.0237846
486 0.0631304
486 0.0409405
486 0.194847
486 0.132228
484 0.166797
484 0.0384147
483 0.558099
483 0.0429585
481 0.0668089
481 0.172774
481 0.0444136
481 0.0105205
480 0.0380429
479 0.233563
479 0.109545
478 0.107444
478 0.062776
478 0.0928557
477 0.0735752
476 0.258839
476 0.137219
476 0.052658
476 0.0561874
476 0.035618
475 0.0406718
475 0.135208
475 0.0649432
475 0.101695
481 0.001564
486 0.001564
487 0.001564
502 0.001564
502 0.0171757
487 0.0116215
486 0.00106403
481 0.000709013
475 2.39303e-23
476 0.850671
476 0.280522
478 1.21924
479 0.183528
480 0.739924
480 0.0704081
481 0.511714
481 0.130844
481 0.128846
481 0.00864936
482 0.270835
484 1.18953
484 0.170534
484 0.0330759
485 0.437665
485 0.248795
486 0.244962
486 0.0228008
486 0.566516
487 0.426391
490 1.68982
490 0.136936
490 0.232901
491 0.547426
492 0.516379
492 0.267186
493 0.235869
494 0.542535
494 0.289017
495 0.311662
495 0.125022
495 0.302502
498 1.39694
498 0.24243
498 0.13159
500 0.992453
500 0.218328
500 0.163333
500 0.0807549
501 0.312338
501 0.100777
502 0.311625
504 1.52597
505 0.42643
505 0.187881
506 0.399725
506 0.00585648
506 0.446957
506 0.0825191
508 0.689634
508 0.221718
508 0.228945
509 0.687009
511 1.10047
512 0.463638
512 0.429842
513 0.0541538
513 0.505622
514 0.176814
514 1.77865
514 0.520653
514 0.811271
514 0.0908457
514 0.339152
514 0.0282809
514 0.346289
514 0.126736
514 0.857602
514 0.169118
515 2.31664
515 0.0802202
515 0.479351
515 0.284978
515 0.352616
515 2.82272
515 0.406542
515 1.51306
516 1.08543
516 0.123352
516 0.0438141
516 0.211033
516 0.225946
516 0.335157
516 1.15619
516 0.00266974
516 0.480471
516 0.635435
516 0.152568
516 1.1086
516 0.357156
516 1.19789
516 0.442706
516 0.576789
517 0.390042
517 0.422992
517 0.013009
517 0.479847
517 0.351133
517 0.821108
517 0.147806
517 0.234178
517 0.00716987
517 1.77
517 0.154173
517 2.04188
517 0.567025
517 0.585982
517 0.570388
517 0.0566981
518 2.53642
518 0.213335
518 0.174407
518 1.26348
518 0.0798894
518 0.00750651
518 0.133163
518 0.899043
518 0.709375
518 2.38384
518 0.0158296
518 0.830778
519 0.224224
519 1.46038
519 0.281415
519 0.195888
519 1.35515
519 0.602028
519 0.799805
519 0.281853
519 0.293273
519 0.195409
519 0.303269
519 0.381311
519 1.20803
519 1.25035
519 0.97114
519 2.56649
520 1.99455
520 1.37001
520 0.740446
520 0.404649
520 0.104549
520 0.461637
520 0.449467
520 0.368233
520 0.65642
520 2.07252
520 1.39268
520 0.736294
520 0.562812
520 1.72204
520 0.458298
520 0.00978995
520 0.236216
520 1.28914
520 2.17216
575 1.19843e-22
520 0.0451071
520 0.0416438
520 0.0346355
520 0.0347499
520 0.0388624
520 0.0358732
520 0.041737
520 0.0353717
520 0.0500279
520 0.0469239
520 0.0433488
520 0.0459263
520 0.0636681
520 0.0422074
520 0.0441409
520 0.0493202
520 0.0350928
520 0.0446471
519 0.0403128
519 0.0465642
519 0.0595214
519 0.037198
519 0.0586077
519 0.0407591
519 0.0414312
519 0.0453383
519 0.0930078
519 0.0640534
519 0.0948733
519 0.0201355
519 0.0204733
519 0.0606163
519 0.0624521
519 0.0776706
519 0.0669421
518 0.0733343
518 0.0630283
518 0.0390619
518 0.0867858
518 0.0346981
518 0.0515528
518 0.0375314
518 0.107194
518 0.042291
518 0.0437136
518 0.0397636
517 0.0363788
517 0.0355458
517 0.0348578
517 0.0995555
517 0.066922
517 0.142848
517 0.0998687
517 0.0911538
517 0.0611785
517 0.054256
517 0.143159
517 0.0691008
517 0.0549202
517 0.0697083
517 0.127725
517 0.0382193
516 0.0515198
516 0.0548079
516 0.0286403
516 0.00544096
516 0.051663
516 0.0677091
516 0.103891
516 0.0621071
516 0.0561448
516 0.0343424
516 0.0788049
516 0.0630003
516 0.129621
516 0.040572
516 0.0771999
515 0.0476022
515 0.050532
515 0.0555716
515 0.109838
515 0.0781221
515 0.038643
514 0.0556067
514 0.0402946
514 0.0959905
514 0.047782
514 0.0371351
514 0.0507088
514 0.0538216
514 0.0482603
513 0.0423227
512 0.0558861
512 0.133369
511 0.0570474
509 0.0345382
509 0.0934996
509 0.0412472
508 0.0598553
508 0.0358367
508 0.0460051
506 0.0344503
506 0.0448614
506 0.0366793
506 0.037365
505 0.048982
505 0.0355461
504 0.0499636
502 0.0351482
501 0.0360164
500 0.0579532
500 0.0964036
500 0.0670128
500 0.0342794
498 0.163386
498 0.0673318
495 0.067718
495 0.0476744
495 0.0744407
494 0.0701687
494 0.0400909
493 0.236975
492 0.0798848
492 0.0704399
490 0.0359957
490 0.0776662
490 0.0379024
487 0.0405772
487 0.0592507
486 0.0904599
486 0.0462206
485 0.065447
485 0.0798625
484 0.0472302
484 0.397483
482 0.0598718
481 0.0846956
481 0.0710637
481 0.0342578
481 0.0434132
480 0.190342
480 0.0444641
478 0.0696298
476 0.0353114
516 0.001564
516 0.00177216
519 0.001564
519 0.00111745
510 0
515 0.001564
515 0.0728908
510 0.0136214
505 0
513 0
502 0.001564
502 0.129126
513 0.127554
505 0.140606
494 0
319 0
514 0.729027
514 0.0679849
515 0.348836
515 0.735649
516 0.781866
517 0.249844
517 0.465526
518 1.34988
519 0.325182
519 0.118748
520 0.833491
520 0.108626
520 0.0584944
520 0.231885
520 0.1422
520 0.0237983
521 0.761099
523 2.44282
524 0.143046
524 0.0188386
524 0.40287
525 0.546138
1149 5.22108e-23
524 0.0459733
524 0.0430795
524 0.0453618
523 0.112053
521 0.0376887
520 0.0748565
520 0.255133
520 0.0405992
520 0.0372413
520 0.0435943
520 0.051213
519 0.0541551
519 0.0359812
518 0.0599964
517 0.0378455
516 0.0576492
515 0.120003
515 0.070663
515 0.0618398
514 0.0408509
514 0.0515829
475 2.39303e-23
475 0.378237
475 0.189507
476 0.315371
476 0.0708567
477 0.336117
477 0.494833
478 0.25446
478 0.0286412
478 0.477857
481 1.24427
482 0.619531
483 0.741404
484 0.490596
484 0.0301363
484 0.222515
486 1.34931
487 0.674013
487 0.0145449
487 0.175962
488 0.636107
489 0.201222
490 0.529192
490 0.185677
490 0.368744
491 0.441584
494 1.8113
495 0.37837
496 1.00873
498 1.03244
498 0.42297
499 0.647742
500 0.440113
501 0.533631
502 0.593879
503 0.630678
503 0.20038
503 0.0761865
504 0.603593
505 0.324865
505 0.117203
505 0.0574535
505 0.206314
506 0.575003
510 2.44411
511 0.452696
511 0.108457
511 0.0661868
511 0.370985
512 0.355358
512 0.189514
513 0.652566
513 0.107168
514 0.44176
515 0.36044
516 1.04772
517 0.449367
517 0.292313
518 0.293862
518 0.179543
519 0.326151
519 0.280081
519 0.0890443
520 0.757162
520 0.131992
521 0.114907
521 0.277968
521 0.134385
522 0.706862
523 0.825829
523 0.152209
524 0.625198
525 0.0483824
850 1.77652e-23
1090 0.0119977
1149 0.00269391
1149 1.93666e-26
1089 0.00135268
1089 0.00138371
524 0.0431403
523 0.0839826
522 0.0602376
521 0.0446684
521 0.0640391
520 0.0971492
520 0.0418943
519 0.0486862
519 0.0680792
518 0.132334
518 0.0449719
517 0.0860679
517 0.0490781
516 0.0501358
515 0.0566536
514 0.0841524
513 0.0601766
513 0.049799
512 0.0347246
512 0.0580542
511 0.0692374
511 0.0481276
511 0.0512859
510 0.0645064
506 0.057764
505 0.0495207
505 0.0421465
505 0.104686
504 0.0346824
503 0.0415543
503 0.158535
502 0.0444009
501 0.0445383
500 0.0580378
499 0.0746461
498 0.0547283
498 0.251451
496 0.0386641
495 0.0637541
494 0.0362108
491 0.15125
491 0.226792
490 0.0512826
490 0.191915
489 0.246916
487 0.0902858
487 0.0423616
486 0.0560662
484 0.0736524
484 0.0676102
484 0.0521401
484 0.0480537
483 0.052814
482 0.0484947
481 0.323024
478 0.0346108
478 0.0582671
477 0.121107
477 0.0470578
476 0.0538159
476 0.051618
475 0.0468524
475 0.0565132
485 0.001564
485 0.0530675
