475 2.50193e-21
475 6.44933e-08
475 2.37805e-34
475 8.51343e-05
475 7.60171e-06
475 3.54974e-06
475 5.19312e-11
475 1.45645e-24
475 8.79897e-16
475 2.42235e-20
475 0.000219388
475 2.1121e-27
475 8.87381e-118
475 3.90493e-18
475 1.59979e-32
475 1.41514e-68
475 5.01445e-12
475 6.11029e-10
475 2.96384e-26
475 7.56744e-11
475 4.1766e-11
475 2.45962e-32
475 3.19222e-76
475 1.9109e-13
475 3.80582e-14
475 4.65352e-08
475 8.90195e-51
475 1.10872e-05
475 1.43777e-45
475 7.55357e-33
475 5.56438e-52
475 8.01989e-183
475 1.21793e-24
475 8.66191e-29
475 5.24158e-48
475 3.20322e-09
475 8.45717e-56
475 2.55946e-14
475 5.09138e-30
475 7.58345e-84
475 7.09379e-06
475 1.12016e-08
475 2.84892e-18
475 9.14272e-107
475 1.27206e-43
475 5.43739e-65
475 2.82292e-58
475 1.36149e-09
475 8.5338e-11
475 8.03797e-59
475 2.11284e-24
475 2.21704e-51
475 3.75414e-06
475 7.27929e-05
475 1.75292e-05
475 1.62815e-05
475 3.14158e-05
475 4.0309e-06
475 4.33339e-06
475 1.52184e-06
475 4.14238e-06
475 7.01548e-06
475 3.20033e-06
