0.0404172
0.0454962
0.0521506
0.0694231
0.0410291
0.0574709
0.0525706
0.0852339
0.0347917
0.0406695
0.0563109
0.0438602
0.0425928
0.0638546
0.0370476
0.0675962
0.0406931
0.0415759
0.0441377
0.0533651
0.041029
0.0415302
0.0579955
0.0527208
0.0365926
0.0639472
0.038388
0.0563322
0.0400014
0.054
0.0521141
0.0427207
0.0406562
0.0452167
0.0362225
0.0443868
0.0506234
0.0495455
0.086132
0.0407586
0.074787
0.0356308
0.0881019
0.0488075
0.0666268
0.0562249
0.0616275
0.0662498
0.069153
0.076353
0.0722687
0.077594
0.0383981
0.0502356
