0 -1
361 1
0 -1
475 1
0 -1
166 1
0 -1
183 1
0 -1
394 1
0 -1
244 1
0 -1
475 1
0 -1
475 1
0 -1
0 1
0 -1
295 1
0 -1
0 1
0 -1
475 1
0 -1
475 1
0 -1
232 1
0 -1
475 1
0 -1
475 1
0 -1
475 1
0 -1
351 1
0 -1
475 1
0 -1
1 1
0 -1
475 1
0 -1
475 1
0 -1
0 1
0 -1
475 1
0 -1
444 1
0 -1
475 1
0 -1
180 1
0 -1
337 1
0 -1
437 1
0 -1
475 1
0 -1
475 1
0 -1
244 1
0 -1
317 1
0 -1
0 1
0 -1
475 1
0 -1
0 1
0 -1
447 1
0 -1
475 1
0 -1
475 1
0 -1
475 1
0 -1
475 1
0 -1
447 1
0 -1
475 1
0 -1
475 1
0 -1
475 1
0 -1
47 1
0 -1
122 1
0 -1
0 1
0 -1
0 1
0 -1
360 1
0 -1
155 1
0 -1
475 1
0 -1
73 1
0 -1
354 1
0 -1
475 1
0 -1
159 1
0 -1
245 1
0 -1
409 1
0 -1
372 1
0 -1
406 1
0 -1
66 1
0 -1
475 1
0 -1
475 1
0 -1
0 1
0 -1
0 1
0 -1
382 1
0 -1
475 1
0 -1
475 1
0 -1
475 1
0 -1
437 1
0 -1
475 1
0 -1
475 1
0 -1
475 1
0 -1
253 1
0 -1
475 1
0 -1
475 1
0 -1
142 1
0 -1
475 1
0 -1
356 1
0 -1
475 1
0 -1
412 1
0 -1
475 1
0 -1
296 1
0 -1
475 1
0 -1
357 1
0 -1
475 1
0 -1
419 1
0 -1
475 1
0 -1
64 1
0 -1
321 1
0 -1
308 1
0 -1
475 1
0 -1
475 1
0 -1
475 1
0 -1
475 1
0 -1
475 1
0 -1
469 1
0 -1
343 1
0 -1
369 1
0 -1
475 1
