475 1.4622e-20
475 0.0068627
475 0.0131373
475 1.4622e-20
475 0.02
475 1.4622e-20
475 0.0179124
475 0.000690208
475 0.00139738
475 1.4622e-20
475 0.0199843
475 1.56513e-05
475 1.4622e-20
475 0.02
475 1.4622e-20
475 0.02
475 1.4622e-20
475 0.02
475 1.4622e-20
475 0.02
475 1.4622e-20
475 0.0156467
475 0.000111135
475 0.000687176
475 0.000600156
475 0.00148276
475 0.000677528
475 2.1909e-06
475 0.000792361
475 1.4622e-20
475 0.02
475 1.4622e-20
475 0.0087839
475 0.0112161
475 1.4622e-20
475 0.00161386
475 0.0183861
475 1.4622e-20
475 0.02
475 1.4622e-20
475 0.012143
475 0.00785699
475 1.4622e-20
475 0.00678043
475 0.0132196
475 1.4622e-20
475 0.0182016
475 4.92465e-06
475 0.000158621
475 2.53745e-06
475 0.00163227
475 1.4622e-20
475 0.00791264
475 0.0120874
475 1.4622e-20
475 0.02
475 1.4622e-20
475 0.02
475 1.4622e-20
475 0.02
475 1.4622e-20
475 0.0167369
475 0.00246177
475 0.000801327
475 1.4622e-20
475 0.00319541
475 0.0168046
475 1.4622e-20
475 0.02
475 1.4622e-20
475 0.02
475 1.4622e-20
475 0.02
475 1.4622e-20
475 0.02
475 1.4622e-20
475 0.00283411
475 0.0171659
475 1.4622e-20
475 0.02
475 1.4622e-20
475 7.84509e-05
475 0.0109973
0 1.14326e-20
475 1.4622e-20
475 0.00256405
475 0.017436
475 1.4622e-20
475 0.00281589
475 0.0171841
475 1.4622e-20
475 0.011848
475 0.00815204
475 1.4622e-20
475 0.000878908
475 0.015535
475 0.00358612
475 1.4622e-20
475 0.02
475 1.4622e-20
475 0.0105111
475 0.00948888
475 1.4622e-20
475 0.0197713
475 0.000228704
475 1.4622e-20
475 0.0181102
475 1.19068e-05
475 0.00187793
475 1.4622e-20
475 0.02
475 1.4622e-20
475 0.02
475 1.4622e-20
475 0.02
475 1.4622e-20
475 0.02
475 1.4622e-20
475 0.02
475 1.4622e-20
475 0.02
475 1.4622e-20
475 0.0156667
475 0.0011016
475 0.00166018
475 1.36383e-11
475 0.00157149
475 1.4622e-20
475 0.02
475 1.4622e-20
475 0.0175527
475 0.00244735
475 1.4622e-20
475 0.02
475 1.4622e-20
475 0.00101878
475 0.0157356
475 0.00264555
475 0.000600027
475 1.4622e-20
475 0.02
475 1.4622e-20
475 0.02
475 1.4622e-20
475 0.02
475 1.4622e-20
475 0.00228148
475 0.0177185
475 1.4622e-20
475 0.014101
475 1.98275e-05
475 0.000266854
475 0.00561235
475 1.4622e-20
475 0.02
475 1.4622e-20
475 0.00909844
475 0.0109016
475 1.4622e-20
475 0.00857401
475 0.011426
475 1.4622e-20
475 0.00267802
475 0.017322
475 1.4622e-20
475 0.02
475 1.4622e-20
475 0.0122434
475 0.00775663
475 1.4622e-20
475 0.00888495
475 0.0111151
475 1.4622e-20
475 0.00790514
475 0.00212928
256 8.57089e-21
475 1.4622e-20
475 0.0166378
475 0.00190542
475 0.00145676
475 1.4622e-20
475 0.0127174
475 0.00728264
475 1.4622e-20
475 0.02
475 1.4622e-20
475 0.0190333
475 0.000966703
475 1.4622e-20
475 0.02
475 1.4622e-20
475 0.0169876
475 0.000685238
475 0.00232712
475 1.4622e-20
475 0.0109462
475 0.00905379
475 1.4622e-20
475 0.00766064
475 0.0123394
475 1.4622e-20
475 0.02
475 1.4622e-20
475 0.02
475 1.4622e-20
475 0.0122652
475 0.00773478
475 1.4622e-20
475 0.00143679
475 0.0185632
475 1.4622e-20
475 0.02
475 1.4622e-20
475 0.00136146
475 0.011425
93 9.36099e-21
475 1.4622e-20
475 0.02
475 1.4622e-20
475 0.0129699
475 0.00703005
475 1.4622e-20
475 0.0187647
475 0.00123532
475 1.4622e-20
475 0.02
475 1.4622e-20
475 0.02
475 1.4622e-20
475 0.00418604
475 0.015814
475 1.4622e-20
475 0.00485995
475 0.0151401
475 1.4622e-20
475 0.02
475 1.4622e-20
475 0.0121159
475 0.00788407
475 1.4622e-20
475 0.00193765
475 0.0180624
475 1.4622e-20
475 0.02
475 1.4622e-20
475 0.00107374
475 0.00948659
475 0.00943968
475 1.4622e-20
475 0.02
475 1.4622e-20
475 0.02
475 1.4622e-20
475 0.02
475 1.4622e-20
475 0.00869832
475 0.0113017
475 1.4622e-20
475 0.00285339
475 0.0171466
475 1.4622e-20
475 0.00487237
475 0.0151276
475 1.4622e-20
475 0.02
475 1.4622e-20
475 0.0069346
475 0.0130654
475 1.4622e-20
475 0.00282512
475 0.0171749
475 1.4622e-20
475 0.00605792
475 0.0139421
475 1.4622e-20
475 0.02
475 1.4622e-20
475 0.0115692
475 0.0024363
0 9.17592e-21
475 1.4622e-20
475 0.02
