0 -1
475 1
0 -1
168 1
0 -1
475 1
0 -1
475 1
0 -1
475 1
0 -1
475 1
0 -1
475 1
0 -1
475 1
0 -1
475 1
0 -1
475 1
0 -1
0 1
0 -1
475 1
0 -1
475 1
0 -1
0 1
0 -1
475 1
0 -1
475 1
0 -1
235 1
0 -1
430 1
0 -1
0 1
0 -1
475 1
0 -1
475 1
0 -1
213 1
0 -1
348 1
0 -1
475 1
0 -1
475 1
0 -1
0 1
0 -1
475 1
0 -1
93 1
0 -1
475 1
0 -1
0 1
0 -1
475 1
0 -1
467 1
0 -1
475 1
0 -1
423 1
0 -1
475 1
0 -1
475 1
0 -1
475 1
0 -1
475 1
0 -1
305 1
0 -1
475 1
0 -1
203 1
0 -1
12 1
0 -1
475 1
0 -1
67 1
0 -1
0 1
0 -1
475 1
0 -1
475 1
0 -1
475 1
0 -1
261 1
0 -1
475 1
0 -1
475 1
0 -1
253 1
0 -1
332 1
0 -1
233 1
0 -1
378 1
0 -1
432 1
0 -1
0 1
0 -1
475 1
0 -1
325 1
0 -1
350 1
0 -1
425 1
0 -1
475 1
0 -1
113 1
0 -1
178 1
0 -1
475 1
0 -1
309 1
0 -1
376 1
0 -1
475 1
0 -1
0 1
0 -1
475 1
0 -1
475 1
0 -1
225 1
0 -1
334 1
0 -1
445 1
0 -1
475 1
0 -1
416 1
0 -1
475 1
0 -1
475 1
0 -1
475 1
0 -1
334 1
0 -1
0 1
0 -1
453 1
0 -1
0 1
0 -1
393 1
0 -1
424 1
0 -1
475 1
0 -1
475 1
0 -1
86 1
0 -1
475 1
0 -1
475 1
0 -1
475 1
0 -1
475 1
0 -1
404 1
0 -1
475 1
0 -1
46 1
0 -1
475 1
0 -1
381 1
0 -1
475 1
0 -1
475 1
0 -1
0 1
