475 1.58242e-21
475 9.40864e-52
475 5.92285e-11
475 0.0002
475 1.58242e-21
475 4.71495e-12
475 5.61837e-80
475 4.15985e-31
475 3.56465e-07
168 1.33887e-21
475 1.58242e-21
475 4.45122e-56
475 9.56022e-41
475 0.0002
475 1.58242e-21
475 9.06294e-12
475 5.66892e-05
475 4.54069e-06
475 4.03596e-05
475 2.13085e-06
475 5.3678e-05
475 7.99906e-06
475 8.35936e-06
475 6.35598e-06
475 1.38803e-05
475 6.00698e-06
475 1.58242e-21
475 5.85604e-08
475 9.10577e-37
475 1.71475e-52
475 5.75908e-23
475 2.83997e-103
475 6.80739e-59
475 6.33924e-20
475 1.79499e-24
475 2.01187e-52
475 2.24089e-50
475 1.24073e-23
475 7.5012e-10
475 8.51976e-65
475 2.89692e-05
475 1.8915e-46
475 1.51985e-34
475 6.16461e-36
475 1.28943e-20
475 2.8078e-15
475 1.96562e-24
475 1.01431e-34
475 1.73883e-36
475 2.13689e-22
475 2.24203e-58
475 6.02723e-81
475 1.07419e-34
475 6.41963e-21
475 1.54819e-18
475 2.10356e-06
475 1.57802e-24
475 9.43761e-25
475 2.15629e-12
475 3.69929e-15
475 5.70671e-43
475 2.31023e-07
475 8.57545e-07
475 2.73795e-30
475 4.31736e-25
475 2.07423e-21
475 7.32912e-98
475 2.86116e-07
475 1.26215e-28
475 2.15524e-127
475 5.96622e-22
475 1.52401e-12
475 7.21998e-76
475 7.33468e-45
475 5.60171e-108
475 3.40777e-170
475 6.27968e-52
475 1.54728e-08
475 8.54252e-21
475 6.35141e-144
475 1.64449e-14
475 0.000167478
475 1.58242e-21
475 1.79413e-55
475 4.79067e-08
475 1.27144e-60
475 1.28064e-109
475 1.98076e-58
475 5.17715e-14
475 8.49094e-05
475 1.51222e-05
475 1.42731e-05
475 1.12267e-05
475 4.0758e-05
475 2.03781e-05
475 2.85091e-06
475 4.89958e-07
475 9.94373e-06
475 1.58242e-21
475 5.09592e-123
475 3.62264e-38
475 7.55556e-84
475 9.61963e-111
475 0.000104217
475 1.4022e-05
475 2.37113e-05
475 1.43201e-05
475 1.82577e-05
475 1.53564e-06
475 3.14331e-06
475 6.54897e-06
475 5.22937e-06
475 9.01491e-06
475 1.58242e-21
475 1.4293e-15
475 2.86025e-07
475 0.000199714
475 1.58242e-21
475 3.34033e-25
475 2.00697e-07
475 2.53753e-31
475 7.91298e-31
475 0.000199799
475 1.58242e-21
475 3.43174e-33
475 8.57133e-32
475 3.09832e-62
475 1.52486e-39
475 1.4892e-12
475 4.33041e-19
475 9.31895e-15
475 1.27671e-05
475 4.0824e-17
475 5.41003e-55
475 6.21767e-116
475 4.08726e-16
475 0.000187233
475 1.58242e-21
475 1.24781e-16
475 1.38678e-17
475 1.43063e-07
0 1.69752e-21
475 1.58242e-21
475 0.0002
475 1.58242e-21
475 5.95767e-131
475 2.3949e-46
475 1.30727e-13
475 1.55932e-22
475 1.40955e-13
475 1.8648e-31
475 2.10933e-30
475 1.13644e-18
475 2.96684e-58
475 9.76349e-20
475 8.4003e-53
475 1.04131e-13
475 2.58363e-54
475 1.67438e-49
475 2.45073e-12
475 1.23804e-09
475 1.4518e-09
475 7.5134e-18
475 4.07415e-80
475 7.30328e-32
475 8.89519e-28
475 8.8353e-51
475 1.20879e-39
475 1.10448e-33
475 1.15033e-42
475 4.1663e-113
475 1.39656e-51
475 0.000199997
475 1.58242e-21
475 5.72338e-15
475 9.73462e-38
475 3.26726e-47
475 4.18587e-22
475 2.20655e-20
475 1.41474e-06
0 1.75198e-21
475 1.58242e-21
475 9.38186e-23
475 2.83247e-21
475 9.88779e-43
475 1.37873e-07
475 1.32043e-33
475 7.86456e-128
475 6.23087e-23
475 6.13739e-81
475 9.04382e-80
475 1.25567e-96
475 3.50229e-26
475 6.40027e-79
475 3.83006e-48
475 5.50223e-24
475 2.69108e-25
475 7.16819e-50
475 2.99011e-49
475 9.75546e-24
475 8.37357e-20
475 2.74476e-100
475 1.3264e-32
475 5.22836e-45
475 9.64363e-25
475 5.2553e-07
475 2.15753e-28
475 5.16712e-41
475 2.0417e-15
475 9.09012e-33
475 2.37923e-59
475 8.09553e-29
475 1.39463e-07
475 7.61186e-16
475 9.96953e-17
475 7.10951e-46
475 2.24375e-22
475 1.8335e-31
475 0.000199197
475 1.58242e-21
475 5.82918e-39
475 4.55462e-06
475 1.60365e-06
475 7.0653e-141
475 1.36376e-14
475 3.16338e-16
475 1.11208e-26
475 0.000193842
475 1.58242e-21
475 7.54963e-61
475 1.44672e-11
475 1.82701e-26
475 8.00512e-19
475 5.08321e-79
475 1.90304e-76
475 1.32381e-67
475 7.30496e-07
235 1.16442e-21
475 1.58242e-21
475 4.14182e-22
475 4.61721e-53
475 1.8142e-17
475 3.77391e-06
430 9.58771e-22
475 1.58242e-21
475 2.62705e-18
475 1.60433e-13
475 1.893e-12
475 7.3445e-51
475 4.49903e-36
475 7.83023e-54
475 1.56967e-18
475 6.83178e-06
475 1.01244e-09
475 5.14105e-05
475 3.66948e-05
475 2.22115e-05
475 2.73429e-05
475 2.30062e-05
475 1.83331e-05
475 4.1226e-06
475 4.19785e-06
475 3.6598e-07
0 2.77163e-22
475 1.58242e-21
475 0.0002
475 1.58242e-21
475 4.38358e-11
475 5.82464e-07
475 3.19231e-12
475 7.5945e-23
475 2.44643e-49
475 1.63495e-45
475 0.000199417
475 1.58242e-21
475 9.72705e-69
475 9.93479e-15
475 3.80907e-16
475 2.89228e-15
475 1.8512e-59
475 2.90836e-83
475 4.68439e-31
475 1.3728e-06
475 6.49852e-35
475 1.06671e-20
475 1.25047e-26
475 1.22055e-07
475 4.2665e-11
475 3.16116e-07
475 2.27294e-95
475 3.3619e-57
475 1.34563e-23
475 7.77401e-41
475 8.91486e-05
475 2.53333e-05
475 6.29939e-07
475 3.16775e-05
475 4.82393e-06
475 2.71228e-05
475 1.03219e-05
475 1.01922e-06
213 2.45735e-22
475 1.58242e-21
475 1.83271e-12
475 1.22255e-14
475 3.04133e-07
475 2.36404e-42
475 1.72285e-23
475 3.22162e-33
475 7.40153e-15
475 1.50587e-35
475 6.55866e-99
475 1.88314e-34
475 1.57157e-100
475 4.18747e-11
475 7.08163e-36
475 6.59666e-18
475 2.6586e-15
475 3.29908e-49
475 1.71067e-59
475 7.02311e-50
475 4.96054e-59
475 1.45196e-15
475 1.98987e-06
348 1.00393e-21
475 1.58242e-21
475 6.47551e-60
475 1.37094e-55
475 2.51009e-35
475 1.65483e-39
475 9.68114e-05
475 5.3121e-05
475 1.16393e-05
475 1.12703e-05
475 9.61854e-06
475 1.01205e-05
475 7.41896e-06
475 1.58242e-21
475 2.99898e-34
475 0.0002
475 1.58242e-21
475 2.63906e-79
475 1.05755e-29
475 1.63556e-13
475 9.47005e-09
475 1.35508e-06
0 1.57876e-21
475 1.58242e-21
475 6.60489e-44
475 8.14676e-19
475 3.12655e-07
93 1.51854e-21
475 1.58242e-21
475 2.59382e-10
475 2.54325e-87
475 3.90291e-28
475 1.98508e-56
475 2.01444e-25
475 0.0002
475 1.58242e-21
475 1.3793e-09
475 2.08229e-26
475 2.29748e-52
475 0.000199999
475 1.58242e-21
475 3.6849e-74
475 1.04396e-07
475 2.94881e-06
0 1.81532e-21
475 1.58242e-21
475 9.67176e-13
475 7.32557e-52
475 1.05304e-55
475 0.0002
475 1.58242e-21
475 2.23026e-11
475 1.46789e-114
475 6.30966e-09
475 4.38457e-11
475 4.49228e-26
475 5.16342e-32
475 1.5962e-89
475 6.98167e-21
475 5.34224e-77
475 6.42229e-55
475 1.59343e-10
475 1.77744e-06
467 1.13331e-21
475 1.58242e-21
475 1.91349e-05
475 0.000180865
475 1.58242e-21
475 5.04702e-27
475 7.09108e-32
475 0.000185441
475 3.31833e-06
475 5.16085e-06
475 4.50582e-06
423 7.61347e-23
475 1.58242e-21
475 3.26842e-36
475 1.70855e-91
475 0.0002
475 1.58242e-21
475 3.69242e-23
475 5.68718e-69
475 1.60835e-12
475 7.72861e-12
475 1.99537e-06
475 0
475 3.18157e-05
475 7.71092e-113
475 8.55712e-72
475 5.24933e-21
475 3.48645e-19
475 8.09979e-32
475 1.55522e-06
475 3.13407e-07
475 1.75295e-16
475 2.42589e-31
475 5.76008e-45
475 1.10053e-47
475 3.16927e-10
475 8.5785e-88
475 1.59961e-06
475 4.18456e-05
475 7.54521e-05
475 2.75959e-05
475 1.48857e-06
475 3.80999e-06
475 8.50804e-06
475 4.02015e-06
475 1.58242e-21
475 1.25404e-05
475 6.81476e-68
475 4.50486e-07
475 1.90669e-10
475 6.62106e-36
475 3.47549e-64
475 1.11175e-82
475 0.000187009
475 1.58242e-21
475 3.01049e-62
475 2.43164e-24
475 0.0002
475 1.58242e-21
475 2.60934e-106
475 2.01449e-25
475 3.93093e-22
475 2.63614e-24
475 1.16235e-06
305 1.19434e-21
475 1.58242e-21
475 1.16385e-84
475 5.82925e-44
475 6.53435e-12
475 9.56235e-48
475 3.98112e-35
475 5.56339e-52
475 0.0002
475 1.58242e-21
475 1.83456e-17
475 1.78569e-34
475 4.47254e-12
475 1.23998e-87
475 7.68608e-48
475 1.07469e-09
475 2.78301e-12
475 6.72077e-93
475 4.03168e-42
475 1.07204e-119
475 6.3929e-23
475 1.94323e-06
203 1.23686e-21
475 1.58242e-21
475 8.21932e-70
475 3.98593e-26
475 2.98662e-48
475 0
12 1.84037e-21
475 1.58242e-21
475 3.15823e-41
475 9.89901e-10
475 9.86724e-22
475 1.76794e-05
475 5.78112e-16
475 2.72302e-12
475 1.77386e-37
475 4.50512e-31
475 1.55848e-95
475 2.65159e-52
475 2.95547e-22
475 0.00018232
475 1.58242e-21
475 2.958e-42
475 3.28894e-15
475 3.44076e-06
67 1.58864e-21
475 1.58242e-21
475 4.16977e-17
475 8.58064e-17
475 1.29003e-06
0 1.67557e-21
475 1.58242e-21
475 1.2218e-11
475 3.36376e-30
475 4.468e-28
475 6.93883e-09
475 4.38734e-105
475 8.60186e-14
475 3.61013e-31
475 2.45943e-36
475 7.98291e-10
475 5.15604e-145
475 1.1798e-43
475 6.30554e-42
475 1.59434e-20
475 6.82142e-13
475 0.000199992
475 1.58242e-21
475 1.75389e-38
475 2.3025e-33
475 4.20349e-17
475 9.00878e-44
475 3.73996e-13
475 0.000196338
475 3.66219e-06
475 1.58242e-21
475 3.15774e-10
475 1.90474e-58
475 9.32227e-44
475 0.000140742
475 1.28403e-05
475 1.08799e-05
475 1.21332e-05
475 1.29052e-05
475 3.09468e-06
475 7.40434e-06
475 1.58242e-21
475 5.97553e-36
475 1.12163e-108
475 1.47522e-24
475 6.55239e-13
475 6.75702e-15
475 2.75102e-06
475 2.41666e-06
475 1.36393e-14
475 4.54034e-86
475 7.43832e-20
475 1.22105e-24
475 1.30597e-72
475 5.17323e-24
475 1.96742e-17
475 1.03857e-06
261 1.26181e-21
475 1.58242e-21
475 8.0613e-47
475 7.95522e-76
475 1.25263e-27
475 1.09152e-19
475 9.60365e-53
475 1.1211e-25
475 4.31329e-20
475 3.44282e-21
475 2.0001e-18
475 2.56167e-09
475 2.41568e-19
475 4.43515e-35
475 2.96535e-16
475 7.2113e-17
475 1.12062e-15
475 2.76108e-10
475 1.97261e-44
475 9.09518e-21
475 3.44683e-07
475 2.86087e-26
475 2.60618e-88
475 3.26713e-20
475 1.90363e-106
475 1.04294e-09
475 0.000115312
475 1.2336e-05
475 4.21688e-05
475 2.91349e-06
475 5.14789e-06
475 7.99171e-06
475 6.39204e-06
475 7.38989e-06
475 1.58242e-21
475 2.27007e-51
475 0.0002
475 1.58242e-21
475 9.93757e-42
475 1.90902e-42
475 2.08447e-29
475 3.46984e-15
475 9.58171e-09
475 1.13962e-18
475 3.97906e-64
475 4.38705e-13
475 4.86241e-08
253 1.37265e-21
475 1.58242e-21
475 1.66106e-05
475 5.32835e-38
475 1.57715e-93
475 8.72143e-24
475 7.83308e-12
475 3.90567e-08
332 9.17565e-22
475 1.58242e-21
475 2.8113e-90
475 1.69072e-05
475 1.42556e-10
475 1.44434e-40
475 1.54225e-51
475 1.01195e-06
233 1.10387e-21
475 1.58242e-21
475 6.22538e-120
475 6.17936e-27
475 6.10379e-101
475 1.00534e-35
475 7.77167e-52
475 7.70826e-08
378 1.11279e-21
475 1.58242e-21
475 6.71746e-07
475 3.13917e-50
475 7.06352e-07
432 8.4219e-22
475 1.58242e-21
475 1.31492e-05
475 3.05731e-41
475 1.14674e-77
475 5.3411e-31
475 8.58817e-07
0 1.53642e-21
475 1.58242e-21
475 1.18802e-41
475 0.0002
475 1.58242e-21
475 1.42187e-36
475 1.78461e-10
475 4.31465e-09
475 1.35245e-16
475 1.3096e-05
475 2.41249e-17
475 1.70583e-06
475 2.41113e-11
475 8.03715e-09
475 1.73245e-76
475 9.61694e-08
325 9.34098e-22
475 1.58242e-21
475 1.53718e-14
475 7.94443e-30
475 7.21367e-09
475 2.30949e-08
475 7.41022e-41
475 3.25416e-30
475 1.07991e-21
475 3.81012e-23
475 1.71196e-06
350 9.43383e-22
475 1.58242e-21
475 6.84804e-32
475 1.29205e-67
475 5.65081e-46
475 3.69508e-06
425 1.0423e-21
475 1.58242e-21
475 9.29527e-24
475 1.83004e-15
475 6.95325e-06
475 0.000193047
475 1.58242e-21
475 2.35574e-15
475 9.83597e-12
475 9.53245e-17
475 2.52623e-12
475 1.75988e-12
475 1.81547e-35
475 2.35943e-42
475 3.00283e-47
475 1.92834e-36
475 5.47922e-34
475 3.4845e-34
475 1.13146e-50
475 1.40098e-14
475 2.28704e-58
475 1.97471e-36
475 5.37432e-47
475 2.79215e-38
475 3.32289e-49
475 1.43854e-36
475 4.18282e-10
475 9.81635e-31
475 6.23069e-07
475 4.80126e-07
475 8.00679e-52
475 1.97944e-12
475 2.53291e-06
475 4.12948e-20
475 1.33028e-13
475 5.58593e-33
475 1.65486e-09
475 1.01452e-15
475 4.34745e-14
475 3.40101e-43
475 2.22028e-11
475 3.07208e-38
475 6.99572e-47
475 2.51437e-61
475 1.94741e-09
475 8.77029e-14
475 6.85419e-27
475 2.32489e-14
475 5.4305e-07
113 1.54311e-21
475 1.58242e-21
475 1.92372e-30
475 1.74559e-40
475 8.58292e-36
475 5.75272e-11
475 1.74066e-22
475 8.88832e-07
178 1.29074e-21
475 1.58242e-21
475 4.85486e-28
475 4.62828e-09
475 1.38711e-63
475 0.000199995
475 1.58242e-21
475 1.27527e-15
475 3.45372e-74
475 6.44732e-28
475 1.07039e-24
475 3.39329e-36
475 1.03697e-33
475 7.94974e-32
475 1.51181e-69
475 2.9341e-19
475 4.56607e-07
309 1.00623e-21
475 1.58242e-21
475 2.21884e-28
475 3.95845e-49
475 4.53361e-27
475 2.70167e-07
475 2.4635e-06
376 9.55495e-22
475 1.58242e-21
475 9.82336e-06
475 1.63594e-45
475 1.33338e-14
475 6.13182e-10
475 9.51957e-11
475 4.62121e-10
475 0.000132842
475 1.39838e-05
475 2.29488e-05
475 3.42903e-06
475 6.33113e-06
475 3.4409e-06
475 7.20005e-06
475 1.58242e-21
475 8.46679e-13
475 2.37858e-27
475 1.12892e-110
475 2.65289e-60
475 1.85761e-68
475 3.78316e-07
0 1.7197e-21
475 1.58242e-21
475 6.62071e-19
475 4.83366e-49
475 5.8772e-07
475 3.71802e-129
475 2.41715e-08
475 2.9149e-80
475 4.80781e-82
475 0.000199388
475 1.58242e-21
475 1.24553e-35
475 6.45713e-89
475 5.92243e-142
475 1.77476e-27
475 2.96255e-31
475 3.40151e-09
475 1.16059e-65
475 1.94894e-16
475 1.03283e-13
475 9.6419e-25
475 1.79049e-116
475 6.49327e-119
475 3.18413e-08
475 6.64644e-17
475 3.00292e-10
475 7.92315e-08
475 7.55481e-22
475 0.000171038
475 4.10628e-06
475 1.47108e-05
475 6.80639e-06
475 3.22335e-06
475 1.58242e-21
475 1.84707e-29
475 3.19388e-10
475 1.36061e-39
475 5.2637e-15
475 3.34895e-16
475 1.09477e-06
225 1.27057e-21
475 1.58242e-21
475 2.74192e-06
475 9.27416e-26
475 1.19306e-35
475 2.20315e-33
475 4.11395e-22
475 2.64469e-10
475 1.03257e-05
475 1.82873e-06
475 0
475 1.49092e-36
475 4.04946e-06
334 9.10635e-22
475 1.58242e-21
475 2.97666e-17
475 1.76894e-13
475 4.10403e-06
475 0
475 1.36457e-45
475 6.99499e-33
475 2.68531e-08
445 8.62371e-22
475 1.58242e-21
475 6.00635e-10
475 1.99888e-43
475 2.19998e-13
475 2.26051e-29
475 8.80128e-77
475 1.08431e-07
475 0
475 2.49425e-89
475 3.91051e-06
475 0
475 4.22885e-21
475 6.57554e-07
475 0
475 2.18161e-66
475 1.1922e-15
475 0.000195323
475 1.58242e-21
475 5.09855e-32
475 1.37457e-25
475 2.83497e-48
475 8.46259e-19
475 2.03172e-37
475 2.55338e-06
416 8.68874e-22
475 1.58242e-21
475 6.0607e-16
475 9.93763e-09
475 9.19009e-43
475 1.85866e-143
475 6.48419e-18
475 3.91132e-74
475 4.99516e-08
475 3.64131e-09
475 6.26688e-19
475 1.04743e-87
475 2.4283e-28
475 2.02842e-27
475 2.00909e-15
475 2.89527e-50
475 2.41962e-16
475 1.37311e-41
475 5.24347e-12
475 3.14058e-10
475 7.96514e-06
475 1.95622e-153
475 2.92528e-45
475 4.54284e-16
475 4.13419e-20
475 1.65291e-82
475 2.42439e-54
475 6.73186e-23
475 1.90118e-45
475 7.7095e-10
475 5.74841e-09
475 1.23151e-55
475 1.27804e-77
475 2.91675e-86
475 1.53193e-29
475 7.81887e-24
475 1.2122e-10
475 0.000191964
475 1.58242e-21
475 8.33829e-06
475 1.67827e-100
475 3.07636e-23
475 1.41938e-60
475 1.32603e-11
475 1.74388e-128
475 2.14653e-25
475 0.000191662
475 1.58242e-21
475 1.64326e-83
475 1.54554e-143
475 5.93964e-09
475 1.1253e-06
475 2.02941e-95
475 1.05719e-09
475 1.3089e-119
475 4.81433e-137
475 2.66912e-129
475 3.40104e-87
475 1.13034e-22
475 0.000198868
475 1.58242e-21
475 1.62069e-05
475 1.00616e-29
475 1.05641e-05
475 3.66198e-35
475 2.28123e-25
475 1.02563e-41
475 7.64653e-13
475 3.80983e-34
475 2.6209e-06
334 8.86052e-22
475 1.58242e-21
475 3.15235e-12
475 3.8406e-28
475 2.61579e-07
0 1.61026e-21
475 1.58242e-21
475 2.79332e-20
475 8.1949e-11
475 2.1641e-62
475 8.66453e-28
475 5.19361e-46
475 1.00879e-26
475 2.3929e-68
475 7.01196e-85
475 3.26259e-133
475 1.61515e-18
475 9.35913e-10
475 1.17377e-115
475 1.68687e-09
475 1.71882e-51
475 2.40245e-06
453 9.7462e-22
475 1.58242e-21
475 1.04446e-59
475 3.56598e-239
475 9.05841e-245
475 1.83177e-42
475 9.41888e-10
475 4.06315e-14
475 4.3453e-06
475 1.32325e-23
475 2.76293e-13
475 3.16101e-16
475 2.44203e-05
475 9.68973e-46
475 1.03357e-27
475 1.35388e-62
475 6.46125e-97
475 1.02231e-67
475 3.20355e-33
475 6.43505e-11
475 2.32444e-07
0 1.52997e-21
475 1.58242e-21
475 1.9963e-10
475 1.21085e-32
475 4.60845e-18
475 7.0875e-62
475 8.42321e-101
475 3.09875e-50
475 1.91686e-78
475 8.10303e-22
475 6.78419e-14
475 2.55217e-06
393 8.88275e-22
475 1.58242e-21
475 3.47947e-08
475 7.66731e-78
475 1.05385e-14
475 1.39441e-55
475 3.02837e-09
475 7.80687e-08
475 2.72783e-12
475 3.10194e-81
475 2.92428e-34
475 4.69883e-09
475 3.06795e-19
475 2.43822e-32
475 1.59825e-06
424 8.94819e-22
475 1.58242e-21
475 4.39939e-19
475 3.50298e-78
475 0.0002
475 1.58242e-21
475 1.12652e-55
475 0.0002
475 1.58242e-21
475 1.93874e-53
475 4.16052e-17
475 6.80743e-14
475 6.29355e-07
86 1.61624e-21
475 1.58242e-21
475 7.92852e-10
475 5.78478e-30
475 3.55774e-22
475 2.66779e-92
475 4.94587e-05
475 7.14233e-05
475 4.19272e-05
475 6.69008e-06
475 1.21231e-05
475 3.83066e-06
475 4.0141e-06
475 6.51919e-06
475 4.01287e-06
475 1.58242e-21
475 1.16379e-25
475 1.01805e-06
475 1.4057e-32
475 5.32725e-81
475 2.68091e-61
475 2.38666e-05
475 1.57052e-54
475 2.90632e-34
475 6.48453e-99
475 1.81682e-21
475 1.24583e-09
475 2.77045e-163
475 1.54846e-41
475 1.83648e-29
475 4.97904e-161
475 1.45106e-35
475 4.94443e-82
475 5.57582e-23
475 6.98763e-10
475 2.25866e-31
475 5.39804e-06
475 1.31914e-30
475 1.00515e-68
475 3.92059e-08
475 0.000169676
475 1.58242e-21
475 1.26066e-80
475 2.50508e-61
475 4.33153e-16
475 7.25424e-43
475 7.01299e-12
475 8.98664e-49
475 2.3285e-54
475 4.80676e-17
475 4.44659e-08
475 3.38822e-08
475 2.92678e-101
475 2.59872e-82
475 2.0546e-25
475 1.37073e-22
475 2.75621e-25
475 4.55496e-118
475 4.82067e-129
475 1.33968e-22
475 6.72416e-45
475 2.78842e-88
475 9.27613e-28
475 4.7749e-39
475 2.03235e-44
475 4.08379e-36
475 5.6236e-113
475 1.43932e-07
475 4.69689e-19
475 1.16744e-21
475 0.000192148
475 7.6294e-06
475 1.58242e-21
475 2.80845e-37
475 3.50211e-08
475 3.43146e-193
475 2.46973e-05
475 1.7865e-17
475 3.55237e-42
475 4.03975e-09
475 3.17491e-38
475 8.88889e-30
475 2.37759e-20
475 2.42045e-16
475 4.5418e-17
475 5.63926e-40
475 3.29192e-71
475 1.21859e-50
475 2.02776e-08
475 1.19263e-56
475 4.66714e-87
475 1.99496e-50
475 6.15392e-33
475 1.04682e-47
475 1.08559e-25
475 0.000175243
475 1.58242e-21
475 4.18883e-08
475 2.94536e-30
475 4.6147e-52
475 2.51692e-06
404 9.72238e-22
475 1.58242e-21
475 2.40565e-09
475 0.000199998
475 1.58242e-21
475 4.4956e-63
475 5.94675e-26
475 4.49419e-30
475 2.41851e-05
475 1.09606e-09
475 6.13533e-46
475 4.90762e-19
475 1.17641e-66
475 7.74276e-07
46 1.55013e-21
475 1.58242e-21
475 1.10512e-113
475 3.51516e-23
475 2.39284e-12
475 3.95037e-18
475 7.10738e-07
475 2.76372e-36
475 8.37163e-59
475 1.30495e-98
475 6.99262e-95
475 9.78222e-14
475 2.84237e-52
475 1.62787e-44
475 3.43792e-06
475 2.36587e-33
475 2.17302e-89
475 0.000195851
475 1.58242e-21
475 5.57856e-13
475 8.28689e-08
475 1.60445e-40
475 1.84287e-51
475 1.35329e-05
475 5.23914e-34
475 9.87554e-22
475 5.4116e-73
475 8.562e-55
475 2.33451e-34
475 1.45423e-16
475 1.48834e-18
475 2.52177e-07
381 9.08631e-22
475 1.58242e-21
475 4.44127e-11
475 5.92993e-85
475 1.33253e-14
475 1.73035e-10
475 4.04014e-20
475 3.35812e-38
475 1.14113e-35
475 1.83826e-63
475 3.102e-33
475 6.70521e-06
475 1.03876e-26
475 4.82023e-29
475 1.91665e-12
475 5.6734e-07
475 1.42554e-33
475 6.37351e-29
475 0.000192727
475 1.58242e-21
475 1.67175e-20
475 1.70026e-12
475 8.83756e-44
475 3.92657e-108
475 0.000102846
475 4.90375e-05
475 4.70212e-06
475 2.71035e-05
475 1.80477e-06
475 1.56859e-06
475 6.74853e-06
475 6.18932e-06
475 1.58242e-21
475 8.21514e-15
475 7.91444e-36
475 3.85171e-15
475 5.42668e-31
475 9.65822e-29
475 1.4676e-07
0 1.67381e-21
