475 2.39303e-23
475 0.163385
475 0.227692
475 0.20683
475 0.0278854
476 0.320987
477 0.484728
477 0.0795605
478 0.537974
479 0.717594
480 0.860116
481 0.734574
481 0.0877916
482 0.143615
482 0.234432
483 0.625528
483 0.085006
485 1.27523
486 0.521965
486 0.24004
487 0.551265
487 0.0210781
491 2.29606
491 0.0633685
491 0.0505778
491 0.0736408
492 0.665748
492 0.214369
493 0.650128
494 0.423871
496 1.09722
496 0.130138
498 1.12422
499 1.05243
500 0.507232
500 0.141389
501 0.21752
501 0.0218516
503 1.78625
504 0.334332
505 0.641356
505 0.0570531
506 0.29606
506 0.0509578
506 0.178435
507 0.905017
507 0.0179503
509 1.12794
509 0.108705
510 0.282359
511 0.519765
511 0.188227
511 0.2717
511 0.100443
513 0.801538
513 0.400727
515 0.804979
515 0.130866
516 0.768336
516 0.28541
517 0.150499
517 0.0131115
517 0.286024
517 0.0680015
517 0.130167
518 0.00634063
518 0.0617737
518 0.314531
519 0.5181
519 0.357395
520 0.156861
520 0.297722
520 0.114295
521 0.184329
522 0.93109
523 0.826482
523 0.148418
524 0.460567
525 0.304895
850 1.78286e-23
1149 0.0133193
1150 5.27262e-26
523 0.0792118
523 0.0579855
522 0.0267031
522 0.0951017
521 0.0829704
520 0.0436293
520 0.0542577
520 0.0348883
519 0.0865449
518 0.0398355
518 0.0702029
518 0.0397325
517 0.0485151
517 0.0351032
517 0.0599226
517 0.123182
517 0.285856
516 0.0910905
515 0.0914469
513 0.137397
513 0.042231
512 0.200528
511 0.0432819
511 0.0407582
511 0.0626456
510 0.105312
509 0.244192
509 0.0661989
507 0.0724209
507 0.0354545
506 0.0470644
506 0.099552
505 0.0409142
505 0.0464
504 0.0574215
503 0.0519931
501 0.0854647
501 0.0418697
499 0.046387
498 0.0720461
496 0.139038
496 0.0623756
494 0.254783
493 0.0387951
492 0.0402028
492 0.036555
491 0.0385787
491 0.0349198
491 0.109371
491 0.0430923
487 0.0830132
486 0.044825
486 0.130091
485 0.049852
483 0.0557004
483 0.0372702
482 0.299485
482 0.0354414
481 0.0694618
481 0.122185
481 0.317164
481 0.073139
480 0.0357193
479 0.112462
478 0.0637345
477 0.036419
476 0.0438562
475 0.147703
475 0.0516049
475 0.0374316
475 0.0868096
475 0.226288
475 0.0549836
475 0.0170023
475 0.196217
522 0.001564
522 0.00190027
