475 2.39303e-23
475 0.387446
477 1.0486
477 0.206766
479 1.38742
480 0.248452
480 0.335289
482 1.39572
483 0.174757
483 0.175437
483 0.218624
485 0.929997
486 0.59297
486 0.0529932
488 1.42777
488 0.0748048
488 0.120003
489 0.34705
489 0.00120731
489 0.0138606
490 0.58931
491 0.676126
492 0.399693
492 0.38491
494 0.877759
494 0.039846
494 0.185287
494 0.309504
494 0.0554042
495 0.116843
495 0.106509
495 0.0353288
495 0.363421
496 0.106173
496 0.40442
497 0.529952
498 0.286712
499 0.663695
499 0.394928
499 0.0597787
500 0.579709
502 0.799948
502 0.499217
503 0.518107
504 0.513013
504 0.00980805
504 0.0784561
505 0.611829
505 0.228937
507 1.14217
507 0.104747
508 0.576244
510 1.32856
511 0.522834
512 0.981321
513 0.435384
515 1.40517
515 0.331278
516 0.437241
516 0.235283
518 1.21027
519 0.380985
520 0.466693
520 0.106771
520 0.345049
521 0.160888
521 0.0377962
522 0.955521
522 0.0983269
523 0.743476
524 0.481241
524 0.175505
525 0.160651
850 1.78112e-23
1030 0.00570485
1149 0.00586769
1150 6.02939e-28
1030 0.00173942
1030 0.00141851
1030 0.00124211
524 0.0683349
524 0.0514651
523 0.0439444
522 0.0398074
522 0.0872541
521 0.050567
521 0.0621281
521 0.513576
520 0.0976874
520 0.0708822
519 0.0421591
518 0.0663449
516 0.108255
515 0.065978
515 0.0441315
513 0.0449947
512 0.13936
511 0.0681409
510 0.0488342
508 0.0344643
507 0.0415576
507 0.0403549
505 0.0937148
504 0.179583
504 0.0505054
504 0.173852
503 0.03609
502 0.0419791
502 0.101646
500 0.278526
499 0.283917
499 0.0439991
499 0.102912
498 0.0761974
497 0.166016
496 0.0464141
496 0.0362719
495 0.0428216
495 0.233805
495 0.0434462
494 0.171759
494 0.0428638
494 0.0777315
494 0.0469191
492 0.0372754
492 0.0779795
491 0.0709749
490 0.290625
489 0.0811448
489 0.0443025
489 0.12204
488 0.177316
488 0.216205
488 0.0880078
488 0.0502635
488 0.0358819
486 0.111219
485 0.0794442
483 0.00159825
483 0.0899131
483 0.0475133
483 0.0807769
483 0.0561958
480 0.0439045
479 0.135534
477 0.0853887
475 0.0343447
