475 2.39303e-23
475 0.0869458
475 0.232145
475 0.0713472
475 0.158965
475 0.0349202
476 0.035277
476 0.112891
476 0.190235
477 0.42034
477 0.195456
478 0.378165
478 0.35738
478 0.118044
479 0.0984669
479 0.30068
480 0.294716
480 0.262505
480 0.270272
481 0.0486606
481 0.452887
482 0.429491
483 0.534314
483 0.0762355
484 0.642753
484 0.209871
486 0.846338
486 0.261997
486 0.0131387
486 0.142986
486 0.0490139
489 1.5887
491 1.04431
492 1.23495
495 1.68041
495 0.137288
495 0.0615169
496 0.540353
497 0.397818
498 0.684096
499 0.663889
500 0.443854
502 1.8718
503 0.153879
503 0.00321841
503 0.495973
504 0.295988
505 0.855214
505 0.0971595
506 0.731784
506 0.0306023
506 0.025863
507 0.490237
507 0.239769
508 0.315004
508 0.198408
509 0.715737
510 0.355852
510 0.0433378
510 0.128738
511 0.233369
511 0.235053
512 0.452555
514 1.26452
515 0.79566
515 0.256023
515 0.188003
516 0.647026
517 0.219968
517 0.191448
517 0.0723425
517 0.181873
518 0.549781
518 0.0363253
519 0.766022
520 0.50502
521 0.642671
521 0.177087
522 0.23704
523 0.573297
525 1.22281
850 1.79162e-23
1149 0.0147414
1150 1.31567e-27
523 0.0439976
522 0.0366492
521 0.0530242
520 0.0810818
519 0.0514922
518 0.0729088
518 0.035264
517 0.0519135
517 0.0698468
517 0.208433
516 0.0382701
515 0.145432
515 0.178111
515 0.0420285
515 0.14139
514 0.0488786
512 0.0538077
511 0.0573448
511 0.0352331
510 0.0537581
510 0.0795425
510 0.0720942
509 0.0350251
508 0.176539
508 0.350158
507 0.0503021
506 0.0639107
506 0.0918691
506 0.03462
505 0.0567776
505 0.520035
504 0.160904
503 0.0402519
503 0.294261
502 0.0348057
500 0.000114346
500 0.0274784
498 0.432641
497 0.252661
496 0.143114
495 0.0351895
495 0.0418403
495 0.0385366
492 0.0467585
491 0.392817
489 0.0732601
486 0.0635274
486 0.0999682
486 0.0652597
486 0.0202011
486 0.0237846
486 0.0631304
486 0.0409405
486 0.194847
486 0.132228
484 0.166797
484 0.0384147
483 0.558099
483 0.0429585
481 0.0668089
481 0.172774
481 0.0444136
481 0.0105205
480 0.0380429
479 0.233563
479 0.109545
478 0.107444
478 0.062776
478 0.0928557
477 0.0735752
476 0.258839
476 0.137219
476 0.052658
476 0.0561874
476 0.035618
475 0.0406718
475 0.135208
475 0.0649432
475 0.101695
481 0.001564
486 0.001564
487 0.001564
502 0.001564
502 0.0171757
487 0.0116215
486 0.00106403
481 0.000709013
