475 2.39303e-23
475 0.0920518
475 0.0281497
475 0.00278715
475 0.378961
476 0.377968
476 0.268452
477 0.608037
477 0.0614274
478 0.431679
479 0.374098
479 0.0834924
479 0.123268
479 0.163876
480 0.247858
480 0.289866
483 2.05508
484 0.135948
484 0.156441
485 0.407749
485 0.27423
485 0.0772955
486 0.34161
487 0.940702
487 0.127297
488 0.679052
489 0.522438
489 0.192858
490 0.103908
491 0.888382
491 0.192973
492 0.245733
493 0.610675
493 0.303019
493 0.0378035
493 0.151153
494 0.569837
495 0.305847
495 0.518988
496 0.334608
496 0.278291
497 0.292399
497 0.317335
498 0.359274
499 0.531307
499 0.126815
499 0.131197
500 0.1894
500 0.237089
500 0.142754
501 0.520567
502 0.23732
502 0.000198873
502 0.514261
503 0.202429
504 0.615487
504 0.107047
504 0.00916625
504 0.0568441
505 0.778738
506 0.519592
507 0.474067
507 0.196824
509 1.1643
509 0.473776
510 0.727542
511 0.509607
512 0.321821
512 0.112242
512 0.372516
513 0.63192
513 0.0993596
514 0.0896805
514 0.00397355
514 0.300886
514 0.22816
516 0.917822
516 0.0871495
516 0.230176
517 0.574982
517 0.393151
518 0.205866
519 0.560857
519 0.254709
520 0.764476
522 1.04289
522 0.111432
523 1.03031
524 0.463015
525 0.296509
850 1.78985e-23
893 0.00201666
1074 0.00790136
1149 0.00334664
1149 5.45369e-29
893 0.0010492
524 0.0433365
523 0.0956537
522 0.0909233
522 0.029116
522 0.0759007
520 0.0490927
519 0.0843894
519 0.0818278
518 0.0696272
517 0.0373659
517 0.14901
516 0.0684471
516 0.070225
516 0.0348942
514 0.0630169
514 0.0852447
514 0.20492
514 0.0560415
514 0.405787
514 0.0445945
513 0.0760686
512 0.0343959
512 0.0697731
511 0.0415235
510 0.0567303
509 0.341482
509 0.0476038
507 0.0624862
507 0.0688054
506 0.150831
505 0.226909
505 0.0703838
504 0.0748746
504 0.0883334
504 0.090253
504 0.0425069
502 0.0416372
502 0.0832309
502 0.180753
501 0.054335
500 0.197515
500 0.0384606
500 0.0605838
499 0.0635769
499 0.0360912
499 0.533003
499 0.169047
498 0.0428184
497 0.0507726
497 0.0755747
496 0.05281
495 0.0857328
493 0.0660933
493 0.144607
493 0.0475775
493 0.0351149
492 0.0378753
491 0.100362
491 0.0764158
489 0.0349837
489 0.039322
488 0.144532
487 0.0585768
487 0.0407589
486 0.0357488
485 0.0437808
485 0.139332
485 0.0433045
485 0.0390439
485 0.0430212
484 0.11448
484 0.0616157
483 0.130379
480 0.0512949
480 0.0519372
479 0.0661815
479 0.202245
479 0.0532843
479 0.106276
478 0.156325
477 0.0370112
477 0.0369651
476 0.0379054
476 0.0596802
475 0.091884
475 0.0458935
475 0.046765
475 0.0290583
475 0.0260348
475 0.21263
475 0.0900624
475 0.0388476
