475 2.39303e-23
476 0.854
477 0.719633
477 0.0843272
479 0.915593
479 0.264632
479 0.0644992
480 0.1406
480 0.550314
481 0.193991
481 0.200998
482 0.512564
483 0.694986
484 0.386918
484 0.0753363
484 0.104558
484 0.284996
485 0.364687
486 0.368636
486 0.427491
486 0.0257115
487 0.532545
489 1.43436
490 0.645273
491 0.514588
491 0.149481
492 0.574855
492 0.183917
494 0.95635
494 0.289653
494 0.0283715
495 0.24631
497 1.25486
497 0.23308
498 0.67913
501 1.75804
502 1.05633
502 0.0785267
503 0.0777931
503 0.328377
504 0.546664
504 0.341433
506 0.692678
506 0.354693
506 0.111437
506 0.100567
507 0.143833
507 0.220655
508 0.572844
508 0.241186
509 0.582509
511 0.906214
512 0.922332
512 0.0698502
512 0.183449
513 0.128962
513 0.554745
514 0.387387
514 0.087277
514 0.102877
516 0.946212
516 0.233802
516 0.116019
517 0.123835
517 0.386736
519 0.979553
519 0.442288
519 0.197137
520 0.330172
521 0.476569
521 0.131325
521 0.0956863
522 0.58492
522 0.307559
523 0.38235
523 0.156162
524 0.286515
524 0.369992
525 0.200469
850 1.78153e-23
861 0.000238184
1149 0.011661
1149 4.13309e-26
861 0.00198826
524 0.0414365
524 0.0392264
523 0.0761114
523 0.0392362
522 0.0491371
521 0.0971409
521 0.530793
521 0.120141
521 0.0510799
520 0.0860067
519 0.0396641
519 0.208106
519 0.0497376
517 0.0991789
517 0.0391517
516 0.0378411
516 0.040232
516 0.0357452
514 0.0447616
514 0.0369864
513 0.0574397
513 0.0962775
512 0.0417864
512 0.0374775
512 0.0829213
511 0.160497
509 0.167594
509 0.0922115
508 0.0476503
508 0.0444309
507 0.237205
507 0.0484432
506 0.0531678
506 0.0563734
506 0.0924175
506 0.046528
504 0.133348
504 0.0420563
503 0.0810651
503 0.345481
502 0.0345068
502 0.0589668
501 0.0671489
498 0.0369526
497 0.124863
497 0.0551601
495 0.155344
494 0.052911
494 0.0387986
494 0.0478803
492 0.0479785
491 0.0388305
491 0.0418365
490 0.064181
487 0.094577
487 0.0183884
486 0.330744
486 0.0745001
486 0.0638443
485 0.0451344
484 0.0343407
484 0.0565416
484 0.0432826
484 0.0448392
483 0.0655476
482 0.0496772
481 0.0380208
481 0.112466
480 0.0528814
480 0.0511436
479 0.0533661
479 0.178486
477 0.073425
476 0.0364016
