475 8.62765e-22
475 3.45643
475 0.543571
475 8.62765e-22
475 3.37524
475 0.604353
475 0.0173091
475 0.00309959
475 8.62765e-22
475 3.4489
475 0.516345
475 0.0250813
475 0.00966981
475 8.62765e-22
475 3.56435
475 0.364495
475 0.0711523
475 8.62765e-22
475 3.37817
475 0.621831
475 8.62765e-22
475 3.37017
475 0.629828
475 8.62765e-22
475 3.50994
475 0.490057
475 8.62765e-22
475 3.38067
475 0.619326
475 8.62765e-22
475 3.48902
475 0.508773
475 0.00220822
475 8.62765e-22
475 3.48594
475 0.514056
475 8.62765e-22
475 3.45878
475 0.462236
475 0.0789836
475 8.62765e-22
475 3.38982
475 0.610179
475 8.62765e-22
475 3.42907
475 0.570932
475 8.62765e-22
475 3.43288
475 0.56712
475 8.62765e-22
475 3.39959
475 0.494329
475 0.0927035
475 0.0133804
475 8.62765e-22
475 3.45396
475 0.54604
475 8.62765e-22
475 3.5054
475 0.435166
475 0.0594306
475 8.62765e-22
475 3.50144
475 0.498565
475 8.62765e-22
475 3.47369
475 0.520859
475 0.00545554
475 8.62765e-22
475 3.43529
475 0.564709
475 8.62765e-22
475 3.50405
475 0.405492
475 0.0616769
475 0.0287817
475 8.62765e-22
475 3.41219
475 0.518947
475 0.0688642
475 8.62765e-22
475 3.44586
475 0.554142
475 8.62765e-22
475 3.42006
475 0.579945
475 8.62765e-22
475 3.5327
475 0.4673
475 8.62765e-22
475 3.47791
475 0.522088
475 8.62765e-22
475 3.48062
475 0.519377
475 8.62765e-22
475 3.43343
475 0.566568
475 8.62765e-22
475 3.40869
475 0.57451
475 0.00132543
475 0.0154781
475 8.62765e-22
475 3.48795
475 0.428698
475 0.0775627
475 0.00579053
475 8.62765e-22
475 3.48339
475 0.516614
475 8.62765e-22
475 3.41391
475 0.476593
475 0.109494
475 8.62765e-22
475 3.43966
475 0.441488
475 0.108102
475 0.0107483
475 8.62765e-22
475 3.45593
475 0.544072
475 8.62765e-22
475 3.43065
475 0.56935
475 8.62765e-22
475 3.50035
475 0.45013
475 0.0324938
475 0.0121782
475 0.00485102
475 8.62765e-22
475 3.37042
475 0.629577
475 8.62765e-22
475 3.45604
475 0.53096
475 0.0130029
475 8.62765e-22
475 3.48401
475 0.515992
475 8.62765e-22
475 3.37823
475 0.62177
475 8.62765e-22
475 3.42578
475 0.574221
475 8.62765e-22
475 3.55312
475 0.446877
475 8.62765e-22
475 3.47213
475 0.527865
475 8.62765e-22
475 3.50919
475 0.45599
475 0.0348192
475 8.62765e-22
475 3.50847
475 0.49153
475 8.62765e-22
475 3.49407
475 0.343197
475 0.162732
475 8.62765e-22
475 3.53543
475 0.464569
475 8.62765e-22
475 3.36609
475 0.633914
475 8.62765e-22
475 3.42184
475 0.578163
475 8.62765e-22
475 3.50656
475 0.493444
475 8.62765e-22
475 3.48308
475 0.447445
475 0.051959
475 0.0175149
475 8.62765e-22
475 3.43615
475 0.542361
475 0.0214883
475 8.62765e-22
475 3.47994
475 0.520061
475 8.62765e-22
475 3.44789
475 0.552108
475 8.62765e-22
475 3.42132
475 0.561183
475 0.00621725
475 0.0112792
475 8.62765e-22
475 3.38961
475 0.610392
475 8.62765e-22
475 3.43172
475 0.568278
475 8.62765e-22
475 3.4082
475 0.543915
475 0.0102397
475 0.015884
475 0.00242947
475 0.0193348
475 8.62765e-22
475 3.37674
475 0.575582
475 0.0476776
475 8.62765e-22
475 3.40715
475 0.592851
475 8.62765e-22
475 3.41912
475 0.508763
475 0.0721172
475 8.62765e-22
475 3.49149
475 0.429147
475 0.0620133
475 0.0165565
475 0.000798466
475 8.62765e-22
475 3.47675
475 0.489415
475 0.0338391
475 8.62765e-22
475 3.44284
475 0.511152
475 0.0460062
475 8.62765e-22
475 3.40422
475 0.441461
475 0.154324
475 8.62765e-22
475 3.4502
475 0.431606
475 0.118199
475 8.62765e-22
475 3.46367
475 0.515219
475 0.0211128
475 8.62765e-22
475 3.43465
475 0.565355
475 8.62765e-22
475 3.5531
475 0.446895
475 8.62765e-22
475 3.32395
475 0.67605
475 8.62765e-22
475 3.44505
475 0.511983
475 0.00968564
475 0.0160905
475 0.0122259
475 0.00496359
475 8.62765e-22
475 3.38929
475 0.610711
475 8.62765e-22
475 3.46785
475 0.415699
475 0.104014
475 0.0124381
475 8.62765e-22
475 3.41436
475 0.585636
475 8.62765e-22
475 3.4375
475 0.562503
475 8.62765e-22
475 3.4794
475 0.520601
475 8.62765e-22
475 3.46779
475 0.413373
475 0.104708
475 0.0141315
475 8.62765e-22
475 3.46496
475 0.53504
475 8.62765e-22
475 3.47521
475 0.524789
475 8.62765e-22
475 3.48139
475 0.518615
475 8.62765e-22
475 3.45333
475 0.546674
475 8.62765e-22
475 3.4559
475 0.544105
475 8.62765e-22
475 3.36974
475 0.45787
475 0.145662
475 0.0130659
475 0.013666
475 8.62765e-22
475 3.45906
475 0.540943
475 8.62765e-22
475 3.38086
475 0.507474
475 0.065766
475 0.0347027
475 0.0111951
475 8.62765e-22
475 3.49035
475 0.480148
475 0.0295023
475 8.62765e-22
475 3.38144
475 0.618557
475 8.62765e-22
475 3.44756
475 0.523747
475 0.0132945
475 0.0153985
475 8.62765e-22
475 3.63538
475 0.364619
475 8.62765e-22
475 3.38702
475 0.612981
475 8.62765e-22
475 3.40084
475 0.599162
475 8.62765e-22
475 3.39363
475 0.606369
475 8.62765e-22
475 3.45082
475 0.467782
475 0.032732
475 0.0486615
475 8.62765e-22
475 3.46387
475 0.534241
475 0.00189245
475 8.62765e-22
475 3.39394
475 0.483843
475 0.122218
475 8.62765e-22
475 3.48307
475 0.468559
475 0.0288608
475 0.019514
475 8.62765e-22
475 3.41779
475 0.404116
475 0.142141
475 0.0359537
475 8.62765e-22
475 3.48603
475 0.513973
475 8.62765e-22
475 3.4472
475 0.503607
475 0.0320245
475 0.0171648
475 8.62765e-22
475 3.45091
475 0.549089
