# Energy z_(mm) Energy_Dep Net_Charge
3e+08 0 4.49225e-27 -0.0001
3e+08 1 0 0
3e+08 2 0 0
3e+08 3 0 0
3e+08 4 0 0
3e+08 5 0 0
3e+08 6 0 0
3e+08 7 0 0
3e+08 8 0 0
3e+08 9 0 0
3e+08 10 0 0
3e+08 11 0 0
3e+08 12 0 0
3e+08 13 0 0
3e+08 14 0 0
3e+08 15 0 0
3e+08 16 0 0
3e+08 17 1.54071e-27 -0.0001
3e+08 18 0 0
3e+08 19 0 0
3e+08 20 0 0
3e+08 21 0 0
3e+08 22 1.17674e-26 0.0001
3e+08 23 0 0
3e+08 24 0 0
3e+08 25 0 0
3e+08 26 0 0
3e+08 27 0 0
3e+08 28 0 0
3e+08 29 0 0
3e+08 30 0 0
3e+08 31 0 0
3e+08 32 0 0
3e+08 33 0 0
3e+08 34 0 0
3e+08 35 0 0
3e+08 36 0 0
3e+08 37 0 0
3e+08 38 0 0
3e+08 39 0 0
3e+08 40 0 0
3e+08 41 0 0
3e+08 42 0 0
3e+08 43 0 0
3e+08 44 1.52059e-27 -0.0001
3e+08 45 0 0
3e+08 46 6.11245e-27 -0.0001
3e+08 47 0 0
3e+08 48 0 0
3e+08 49 0 0
3e+08 50 0 0
3e+08 51 0 0
3e+08 52 0 0
3e+08 53 0 0
3e+08 54 0 0
3e+08 55 0 0
3e+08 56 0 0
3e+08 57 0 0
3e+08 58 0 0
3e+08 59 0 0
3e+08 60 0 0
3e+08 61 0 0
3e+08 62 0 0
3e+08 63 0 0
3e+08 64 0 0
3e+08 65 0 0
3e+08 66 0 0
3e+08 67 0 0
3e+08 68 0 0
3e+08 69 0 0
3e+08 70 0 0
3e+08 71 0 0
3e+08 72 0 0
3e+08 73 0 0
3e+08 74 0 0
3e+08 75 0 0
3e+08 76 0 0
3e+08 77 0 0
3e+08 78 0 0
3e+08 79 0 0
3e+08 80 0 0
3e+08 81 0 0
3e+08 82 0 0
3e+08 83 0 0
3e+08 84 0 0
3e+08 85 0 0
3e+08 86 0 0
3e+08 87 0 0
3e+08 88 0 0
3e+08 89 0 0
3e+08 90 0 0
3e+08 91 0 0
3e+08 92 3.30177e-27 -0.0002
3e+08 93 0 0
3e+08 94 0 0
3e+08 95 0 0
3e+08 96 0 0
3e+08 97 0 0
3e+08 98 0 0
3e+08 99 0 0
3e+08 100 0 0
3e+08 101 0 0
3e+08 102 0 0
3e+08 103 0 0
3e+08 104 0 0
3e+08 105 0 0
3e+08 106 0 0
3e+08 107 0 0
3e+08 108 0 0
3e+08 109 0 0
3e+08 110 0 0
3e+08 111 0 0
3e+08 112 0 0
3e+08 113 0 0
3e+08 114 0 0
3e+08 115 0 0
3e+08 116 0 0
3e+08 117 0 0
3e+08 118 0 0
3e+08 119 0 0
3e+08 120 0 0
3e+08 121 0 0
3e+08 122 0 0
3e+08 123 0 0
3e+08 124 0 0
3e+08 125 0 0
3e+08 126 0 0
3e+08 127 0 0
3e+08 128 0 0
3e+08 129 0 0
3e+08 130 0 0
3e+08 131 0 0
3e+08 132 1.71955e-26 0.0001
3e+08 133 0 0
3e+08 134 0 0
3e+08 135 0 0
3e+08 136 0 0
3e+08 137 0 0
3e+08 138 0 0
3e+08 139 6.96901e-27 0.0001
3e+08 140 1.66559e-24 0.0001
3e+08 141 0 0
3e+08 142 0 0
3e+08 143 0 0
3e+08 144 0 0
3e+08 145 1.12028e-27 -0.0001
3e+08 146 0 0
3e+08 147 0 0
3e+08 148 0 0
3e+08 149 0 0
3e+08 150 0 0
3e+08 151 0 0
3e+08 152 0 0
3e+08 153 0 0
3e+08 154 0 0
3e+08 155 0 0
3e+08 156 0 0
3e+08 157 0 0
3e+08 158 0 0
3e+08 159 0 0
3e+08 160 0 0
3e+08 161 0 0
3e+08 162 0 0
3e+08 163 0 0
3e+08 164 0 0
3e+08 165 0 0
3e+08 166 0 0
3e+08 167 0 0
3e+08 168 0 0
3e+08 169 0 0
3e+08 170 0 0
3e+08 171 0 0
3e+08 172 0 0
3e+08 173 0 0
3e+08 174 0 0
3e+08 175 0 0
3e+08 176 0 0
3e+08 177 0 0
3e+08 178 0 0
3e+08 179 0 0
3e+08 180 0 0
3e+08 181 0 0
3e+08 182 0 0
3e+08 183 0 0
3e+08 184 0 0
3e+08 185 0 0
3e+08 186 0 0
3e+08 187 0 0
3e+08 188 0 0
3e+08 189 0 0
3e+08 190 0 0
3e+08 191 0 0
3e+08 192 0 0
3e+08 193 0 0
3e+08 194 0 0
3e+08 195 4.41975e-27 -0.0001
3e+08 196 0 0
3e+08 197 0 0
3e+08 198 0 0
3e+08 199 0 0
3e+08 200 0 0
3e+08 201 0 0
3e+08 202 0 0
3e+08 203 0 0
3e+08 204 0 0
3e+08 205 0 0
3e+08 206 0 0
3e+08 207 0 0
3e+08 208 0 0
3e+08 209 0 0
3e+08 210 0 0
3e+08 211 0 0
3e+08 212 0 0
3e+08 213 0 0
3e+08 214 0 0
3e+08 215 0 0
3e+08 216 0 0
3e+08 217 0 0
3e+08 218 0 0
3e+08 219 0 0
3e+08 220 0 0
3e+08 221 0 0
3e+08 222 0 0
3e+08 223 0 0
3e+08 224 0 0
3e+08 225 0 0
3e+08 226 0 0
3e+08 227 0 0
3e+08 228 0 0
3e+08 229 0 0
3e+08 230 0 0
3e+08 231 0 0
3e+08 232 0 0
3e+08 233 0 0
3e+08 234 0 0
3e+08 235 0 0
3e+08 236 0 0
3e+08 237 0 0
3e+08 238 0 0
3e+08 239 0 0
3e+08 240 0 0
3e+08 241 0 0
3e+08 242 0 0
3e+08 243 0 0
3e+08 244 1.03132e-27 -0.0001
3e+08 245 0 0
3e+08 246 0 0
3e+08 247 0 0
3e+08 248 7.69296e-26 0.0001
3e+08 249 0 0
3e+08 250 0 0
3e+08 251 0 0
3e+08 252 0 0
3e+08 253 0 0
3e+08 254 0 0
3e+08 255 0 0
3e+08 256 0 0
3e+08 257 0 0
3e+08 258 0 0
3e+08 259 0 0
3e+08 260 0 0
3e+08 261 0 0
3e+08 262 0 0
3e+08 263 0 0
3e+08 264 0 0
3e+08 265 0 0
3e+08 266 0 0
3e+08 267 0 0
3e+08 268 0 0
3e+08 269 0 0
3e+08 270 0 0
3e+08 271 0 0
3e+08 272 0 0
3e+08 273 0 0
3e+08 274 0 0
3e+08 275 0 0
3e+08 276 0 0
3e+08 277 0 0
3e+08 278 0 0
3e+08 279 0 0
3e+08 280 0 0
3e+08 281 0 0
3e+08 282 0 0
3e+08 283 0 0
3e+08 284 0 0
3e+08 285 0 0
3e+08 286 0 0
3e+08 287 0 0
3e+08 288 0 0
3e+08 289 0 0
3e+08 290 0 0
3e+08 291 0 0
3e+08 292 0 0
3e+08 293 0 0
3e+08 294 0 0
3e+08 295 0 0
3e+08 296 0 0
3e+08 297 0 0
3e+08 298 0 0
3e+08 299 0 0
3e+08 300 0 0
3e+08 301 0 0
3e+08 302 0 0
3e+08 303 0 0
3e+08 304 1.48516e-26 0.0001
3e+08 305 0 0
3e+08 306 8.45084e-28 -0.0001
3e+08 307 0 0
3e+08 308 0 0
3e+08 309 0 0
3e+08 310 0 0
3e+08 311 1.99856e-27 -0.0001
3e+08 312 0 0
3e+08 313 0 0
3e+08 314 0 0
3e+08 315 0 0
3e+08 316 0 0
3e+08 317 0 0
3e+08 318 0 0
3e+08 319 0 0
3e+08 320 0 0
3e+08 321 0 0
3e+08 322 0 0
3e+08 323 0 0
3e+08 324 0 0
3e+08 325 0 0
3e+08 326 0 0
3e+08 327 0 0
3e+08 328 0 0
3e+08 329 0 0
3e+08 330 0 0
3e+08 331 0 0
3e+08 332 0 0
3e+08 333 0 0
3e+08 334 0 0
3e+08 335 0 0
3e+08 336 0 0
3e+08 337 2.17654e-26 0.0001
3e+08 338 0 0
3e+08 339 0 0
3e+08 340 7.56589e-28 -0.0001
3e+08 341 0 0
3e+08 342 3.31426e-27 -0.0001
3e+08 343 0 0
3e+08 344 0 0
3e+08 345 0 0
3e+08 346 0 0
3e+08 347 0 0
3e+08 348 0 0
3e+08 349 0 0
3e+08 350 0 0
3e+08 351 0 0
3e+08 352 0 0
3e+08 353 0 0
3e+08 354 0 0
3e+08 355 0 0
3e+08 356 0 0
3e+08 357 0 0
3e+08 358 0 0
3e+08 359 0 0
3e+08 360 0 0
3e+08 361 0 0
3e+08 362 0 0
3e+08 363 0 0
3e+08 364 0 0
3e+08 365 0 0
3e+08 366 0 0
3e+08 367 0 0
3e+08 368 0 0
3e+08 369 0 0
3e+08 370 0 0
3e+08 371 0 0
3e+08 372 1.26723e-27 -0.0001
3e+08 373 0 0
3e+08 374 0 0
3e+08 375 0 0
3e+08 376 0 0
3e+08 377 0 0
3e+08 378 0 0
3e+08 379 0 0
3e+08 380 0 0
3e+08 381 0 0
3e+08 382 0 0
3e+08 383 0 0
3e+08 384 0 0
3e+08 385 0 0
3e+08 386 1.09475e-27 -0.0001
3e+08 387 0 0
3e+08 388 0 0
3e+08 389 0 0
3e+08 390 0 0
3e+08 391 0 0
3e+08 392 0 0
3e+08 393 0 0
3e+08 394 9.74074e-27 0.0001
3e+08 395 0 0
3e+08 396 0 0
3e+08 397 0 0
3e+08 398 0 0
3e+08 399 0 0
3e+08 400 0 0
3e+08 401 0 0
3e+08 402 0 0
3e+08 403 4.66972e-27 0.0001
3e+08 404 0 0
3e+08 405 0 0
3e+08 406 0 0
3e+08 407 0 0
3e+08 408 0 0
3e+08 409 0 0
3e+08 410 0 0
3e+08 411 0 0
3e+08 412 0 0
3e+08 413 0 0
3e+08 414 0 0
3e+08 415 0 0
3e+08 416 0 0
3e+08 417 0 0
3e+08 418 0 0
3e+08 419 0 0
3e+08 420 0 0
3e+08 421 0 0
3e+08 422 0 0
3e+08 423 0 0
3e+08 424 0 0
3e+08 425 0 0
3e+08 426 0 0
3e+08 427 0 0
3e+08 428 0 0
3e+08 429 1.03841e-27 -0.0001
3e+08 430 1.16862e-27 -0.0001
3e+08 431 0 0
3e+08 432 0 0
3e+08 433 0 0
3e+08 434 0 0
3e+08 435 0 0
3e+08 436 0 0
3e+08 437 0 0
3e+08 438 0 0
3e+08 439 0 0
3e+08 440 0 0
3e+08 441 7.24485e-28 -0.0001
3e+08 442 0 0
3e+08 443 0 0
3e+08 444 0 0
3e+08 445 0 0
3e+08 446 4.33321e-27 0.0001
3e+08 447 0 0
3e+08 448 0 0
3e+08 449 0 0
3e+08 450 0 0
3e+08 451 8.51853e-28 -0.0001
3e+08 452 0 0
3e+08 453 0 0
3e+08 454 0 0
3e+08 455 7.72187e-28 -0.0001
3e+08 456 0 0
3e+08 457 0 0
3e+08 458 0 0
3e+08 459 0 0
3e+08 460 0 0
3e+08 461 0 0
3e+08 462 0 0
3e+08 463 0 0
3e+08 464 0 0
3e+08 465 0 0
3e+08 466 3.17773e-27 0.0001
3e+08 467 0 0
3e+08 468 0 0
3e+08 469 0 0
3e+08 470 0 0
3e+08 471 0 0
3e+08 472 0 0
3e+08 473 0 0
3e+08 474 0 0
3e+08 475 0.0422482 -0.0016
3e+08 476 0.0268123 -0.001
3e+08 477 0.0441122 0
3e+08 478 0.0486088 -0.0012
3e+08 479 0.0498137 -0.0001
3e+08 480 0.064295 -0.0013
3e+08 481 0.0540096 -0.0008
3e+08 482 0.0608867 -0.0012
3e+08 483 0.0610219 -0.0014
3e+08 484 0.0714059 0.0002
3e+08 485 0.0907912 -0.0018
3e+08 486 0.082147 0.0004
3e+08 487 0.0706366 -0.0003
3e+08 488 0.100555 -0.001
3e+08 489 0.063286 -0.0008
3e+08 490 0.0721327 -0.0001
3e+08 491 0.0719585 -0.0017
3e+08 492 0.0760975 0.0002
3e+08 493 0.073428 -0.0009
3e+08 494 0.0896716 -0.0002
3e+08 495 0.0835005 0.0008
3e+08 496 0.0650943 0.0003
3e+08 497 0.08852 -0.0013
3e+08 498 0.0836883 -0.0006
3e+08 499 0.0676691 -0.0005
3e+08 500 0.0855652 -0.0012
3e+08 501 0.0780196 0.0002
3e+08 502 0.0666935 -0.0008
3e+08 503 0.0985805 -0.0008
3e+08 504 0.10175 0.0001
3e+08 505 0.0829209 -0.0006
3e+08 506 0.080993 0.0005
3e+08 507 0.0965014 -0.0011
3e+08 508 0.0905517 -0.0008
3e+08 509 0.0850292 0.0013
3e+08 510 0.0813876 -0.0012
3e+08 511 0.0864349 -0.0008
3e+08 512 0.0802578 0.0002
3e+08 513 0.0886462 -0.0012
3e+08 514 0.0766397 0.0006
3e+08 515 0.0788108 0.0004
3e+08 516 0.0714381 -0.0007
3e+08 517 0.0701379 -0.0013
3e+08 518 0.0952194 -0.0019
3e+08 519 0.0968611 0.0003
3e+08 520 0.0766328 0.0001
3e+08 521 0.0849026 -0.0001
3e+08 522 0.0918687 0.0002
3e+08 523 0.0909954 -0.0018
3e+08 524 0.0981233 0.0003
3e+08 525 0.011576 0.0001
3e+08 526 0 0
3e+08 527 4.53589e-27 0.0001
3e+08 528 0 0
3e+08 529 0 0
3e+08 530 0 0
3e+08 531 0 0
3e+08 532 0 0
3e+08 533 0 0
3e+08 534 0 0
3e+08 535 0 0
3e+08 536 0 0
3e+08 537 7.82427e-28 -0.0001
3e+08 538 0 0
3e+08 539 0 0
3e+08 540 0 0
3e+08 541 0 0
3e+08 542 0 0
3e+08 543 0 0
3e+08 544 0 0
3e+08 545 0 0
3e+08 546 0 0
3e+08 547 2.53974e-27 0.0001
3e+08 548 0 0
3e+08 549 5.59198e-27 0.0002
3e+08 550 0 0
3e+08 551 0 0
3e+08 552 4.77103e-27 0.0001
3e+08 553 0 0
3e+08 554 2.36019e-27 0.0001
3e+08 555 7.0067e-27 0.0001
3e+08 556 2.45955e-27 -0.0001
3e+08 557 0 0
3e+08 558 6.7301e-28 -0.0001
3e+08 559 0 0
3e+08 560 0 0
3e+08 561 0 0
3e+08 562 0 0
3e+08 563 0 0
3e+08 564 6.93731e-28 0.0001
3e+08 565 3.80153e-27 0.0001
3e+08 566 9.13819e-27 0.0001
3e+08 567 0 0
3e+08 568 0 0
3e+08 569 0 0
3e+08 570 0 0
3e+08 571 6.22397e-27 0.0001
3e+08 572 0 0
3e+08 573 0 0
3e+08 574 0 0
3e+08 575 0 0
3e+08 576 0 0
3e+08 577 9.63757e-28 -0.0001
3e+08 578 0 0
3e+08 579 0 0
3e+08 580 0 0
3e+08 581 0 0
3e+08 582 0 0
3e+08 583 3.33004e-27 0.0001
3e+08 584 0 0
3e+08 585 0 0
3e+08 586 8.10028e-28 -0.0001
3e+08 587 0 0
3e+08 588 0 0
3e+08 589 0 0
3e+08 590 0 0
3e+08 591 7.1854e-28 -0.0001
3e+08 592 0 0
3e+08 593 3.84485e-27 0
3e+08 594 0 0
3e+08 595 0 0
3e+08 596 4.37827e-27 0.0001
3e+08 597 0 0
3e+08 598 1.05765e-26 0.0001
3e+08 599 0 0
3e+08 600 0 0
3e+08 601 0 0
3e+08 602 0 0
3e+08 603 0 0
3e+08 604 0 0
3e+08 605 0 0
3e+08 606 0 0
3e+08 607 0 0
3e+08 608 0 0
3e+08 609 0 0
3e+08 610 5.63337e-27 0.0002
3e+08 611 4.22579e-27 0.0001
3e+08 612 0 0
3e+08 613 2.68927e-27 0.0001
3e+08 614 0 0
3e+08 615 0 0
3e+08 616 1.99414e-27 0.0001
3e+08 617 0 0
3e+08 618 0 0
3e+08 619 0 0
3e+08 620 7.79629e-26 0.0001
3e+08 621 0 0
3e+08 622 1.30705e-26 0.0002
3e+08 623 3.70191e-27 0.0001
3e+08 624 0 0
3e+08 625 0 0
3e+08 626 2.88204e-27 0.0001
3e+08 627 0 0
3e+08 628 0 0
3e+08 629 0 0
3e+08 630 7.17155e-27 0.0001
3e+08 631 1.44368e-27 -0.0001
3e+08 632 4.19298e-27 0.0001
3e+08 633 0 0
3e+08 634 0 0
3e+08 635 4.89445e-27 0.0001
3e+08 636 0 0
3e+08 637 0 0
3e+08 638 0 0
3e+08 639 5.58434e-27 0.0002
3e+08 640 1.15622e-26 0.0001
3e+08 641 1.9604e-27 0.0001
3e+08 642 0 0
3e+08 643 4.77629e-27 0.0001
3e+08 644 5.30537e-27 0.0002
3e+08 645 0 0
3e+08 646 0 0
3e+08 647 4.5226e-27 -0.0001
3e+08 648 0 0
3e+08 649 0 0
3e+08 650 0 0
3e+08 651 4.49453e-27 0.0001
3e+08 652 0 0
3e+08 653 0 0
3e+08 654 0 0
3e+08 655 0 0
3e+08 656 0 0
3e+08 657 8.60978e-28 -0.0001
3e+08 658 0 0
3e+08 659 0 0
3e+08 660 3.85337e-27 0.0002
3e+08 661 1.27784e-26 0.0001
3e+08 662 4.52612e-27 0.0001
3e+08 663 0 0
3e+08 664 0 0
3e+08 665 1.49099e-26 0.0001
3e+08 666 9.10047e-27 0.0001
3e+08 667 4.50085e-27 0
3e+08 668 0 0
3e+08 669 1.41769e-25 0.0002
3e+08 670 0 0
3e+08 671 1.24831e-26 0.0001
3e+08 672 0 0
3e+08 673 0 0
3e+08 674 1.19659e-26 0.0001
3e+08 675 6.02489e-27 0.0001
3e+08 676 7.99543e-28 -0.0001
3e+08 677 0 0
3e+08 678 7.33351e-27 0.0001
3e+08 679 0 0
3e+08 680 0 0
3e+08 681 2.09354e-27 0.0001
3e+08 682 8.54863e-27 0.0002
3e+08 683 0 0
3e+08 684 2.58225e-27 -0.0001
3e+08 685 2.37955e-26 0.0001
3e+08 686 0 0
3e+08 687 0 0
3e+08 688 2.51258e-27 0.0001
3e+08 689 0 0
3e+08 690 0 0
3e+08 691 0 0
3e+08 692 3.22081e-27 0.0001
3e+08 693 0 0
3e+08 694 0 0
3e+08 695 1.46849e-26 0.0001
3e+08 696 0 0
3e+08 697 8.2938e-28 -0.0001
3e+08 698 2.87234e-26 0.0002
3e+08 699 0 0
3e+08 700 0 0
3e+08 701 0 0
3e+08 702 0 0
3e+08 703 2.16353e-27 0.0001
3e+08 704 0 0
3e+08 705 0 0
3e+08 706 7.16209e-27 0.0002
3e+08 707 0 0
3e+08 708 3.37005e-27 0.0001
3e+08 709 3.53926e-27 0.0001
3e+08 710 0 0
3e+08 711 0 0
3e+08 712 9.01377e-28 -0.0001
3e+08 713 0 0
3e+08 714 0 0
3e+08 715 0 0
3e+08 716 4.47238e-27 0.0001
3e+08 717 0 0
3e+08 718 3.71952e-27 0.0001
3e+08 719 2.40669e-27 0.0001
3e+08 720 3.37221e-27 0.0001
3e+08 721 0 0
3e+08 722 0 0
3e+08 723 0 0
3e+08 724 4.9678e-27 0.0001
3e+08 725 0 0
3e+08 726 0 0
3e+08 727 0 0
3e+08 728 2.56291e-27 0.0001
3e+08 729 1.94381e-26 0.0001
3e+08 730 0 0
3e+08 731 8.15803e-27 0.0002
3e+08 732 0 0
3e+08 733 1.35577e-26 0.0001
3e+08 734 0 0
3e+08 735 0 0
3e+08 736 0 0
3e+08 737 5.34098e-27 0.0001
3e+08 738 1.01464e-26 0.0002
3e+08 739 0 0
3e+08 740 0 0
3e+08 741 3.8994e-27 0.0001
3e+08 742 1.7042e-26 0.0002
3e+08 743 7.54677e-27 0.0002
3e+08 744 0 0
3e+08 745 0 0
3e+08 746 0 0
3e+08 747 7.13418e-27 0.0001
3e+08 748 9.48055e-28 -0.0001
3e+08 749 5.01835e-27 0.0001
3e+08 750 0 0
3e+08 751 0 0
3e+08 752 3.49635e-27 0.0001
3e+08 753 7.93985e-27 0.0002
3e+08 754 7.80698e-27 0.0001
3e+08 755 0 0
3e+08 756 0 0
3e+08 757 0 0
3e+08 758 0 0
3e+08 759 7.51724e-27 0.0001
3e+08 760 0 0
3e+08 761 1.07819e-27 -0.0001
3e+08 762 0 0
3e+08 763 0 0
3e+08 764 2.65937e-27 0.0001
3e+08 765 0 0
3e+08 766 4.31173e-27 0.0001
3e+08 767 0 0
3e+08 768 0 0
3e+08 769 0 0
3e+08 770 0 0
3e+08 771 4.09098e-27 0
3e+08 772 0 0
3e+08 773 0 0
3e+08 774 0 0
3e+08 775 0 0
3e+08 776 0 0
3e+08 777 0 0
3e+08 778 0 0
3e+08 779 0 0
3e+08 780 0 0
3e+08 781 4.97113e-27 0.0001
3e+08 782 6.21787e-27 0.0001
3e+08 783 0 0
3e+08 784 3.02054e-27 0
3e+08 785 0 0
3e+08 786 0 0
3e+08 787 3.64995e-27 0.0001
3e+08 788 0 0
3e+08 789 0 0
3e+08 790 0 0
3e+08 791 0 0
3e+08 792 3.09363e-27 0.0001
3e+08 793 2.67892e-27 0.0001
3e+08 794 0 0
3e+08 795 8.82988e-27 0.0001
3e+08 796 1.18656e-27 -0.0001
3e+08 797 2.98469e-27 0.0001
3e+08 798 1.9393e-26 0.0001
3e+08 799 0 0
3e+08 800 0 0
3e+08 801 0 0
3e+08 802 0 0
3e+08 803 2.71911e-27 0.0001
3e+08 804 3.14332e-27 0.0001
3e+08 805 0 0
3e+08 806 0 0
3e+08 807 3.715e-27 0.0001
3e+08 808 3.59876e-27 -0.0001
3e+08 809 0 0
3e+08 810 0 0
3e+08 811 0 0
3e+08 812 0 0
3e+08 813 0 0
3e+08 814 3.49402e-27 0.0001
3e+08 815 1.16071e-26 0.0001
3e+08 816 7.06824e-27 0.0002
3e+08 817 7.7609e-27 0.0001
3e+08 818 0 0
3e+08 819 0 0
3e+08 820 0 0
3e+08 821 0 0
3e+08 822 0 0
3e+08 823 0 0
3e+08 824 0 0
3e+08 825 1.3404e-27 -0.0001
3e+08 826 0 0
3e+08 827 2.15898e-27 0.0001
3e+08 828 5.97408e-27 0.0001
3e+08 829 0 0
3e+08 830 0 0
3e+08 831 0 0
3e+08 832 0 0
3e+08 833 1.27894e-25 0.0001
3e+08 834 2.26354e-27 0.0001
3e+08 835 3.59778e-27 0.0001
3e+08 836 0 0
3e+08 837 2.61653e-27 0.0001
3e+08 838 0 0
3e+08 839 9.12267e-27 0.0001
3e+08 840 0 0
3e+08 841 0 0
3e+08 842 8.14551e-27 0.0001
3e+08 843 0 0
3e+08 844 0 0
3e+08 845 0 0
3e+08 846 0 0
3e+08 847 0 0
3e+08 848 4.23103e-27 0.0001
3e+08 849 3.78315e-27 0.0001
3e+08 850 5.36428e-26 0
3e+08 851 2.59616e-26 0.0001
3e+08 852 5.86068e-26 0
3e+08 853 2.09487e-26 0.0001
3e+08 854 2.20656e-26 0
3e+08 855 1.86474e-26 0
3e+08 856 7.68084e-27 0
3e+08 857 6.87304e-27 0
3e+08 858 8.34491e-07 0.0001
3e+08 859 2.85951e-07 0
3e+08 860 1.90382e-27 0
3e+08 861 1.73199e-26 0.0001
3e+08 862 1.91011e-26 0
3e+08 863 3.92906e-07 -0.0001
3e+08 864 1.31151e-06 0.0001
3e+08 865 2.02318e-07 0.0001
3e+08 866 2.59522e-07 0
3e+08 867 6.4602e-27 0.0001
3e+08 868 5.74868e-07 0
3e+08 869 1.16266e-25 0.0001
3e+08 870 1.05025e-26 0
3e+08 871 6.46589e-07 0
3e+08 872 4.4133e-07 0.0002
3e+08 873 5.26599e-07 0.0001
3e+08 874 8.35915e-07 0.0001
3e+08 875 3.6633e-07 0
3e+08 876 3.48863e-27 0
3e+08 877 0 0
3e+08 878 3.192e-27 0.0001
3e+08 879 3.90582e-06 -0.0001
3e+08 880 5.16839e-07 0.0001
3e+08 881 5.58144e-07 0
3e+08 882 1.2671e-06 0.0001
3e+08 883 7.91817e-07 0.0001
3e+08 884 1.10795e-06 0.0001
3e+08 885 5.72378e-07 0.0002
3e+08 886 8.8486e-07 0
3e+08 887 8.69076e-07 -0.0001
3e+08 888 1.4291e-06 0.0002
3e+08 889 1.29163e-06 -0.0001
3e+08 890 1.09432e-06 -0.0001
3e+08 891 1.05657e-06 0.0003
3e+08 892 1.43622e-06 -0.0001
3e+08 893 3.07212e-07 0.0001
3e+08 894 4.6844e-27 0.0001
3e+08 895 0 0
3e+08 896 1.61272e-07 0.0001
3e+08 897 1.28402e-07 0
3e+08 898 1.7982e-06 0.0001
3e+08 899 3.54177e-07 -0.0002
3e+08 900 1.76097e-06 -0.0001
3e+08 901 7.07488e-07 0
3e+08 902 3.57379e-06 -0.0001
3e+08 903 1.25217e-06 0.0002
3e+08 904 1.18004e-06 -0.0001
3e+08 905 8.58665e-07 0.0003
3e+08 906 4.85813e-07 -0.0001
3e+08 907 1.12337e-06 0.0002
3e+08 908 1.34736e-06 0
3e+08 909 9.35924e-07 -0.0001
3e+08 910 1.16548e-06 0
3e+08 911 1.65182e-06 0.0001
3e+08 912 2.68697e-27 0
3e+08 913 9.24344e-07 -0.0001
3e+08 914 2.51505e-07 0.0001
3e+08 915 1.03522e-06 0.0002
3e+08 916 1.0029e-06 -0.0001
3e+08 917 7.08655e-07 0
3e+08 918 3.52711e-08 0.0002
3e+08 919 1.81258e-06 0
3e+08 920 1.25397e-06 0
3e+08 921 5.49784e-07 0.0001
3e+08 922 4.02595e-07 0
3e+08 923 0 0
3e+08 924 4.88509e-07 0.0001
3e+08 925 1.80225e-07 0
3e+08 926 3.49592e-07 0.0002
3e+08 927 3.66037e-27 0.0001
3e+08 928 0 0
3e+08 929 0 0
3e+08 930 6.38249e-07 0.0001
3e+08 931 1.42857e-06 0
3e+08 932 1.97044e-06 0.0001
3e+08 933 2.6927e-07 -0.0001
3e+08 934 0 0
3e+08 935 2.18969e-07 0
3e+08 936 7.25863e-27 0.0002
3e+08 937 2.13765e-06 0.0002
3e+08 938 1.5653e-07 0
3e+08 939 5.9988e-07 0
3e+08 940 0 0
3e+08 941 0 0
3e+08 942 1.80133e-06 0.0001
3e+08 943 1.83984e-06 0
3e+08 944 8.12602e-06 0.0004
3e+08 945 1.56368e-06 -0.0004
3e+08 946 3.10791e-06 0.0001
3e+08 947 3.04085e-07 -0.0001
3e+08 948 1.66944e-06 0.0002
3e+08 949 4.67348e-07 -0.0001
3e+08 950 1.79426e-06 0
3e+08 951 2.34602e-06 0.0002
3e+08 952 7.45699e-07 0
3e+08 953 1.93215e-07 0.0001
3e+08 954 9.17306e-07 -0.0001
3e+08 955 3.15062e-06 0
3e+08 956 1.01878e-06 0.0001
3e+08 957 2.85099e-07 0
3e+08 958 8.03062e-07 0
3e+08 959 7.87118e-07 0.0003
3e+08 960 1.13466e-06 0
3e+08 961 9.12916e-07 0.0001
3e+08 962 3.31766e-06 0
3e+08 963 0 0
3e+08 964 2.88251e-06 0.0001
3e+08 965 1.09152e-06 -0.0001
3e+08 966 8.99706e-07 0
3e+08 967 3.62518e-27 0.0001
3e+08 968 1.99331e-06 0
3e+08 969 4.26881e-07 0.0001
3e+08 970 0 0
3e+08 971 9.06959e-07 0.0001
3e+08 972 3.36512e-07 0.0002
3e+08 973 8.73143e-07 0
3e+08 974 2.36268e-07 -0.0001
3e+08 975 1.48449e-06 0.0002
3e+08 976 9.32699e-07 -0.0001
3e+08 977 0 0
3e+08 978 2.93329e-07 -0.0001
3e+08 979 7.96771e-07 0.0002
3e+08 980 2.8145e-06 0.0003
3e+08 981 4.29288e-06 0.0001
3e+08 982 1.95613e-07 -0.0001
3e+08 983 1.69637e-06 -0.0001
3e+08 984 3.39147e-07 0
3e+08 985 9.70691e-07 0.0001
3e+08 986 1.38689e-06 0
3e+08 987 1.36425e-06 0.0001
3e+08 988 9.98084e-07 0
3e+08 989 2.67782e-07 0.0001
3e+08 990 7.16896e-07 0
3e+08 991 2.77567e-06 0.0002
3e+08 992 1.98524e-06 -0.0001
3e+08 993 0 0
3e+08 994 1.2486e-06 0
3e+08 995 1.63195e-06 0
3e+08 996 3.8907e-07 0.0001
3e+08 997 1.56255e-06 0.0002
3e+08 998 1.16186e-06 -0.0001
3e+08 999 0 0
3e+08 1000 3.40672e-06 0.0001
3e+08 1001 3.19961e-06 -0.0001
3e+08 1002 7.18514e-07 0.0001
3e+08 1003 7.83202e-07 0.0001
3e+08 1004 2.65013e-06 0.0001
3e+08 1005 7.71238e-07 -0.0001
3e+08 1006 2.5152e-07 0
3e+08 1007 5.82335e-08 0
3e+08 1008 7.56015e-07 0.0002
3e+08 1009 1.80771e-06 -0.0001
3e+08 1010 6.5693e-07 0
3e+08 1011 2.62672e-06 0
3e+08 1012 1.31195e-06 0.0001
3e+08 1013 3.35022e-06 0.0001
3e+08 1014 2.45392e-06 -0.0001
3e+08 1015 1.0972e-06 0.0001
3e+08 1016 5.45884e-07 -0.0002
3e+08 1017 7.4795e-07 0
3e+08 1018 0 0
3e+08 1019 7.12371e-07 0.0002
3e+08 1020 0 0
3e+08 1021 8.34811e-27 0.0001
3e+08 1022 1.58385e-06 0.0001
3e+08 1023 0 0
3e+08 1024 4.19751e-07 0
3e+08 1025 5.84557e-06 0
3e+08 1026 0 0
3e+08 1027 0 0
3e+08 1028 2.8148e-07 0
3e+08 1029 2.56829e-06 0
3e+08 1030 2.79199e-06 0
3e+08 1031 1.31244e-06 0
3e+08 1032 7.87574e-07 0
3e+08 1033 1.56904e-07 0
3e+08 1034 0 0
3e+08 1035 1.63078e-08 0.0001
3e+08 1036 1.12887e-06 0
3e+08 1037 7.57731e-07 0
3e+08 1038 3.3521e-07 0
3e+08 1039 0 0
3e+08 1040 1.60458e-06 0.0001
3e+08 1041 4.27422e-07 0.0001
3e+08 1042 3.95168e-06 -0.0001
3e+08 1043 9.11266e-07 0
3e+08 1044 1.63932e-06 0.0001
3e+08 1045 3.66319e-27 0.0001
3e+08 1046 3.45634e-06 0
3e+08 1047 0 0
3e+08 1048 2.04628e-06 0.0002
3e+08 1049 1.65459e-06 -0.0001
3e+08 1050 4.42295e-07 -0.0001
3e+08 1051 2.2147e-06 0.0003
3e+08 1052 8.2181e-07 0.0001
3e+08 1053 2.56545e-07 0.0001
3e+08 1054 2.20821e-06 0.0001
3e+08 1055 6.4975e-07 -0.0002
3e+08 1056 2.25993e-06 0.0001
3e+08 1057 4.16217e-07 0
3e+08 1058 3.51628e-06 0.0001
3e+08 1059 8.77574e-07 -0.0001
3e+08 1060 3.92652e-06 -0.0001
3e+08 1061 6.76811e-07 0
3e+08 1062 9.89881e-07 0.0001
3e+08 1063 1.3084e-06 -0.0001
3e+08 1064 1.35338e-06 0.0001
3e+08 1065 2.2273e-07 0
3e+08 1066 1.23573e-07 0
3e+08 1067 0 0
3e+08 1068 2.86725e-06 0.0002
3e+08 1069 5.37627e-07 -0.0003
3e+08 1070 1.35545e-06 0.0002
3e+08 1071 6.15783e-07 -0.0003
3e+08 1072 7.70406e-07 0.0001
3e+08 1073 1.59324e-06 -0.0001
3e+08 1074 3.34496e-06 0.0002
3e+08 1075 6.40487e-07 0
3e+08 1076 1.42747e-06 0
3e+08 1077 1.92677e-06 0
3e+08 1078 6.2828e-07 0
3e+08 1079 2.188e-06 0
3e+08 1080 2.08768e-06 0.0001
3e+08 1081 4.17626e-06 0.0001
3e+08 1082 1.22022e-06 0.0002
3e+08 1083 1.76262e-06 -0.0002
3e+08 1084 1.88533e-06 0.0001
3e+08 1085 4.72112e-06 -0.0001
3e+08 1086 9.6946e-07 0
3e+08 1087 2.18883e-06 0.0001
3e+08 1088 2.00916e-06 0.0001
3e+08 1089 2.48627e-06 -0.0001
3e+08 1090 2.19791e-06 0
3e+08 1091 0 0
3e+08 1092 2.09248e-06 0
3e+08 1093 2.90538e-06 0.0003
3e+08 1094 2.81069e-06 0
3e+08 1095 5.56398e-08 0
3e+08 1096 1.46577e-06 0.0001
3e+08 1097 8.62162e-07 -0.0001
3e+08 1098 1.56683e-06 0
3e+08 1099 1.32636e-06 0
3e+08 1100 0 0
3e+08 1101 0 0
3e+08 1102 3.46548e-06 0
3e+08 1103 5.49774e-06 0
3e+08 1104 1.1652e-06 0.0002
3e+08 1105 1.91653e-06 -0.0001
3e+08 1106 0 0
3e+08 1107 4.95132e-27 0.0001
3e+08 1108 4.01908e-06 0
3e+08 1109 7.47108e-06 0
3e+08 1110 3.56979e-06 0.0001
3e+08 1111 1.66968e-06 -0.0001
3e+08 1112 2.78581e-06 0
3e+08 1113 4.48607e-07 0
3e+08 1114 3.03328e-06 0.0002
3e+08 1115 2.92117e-07 -0.0001
3e+08 1116 8.87128e-07 0
3e+08 1117 2.18171e-06 0
3e+08 1118 6.21896e-08 0.0001
3e+08 1119 1.08561e-06 0
3e+08 1120 0 0
3e+08 1121 6.21569e-06 0
3e+08 1122 3.21666e-06 0
3e+08 1123 4.63449e-27 0.0001
3e+08 1124 2.51731e-06 0
3e+08 1125 3.13945e-06 0
3e+08 1126 6.33635e-07 0
3e+08 1127 3.74677e-07 0.0001
3e+08 1128 1.15169e-06 0
3e+08 1129 6.77471e-07 0
3e+08 1130 1.25067e-06 0.0001
3e+08 1131 9.06905e-07 0.0002
3e+08 1132 8.63408e-06 0
3e+08 1133 2.14845e-06 0.0001
3e+08 1134 2.62642e-06 -0.0003
3e+08 1135 6.47416e-07 -0.0001
3e+08 1136 1.08652e-06 0.0002
3e+08 1137 1.86973e-07 0
3e+08 1138 0 0
3e+08 1139 4.95835e-06 0
3e+08 1140 0 0
3e+08 1141 0 0
3e+08 1142 3.77686e-06 0
3e+08 1143 4.2606e-27 0.0001
3e+08 1144 1.53875e-06 0
3e+08 1145 4.0177e-07 0
3e+08 1146 1.20955e-06 0
3e+08 1147 8.08248e-06 0.0001
3e+08 1148 2.34664e-06 0
3e+08 1149 3.96855e-06 0.0081
