475 2.50193e-21
475 2.76232e-15
475 0.0005
475 2.50193e-21
475 0.0005
475 2.50193e-21
475 5.97846e-20
475 8.76857e-56
375 1.4452e-21
475 2.50193e-21
475 0.000467098
475 8.16926e-06
475 1.50775e-05
475 7.68462e-06
389 9.21371e-23
475 2.50193e-21
475 2.91247e-13
475 1.87511e-05
70 2.61896e-21
475 2.50193e-21
475 6.32489e-13
475 5.36886e-06
270 1.95303e-21
475 2.50193e-21
475 3.64877e-06
475 5.17656e-05
475 5.92315e-27
475 1.64562e-25
475 1.31143e-14
475 5.98784e-20
475 8.99499e-16
475 1.37671e-27
475 2.45761e-07
475 1.26268e-14
475 0.00044434
475 2.50193e-21
475 3.70532e-09
475 2.9367e-12
475 2.20377e-16
475 0.000377767
475 3.77033e-05
475 3.16643e-05
475 9.05389e-07
475 2.37797e-05
475 1.74889e-05
475 4.794e-06
475 5.89402e-06
475 2.50193e-21
475 1.52169e-09
475 8.37141e-06
475 0
475 0.000283409
475 3.40192e-13
475 2.00939e-05
475 1.5425e-06
232 1.12483e-21
475 2.50193e-21
475 7.15903e-05
475 4.22547e-06
158 1.97601e-21
475 2.50193e-21
475 1.21679e-16
475 0.000229715
475 0.000270285
475 2.50193e-21
475 1.77911e-12
475 7.3485e-21
475 1.13972e-05
475 7.46357e-19
475 6.30986e-06
475 4.72524e-08
475 1.70969e-13
475 1.00185e-10
475 7.22756e-25
475 5.77855e-13
475 1.29368e-14
475 7.66021e-15
475 1.02285e-21
475 4.23133e-16
475 2.78664e-08
475 1.4219e-10
475 4.0101e-17
475 9.15287e-08
475 2.03792e-19
475 7.33482e-08
475 4.36859e-12
475 1.33611e-06
475 6.11114e-09
475 4.81593e-08
475 6.02019e-17
475 1.27288e-22
475 1.1187e-19
475 3.93158e-09
475 2.13771e-06
333 1.90353e-21
475 2.50193e-21
475 6.43582e-06
475 6.86635e-29
475 1.30135e-09
475 6.05226e-06
475 8.19846e-13
475 2.19275e-06
475 8.69171e-34
475 1.05643e-29
475 4.68026e-16
475 4.59989e-08
475 6.669e-29
475 3.09593e-18
475 6.29103e-06
475 0
475 5.00031e-11
475 2.91624e-09
475 1.12254e-08
475 1.91245e-33
475 1.62202e-11
475 7.42182e-14
475 2.89379e-09
475 0.000478964
475 2.50193e-21
475 2.73886e-07
475 9.29362e-18
373 1.52681e-21
475 2.50193e-21
475 0.0005
475 2.50193e-21
475 1.94907e-08
475 0.000499981
475 2.50193e-21
475 3.17107e-10
475 3.58314e-28
0 2.81197e-21
475 2.50193e-21
475 4.21396e-14
475 1.55404e-06
0 2.98589e-21
475 2.50193e-21
475 1.81859e-17
475 3.77879e-08
475 3.30014e-09
475 1.62398e-08
475 0.000126887
475 1.19953e-06
475 5.99524e-14
475 1.54011e-16
475 9.67428e-19
475 1.22939e-18
475 7.24632e-09
475 3.493e-15
475 1.52671e-15
475 4.42492e-18
475 0.000329535
475 2.29973e-05
475 5.17283e-06
475 9.42526e-07
475 9.36291e-06
475 1.56545e-06
220 1.44714e-22
475 2.50193e-21
475 8.15736e-06
475 2.77642e-07
475 5.42854e-11
475 2.05723e-06
63 2.6382e-21
475 2.50193e-21
475 2.21969e-17
475 0.0005
475 2.50193e-21
475 1.55582e-08
475 1.414e-06
475 7.30213e-07
475 1.40743e-15
475 2.06166e-17
475 3.71168e-16
475 5.16303e-16
0 2.65041e-21
475 2.50193e-21
475 1.41599e-05
475 7.42817e-06
417 1.49295e-21
475 2.50193e-21
475 4.65472e-05
475 2.49852e-35
475 3.00308e-06
475 2.7636e-09
475 2.13884e-06
475 2.18269e-13
475 4.78402e-12
475 8.1688e-08
475 6.00726e-06
384 1.67132e-21
475 2.50193e-21
475 5.82124e-21
475 1.99159e-07
475 3.20711e-11
475 7.21728e-08
278 1.82228e-21
475 2.50193e-21
475 6.76088e-08
475 0.00010921
475 9.95775e-30
475 6.10867e-07
352 1.37829e-21
475 2.50193e-21
475 5.06208e-05
475 7.79369e-11
475 8.49113e-10
475 0.000449378
475 2.50193e-21
475 1.34613e-07
475 3.99927e-43
475 0
475 1.60558e-13
475 7.06278e-06
237 1.9974e-21
475 2.50193e-21
475 2.30335e-21
475 4.68515e-08
475 6.46281e-08
475 7.02149e-05
475 2.06189e-09
475 0.000429672
475 2.50193e-21
475 2.47494e-12
475 0.0005
475 2.50193e-21
475 3.50493e-13
475 5.69292e-10
475 4.01419e-13
475 7.69811e-27
475 8.80713e-06
475 0.000156299
475 3.94016e-14
475 6.08974e-15
475 4.14723e-11
475 7.16553e-30
475 2.21656e-12
475 1.96964e-10
475 1.71028e-15
475 4.40148e-10
475 7.36115e-07
45 2.22476e-21
475 2.50193e-21
475 2.37644e-19
475 7.27702e-11
475 9.63831e-07
475 2.30653e-05
475 9.11457e-11
475 4.41121e-13
475 5.3321e-13
475 9.03362e-15
475 1.88173e-08
63 2.59895e-21
475 2.50193e-21
475 2.45683e-09
475 5.49922e-06
475 0
475 2.80692e-12
475 2.51034e-27
475 1.74469e-16
475 1.07996e-12
475 1.28868e-09
475 1.1339e-06
475 0.000493363
475 2.50193e-21
475 2.57824e-07
475 0.000499742
475 2.50193e-21
475 1.19235e-07
475 9.07239e-11
475 3.07204e-16
475 1.82192e-06
475 0.000498059
475 2.50193e-21
475 3.71501e-12
475 4.46876e-10
475 1.60035e-05
351 1.44632e-21
475 2.50193e-21
475 1.01042e-16
475 6.92958e-10
475 1.23445e-05
475 1.34573e-07
475 1.03294e-12
475 1.44788e-11
475 0
475 9.36473e-11
475 2.04305e-06
413 1.3362e-21
475 2.50193e-21
475 8.5459e-09
475 3.06005e-28
475 6.71143e-06
0 2.65678e-21
475 2.50193e-21
475 1.97868e-08
475 1.32936e-07
475 5.04359e-19
475 7.62006e-06
405 1.4188e-21
475 2.50193e-21
475 5.42076e-05
475 3.69952e-14
475 2.41499e-52
475 1.15834e-28
475 4.00496e-30
475 3.80374e-25
475 1.06565e-12
475 1.39268e-06
475 2.98203e-07
475 2.13743e-06
475 3.32673e-10
475 5.68343e-06
475 2.72344e-09
475 1.00737e-18
475 4.69183e-08
475 5.55452e-24
475 3.29769e-05
475 7.23929e-13
475 5.08533e-13
475 5.69501e-11
475 4.12407e-11
475 0.000403254
475 2.50193e-21
475 2.84935e-09
475 1.51085e-13
475 1.96953e-09
475 2.24247e-08
475 2.669e-12
475 2.23187e-11
475 2.84611e-05
475 8.62489e-13
475 5.91306e-21
475 7.82063e-06
84 2.50905e-21
475 2.50193e-21
475 9.02732e-05
475 5.94638e-05
475 1.40205e-10
475 8.07708e-28
475 6.58744e-09
475 0.000350256
475 2.50193e-21
475 1.49575e-09
475 4.80969e-18
475 3.3533e-05
475 8.1359e-06
475 7.64359e-06
475 2.18901e-20
475 7.06527e-05
475 5.18422e-12
475 6.68444e-13
475 2.88906e-05
475 2.99118e-12
475 0.00025664
475 1.27213e-05
475 3.2787e-06
475 3.57913e-05
475 2.56024e-05
475 8.34038e-06
475 2.32985e-06
0 3.15179e-22
475 2.50193e-21
475 5.61234e-07
475 5.93662e-05
475 7.2407e-07
475 0.000309003
475 6.04752e-05
475 2.45858e-05
475 2.13905e-05
475 7.92602e-06
475 1.06467e-05
475 5.32164e-06
475 2.50193e-21
475 4.38252e-08
475 1.41432e-12
475 2.8015e-07
475 3.02699e-23
475 1.04345e-09
475 6.41801e-14
475 2.95705e-13
475 5.80645e-08
475 2.91265e-14
475 0.000212669
475 1.0029e-22
475 1.23919e-10
475 2.10031e-14
475 0.000286948
475 2.50193e-21
475 0.000259318
475 5.85329e-08
475 1.13314e-18
475 9.47253e-22
475 8.05626e-05
475 2.64492e-05
475 8.07653e-05
475 2.50765e-05
475 1.45198e-05
475 6.6678e-06
475 6.58223e-06
475 2.50193e-21
475 3.7497e-14
475 4.56002e-13
475 0.0005
475 2.50193e-21
475 5.46197e-30
475 7.54547e-26
475 6.9968e-11
475 5.63156e-08
475 2.64391e-06
475 2.58867e-23
475 5.65587e-06
323 1.68685e-21
475 2.50193e-21
475 8.199e-09
475 3.84294e-08
38 2.80423e-21
475 2.50193e-21
475 1.49796e-07
475 2.05014e-06
475 4.21952e-18
0 2.79519e-21
475 2.50193e-21
475 9.10761e-15
475 8.27587e-13
475 2.91946e-16
475 4.71989e-14
475 3.04142e-11
475 7.56998e-07
298 1.72679e-21
475 2.50193e-21
475 3.37412e-10
475 1.17078e-05
475 0.000488292
475 2.50193e-21
475 0.000300857
475 1.98806e-33
475 3.14071e-06
475 4.56692e-283
475 2.15843e-10
475 3.88445e-18
475 5.24879e-35
475 8.15184e-22
475 9.44358e-15
475 0.000196002
475 2.50193e-21
475 2.16353e-14
475 0.0005
475 2.50193e-21
475 2.08813e-14
475 3.30903e-13
55 2.59681e-21
475 2.50193e-21
475 3.71122e-08
475 3.33445e-20
475 1.24252e-14
475 3.4834e-05
475 1.63821e-14
475 1.88728e-12
475 1.81692e-07
475 2.79959e-24
475 2.19471e-05
475 0.000110226
475 8.18031e-14
475 6.00554e-10
475 1.68847e-17
475 4.04113e-24
475 3.92587e-32
475 8.42381e-62
475 2.26697e-10
475 4.80577e-17
475 0.000150099
475 7.75049e-71
475 2.31882e-13
475 8.95951e-50
475 6.00754e-22
475 2.38912e-38
475 1.49563e-07
475 3.33361e-05
475 6.66115e-06
475 1.29327e-05
475 2.45872e-05
475 9.95282e-06
475 6.21809e-05
475 2.0277e-05
475 1.53422e-06
475 6.29988e-07
475 3.77218e-07
475 4.23768e-07
475 9.63192e-06
475 2.50193e-21
475 1.10579e-12
475 0.000148136
475 4.21807e-10
475 1.28187e-06
475 0
475 1.10837e-33
475 2.78596e-06
475 0
475 0.000347796
475 2.50193e-21
475 5.99393e-22
475 2.49268e-05
0 2.44331e-21
475 2.50193e-21
475 1.60049e-07
475 1.08272e-06
0 2.61882e-21
475 2.50193e-21
475 0.0005
475 2.50193e-21
475 2.13315e-12
475 0.0005
475 2.50193e-21
475 5.50277e-07
475 0.000151449
475 0
475 6.431e-22
475 1.18883e-33
475 6.21429e-14
475 1.93999e-57
475 1.68625e-08
475 7.23803e-17
475 2.25446e-15
475 1.06936e-16
475 6.26488e-31
475 3.98681e-11
475 1.22032e-14
475 1.49632e-06
475 6.53689e-21
475 2.22109e-10
60 2.2801e-21
475 2.50193e-21
475 9.61663e-13
475 1.07101e-12
475 0.000433125
475 2.95068e-05
475 2.55916e-05
475 1.88521e-06
475 1.2329e-06
78 3.52478e-22
475 2.50193e-21
475 1.75603e-13
475 5.29851e-26
475 0.0005
475 2.50193e-21
475 4.69268e-11
475 7.30976e-06
410 1.50835e-21
475 2.50193e-21
475 1.32051e-12
475 6.45487e-05
475 3.83075e-31
475 1.84712e-11
475 2.91075e-06
475 2.59617e-05
475 0
475 1.86904e-14
475 1.04881e-06
165 2.01182e-21
475 2.50193e-21
475 5.71386e-16
475 2.38777e-06
0 2.65795e-21
475 2.50193e-21
475 7.23751e-44
475 2.3216e-08
263 2.09564e-21
475 2.50193e-21
475 1.4276e-16
475 7.49129e-05
475 3.69753e-09
475 2.68636e-37
475 3.42356e-30
475 6.51811e-06
475 0.000246674
475 1.11622e-51
475 6.71664e-26
475 4.73971e-16
475 5.5168e-41
475 2.27213e-07
97 1.39571e-21
475 2.50193e-21
475 0.000250494
475 6.07896e-16
475 1.21993e-31
475 5.13749e-06
101 1.67655e-21
475 2.50193e-21
475 0.0005
475 2.50193e-21
475 7.76879e-16
475 2.55666e-22
475 5.51264e-06
229 1.89775e-21
475 2.50193e-21
475 7.1063e-42
475 1.02943e-13
475 3.39156e-06
475 4.16626e-11
475 5.84663e-20
475 4.14127e-05
475 4.79025e-07
475 3.94147e-52
475 0
475 8.72604e-08
475 1.07187e-24
475 2.06591e-15
475 2.78521e-14
475 0.000454629
475 2.50193e-21
475 6.74517e-05
475 1.13519e-17
475 0.000136145
475 5.25277e-13
475 8.13629e-36
475 1.40665e-08
475 5.61472e-12
475 4.80325e-06
475 1.22305e-07
475 1.12571e-07
475 1.83377e-29
475 4.45232e-13
475 2.08815e-19
475 1.74654e-05
415 1.00797e-21
475 2.50193e-21
475 2.58966e-22
475 4.28086e-06
475 1.36349e-05
354 1.91016e-21
475 2.50193e-21
475 5.33693e-10
475 0.000499999
475 2.50193e-21
475 5.32383e-06
475 0.000494676
475 2.50193e-21
475 0.000110271
475 8.38595e-26
475 3.55926e-07
475 8.8504e-06
475 6.37481e-06
264 1.49108e-21
475 2.50193e-21
475 3.16906e-10
475 1.52066e-14
475 1.86633e-12
475 2.96e-09
475 4.2171e-20
475 1.09835e-08
475 0.000396747
475 5.47018e-06
475 2.51626e-05
475 2.35037e-05
475 1.52104e-05
475 1.24039e-05
475 9.35168e-06
475 8.63318e-06
475 1.63988e-07
176 1.69067e-22
475 2.50193e-21
475 4.11395e-07
475 3.57727e-06
181 2.23768e-21
475 2.50193e-21
475 3.19512e-07
475 0.00049968
475 2.50193e-21
475 1.17039e-07
475 3.47007e-12
475 0
475 1.22807e-13
475 8.52903e-06
475 2.07183e-12
475 2.59778e-06
475 0
475 4.96697e-20
475 4.76264e-09
475 8.46533e-08
475 1.65672e-06
475 1.0593e-08
475 4.22256e-12
475 4.59622e-06
475 0.000171588
475 2.21589e-16
475 6.30488e-12
475 2.11044e-12
475 2.89416e-17
475 2.39374e-07
475 5.92595e-47
475 2.96189e-16
475 1.54928e-18
475 6.058e-30
475 3.16679e-12
475 6.20997e-22
475 8.44671e-12
475 1.28231e-20
475 3.64229e-06
475 4.31472e-24
475 1.81726e-13
475 9.46852e-05
475 4.52339e-25
475 1.40128e-96
475 3.32557e-28
475 3.99859e-51
475 1.8718e-21
475 4.61879e-30
475 5.32797e-14
475 4.01848e-13
475 3.37313e-16
475 1.17648e-60
475 1.46173e-55
475 0.000112986
475 2.99689e-05
475 2.80071e-05
475 1.04505e-05
475 1.03452e-06
475 1.23791e-05
475 9.58289e-07
475 9.23826e-06
475 2.90674e-06
84 2.34075e-22
475 2.50193e-21
475 2.13903e-20
475 6.97463e-15
475 8.2035e-13
475 0.0005
475 2.50193e-21
475 8.85936e-05
475 3.13205e-07
475 8.55536e-12
475 7.78848e-06
475 6.25175e-15
475 6.92483e-10
475 7.52955e-09
475 2.21168e-12
475 0.000121959
475 3.42674e-37
475 0.000205024
475 1.86649e-05
475 1.40466e-05
475 1.59977e-05
475 1.89544e-05
475 8.64983e-06
475 2.50193e-21
475 0.0005
475 2.50193e-21
475 7.69773e-11
475 0.000128476
475 2.94244e-31
475 6.41781e-12
475 1.11099e-11
475 1.16786e-06
475 4.17021e-65
475 1.73536e-05
411 1.16956e-21
475 2.50193e-21
475 0.0005
475 2.50193e-21
475 2.65827e-10
475 1.47005e-09
475 4.88328e-17
475 1.13611e-14
475 0
475 3.18413e-10
475 0.000156745
475 8.21176e-07
307 1.45825e-21
475 2.50193e-21
475 1.70818e-15
475 1.89716e-13
475 8.27404e-10
475 2.04729e-12
475 2.07074e-05
475 8.33635e-26
475 1.15821e-08
475 4.65049e-37
475 1.20633e-08
475 7.11546e-13
475 1.71534e-07
475 1.32678e-28
475 3.85873e-10
475 5.12299e-08
475 7.60023e-12
475 0.000479045
475 2.50193e-21
475 3.59226e-06
475 1.31197e-12
475 2.09571e-07
475 4.04719e-16
475 0
475 2.90393e-10
475 4.7011e-07
260 1.75473e-21
475 2.50193e-21
475 1.71339e-09
475 1.63286e-06
377 1.50422e-21
475 2.50193e-21
475 3.97254e-05
475 3.57108e-05
475 0.000424564
475 2.50193e-21
475 2.69962e-05
475 2.78404e-14
475 1.8742e-20
475 1.87154e-24
475 6.00059e-14
475 6.56212e-22
475 2.24808e-06
475 1.67987e-26
475 2.16386e-32
475 0.000470756
475 2.50193e-21
475 0.0005
475 2.50193e-21
475 1.52974e-10
475 4.54573e-05
475 1.16019e-05
0 2.59955e-21
475 2.50193e-21
475 3.60405e-06
475 2.42025e-62
475 0
475 0.000263626
475 1.24027e-146
475 1.88e-31
475 9.13395e-06
231 1.26268e-21
475 2.50193e-21
475 3.64082e-08
475 1.02309e-24
475 5.71767e-06
475 7.35576e-07
377 1.42668e-21
475 2.50193e-21
475 1.63475e-23
475 2.65624e-11
475 2.48222e-09
475 0.000499997
475 2.50193e-21
475 4.06451e-08
475 6.91671e-06
475 1.19617e-05
475 0.000329504
475 8.94809e-05
475 3.47935e-05
475 2.44245e-06
475 3.16159e-06
475 2.29659e-06
475 1.29221e-05
475 6.47997e-06
475 2.50193e-21
475 6.12685e-15
475 1.35796e-40
475 0.00046455
475 2.20957e-05
475 2.59939e-06
475 1.29803e-06
475 1.50057e-06
346 1.98585e-22
