#  z (mm)   Energy_Dep  Net_Charge
0 2.91603e-22 -0.917
1 5.82283e-24 0.001
2 0 0
3 0 0
4 0 0
5 6.41904e-24 0.001
6 0 0
7 5.67513e-24 0.001
8 6.89157e-24 0.001
9 0 0
10 0 0
11 0 0
12 0 0
13 0 0
14 0 0
15 5.96989e-24 0.001
16 0 0
17 0 0
18 0 0
19 0 0
20 0 0
21 0 0
22 0 0
23 0 0
24 0 0
25 0 0
26 0 0
27 0 0
28 0 0
29 0 0
30 0 0
31 0 0
32 0 0
33 0 0
34 0 0
35 0 0
36 0 0
37 0 0
38 0 0
39 0 0
40 0 0
41 0 0
42 0 0
43 0 0
44 0 0
45 0 0
46 0 0
47 0 0
48 3.99048e-24 0.001
49 0 0
50 0 0
51 4.70203e-24 0.001
52 0 0
53 0 0
54 0 0
55 0 0
56 0 0
57 0 0
58 0 0
59 0 0
60 0 0
61 0 0
62 0 0
63 0 0
64 0 0
65 5.26666e-24 0.001
66 5.98537e-24 0.001
67 0 0
68 0 0
69 0 0
70 0 0
71 6.34039e-24 0.001
72 0 0
73 0 0
74 0 0
75 4.75346e-24 0.001
76 0 0
77 5.71604e-24 0.001
78 0 0
79 0 0
80 0 0
81 0 0
82 0 0
83 0 0
84 0 0
85 0 0
86 0 0
87 0 0
88 0 0
89 0 0
90 0 0
91 6.16772e-24 0.001
92 0 0
93 2.57988e-24 0.001
94 5.635e-24 0.001
95 0 0
96 0 0
97 0 0
98 0 0
99 0 0
100 0 0
101 0 0
102 0 0
103 0 0
104 0 0
105 0 0
106 0 0
107 0 0
108 0 0
109 0 0
110 0 0
111 0 0
112 0 0
113 0 0
114 0 0
115 0 0
116 3.80098e-24 0.001
117 0 0
118 0 0
119 0 0
120 5.10014e-24 0.001
121 4.93729e-24 0.001
122 0 0
123 4.20478e-24 0.001
124 0 0
125 0 0
126 0 0
127 0 0
128 0 0
129 4.98068e-24 0.001
130 0 0
131 4.52472e-24 0.001
132 0 0
133 0 0
134 0 0
135 4.70951e-24 0.001
136 0 0
137 5.67556e-24 0.001
138 0 0
139 0 0
140 0 0
141 0 0
142 5.12261e-24 0.001
143 2.25769e-24 0.001
144 0 0
145 0 0
146 0 0
147 0 0
148 0 0
149 0 0
150 5.58066e-24 0.001
151 0 0
152 0 0
153 5.37639e-24 0.001
154 4.38097e-24 0.001
155 0 0
156 0 0
157 0 0
158 4.37072e-24 0.001
159 0 0
160 0 0
161 0 0
162 8.539e-24 0.002
163 0 0
164 0 0
165 9.80837e-24 0.002
166 0 0
167 0 0
168 0 0
169 0 0
170 0 0
171 3.50562e-24 0.001
172 0 0
173 6.50716e-24 0.002
174 0 0
175 0 0
176 0 0
177 0 0
178 0 0
179 0 0
180 0 0
181 0 0
182 4.24755e-24 0.001
183 4.94582e-24 0.001
184 0 0
185 4.83215e-24 0.001
186 4.12027e-24 0.001
187 0 0
188 2.04494e-24 0.001
189 0 0
190 0 0
191 5.1509e-24 0.001
192 0 0
193 0 0
194 0 0
195 3.56027e-24 0.001
196 0 0
197 0 0
198 0 0
199 4.4901e-24 0.001
200 0 0
201 4.26587e-24 0.001
202 0 0
203 2.74679e-24 0.001
204 0 0
205 0 0
206 0 0
207 0 0
208 0 0
209 0 0
210 9.27767e-24 0.002
211 3.98051e-24 0.001
212 3.82983e-24 0.001
213 0 0
214 0 0
215 7.8191e-24 0.002
216 0 0
217 0 0
218 0 0
219 0 0
220 0 0
221 0 0
222 0 0
223 0 0
224 0 0
225 0 0
226 4.52903e-24 0.001
227 1.01752e-24 0.001
228 0 0
229 3.6616e-24 0.001
230 0 0
231 0 0
232 0 0
233 7.99204e-24 0.002
234 0 0
235 0 0
236 0 0
237 0 0
238 0 0
239 0 0
240 3.52932e-24 0.001
241 4.06562e-24 0.001
242 0 0
243 0 0
244 3.40175e-24 0.001
245 0 0
246 0 0
247 0 0
248 0 0
249 0 0
250 0 0
251 0 0
252 0 0
253 3.1848e-24 0.001
254 3.27756e-24 0.001
255 0 0
256 3.91767e-24 0.001
257 4.8004e-24 0.001
258 5.09522e-24 0.001
259 3.74845e-24 0.001
260 0 0
261 0 0
262 2.28179e-24 0.001
263 3.89277e-24 0.001
264 0 0
265 6.83462e-24 0.002
266 3.98328e-24 0.001
267 3.31914e-24 0.001
268 1.76054e-24 0.001
269 7.31717e-24 0.002
270 0 0
271 0 0
272 0 0
273 0 0
274 0 0
275 0 0
276 2.08018e-24 0.001
277 0 0
278 0 0
279 3.94645e-24 0.001
280 0 0
281 0 0
282 4.86933e-24 0.001
283 3.60184e-24 0.001
284 0 0
285 8.1552e-24 0.002
286 0 0
287 4.21025e-24 0.001
288 0 0
289 7.5452e-24 0.002
290 0 0
291 0 0
292 0 0
293 0 0
294 0 0
295 0 0
296 5.86675e-24 0.002
297 2.72809e-24 0.002
298 0 0
299 0 0
300 0 0
301 0 0
302 7.72017e-24 0.002
303 0 0
304 0 0
305 0 0
306 0 0
307 0 0
308 2.90865e-24 0.001
309 3.73085e-24 0.001
310 0 0
311 2.87677e-24 0.001
312 0 0
313 0 0
314 0 0
315 0 0
316 0 0
317 0 0
318 4.7294e-24 0.001
319 2.90003e-24 0.001
320 3.48251e-24 0.001
321 0 0
322 0 0
323 0 0
324 0 0
325 0 0
326 2.84242e-24 0.001
327 0 0
328 0 0
329 0 0
330 3.67102e-24 0.001
331 1.45354e-23 0.004
332 9.54729e-24 0.003
333 0 0
334 0 0
335 1.11521e-23 0.003
336 0 0
337 3.71919e-24 0.001
338 6.79656e-24 0.002
339 3.20687e-24 0.001
340 6.75335e-24 0.002
341 0 0
342 2.59873e-24 0.001
343 0 0
344 0 0
345 0 0
346 0 0
347 0 0
348 0 0
349 3.3712e-24 0.001
350 3.09987e-24 0.001
351 0 0
352 0 0
353 3.11887e-24 0.001
354 3.32372e-24 0.001
355 3.52414e-24 0.001
356 3.61642e-24 0.001
357 3.55868e-24 0.001
358 2.44149e-24 0.001
359 1.94929e-24 0.001
360 0 0
361 3.56477e-24 0.001
362 9.94573e-24 0.003
363 0 0
364 0 0
365 0 0
366 3.39468e-24 0.001
367 0 0
368 0 0
369 0 0
370 8.65221e-26 0.001
371 0 0
372 8.94334e-24 0.003
373 1.80278e-24 0.001
374 0 0
375 0 0
376 0 0
377 2.31026e-24 0.001
378 0 0
379 2.708e-24 0.001
380 3.57896e-24 0.001
381 0 0
382 6.1451e-24 0.002
383 0 0
384 9.16484e-24 0.003
385 0 0
386 0 0
387 0 0
388 5.02693e-24 0.002
389 2.7468e-24 0.001
390 0 0
391 2.90531e-24 0.001
392 3.28212e-24 0.001
393 3.51605e-24 0.001
394 0 0
395 0 0
396 0 0
397 5.46482e-24 0.002
398 8.51217e-24 0.003
399 5.11596e-24 0.002
400 0 0
401 0 0
402 0 0
403 2.325e-24 0.001
404 0 0
405 0 0
406 0 0
407 4.98918e-24 0.002
408 2.43502e-24 0.001
409 2.71705e-24 0.001
410 0 0
411 0 0
412 2.20593e-24 0.001
413 3.77061e-24 0.001
414 0 0
415 0 0
416 0 0
417 0 0
418 0 0
419 3.04234e-24 0.001
420 3.13865e-24 0.001
421 0 0
422 0 0
423 2.17301e-24 0.001
424 0 0
425 0 0
426 0 0
427 4.32183e-24 0.001
428 0 0
429 0 0
430 0 0
431 0 0
432 7.04216e-24 0.002
433 2.33735e-24 0.001
434 0 0
435 2.54932e-24 0.001
436 0 0
437 4.90284e-24 0.002
438 0 0
439 1.72563e-24 0.001
440 5.99659e-24 0.002
441 0 0
442 0 0
443 0 0
444 0 0
445 0 0
446 2.80757e-24 0.001
447 0 0
448 0 0
449 3.25566e-24 0.001
450 0 0
451 0 0
452 0 0
453 0 0
454 0 0
455 3.00748e-24 0.001
456 0 0
457 0 0
458 0 0
459 0 0
460 0 0
461 0 0
462 1.57164e-24 0.001
463 5.84496e-24 0.002
464 0 0
465 0 0
466 0 0
467 0 0
468 0 0
469 0 0
470 0 0
471 0 0
472 0 0
473 3.19091e-24 0.001
474 0 0
475 0.00244057 0.735
476 0 0
477 0 0
478 0 0
479 0 0
480 0 0
481 0 0
482 0 0
483 0 0
484 0 0
485 0 0
486 0 0
487 0 0
488 0 0
489 0 0
490 0 0
491 0 0
492 0 0
493 0 0
494 0 0
495 0 0
496 0 0
497 0 0
498 0 0
499 0 0
500 0 0
501 0 0
502 0 0
503 0 0
504 0 0
505 0 0
506 0 0
507 0 0
508 0 0
509 0 0
510 0 0
511 0 0
512 0 0
513 0 0
514 0 0
515 0 0
516 0 0
517 0 0
518 0 0
519 0 0
520 0 0
521 0 0
522 0 0
523 0 0
524 0 0
525 0 0
526 0 0
527 0 0
528 0 0
529 0 0
530 0 0
531 0 0
532 0 0
533 0 0
534 0 0
535 0 0
536 0 0
537 0 0
538 0 0
539 0 0
540 0 0
541 0 0
542 0 0
543 0 0
544 0 0
545 0 0
546 0 0
547 0 0
548 0 0
549 0 0
550 0 0
551 0 0
552 0 0
553 0 0
554 0 0
555 0 0
556 0 0
557 0 0
558 0 0
559 0 0
560 0 0
561 0 0
562 0 0
563 0 0
564 0 0
565 0 0
566 0 0
567 0 0
568 0 0
569 0 0
570 0 0
571 0 0
572 0 0
573 0 0
574 0 0
575 0 0
576 0 0
577 0 0
578 0 0
579 0 0
580 0 0
581 0 0
582 0 0
583 0 0
584 0 0
585 0 0
586 0 0
587 0 0
588 0 0
589 0 0
590 0 0
591 0 0
592 0 0
593 0 0
594 0 0
595 0 0
596 0 0
597 0 0
598 0 0
599 0 0
600 0 0
601 0 0
602 0 0
603 0 0
604 0 0
605 0 0
606 0 0
607 0 0
608 0 0
609 0 0
610 0 0
611 0 0
612 0 0
613 0 0
614 0 0
615 0 0
616 0 0
617 0 0
618 0 0
619 0 0
620 0 0
621 0 0
622 0 0
623 0 0
624 0 0
625 0 0
626 0 0
627 0 0
628 0 0
629 0 0
630 0 0
631 0 0
632 0 0
633 0 0
634 0 0
635 0 0
636 0 0
637 0 0
638 0 0
639 0 0
640 0 0
641 0 0
642 0 0
643 0 0
644 0 0
645 0 0
646 0 0
647 0 0
648 0 0
649 0 0
650 0 0
651 0 0
652 0 0
653 0 0
654 0 0
655 0 0
656 0 0
657 0 0
658 0 0
659 0 0
660 0 0
661 0 0
662 0 0
663 0 0
664 0 0
665 0 0
666 0 0
667 0 0
668 0 0
669 0 0
670 0 0
671 0 0
672 0 0
673 0 0
674 0 0
675 0 0
676 0 0
677 0 0
678 0 0
679 0 0
680 0 0
681 0 0
682 0 0
683 0 0
684 0 0
685 0 0
686 0 0
687 0 0
688 0 0
689 0 0
690 0 0
691 0 0
692 0 0
693 0 0
694 0 0
695 0 0
696 0 0
697 0 0
698 0 0
699 0 0
700 0 0
701 0 0
702 0 0
703 0 0
704 0 0
705 0 0
706 0 0
707 0 0
708 0 0
709 0 0
710 0 0
711 0 0
712 0 0
713 0 0
714 0 0
715 0 0
716 0 0
717 0 0
718 0 0
719 0 0
720 0 0
721 0 0
722 0 0
723 0 0
724 0 0
725 0 0
726 0 0
727 0 0
728 0 0
729 0 0
730 0 0
731 0 0
732 0 0
733 0 0
734 0 0
735 0 0
736 0 0
737 0 0
738 0 0
739 0 0
740 0 0
741 0 0
742 0 0
743 0 0
744 0 0
745 0 0
746 0 0
747 0 0
748 0 0
749 0 0
750 0 0
751 0 0
752 0 0
753 0 0
754 0 0
755 0 0
756 0 0
757 0 0
758 0 0
759 0 0
760 0 0
761 0 0
762 0 0
763 0 0
764 0 0
765 0 0
766 0 0
767 0 0
768 0 0
769 0 0
770 0 0
771 0 0
772 0 0
773 0 0
774 0 0
775 0 0
776 0 0
777 0 0
778 0 0
779 0 0
780 0 0
781 0 0
782 0 0
783 0 0
784 0 0
785 0 0
786 0 0
787 0 0
788 0 0
789 0 0
790 0 0
791 0 0
792 0 0
793 0 0
794 0 0
795 0 0
796 0 0
797 0 0
798 0 0
799 0 0
800 0 0
801 0 0
802 0 0
803 0 0
804 0 0
805 0 0
806 0 0
807 0 0
808 0 0
809 0 0
810 0 0
811 0 0
812 0 0
813 0 0
814 0 0
815 0 0
816 0 0
817 0 0
818 0 0
819 0 0
820 0 0
821 0 0
822 0 0
823 0 0
824 0 0
825 0 0
826 0 0
827 0 0
828 0 0
829 0 0
830 0 0
831 0 0
832 0 0
833 0 0
834 0 0
835 0 0
836 0 0
837 0 0
838 0 0
839 0 0
840 0 0
841 0 0
842 0 0
843 0 0
844 0 0
845 0 0
846 0 0
847 0 0
848 0 0
849 0 0
850 0 0
851 0 0
852 0 0
853 0 0
854 0 0
855 0 0
856 0 0
857 0 0
858 0 0
859 0 0
860 0 0
861 0 0
862 0 0
863 0 0
864 0 0
865 0 0
866 0 0
867 0 0
868 0 0
869 0 0
870 0 0
871 0 0
872 0 0
873 0 0
874 0 0
875 0 0
876 0 0
877 0 0
878 0 0
879 0 0
880 0 0
881 0 0
882 0 0
883 0 0
884 0 0
885 0 0
886 0 0
887 0 0
888 0 0
889 0 0
890 0 0
891 0 0
892 0 0
893 0 0
894 0 0
895 0 0
896 0 0
897 0 0
898 0 0
899 0 0
900 0 0
901 0 0
902 0 0
903 0 0
904 0 0
905 0 0
906 0 0
907 0 0
908 0 0
909 0 0
910 0 0
911 0 0
912 0 0
913 0 0
914 0 0
915 0 0
916 0 0
917 0 0
918 0 0
919 0 0
920 0 0
921 0 0
922 0 0
923 0 0
924 0 0
925 0 0
926 0 0
927 0 0
928 0 0
929 0 0
930 0 0
931 0 0
932 0 0
933 0 0
934 0 0
935 0 0
936 0 0
937 0 0
938 0 0
939 0 0
940 0 0
941 0 0
942 0 0
943 0 0
944 0 0
945 0 0
946 0 0
947 0 0
948 0 0
949 0 0
950 0 0
951 0 0
952 0 0
953 0 0
954 0 0
955 0 0
956 0 0
957 0 0
958 0 0
959 0 0
960 0 0
961 0 0
962 0 0
963 0 0
964 0 0
965 0 0
966 0 0
967 0 0
968 0 0
969 0 0
970 0 0
971 0 0
972 0 0
973 0 0
974 0 0
975 0 0
976 0 0
977 0 0
978 0 0
979 0 0
980 0 0
981 0 0
982 0 0
983 0 0
984 0 0
985 0 0
986 0 0
987 0 0
988 0 0
989 0 0
990 0 0
991 0 0
992 0 0
993 0 0
994 0 0
995 0 0
996 0 0
997 0 0
998 0 0
999 0 0
1000 0 0
1001 0 0
1002 0 0
1003 0 0
1004 0 0
1005 0 0
1006 0 0
1007 0 0
1008 0 0
1009 0 0
1010 0 0
1011 0 0
1012 0 0
1013 0 0
1014 0 0
1015 0 0
1016 0 0
1017 0 0
1018 0 0
1019 0 0
1020 0 0
1021 0 0
1022 0 0
1023 0 0
1024 0 0
1025 0 0
1026 0 0
1027 0 0
1028 0 0
1029 0 0
1030 0 0
1031 0 0
1032 0 0
1033 0 0
1034 0 0
1035 0 0
1036 0 0
1037 0 0
1038 0 0
1039 0 0
1040 0 0
1041 0 0
1042 0 0
1043 0 0
1044 0 0
1045 0 0
1046 0 0
1047 0 0
1048 0 0
1049 0 0
1050 0 0
1051 0 0
1052 0 0
1053 0 0
1054 0 0
1055 0 0
1056 0 0
1057 0 0
1058 0 0
1059 0 0
1060 0 0
1061 0 0
1062 0 0
1063 0 0
1064 0 0
1065 0 0
1066 0 0
1067 0 0
1068 0 0
1069 0 0
1070 0 0
1071 0 0
1072 0 0
1073 0 0
1074 0 0
1075 0 0
1076 0 0
1077 0 0
1078 0 0
1079 0 0
1080 0 0
1081 0 0
1082 0 0
1083 0 0
1084 0 0
1085 0 0
1086 0 0
1087 0 0
1088 0 0
1089 0 0
1090 0 0
1091 0 0
1092 0 0
1093 0 0
1094 0 0
1095 0 0
1096 0 0
1097 0 0
1098 0 0
1099 0 0
1100 0 0
1101 0 0
1102 0 0
1103 0 0
1104 0 0
1105 0 0
1106 0 0
1107 0 0
1108 0 0
1109 0 0
1110 0 0
1111 0 0
1112 0 0
1113 0 0
1114 0 0
1115 0 0
1116 0 0
1117 0 0
1118 0 0
1119 0 0
1120 0 0
1121 0 0
1122 0 0
1123 0 0
1124 0 0
1125 0 0
1126 0 0
1127 0 0
1128 0 0
1129 0 0
1130 0 0
1131 0 0
1132 0 0
1133 0 0
1134 0 0
1135 0 0
1136 0 0
1137 0 0
1138 0 0
1139 0 0
1140 0 0
1141 0 0
1142 0 0
1143 0 0
1144 0 0
1145 0 0
1146 0 0
1147 0 0
1148 0 0
1149 0 0
#  z (mm)   Energy_Dep  Net_Charge
0 2.97822e-22 -0.945
1 5.82283e-24 0.001
2 0 0
3 0 0
4 0 0
5 6.41904e-24 0.001
6 0 0
7 5.67513e-24 0.001
8 6.89157e-24 0.001
9 0 0
10 0 0
11 0 0
12 0 0
13 0 0
14 0 0
15 5.96989e-24 0.001
16 0 0
17 0 0
18 0 0
19 0 0
20 0 0
21 0 0
22 0 0
23 0 0
24 0 0
25 0 0
26 0 0
27 0 0
28 0 0
29 0 0
30 0 0
31 0 0
32 0 0
33 0 0
34 0 0
35 0 0
36 0 0
37 0 0
38 0 0
39 0 0
40 0 0
41 0 0
42 4.72598e-24 0.001
43 0 0
44 0 0
45 0 0
46 0 0
47 0 0
48 3.99048e-24 0.001
49 0 0
50 0 0
51 4.70203e-24 0.001
52 0 0
53 0 0
54 0 0
55 0 0
56 0 0
57 0 0
58 0 0
59 0 0
60 0 0
61 0 0
62 0 0
63 0 0
64 0 0
65 5.26666e-24 0.001
66 5.98537e-24 0.001
67 0 0
68 0 0
69 0 0
70 0 0
71 6.34039e-24 0.001
72 0 0
73 0 0
74 0 0
75 4.75346e-24 0.001
76 0 0
77 5.71604e-24 0.001
78 0 0
79 0 0
80 0 0
81 0 0
82 0 0
83 0 0
84 0 0
85 0 0
86 0 0
87 0 0
88 0 0
89 0 0
90 0 0
91 6.16772e-24 0.001
92 0 0
93 2.57988e-24 0.001
94 5.635e-24 0.001
95 0 0
96 0 0
97 0 0
98 0 0
99 0 0
100 0 0
101 0 0
102 0 0
103 0 0
104 0 0
105 0 0
106 0 0
107 0 0
108 0 0
109 3.96771e-24 0.001
110 0 0
111 0 0
112 0 0
113 0 0
114 0 0
115 0 0
116 3.80098e-24 0.001
117 0 0
118 0 0
119 0 0
120 5.10014e-24 0.001
121 4.93729e-24 0.001
122 0 0
123 4.20478e-24 0.001
124 0 0
125 0 0
126 0 0
127 0 0
128 0 0
129 4.98068e-24 0.001
130 0 0
131 4.52472e-24 0.001
132 0 0
133 0 0
134 0 0
135 4.70951e-24 0.001
136 0 0
137 5.67556e-24 0.001
138 0 0
139 0 0
140 0 0
141 0 0
142 5.12261e-24 0.001
143 2.25769e-24 0.001
144 0 0
145 0 0
146 0 0
147 0 0
148 0 0
149 0 0
150 5.58066e-24 0.001
151 0 0
152 0 0
153 5.37639e-24 0.001
154 4.38097e-24 0.001
155 0 0
156 0 0
157 0 0
158 4.37072e-24 0.001
159 0 0
160 0 0
161 0 0
162 8.539e-24 0.002
163 0 0
164 0 0
165 9.80837e-24 0.002
166 0 0
167 0 0
168 0 0
169 0 0
170 0 0
171 3.50562e-24 0.001
172 0 0
173 6.50716e-24 0.002
174 0 0
175 0 0
176 0 0
177 0 0
178 0 0
179 0 0
180 0 0
181 0 0
182 4.24755e-24 0.001
183 4.94582e-24 0.001
184 0 0
185 4.83215e-24 0.001
186 4.12027e-24 0.001
187 0 0
188 2.04494e-24 0.001
189 0 0
190 0 0
191 5.1509e-24 0.001
192 0 0
193 0 0
194 0 0
195 3.56027e-24 0.001
196 0 0
197 0 0
198 0 0
199 4.4901e-24 0.001
200 0 0
201 4.26587e-24 0.001
202 0 0
203 2.74679e-24 0.001
204 3.13655e-24 0.001
205 0 0
206 0 0
207 0 0
208 0 0
209 0 0
210 9.27767e-24 0.002
211 3.98051e-24 0.001
212 3.82983e-24 0.001
213 0 0
214 0 0
215 7.8191e-24 0.002
216 0 0
217 0 0
218 0 0
219 0 0
220 0 0
221 0 0
222 0 0
223 0 0
224 0 0
225 0 0
226 4.52903e-24 0.001
227 1.01752e-24 0.001
228 4.1559e-24 0.001
229 3.6616e-24 0.001
230 0 0
231 0 0
232 0 0
233 7.99204e-24 0.002
234 0 0
235 0 0
236 0 0
237 0 0
238 0 0
239 0 0
240 3.52932e-24 0.001
241 4.06562e-24 0.001
242 0 0
243 0 0
244 3.40175e-24 0.001
245 0 0
246 0 0
247 0 0
248 0 0
249 0 0
250 0 0
251 0 0
252 0 0
253 3.1848e-24 0.001
254 3.27756e-24 0.001
255 0 0
256 3.91767e-24 0.001
257 4.8004e-24 0.001
258 5.09522e-24 0.001
259 3.74845e-24 0.001
260 0 0
261 0 0
262 2.28179e-24 0.001
263 3.89277e-24 0.001
264 0 0
265 6.83462e-24 0.002
266 3.98328e-24 0.001
267 3.31914e-24 0.001
268 1.76054e-24 0.001
269 7.31717e-24 0.002
270 0 0
271 0 0
272 0 0
273 0 0
274 0 0
275 0 0
276 2.08018e-24 0.001
277 0 0
278 0 0
279 3.94645e-24 0.001
280 0 0
281 0 0
282 4.86933e-24 0.001
283 3.60184e-24 0.001
284 0 0
285 8.1552e-24 0.002
286 0 0
287 4.21025e-24 0.001
288 0 0
289 7.5452e-24 0.002
290 0 0
291 0 0
292 0 0
293 0 0
294 0 0
295 0 0
296 5.86675e-24 0.002
297 2.72809e-24 0.002
298 0 0
299 0 0
300 0 0
301 0 0
302 7.72017e-24 0.002
303 0 0
304 0 0
305 0 0
306 0 0
307 0 0
308 2.90865e-24 0.001
309 3.73085e-24 0.001
310 0 0
311 2.87677e-24 0.001
312 0 0
313 0 0
314 0 0
315 0 0
316 0 0
317 0 0
318 4.7294e-24 0.001
319 2.90003e-24 0.001
320 3.48251e-24 0.001
321 0 0
322 0 0
323 0 0
324 0 0
325 0 0
326 2.84242e-24 0.001
327 0 0
328 0 0
329 0 0
330 3.67102e-24 0.001
331 1.45354e-23 0.004
332 9.54729e-24 0.003
333 0 0
334 0 0
335 1.11521e-23 0.003
336 0 0
337 3.71919e-24 0.001
338 6.79656e-24 0.002
339 3.20687e-24 0.001
340 6.75335e-24 0.002
341 0 0
342 2.59873e-24 0.001
343 0 0
344 0 0
345 0 0
346 0 0
347 0 0
348 0 0
349 3.3712e-24 0.001
350 3.09987e-24 0.001
351 0 0
352 0 0
353 3.11887e-24 0.001
354 3.32372e-24 0.001
355 3.52414e-24 0.001
356 3.61642e-24 0.001
357 3.55868e-24 0.001
358 2.44149e-24 0.001
359 1.94929e-24 0.001
360 0 0
361 3.56477e-24 0.001
362 9.94573e-24 0.003
363 0 0
364 0 0
365 0 0
366 3.39468e-24 0.001
367 0 0
368 0 0
369 0 0
370 8.65221e-26 0.001
371 0 0
372 8.94334e-24 0.003
373 1.80278e-24 0.001
374 0 0
375 0 0
376 0 0
377 2.31026e-24 0.001
378 0 0
379 2.708e-24 0.001
380 3.57896e-24 0.001
381 0 0
382 6.1451e-24 0.002
383 0 0
384 9.16484e-24 0.003
385 0 0
386 0 0
387 0 0
388 5.02693e-24 0.002
389 2.7468e-24 0.001
390 0 0
391 2.90531e-24 0.001
392 6.41876e-24 0.002
393 3.51605e-24 0.001
394 0 0
395 0 0
396 0 0
397 9.44848e-24 0.003
398 8.51217e-24 0.003
399 5.11596e-24 0.002
400 0 0
401 0 0
402 0 0
403 2.325e-24 0.001
404 0 0
405 0 0
406 0 0
407 4.98918e-24 0.002
408 2.43502e-24 0.001
409 2.71705e-24 0.001
410 0 0
411 0 0
412 2.20593e-24 0.001
413 3.77061e-24 0.001
414 0 0
415 0 0
416 0 0
417 0 0
418 0 0
419 3.04234e-24 0.001
420 3.13865e-24 0.001
421 0 0
422 0 0
423 2.17301e-24 0.001
424 0 0
425 0 0
426 0 0
427 4.32183e-24 0.001
428 0 0
429 0 0
430 0 0
431 0 0
432 7.04216e-24 0.002
433 2.33735e-24 0.001
434 0 0
435 2.54932e-24 0.001
436 0 0
437 4.90284e-24 0.002
438 0 0
439 1.72563e-24 0.001
440 5.99659e-24 0.002
441 0 0
442 0 0
443 0 0
444 0 0
445 0 0
446 2.80757e-24 0.001
447 0 0
448 0 0
449 3.25566e-24 0.001
450 0 0
451 0 0
452 0 0
453 0 0
454 0 0
455 3.00748e-24 0.001
456 0 0
457 0 0
458 0 0
459 0 0
460 0 0
461 0 0
462 1.57164e-24 0.001
463 5.84496e-24 0.002
464 0 0
465 0 0
466 0 0
467 0 0
468 0 0
469 0 0
470 0 0
471 0 0
472 0 0
473 3.19091e-24 0.001
474 0 0
475 0.00251372 0.757
476 0 0
477 0 0
478 0 0
479 0 0
480 0 0
481 0 0
482 0 0
483 0 0
484 0 0
485 0 0
486 0 0
487 0 0
488 0 0
489 0 0
490 0 0
491 0 0
492 0 0
493 0 0
494 0 0
495 0 0
496 0 0
497 0 0
498 0 0
499 0 0
500 0 0
501 0 0
502 0 0
503 0 0
504 0 0
505 0 0
506 0 0
507 0 0
508 0 0
509 0 0
510 0 0
511 0 0
512 0 0
513 0 0
514 0 0
515 0 0
516 0 0
517 0 0
518 0 0
519 0 0
520 0 0
521 0 0
522 0 0
523 0 0
524 0 0
525 0 0
526 0 0
527 0 0
528 0 0
529 0 0
530 0 0
531 0 0
532 0 0
533 0 0
534 0 0
535 0 0
536 0 0
537 0 0
538 0 0
539 0 0
540 0 0
541 0 0
542 0 0
543 0 0
544 0 0
545 0 0
546 0 0
547 0 0
548 0 0
549 0 0
550 0 0
551 0 0
552 0 0
553 0 0
554 0 0
555 0 0
556 0 0
557 0 0
558 0 0
559 0 0
560 0 0
561 0 0
562 0 0
563 0 0
564 0 0
565 0 0
566 0 0
567 0 0
568 0 0
569 0 0
570 0 0
571 0 0
572 0 0
573 0 0
574 0 0
575 0 0
576 0 0
577 0 0
578 0 0
579 0 0
580 0 0
581 0 0
582 0 0
583 0 0
584 0 0
585 0 0
586 0 0
587 0 0
588 0 0
589 0 0
590 0 0
591 0 0
592 0 0
593 0 0
594 0 0
595 0 0
596 0 0
597 0 0
598 0 0
599 0 0
600 0 0
601 0 0
602 0 0
603 0 0
604 0 0
605 0 0
606 0 0
607 0 0
608 0 0
609 0 0
610 0 0
611 0 0
612 0 0
613 0 0
614 0 0
615 0 0
616 0 0
617 0 0
618 0 0
619 0 0
620 0 0
621 0 0
622 0 0
623 0 0
624 0 0
625 0 0
626 0 0
627 0 0
628 0 0
629 0 0
630 0 0
631 0 0
632 0 0
633 0 0
634 0 0
635 0 0
636 0 0
637 0 0
638 0 0
639 0 0
640 0 0
641 0 0
642 0 0
643 0 0
644 0 0
645 0 0
646 0 0
647 0 0
648 0 0
649 0 0
650 0 0
651 0 0
652 0 0
653 0 0
654 0 0
655 0 0
656 0 0
657 0 0
658 0 0
659 0 0
660 0 0
661 0 0
662 0 0
663 0 0
664 0 0
665 0 0
666 0 0
667 0 0
668 0 0
669 0 0
670 0 0
671 0 0
672 0 0
673 0 0
674 0 0
675 0 0
676 0 0
677 0 0
678 0 0
679 0 0
680 0 0
681 0 0
682 0 0
683 0 0
684 0 0
685 0 0
686 0 0
687 0 0
688 0 0
689 0 0
690 0 0
691 0 0
692 0 0
693 0 0
694 0 0
695 0 0
696 0 0
697 0 0
698 0 0
699 0 0
700 0 0
701 0 0
702 0 0
703 0 0
704 0 0
705 0 0
706 0 0
707 0 0
708 0 0
709 0 0
710 0 0
711 0 0
712 0 0
713 0 0
714 0 0
715 0 0
716 0 0
717 0 0
718 0 0
719 0 0
720 0 0
721 0 0
722 0 0
723 0 0
724 0 0
725 0 0
726 0 0
727 0 0
728 0 0
729 0 0
730 0 0
731 0 0
732 0 0
733 0 0
734 0 0
735 0 0
736 0 0
737 0 0
738 0 0
739 0 0
740 0 0
741 0 0
742 0 0
743 0 0
744 0 0
745 0 0
746 0 0
747 0 0
748 0 0
749 0 0
750 0 0
751 0 0
752 0 0
753 0 0
754 0 0
755 0 0
756 0 0
757 0 0
758 0 0
759 0 0
760 0 0
761 0 0
762 0 0
763 0 0
764 0 0
765 0 0
766 0 0
767 0 0
768 0 0
769 0 0
770 0 0
771 0 0
772 0 0
773 0 0
774 0 0
775 0 0
776 0 0
777 0 0
778 0 0
779 0 0
780 0 0
781 0 0
782 0 0
783 0 0
784 0 0
785 0 0
786 0 0
787 0 0
788 0 0
789 0 0
790 0 0
791 0 0
792 0 0
793 0 0
794 0 0
795 0 0
796 0 0
797 0 0
798 0 0
799 0 0
800 0 0
801 0 0
802 0 0
803 0 0
804 0 0
805 0 0
806 0 0
807 0 0
808 0 0
809 0 0
810 0 0
811 0 0
812 0 0
813 0 0
814 0 0
815 0 0
816 0 0
817 0 0
818 0 0
819 0 0
820 0 0
821 0 0
822 0 0
823 0 0
824 0 0
825 0 0
826 0 0
827 0 0
828 0 0
829 0 0
830 0 0
831 0 0
832 0 0
833 0 0
834 0 0
835 0 0
836 0 0
837 0 0
838 0 0
839 0 0
840 0 0
841 0 0
842 0 0
843 0 0
844 0 0
845 0 0
846 0 0
847 0 0
848 0 0
849 0 0
850 0 0
851 0 0
852 0 0
853 0 0
854 0 0
855 0 0
856 0 0
857 0 0
858 0 0
859 0 0
860 0 0
861 0 0
862 0 0
863 0 0
864 0 0
865 0 0
866 0 0
867 0 0
868 0 0
869 0 0
870 0 0
871 0 0
872 0 0
873 0 0
874 0 0
875 0 0
876 0 0
877 0 0
878 0 0
879 0 0
880 0 0
881 0 0
882 0 0
883 0 0
884 0 0
885 0 0
886 0 0
887 0 0
888 0 0
889 0 0
890 0 0
891 0 0
892 0 0
893 0 0
894 0 0
895 0 0
896 0 0
897 0 0
898 0 0
899 0 0
900 0 0
901 0 0
902 0 0
903 0 0
904 0 0
905 0 0
906 0 0
907 0 0
908 0 0
909 0 0
910 0 0
911 0 0
912 0 0
913 0 0
914 0 0
915 0 0
916 0 0
917 0 0
918 0 0
919 0 0
920 0 0
921 0 0
922 0 0
923 0 0
924 0 0
925 0 0
926 0 0
927 0 0
928 0 0
929 0 0
930 0 0
931 0 0
932 0 0
933 0 0
934 0 0
935 0 0
936 0 0
937 0 0
938 0 0
939 0 0
940 0 0
941 0 0
942 0 0
943 0 0
944 0 0
945 0 0
946 0 0
947 0 0
948 0 0
949 0 0
950 0 0
951 0 0
952 0 0
953 0 0
954 0 0
955 0 0
956 0 0
957 0 0
958 0 0
959 0 0
960 0 0
961 0 0
962 0 0
963 0 0
964 0 0
965 0 0
966 0 0
967 0 0
968 0 0
969 0 0
970 0 0
971 0 0
972 0 0
973 0 0
974 0 0
975 0 0
976 0 0
977 0 0
978 0 0
979 0 0
980 0 0
981 0 0
982 0 0
983 0 0
984 0 0
985 0 0
986 0 0
987 0 0
988 0 0
989 0 0
990 0 0
991 0 0
992 0 0
993 0 0
994 0 0
995 0 0
996 0 0
997 0 0
998 0 0
999 0 0
1000 0 0
1001 0 0
1002 0 0
1003 0 0
1004 0 0
1005 0 0
1006 0 0
1007 0 0
1008 0 0
1009 0 0
1010 0 0
1011 0 0
1012 0 0
1013 0 0
1014 0 0
1015 0 0
1016 0 0
1017 0 0
1018 0 0
1019 0 0
1020 0 0
1021 0 0
1022 0 0
1023 0 0
1024 0 0
1025 0 0
1026 0 0
1027 0 0
1028 0 0
1029 0 0
1030 0 0
1031 0 0
1032 0 0
1033 0 0
1034 0 0
1035 0 0
1036 0 0
1037 0 0
1038 0 0
1039 0 0
1040 0 0
1041 0 0
1042 0 0
1043 0 0
1044 0 0
1045 0 0
1046 0 0
1047 0 0
1048 0 0
1049 0 0
1050 0 0
1051 0 0
1052 0 0
1053 0 0
1054 0 0
1055 0 0
1056 0 0
1057 0 0
1058 0 0
1059 0 0
1060 0 0
1061 0 0
1062 0 0
1063 0 0
1064 0 0
1065 0 0
1066 0 0
1067 0 0
1068 0 0
1069 0 0
1070 0 0
1071 0 0
1072 0 0
1073 0 0
1074 0 0
1075 0 0
1076 0 0
1077 0 0
1078 0 0
1079 0 0
1080 0 0
1081 0 0
1082 0 0
1083 0 0
1084 0 0
1085 0 0
1086 0 0
1087 0 0
1088 0 0
1089 0 0
1090 0 0
1091 0 0
1092 0 0
1093 0 0
1094 0 0
1095 0 0
1096 0 0
1097 0 0
1098 0 0
1099 0 0
1100 0 0
1101 0 0
1102 0 0
1103 0 0
1104 0 0
1105 0 0
1106 0 0
1107 0 0
1108 0 0
1109 0 0
1110 0 0
1111 0 0
1112 0 0
1113 0 0
1114 0 0
1115 0 0
1116 0 0
1117 0 0
1118 0 0
1119 0 0
1120 0 0
1121 0 0
1122 0 0
1123 0 0
1124 0 0
1125 0 0
1126 0 0
1127 0 0
1128 0 0
1129 0 0
1130 0 0
1131 0 0
1132 0 0
1133 0 0
1134 0 0
1135 0 0
1136 0 0
1137 0 0
1138 0 0
1139 0 0
1140 0 0
1141 0 0
1142 0 0
1143 0 0
1144 0 0
1145 0 0
1146 0 0
1147 0 0
1148 0 0
1149 0 0
#  z (mm)   Energy_Dep  Net_Charge
0 2.97822e-22 -0.945
1 5.82283e-24 0.001
2 0 0
3 0 0
4 0 0
5 6.41904e-24 0.001
6 0 0
7 5.67513e-24 0.001
8 6.89157e-24 0.001
9 0 0
10 0 0
11 0 0
12 0 0
13 0 0
14 0 0
15 5.96989e-24 0.001
16 0 0
17 0 0
18 0 0
19 0 0
20 0 0
21 0 0
22 0 0
23 0 0
24 0 0
25 0 0
26 0 0
27 0 0
28 0 0
29 0 0
30 0 0
31 0 0
32 0 0
33 0 0
34 0 0
35 0 0
36 0 0
37 0 0
38 0 0
39 0 0
40 0 0
41 0 0
42 4.72598e-24 0.001
43 0 0
44 0 0
45 0 0
46 0 0
47 0 0
48 3.99048e-24 0.001
49 0 0
50 0 0
51 4.70203e-24 0.001
52 0 0
53 0 0
54 0 0
55 0 0
56 0 0
57 0 0
58 0 0
59 0 0
60 0 0
61 0 0
62 0 0
63 0 0
64 0 0
65 5.26666e-24 0.001
66 5.98537e-24 0.001
67 0 0
68 0 0
69 0 0
70 0 0
71 6.34039e-24 0.001
72 0 0
73 0 0
74 0 0
75 4.75346e-24 0.001
76 0 0
77 5.71604e-24 0.001
78 0 0
79 0 0
80 0 0
81 0 0
82 0 0
83 0 0
84 0 0
85 0 0
86 0 0
87 0 0
88 0 0
89 0 0
90 0 0
91 6.16772e-24 0.001
92 0 0
93 2.57988e-24 0.001
94 5.635e-24 0.001
95 0 0
96 0 0
97 0 0
98 0 0
99 0 0
100 0 0
101 0 0
102 0 0
103 0 0
104 0 0
105 0 0
106 0 0
107 0 0
108 0 0
109 3.96771e-24 0.001
110 0 0
111 0 0
112 0 0
113 0 0
114 0 0
115 0 0
116 3.80098e-24 0.001
117 0 0
118 0 0
119 0 0
120 5.10014e-24 0.001
121 4.93729e-24 0.001
122 0 0
123 4.20478e-24 0.001
124 0 0
125 0 0
126 0 0
127 0 0
128 0 0
129 4.98068e-24 0.001
130 0 0
131 4.52472e-24 0.001
132 0 0
133 0 0
134 0 0
135 4.70951e-24 0.001
136 0 0
137 5.67556e-24 0.001
138 0 0
139 0 0
140 0 0
141 0 0
142 5.12261e-24 0.001
143 2.25769e-24 0.001
144 0 0
145 0 0
146 0 0
147 0 0
148 0 0
149 0 0
150 5.58066e-24 0.001
151 0 0
152 0 0
153 5.37639e-24 0.001
154 4.38097e-24 0.001
155 0 0
156 0 0
157 0 0
158 4.37072e-24 0.001
159 0 0
160 0 0
161 0 0
162 8.539e-24 0.002
163 0 0
164 0 0
165 9.80837e-24 0.002
166 0 0
167 0 0
168 0 0
169 0 0
170 0 0
171 3.50562e-24 0.001
172 0 0
173 6.50716e-24 0.002
174 0 0
175 0 0
176 0 0
177 0 0
178 0 0
179 0 0
180 0 0
181 0 0
182 4.24755e-24 0.001
183 4.94582e-24 0.001
184 0 0
185 4.83215e-24 0.001
186 4.12027e-24 0.001
187 0 0
188 2.04494e-24 0.001
189 0 0
190 0 0
191 5.1509e-24 0.001
192 0 0
193 0 0
194 0 0
195 3.56027e-24 0.001
196 0 0
197 0 0
198 0 0
199 4.4901e-24 0.001
200 0 0
201 4.26587e-24 0.001
202 0 0
203 2.74679e-24 0.001
204 3.13655e-24 0.001
205 0 0
206 0 0
207 0 0
208 0 0
209 0 0
210 9.27767e-24 0.002
211 3.98051e-24 0.001
212 3.82983e-24 0.001
213 0 0
214 0 0
215 7.8191e-24 0.002
216 0 0
217 0 0
218 0 0
219 0 0
220 0 0
221 0 0
222 0 0
223 0 0
224 0 0
225 0 0
226 4.52903e-24 0.001
227 1.01752e-24 0.001
228 4.1559e-24 0.001
229 3.6616e-24 0.001
230 0 0
231 0 0
232 0 0
233 7.99204e-24 0.002
234 0 0
235 0 0
236 0 0
237 0 0
238 0 0
239 0 0
240 3.52932e-24 0.001
241 4.06562e-24 0.001
242 0 0
243 0 0
244 3.40175e-24 0.001
245 0 0
246 0 0
247 0 0
248 0 0
249 0 0
250 0 0
251 0 0
252 0 0
253 3.1848e-24 0.001
254 3.27756e-24 0.001
255 0 0
256 3.91767e-24 0.001
257 4.8004e-24 0.001
258 5.09522e-24 0.001
259 3.74845e-24 0.001
260 0 0
261 0 0
262 2.28179e-24 0.001
263 3.89277e-24 0.001
264 0 0
265 6.83462e-24 0.002
266 3.98328e-24 0.001
267 3.31914e-24 0.001
268 1.76054e-24 0.001
269 7.31717e-24 0.002
270 0 0
271 0 0
272 0 0
273 0 0
274 0 0
275 0 0
276 2.08018e-24 0.001
277 0 0
278 0 0
279 3.94645e-24 0.001
280 0 0
281 0 0
282 4.86933e-24 0.001
283 3.60184e-24 0.001
284 0 0
285 8.1552e-24 0.002
286 0 0
287 4.21025e-24 0.001
288 0 0
289 7.5452e-24 0.002
290 0 0
291 0 0
292 0 0
293 0 0
294 0 0
295 0 0
296 5.86675e-24 0.002
297 2.72809e-24 0.002
298 0 0
299 0 0
300 0 0
301 0 0
302 7.72017e-24 0.002
303 0 0
304 0 0
305 0 0
306 0 0
307 0 0
308 2.90865e-24 0.001
309 3.73085e-24 0.001
310 0 0
311 2.87677e-24 0.001
312 0 0
313 0 0
314 0 0
315 0 0
316 0 0
317 0 0
318 4.7294e-24 0.001
319 2.90003e-24 0.001
320 3.48251e-24 0.001
321 0 0
322 0 0
323 0 0
324 0 0
325 0 0
326 2.84242e-24 0.001
327 0 0
328 0 0
329 0 0
330 3.67102e-24 0.001
331 1.45354e-23 0.004
332 9.54729e-24 0.003
333 0 0
334 0 0
335 1.11521e-23 0.003
336 0 0
337 3.71919e-24 0.001
338 6.79656e-24 0.002
339 3.20687e-24 0.001
340 6.75335e-24 0.002
341 0 0
342 2.59873e-24 0.001
343 0 0
344 0 0
345 0 0
346 0 0
347 0 0
348 0 0
349 3.3712e-24 0.001
350 3.09987e-24 0.001
351 0 0
352 0 0
353 3.11887e-24 0.001
354 3.32372e-24 0.001
355 3.52414e-24 0.001
356 3.61642e-24 0.001
357 3.55868e-24 0.001
358 2.44149e-24 0.001
359 1.94929e-24 0.001
360 0 0
361 3.56477e-24 0.001
362 9.94573e-24 0.003
363 0 0
364 0 0
365 0 0
366 3.39468e-24 0.001
367 0 0
368 0 0
369 0 0
370 8.65221e-26 0.001
371 0 0
372 8.94334e-24 0.003
373 1.80278e-24 0.001
374 0 0
375 0 0
376 0 0
377 2.31026e-24 0.001
378 0 0
379 2.708e-24 0.001
380 3.57896e-24 0.001
381 0 0
382 6.1451e-24 0.002
383 0 0
384 9.16484e-24 0.003
385 0 0
386 0 0
387 0 0
388 5.02693e-24 0.002
389 2.7468e-24 0.001
390 0 0
391 2.90531e-24 0.001
392 6.41876e-24 0.002
393 3.51605e-24 0.001
394 0 0
395 0 0
396 0 0
397 9.44848e-24 0.003
398 8.51217e-24 0.003
399 5.11596e-24 0.002
400 0 0
401 0 0
402 0 0
403 2.325e-24 0.001
404 0 0
405 0 0
406 0 0
407 4.98918e-24 0.002
408 2.43502e-24 0.001
409 2.71705e-24 0.001
410 0 0
411 0 0
412 2.20593e-24 0.001
413 3.77061e-24 0.001
414 0 0
415 0 0
416 0 0
417 0 0
418 0 0
419 3.04234e-24 0.001
420 3.13865e-24 0.001
421 0 0
422 0 0
423 2.17301e-24 0.001
424 0 0
425 0 0
426 0 0
427 4.32183e-24 0.001
428 0 0
429 0 0
430 0 0
431 0 0
432 7.04216e-24 0.002
433 2.33735e-24 0.001
434 0 0
435 2.54932e-24 0.001
436 0 0
437 4.90284e-24 0.002
438 0 0
439 1.72563e-24 0.001
440 5.99659e-24 0.002
441 0 0
442 0 0
443 0 0
444 0 0
445 0 0
446 2.80757e-24 0.001
447 0 0
448 0 0
449 3.25566e-24 0.001
450 0 0
451 0 0
452 0 0
453 0 0
454 0 0
455 3.00748e-24 0.001
456 0 0
457 0 0
458 0 0
459 0 0
460 0 0
461 0 0
462 1.57164e-24 0.001
463 5.84496e-24 0.002
464 0 0
465 0 0
466 0 0
467 0 0
468 0 0
469 0 0
470 0 0
471 0 0
472 0 0
473 3.19091e-24 0.001
474 0 0
475 0.00251372 0.757
476 0 0
477 0 0
478 0 0
479 0 0
480 0 0
481 0 0
482 0 0
483 0 0
484 0 0
485 0 0
486 0 0
487 0 0
488 0 0
489 0 0
490 0 0
491 0 0
492 0 0
493 0 0
494 0 0
495 0 0
496 0 0
497 0 0
498 0 0
499 0 0
500 0 0
501 0 0
502 0 0
503 0 0
504 0 0
505 0 0
506 0 0
507 0 0
508 0 0
509 0 0
510 0 0
511 0 0
512 0 0
513 0 0
514 0 0
515 0 0
516 0 0
517 0 0
518 0 0
519 0 0
520 0 0
521 0 0
522 0 0
523 0 0
524 0 0
525 0 0
526 0 0
527 0 0
528 0 0
529 0 0
530 0 0
531 0 0
532 0 0
533 0 0
534 0 0
535 0 0
536 0 0
537 0 0
538 0 0
539 0 0
540 0 0
541 0 0
542 0 0
543 0 0
544 0 0
545 0 0
546 0 0
547 0 0
548 0 0
549 0 0
550 0 0
551 0 0
552 0 0
553 0 0
554 0 0
555 0 0
556 0 0
557 0 0
558 0 0
559 0 0
560 0 0
561 0 0
562 0 0
563 0 0
564 0 0
565 0 0
566 0 0
567 0 0
568 0 0
569 0 0
570 0 0
571 0 0
572 0 0
573 0 0
574 0 0
575 0 0
576 0 0
577 0 0
578 0 0
579 0 0
580 0 0
581 0 0
582 0 0
583 0 0
584 0 0
585 0 0
586 0 0
587 0 0
588 0 0
589 0 0
590 0 0
591 0 0
592 0 0
593 0 0
594 0 0
595 0 0
596 0 0
597 0 0
598 0 0
599 0 0
600 0 0
601 0 0
602 0 0
603 0 0
604 0 0
605 0 0
606 0 0
607 0 0
608 0 0
609 0 0
610 0 0
611 0 0
612 0 0
613 0 0
614 0 0
615 0 0
616 0 0
617 0 0
618 0 0
619 0 0
620 0 0
621 0 0
622 0 0
623 0 0
624 0 0
625 0 0
626 0 0
627 0 0
628 0 0
629 0 0
630 0 0
631 0 0
632 0 0
633 0 0
634 0 0
635 0 0
636 0 0
637 0 0
638 0 0
639 0 0
640 0 0
641 0 0
642 0 0
643 0 0
644 0 0
645 0 0
646 0 0
647 0 0
648 0 0
649 0 0
650 0 0
651 0 0
652 0 0
653 0 0
654 0 0
655 0 0
656 0 0
657 0 0
658 0 0
659 0 0
660 0 0
661 0 0
662 0 0
663 0 0
664 0 0
665 0 0
666 0 0
667 0 0
668 0 0
669 0 0
670 0 0
671 0 0
672 0 0
673 0 0
674 0 0
675 0 0
676 0 0
677 0 0
678 0 0
679 0 0
680 0 0
681 0 0
682 0 0
683 0 0
684 0 0
685 0 0
686 0 0
687 0 0
688 0 0
689 0 0
690 0 0
691 0 0
692 0 0
693 0 0
694 0 0
695 0 0
696 0 0
697 0 0
698 0 0
699 0 0
700 0 0
701 0 0
702 0 0
703 0 0
704 0 0
705 0 0
706 0 0
707 0 0
708 0 0
709 0 0
710 0 0
711 0 0
712 0 0
713 0 0
714 0 0
715 0 0
716 0 0
717 0 0
718 0 0
719 0 0
720 0 0
721 0 0
722 0 0
723 0 0
724 0 0
725 0 0
726 0 0
727 0 0
728 0 0
729 0 0
730 0 0
731 0 0
732 0 0
733 0 0
734 0 0
735 0 0
736 0 0
737 0 0
738 0 0
739 0 0
740 0 0
741 0 0
742 0 0
743 0 0
744 0 0
745 0 0
746 0 0
747 0 0
748 0 0
749 0 0
750 0 0
751 0 0
752 0 0
753 0 0
754 0 0
755 0 0
756 0 0
757 0 0
758 0 0
759 0 0
760 0 0
761 0 0
762 0 0
763 0 0
764 0 0
765 0 0
766 0 0
767 0 0
768 0 0
769 0 0
770 0 0
771 0 0
772 0 0
773 0 0
774 0 0
775 0 0
776 0 0
777 0 0
778 0 0
779 0 0
780 0 0
781 0 0
782 0 0
783 0 0
784 0 0
785 0 0
786 0 0
787 0 0
788 0 0
789 0 0
790 0 0
791 0 0
792 0 0
793 0 0
794 0 0
795 0 0
796 0 0
797 0 0
798 0 0
799 0 0
800 0 0
801 0 0
802 0 0
803 0 0
804 0 0
805 0 0
806 0 0
807 0 0
808 0 0
809 0 0
810 0 0
811 0 0
812 0 0
813 0 0
814 0 0
815 0 0
816 0 0
817 0 0
818 0 0
819 0 0
820 0 0
821 0 0
822 0 0
823 0 0
824 0 0
825 0 0
826 0 0
827 0 0
828 0 0
829 0 0
830 0 0
831 0 0
832 0 0
833 0 0
834 0 0
835 0 0
836 0 0
837 0 0
838 0 0
839 0 0
840 0 0
841 0 0
842 0 0
843 0 0
844 0 0
845 0 0
846 0 0
847 0 0
848 0 0
849 0 0
850 0 0
851 0 0
852 0 0
853 0 0
854 0 0
855 0 0
856 0 0
857 0 0
858 0 0
859 0 0
860 0 0
861 0 0
862 0 0
863 0 0
864 0 0
865 0 0
866 0 0
867 0 0
868 0 0
869 0 0
870 0 0
871 0 0
872 0 0
873 0 0
874 0 0
875 0 0
876 0 0
877 0 0
878 0 0
879 0 0
880 0 0
881 0 0
882 0 0
883 0 0
884 0 0
885 0 0
886 0 0
887 0 0
888 0 0
889 0 0
890 0 0
891 0 0
892 0 0
893 0 0
894 0 0
895 0 0
896 0 0
897 0 0
898 0 0
899 0 0
900 0 0
901 0 0
902 0 0
903 0 0
904 0 0
905 0 0
906 0 0
907 0 0
908 0 0
909 0 0
910 0 0
911 0 0
912 0 0
913 0 0
914 0 0
915 0 0
916 0 0
917 0 0
918 0 0
919 0 0
920 0 0
921 0 0
922 0 0
923 0 0
924 0 0
925 0 0
926 0 0
927 0 0
928 0 0
929 0 0
930 0 0
931 0 0
932 0 0
933 0 0
934 0 0
935 0 0
936 0 0
937 0 0
938 0 0
939 0 0
940 0 0
941 0 0
942 0 0
943 0 0
944 0 0
945 0 0
946 0 0
947 0 0
948 0 0
949 0 0
950 0 0
951 0 0
952 0 0
953 0 0
954 0 0
955 0 0
956 0 0
957 0 0
958 0 0
959 0 0
960 0 0
961 0 0
962 0 0
963 0 0
964 0 0
965 0 0
966 0 0
967 0 0
968 0 0
969 0 0
970 0 0
971 0 0
972 0 0
973 0 0
974 0 0
975 0 0
976 0 0
977 0 0
978 0 0
979 0 0
980 0 0
981 0 0
982 0 0
983 0 0
984 0 0
985 0 0
986 0 0
987 0 0
988 0 0
989 0 0
990 0 0
991 0 0
992 0 0
993 0 0
994 0 0
995 0 0
996 0 0
997 0 0
998 0 0
999 0 0
1000 0 0
1001 0 0
1002 0 0
1003 0 0
1004 0 0
1005 0 0
1006 0 0
1007 0 0
1008 0 0
1009 0 0
1010 0 0
1011 0 0
1012 0 0
1013 0 0
1014 0 0
1015 0 0
1016 0 0
1017 0 0
1018 0 0
1019 0 0
1020 0 0
1021 0 0
1022 0 0
1023 0 0
1024 0 0
1025 0 0
1026 0 0
1027 0 0
1028 0 0
1029 0 0
1030 0 0
1031 0 0
1032 0 0
1033 0 0
1034 0 0
1035 0 0
1036 0 0
1037 0 0
1038 0 0
1039 0 0
1040 0 0
1041 0 0
1042 0 0
1043 0 0
1044 0 0
1045 0 0
1046 0 0
1047 0 0
1048 0 0
1049 0 0
1050 0 0
1051 0 0
1052 0 0
1053 0 0
1054 0 0
1055 0 0
1056 0 0
1057 0 0
1058 0 0
1059 0 0
1060 0 0
1061 0 0
1062 0 0
1063 0 0
1064 0 0
1065 0 0
1066 0 0
1067 0 0
1068 0 0
1069 0 0
1070 0 0
1071 0 0
1072 0 0
1073 0 0
1074 0 0
1075 0 0
1076 0 0
1077 0 0
1078 0 0
1079 0 0
1080 0 0
1081 0 0
1082 0 0
1083 0 0
1084 0 0
1085 0 0
1086 0 0
1087 0 0
1088 0 0
1089 0 0
1090 0 0
1091 0 0
1092 0 0
1093 0 0
1094 0 0
1095 0 0
1096 0 0
1097 0 0
1098 0 0
1099 0 0
1100 0 0
1101 0 0
1102 0 0
1103 0 0
1104 0 0
1105 0 0
1106 0 0
1107 0 0
1108 0 0
1109 0 0
1110 0 0
1111 0 0
1112 0 0
1113 0 0
1114 0 0
1115 0 0
1116 0 0
1117 0 0
1118 0 0
1119 0 0
1120 0 0
1121 0 0
1122 0 0
1123 0 0
1124 0 0
1125 0 0
1126 0 0
1127 0 0
1128 0 0
1129 0 0
1130 0 0
1131 0 0
1132 0 0
1133 0 0
1134 0 0
1135 0 0
1136 0 0
1137 0 0
1138 0 0
1139 0 0
1140 0 0
1141 0 0
1142 0 0
1143 0 0
1144 0 0
1145 0 0
1146 0 0
1147 0 0
1148 0 0
1149 0 0
#  z (mm)   Energy_Dep  Net_Charge
0 2.97822e-22 -0.946
1 5.82283e-24 0.001
2 0 0
3 0 0
4 0 0
5 6.41904e-24 0.001
6 0 0
7 5.67513e-24 0.001
8 6.89157e-24 0.001
9 0 0
10 0 0
11 0 0
12 0 0
13 0 0
14 0 0
15 5.96989e-24 0.001
16 0 0
17 0 0
18 0 0
19 0 0
20 0 0
21 0 0
22 0 0
23 0 0
24 0 0
25 0 0
26 0 0
27 0 0
28 0 0
29 0 0
30 0 0
31 0 0
32 0 0
33 0 0
34 0 0
35 0 0
36 0 0
37 0 0
38 0 0
39 0 0
40 0 0
41 0 0
42 4.72598e-24 0.001
43 0 0
44 0 0
45 0 0
46 0 0
47 0 0
48 3.99048e-24 0.001
49 0 0
50 0 0
51 4.70203e-24 0.001
52 0 0
53 0 0
54 0 0
55 0 0
56 0 0
57 0 0
58 0 0
59 0 0
60 0 0
61 0 0
62 0 0
63 0 0
64 0 0
65 5.26666e-24 0.001
66 5.98537e-24 0.001
67 0 0
68 0 0
69 0 0
70 0 0
71 6.34039e-24 0.001
72 0 0
73 0 0
74 0 0
75 4.75346e-24 0.001
76 0 0
77 5.71604e-24 0.001
78 0 0
79 0 0
80 0 0
81 0 0
82 0 0
83 0 0
84 0 0
85 0 0
86 0 0
87 0 0
88 0 0
89 0 0
90 0 0
91 6.16772e-24 0.001
92 0 0
93 2.57988e-24 0.001
94 5.635e-24 0.001
95 0 0
96 0 0
97 0 0
98 0 0
99 0 0
100 0 0
101 0 0
102 0 0
103 0 0
104 0 0
105 0 0
106 0 0
107 0 0
108 0 0
109 3.96771e-24 0.001
110 0 0
111 0 0
112 0 0
113 0 0
114 0 0
115 0 0
116 3.80098e-24 0.001
117 0 0
118 0 0
119 0 0
120 5.10014e-24 0.001
121 4.93729e-24 0.001
122 0 0
123 4.20478e-24 0.001
124 0 0
125 0 0
126 0 0
127 0 0
128 0 0
129 4.98068e-24 0.001
130 0 0
131 4.52472e-24 0.001
132 0 0
133 0 0
134 0 0
135 4.70951e-24 0.001
136 0 0
137 5.67556e-24 0.001
138 0 0
139 0 0
140 0 0
141 0 0
142 5.12261e-24 0.001
143 2.25769e-24 0.001
144 0 0
145 0 0
146 0 0
147 0 0
148 0 0
149 0 0
150 5.58066e-24 0.001
151 0 0
152 0 0
153 5.37639e-24 0.001
154 4.38097e-24 0.001
155 0 0
156 0 0
157 0 0
158 4.37072e-24 0.001
159 0 0
160 0 0
161 0 0
162 8.539e-24 0.002
163 0 0
164 0 0
165 9.80837e-24 0.002
166 0 0
167 0 0
168 0 0
169 0 0
170 0 0
171 3.50562e-24 0.001
172 0 0
173 6.50716e-24 0.002
174 0 0
175 0 0
176 0 0
177 0 0
178 0 0
179 0 0
180 0 0
181 0 0
182 4.24755e-24 0.001
183 4.94582e-24 0.001
184 0 0
185 4.83215e-24 0.001
186 4.12027e-24 0.001
187 0 0
188 2.04494e-24 0.001
189 0 0
190 0 0
191 5.1509e-24 0.001
192 0 0
193 0 0
194 0 0
195 3.56027e-24 0.001
196 0 0
197 0 0
198 0 0
199 4.4901e-24 0.001
200 0 0
201 4.26587e-24 0.001
202 0 0
203 2.74679e-24 0.001
204 3.13655e-24 0.001
205 0 0
206 0 0
207 0 0
208 0 0
209 0 0
210 9.27767e-24 0.002
211 3.98051e-24 0.001
212 3.82983e-24 0.001
213 0 0
214 0 0
215 7.8191e-24 0.002
216 0 0
217 0 0
218 0 0
219 0 0
220 0 0
221 0 0
222 0 0
223 0 0
224 0 0
225 0 0
226 4.52903e-24 0.001
227 1.01752e-24 0.001
228 4.1559e-24 0.001
229 3.6616e-24 0.001
230 0 0
231 0 0
232 0 0
233 7.99204e-24 0.002
234 0 0
235 0 0
236 0 0
237 0 0
238 0 0
239 0 0
240 3.52932e-24 0.001
241 4.06562e-24 0.001
242 0 0
243 0 0
244 3.40175e-24 0.001
245 0 0
246 0 0
247 0 0
248 0 0
249 0 0
250 0 0
251 0 0
252 0 0
253 3.1848e-24 0.001
254 3.27756e-24 0.001
255 0 0
256 3.91767e-24 0.001
257 4.8004e-24 0.001
258 5.09522e-24 0.001
259 3.74845e-24 0.001
260 0 0
261 0 0
262 2.28179e-24 0.001
263 3.89277e-24 0.001
264 0 0
265 6.83462e-24 0.002
266 3.98328e-24 0.001
267 3.31914e-24 0.001
268 1.76054e-24 0.001
269 7.31717e-24 0.002
270 0 0
271 0 0
272 0 0
273 0 0
274 0 0
275 0 0
276 2.08018e-24 0.001
277 0 0
278 0 0
279 3.94645e-24 0.001
280 0 0
281 0 0
282 4.86933e-24 0.001
283 3.60184e-24 0.001
284 0 0
285 8.1552e-24 0.002
286 0 0
287 4.21025e-24 0.001
288 0 0
289 7.5452e-24 0.002
290 0 0
291 0 0
292 0 0
293 0 0
294 0 0
295 0 0
296 5.86675e-24 0.002
297 2.72809e-24 0.002
298 0 0
299 0 0
300 0 0
301 0 0
302 7.72017e-24 0.002
303 0 0
304 0 0
305 0 0
306 0 0
307 0 0
308 2.90865e-24 0.001
309 3.73085e-24 0.001
310 0 0
311 2.87677e-24 0.001
312 0 0
313 0 0
314 0 0
315 0 0
316 0 0
317 0 0
318 4.7294e-24 0.001
319 2.90003e-24 0.001
320 3.48251e-24 0.001
321 0 0
322 0 0
323 0 0
324 0 0
325 0 0
326 2.84242e-24 0.001
327 0 0
328 0 0
329 0 0
330 3.67102e-24 0.001
331 1.45354e-23 0.004
332 9.54729e-24 0.003
333 0 0
334 0 0
335 1.11521e-23 0.003
336 0 0
337 3.71919e-24 0.001
338 6.79656e-24 0.002
339 3.20687e-24 0.001
340 6.75335e-24 0.002
341 0 0
342 2.59873e-24 0.001
343 0 0
344 0 0
345 0 0
346 0 0
347 0 0
348 0 0
349 3.3712e-24 0.001
350 3.09987e-24 0.001
351 0 0
352 0 0
353 3.11887e-24 0.001
354 3.32372e-24 0.001
355 3.52414e-24 0.001
356 3.61642e-24 0.001
357 3.55868e-24 0.001
358 2.44149e-24 0.001
359 1.94929e-24 0.001
360 0 0
361 3.56477e-24 0.001
362 9.94573e-24 0.003
363 0 0
364 0 0
365 0 0
366 3.39468e-24 0.001
367 0 0
368 0 0
369 0 0
370 8.65221e-26 0.001
371 0 0
372 8.94334e-24 0.003
373 1.80278e-24 0.001
374 0 0
375 0 0
376 0 0
377 2.31026e-24 0.001
378 0 0
379 2.708e-24 0.001
380 3.57896e-24 0.001
381 0 0
382 6.1451e-24 0.002
383 0 0
384 9.16484e-24 0.003
385 0 0
386 0 0
387 0 0
388 5.02693e-24 0.002
389 2.7468e-24 0.001
390 0 0
391 2.90531e-24 0.001
392 6.41876e-24 0.002
393 3.51605e-24 0.001
394 0 0
395 0 0
396 0 0
397 9.44848e-24 0.003
398 8.51217e-24 0.003
399 5.11596e-24 0.002
400 0 0
401 0 0
402 0 0
403 2.325e-24 0.001
404 0 0
405 0 0
406 0 0
407 4.98918e-24 0.002
408 2.43502e-24 0.001
409 2.71705e-24 0.001
410 0 0
411 0 0
412 2.20593e-24 0.001
413 3.77061e-24 0.001
414 0 0
415 0 0
416 0 0
417 0 0
418 0 0
419 3.04234e-24 0.001
420 3.13865e-24 0.001
421 0 0
422 0 0
423 2.17301e-24 0.001
424 0 0
425 0 0
426 0 0
427 4.32183e-24 0.001
428 0 0
429 0 0
430 0 0
431 0 0
432 7.04216e-24 0.002
433 2.33735e-24 0.001
434 0 0
435 2.54932e-24 0.001
436 0 0
437 4.90284e-24 0.002
438 0 0
439 1.72563e-24 0.001
440 5.99659e-24 0.002
441 0 0
442 0 0
443 0 0
444 0 0
445 0 0
446 2.80757e-24 0.001
447 0 0
448 0 0
449 3.25566e-24 0.001
450 0 0
451 0 0
452 0 0
453 0 0
454 0 0
455 3.00748e-24 0.001
456 0 0
457 0 0
458 0 0
459 0 0
460 0 0
461 0 0
462 1.57164e-24 0.001
463 5.84496e-24 0.002
464 0 0
465 0 0
466 0 0
467 0 0
468 0 0
469 0 0
470 0 0
471 0 0
472 0 0
473 3.19091e-24 0.001
474 0 0
475 0.00251672 0.758
476 0 0
477 0 0
478 0 0
479 0 0
480 0 0
481 0 0
482 0 0
483 0 0
484 0 0
485 0 0
486 0 0
487 0 0
488 0 0
489 0 0
490 0 0
491 0 0
492 0 0
493 0 0
494 0 0
495 0 0
496 0 0
497 0 0
498 0 0
499 0 0
500 0 0
501 0 0
502 0 0
503 0 0
504 0 0
505 0 0
506 0 0
507 0 0
508 0 0
509 0 0
510 0 0
511 0 0
512 0 0
513 0 0
514 0 0
515 0 0
516 0 0
517 0 0
518 0 0
519 0 0
520 0 0
521 0 0
522 0 0
523 0 0
524 0 0
525 0 0
526 0 0
527 0 0
528 0 0
529 0 0
530 0 0
531 0 0
532 0 0
533 0 0
534 0 0
535 0 0
536 0 0
537 0 0
538 0 0
539 0 0
540 0 0
541 0 0
542 0 0
543 0 0
544 0 0
545 0 0
546 0 0
547 0 0
548 0 0
549 0 0
550 0 0
551 0 0
552 0 0
553 0 0
554 0 0
555 0 0
556 0 0
557 0 0
558 0 0
559 0 0
560 0 0
561 0 0
562 0 0
563 0 0
564 0 0
565 0 0
566 0 0
567 0 0
568 0 0
569 0 0
570 0 0
571 0 0
572 0 0
573 0 0
574 0 0
575 0 0
576 0 0
577 0 0
578 0 0
579 0 0
580 0 0
581 0 0
582 0 0
583 0 0
584 0 0
585 0 0
586 0 0
587 0 0
588 0 0
589 0 0
590 0 0
591 0 0
592 0 0
593 0 0
594 0 0
595 0 0
596 0 0
597 0 0
598 0 0
599 0 0
600 0 0
601 0 0
602 0 0
603 0 0
604 0 0
605 0 0
606 0 0
607 0 0
608 0 0
609 0 0
610 0 0
611 0 0
612 0 0
613 0 0
614 0 0
615 0 0
616 0 0
617 0 0
618 0 0
619 0 0
620 0 0
621 0 0
622 0 0
623 0 0
624 0 0
625 0 0
626 0 0
627 0 0
628 0 0
629 0 0
630 0 0
631 0 0
632 0 0
633 0 0
634 0 0
635 0 0
636 0 0
637 0 0
638 0 0
639 0 0
640 0 0
641 0 0
642 0 0
643 0 0
644 0 0
645 0 0
646 0 0
647 0 0
648 0 0
649 0 0
650 0 0
651 0 0
652 0 0
653 0 0
654 0 0
655 0 0
656 0 0
657 0 0
658 0 0
659 0 0
660 0 0
661 0 0
662 0 0
663 0 0
664 0 0
665 0 0
666 0 0
667 0 0
668 0 0
669 0 0
670 0 0
671 0 0
672 0 0
673 0 0
674 0 0
675 0 0
676 0 0
677 0 0
678 0 0
679 0 0
680 0 0
681 0 0
682 0 0
683 0 0
684 0 0
685 0 0
686 0 0
687 0 0
688 0 0
689 0 0
690 0 0
691 0 0
692 0 0
693 0 0
694 0 0
695 0 0
696 0 0
697 0 0
698 0 0
699 0 0
700 0 0
701 0 0
702 0 0
703 0 0
704 0 0
705 0 0
706 0 0
707 0 0
708 0 0
709 0 0
710 0 0
711 0 0
712 0 0
713 0 0
714 0 0
715 0 0
716 0 0
717 0 0
718 0 0
719 0 0
720 0 0
721 0 0
722 0 0
723 0 0
724 0 0
725 0 0
726 0 0
727 0 0
728 0 0
729 0 0
730 0 0
731 0 0
732 0 0
733 0 0
734 0 0
735 0 0
736 0 0
737 0 0
738 0 0
739 0 0
740 0 0
741 0 0
742 0 0
743 0 0
744 0 0
745 0 0
746 0 0
747 0 0
748 0 0
749 0 0
750 0 0
751 0 0
752 0 0
753 0 0
754 0 0
755 0 0
756 0 0
757 0 0
758 0 0
759 0 0
760 0 0
761 0 0
762 0 0
763 0 0
764 0 0
765 0 0
766 0 0
767 0 0
768 0 0
769 0 0
770 0 0
771 0 0
772 0 0
773 0 0
774 0 0
775 0 0
776 0 0
777 0 0
778 0 0
779 0 0
780 0 0
781 0 0
782 0 0
783 0 0
784 0 0
785 0 0
786 0 0
787 0 0
788 0 0
789 0 0
790 0 0
791 0 0
792 0 0
793 0 0
794 0 0
795 0 0
796 0 0
797 0 0
798 0 0
799 0 0
800 0 0
801 0 0
802 0 0
803 0 0
804 0 0
805 0 0
806 0 0
807 0 0
808 0 0
809 0 0
810 0 0
811 0 0
812 0 0
813 0 0
814 0 0
815 0 0
816 0 0
817 0 0
818 0 0
819 0 0
820 0 0
821 0 0
822 0 0
823 0 0
824 0 0
825 0 0
826 0 0
827 0 0
828 0 0
829 0 0
830 0 0
831 0 0
832 0 0
833 0 0
834 0 0
835 0 0
836 0 0
837 0 0
838 0 0
839 0 0
840 0 0
841 0 0
842 0 0
843 0 0
844 0 0
845 0 0
846 0 0
847 0 0
848 0 0
849 0 0
850 0 0
851 0 0
852 0 0
853 0 0
854 0 0
855 0 0
856 0 0
857 0 0
858 0 0
859 0 0
860 0 0
861 0 0
862 0 0
863 0 0
864 0 0
865 0 0
866 0 0
867 0 0
868 0 0
869 0 0
870 0 0
871 0 0
872 0 0
873 0 0
874 0 0
875 0 0
876 0 0
877 0 0
878 0 0
879 0 0
880 0 0
881 0 0
882 0 0
883 0 0
884 0 0
885 0 0
886 0 0
887 0 0
888 0 0
889 0 0
890 0 0
891 0 0
892 0 0
893 0 0
894 0 0
895 0 0
896 0 0
897 0 0
898 0 0
899 0 0
900 0 0
901 0 0
902 0 0
903 0 0
904 0 0
905 0 0
906 0 0
907 0 0
908 0 0
909 0 0
910 0 0
911 0 0
912 0 0
913 0 0
914 0 0
915 0 0
916 0 0
917 0 0
918 0 0
919 0 0
920 0 0
921 0 0
922 0 0
923 0 0
924 0 0
925 0 0
926 0 0
927 0 0
928 0 0
929 0 0
930 0 0
931 0 0
932 0 0
933 0 0
934 0 0
935 0 0
936 0 0
937 0 0
938 0 0
939 0 0
940 0 0
941 0 0
942 0 0
943 0 0
944 0 0
945 0 0
946 0 0
947 0 0
948 0 0
949 0 0
950 0 0
951 0 0
952 0 0
953 0 0
954 0 0
955 0 0
956 0 0
957 0 0
958 0 0
959 0 0
960 0 0
961 0 0
962 0 0
963 0 0
964 0 0
965 0 0
966 0 0
967 0 0
968 0 0
969 0 0
970 0 0
971 0 0
972 0 0
973 0 0
974 0 0
975 0 0
976 0 0
977 0 0
978 0 0
979 0 0
980 0 0
981 0 0
982 0 0
983 0 0
984 0 0
985 0 0
986 0 0
987 0 0
988 0 0
989 0 0
990 0 0
991 0 0
992 0 0
993 0 0
994 0 0
995 0 0
996 0 0
997 0 0
998 0 0
999 0 0
1000 0 0
1001 0 0
1002 0 0
1003 0 0
1004 0 0
1005 0 0
1006 0 0
1007 0 0
1008 0 0
1009 0 0
1010 0 0
1011 0 0
1012 0 0
1013 0 0
1014 0 0
1015 0 0
1016 0 0
1017 0 0
1018 0 0
1019 0 0
1020 0 0
1021 0 0
1022 0 0
1023 0 0
1024 0 0
1025 0 0
1026 0 0
1027 0 0
1028 0 0
1029 0 0
1030 0 0
1031 0 0
1032 0 0
1033 0 0
1034 0 0
1035 0 0
1036 0 0
1037 0 0
1038 0 0
1039 0 0
1040 0 0
1041 0 0
1042 0 0
1043 0 0
1044 0 0
1045 0 0
1046 0 0
1047 0 0
1048 0 0
1049 0 0
1050 0 0
1051 0 0
1052 0 0
1053 0 0
1054 0 0
1055 0 0
1056 0 0
1057 0 0
1058 0 0
1059 0 0
1060 0 0
1061 0 0
1062 0 0
1063 0 0
1064 0 0
1065 0 0
1066 0 0
1067 0 0
1068 0 0
1069 0 0
1070 0 0
1071 0 0
1072 0 0
1073 0 0
1074 0 0
1075 0 0
1076 0 0
1077 0 0
1078 0 0
1079 0 0
1080 0 0
1081 0 0
1082 0 0
1083 0 0
1084 0 0
1085 0 0
1086 0 0
1087 0 0
1088 0 0
1089 0 0
1090 0 0
1091 0 0
1092 0 0
1093 0 0
1094 0 0
1095 0 0
1096 0 0
1097 0 0
1098 0 0
1099 0 0
1100 0 0
1101 0 0
1102 0 0
1103 0 0
1104 0 0
1105 0 0
1106 0 0
1107 0 0
1108 0 0
1109 0 0
1110 0 0
1111 0 0
1112 0 0
1113 0 0
1114 0 0
1115 0 0
1116 0 0
1117 0 0
1118 0 0
1119 0 0
1120 0 0
1121 0 0
1122 0 0
1123 0 0
1124 0 0
1125 0 0
1126 0 0
1127 0 0
1128 0 0
1129 0 0
1130 0 0
1131 0 0
1132 0 0
1133 0 0
1134 0 0
1135 0 0
1136 0 0
1137 0 0
1138 0 0
1139 0 0
1140 0 0
1141 0 0
1142 0 0
1143 0 0
1144 0 0
1145 0 0
1146 0 0
1147 0 0
1148 0 0
1149 0 0
