475 6.12847e-21
475 8.76601e-05
475 0.00291234
475 6.12847e-21
475 0.00104497
475 0.000464409
475 0.000484341
475 0.000201546
475 1.66944e-06
475 2.91577e-14
475 1.17994e-07
475 1.06956e-06
475 0.000514166
475 2.13607e-17
475 2.77226e-28
475 1.01311e-48
475 4.04274e-08
475 2.30372e-34
475 5.05684e-17
475 5.87397e-06
475 1.65646e-42
475 6.49975e-38
475 7.04502e-18
475 1.86759e-19
475 1.72472e-11
475 2.32712e-63
475 1.11634e-43
475 4.10208e-10
475 9.50896e-12
475 8.84365e-30
475 2.96999e-16
475 1.86336e-07
475 6.55154e-18
475 4.19896e-08
475 1.29063e-13
475 0.000264418
475 5.58661e-06
475 7.76827e-06
475 3.7931e-06
475 6.12847e-21
475 0.0003142
475 0.0026858
475 6.12847e-21
475 0.003
475 6.12847e-21
475 0.00238237
475 0.00043477
475 7.43887e-08
475 6.07445e-61
475 1.55508e-109
475 4.26256e-28
475 5.08324e-127
475 9.23452e-13
475 0.000129023
475 3.78751e-05
475 1.58826e-05
475 6.12847e-21
475 0.000866848
475 0.000199782
475 8.81957e-05
475 0.000319076
475 2.03068e-05
475 1.05184e-07
475 0.00150569
475 6.12847e-21
475 6.21247e-05
475 0.000123659
475 0.00281422
475 6.12847e-21
475 0.000603264
475 0.000802249
475 0.00106821
475 0.000108497
475 5.82512e-05
475 4.01883e-69
475 4.78086e-05
475 1.17835e-13
475 1.78516e-06
475 0.000234957
475 1.01905e-05
475 3.77719e-05
475 7.41343e-08
475 1.62846e-05
475 2.31493e-06
475 8.3419e-06
475 6.12847e-21
475 0.000707461
475 0.00086899
475 2.40026e-05
475 3.9918e-06
475 0.00139555
475 6.12847e-21
475 0.00033595
475 0.000501676
10 5.80576e-21
