475 0
481 0.00026185
484 0
511 0
475 0
514 0.000427477
499 0.000382122
499 0.000355041
488 0.00032917
513 0.000213829
511 0
474 0
475 0
509 0.000269556
509 0.000343656
511 0.000362484
510 0.000182038
520 0
876 0
1063 0
1064 0
475 0
520 0.000412643
518 0.000442899
525 0
633 0
475 0
525 0
850 0
1149 0
475 0
484 0.00033034
482 0.000375759
483 1.29208e-05
484 0
511 0
475 0
478 3.90159e-05
485 0.000109122
486 0.0003131
504 0
665 0
475 0
504 0.000489002
484 0.00045704
504 0.000105172
520 0
618 0
475 0
477 0.000483366
475 0
200 0
475 0
481 0.000300964
480 0
469 0
475 0
494 0.000195061
505 0
607 0
475 0
486 0.000472567
475 0
252 0
475 0
489 0.000398397
477 0
377 0
475 0
525 0
850 0
1149 0
475 0
525 0
850 0
1149 0
475 0
525 0
850 0
1149 0
475 0
481 0.000261059
482 0.000478351
483 0.000378154
493 0.000250894
492 0.000141749
493 0.000231359
507 0
609 0
475 0
485 0.000431614
484 9.01797e-05
475 0
0 0
475 0
476 0.000445803
475 0
245 0
475 0
480 0.00016333
480 0.000431913
475 0
392 0
475 0
488 7.17523e-05
513 1.37092e-05
519 3.7151e-05
519 0
634 0
475 0
520 2.37433e-06
525 0
854 0
1134 0
1149 0
475 0
508 0.000220099
508 0.000114227
525 0
828 0
475 0
510 0.00055078
491 0.000354386
499 0
562 0
475 0
493 6.82819e-05
509 0.000445072
501 8.96313e-05
501 0
508 0
475 0
511 0.00044057
496 0.000387333
494 0.000260251
499 0.000183372
501 0.000313738
496 0.000177965
491 0.000105016
497 0.000285522
493 0.000108176
475 0
232 0
475 0
525 0
850 0
1149 0
475 0
490 0.000211167
497 0
561 0
475 0
481 0.000555714
475 0
0 0
475 0
513 0.000471549
500 0.000385738
501 2.4909e-05
503 7.08885e-05
525 0
1149 0
475 0
479 0.000376227
475 0.000365944
475 0
427 0
475 0
520 0.000371154
512 0
434 0
475 0
483 0.000489505
481 1.99823e-05
475 0
260 0
475 0
480 0.000128883
497 0
650 0
475 0
525 0
850 0
1149 0
475 0
496 0.000279412
497 0.000161302
497 0.000311328
502 0
729 0
475 0
493 6.92152e-05
500 0.00049083
497 0.000174118
475 0
0 0
475 0
519 0.00029404
519 9.97666e-05
523 0
565 0
475 0
516 0.000481155
513 0.00014945
510 0.000116314
502 0
321 0
475 0
483 0.00017868
490 0.000107962
491 0.000434245
475 0
185 0
475 0
525 0
850 0
1149 0
475 0
501 0.000269963
501 0.000413341
485 0.00020671
480 0.000427737
482 0.00030495
475 0
0 0
475 0
482 6.94823e-05
482 0.000287053
481 0.000234442
475 0
0 0
475 0
496 0.000215121
503 0
564 0
475 0
487 2.14114e-05
519 0.000469339
497 0
271 0
475 0
505 0.000554501
483 4.20088e-05
475 0
179 0
475 0
483 3.28854e-06
498 0.00042376
488 0.000301525
489 0.000349308
484 5.85403e-05
479 7.16554e-05
476 0
436 0
475 0
508 0.000477885
505 0.000165989
505 0.00015869
524 0.000411258
523 9.87488e-06
516 0.000122745
510 0
361 0
475 0
483 0.000112191
498 0.00038894
501 0
527 0
475 0
525 0
850 0
1149 0
475 0
480 0.000435783
475 0
255 0
475 0
525 0
850 0
1149 0
475 0
520 0.000521102
498 0.000379762
502 0.000285616
520 8.65105e-06
520 0
663 0
475 0
485 0.000383903
482 0.000285066
475 0
50 0
475 0
476 5.9692e-05
504 0.000501332
502 0.000383639
511 0.000406696
506 0.000144493
506 0
512 0
475 0
484 8.06133e-05
493 0.000386797
503 0.000419377
497 1.26026e-05
493 0.000424434
493 0.000135934
525 0
1005 0
475 0
487 0.000247845
489 0.000164578
487 0.000152709
484 0
443 0
475 0
476 0.000155618
490 0
612 0
475 0
511 0.000414999
498 0.000160868
496 0
438 0
475 0
525 0
850 0
1149 0
475 0
477 8.84533e-05
480 0.000532144
475 0
243 0
475 0
486 0.000363197
477 0
389 0
475 0
508 0.000423592
507 0.000245469
496 0
395 0
475 0
520 0.000233548
521 0.000393582
522 4.87641e-05
525 0
690 0
475 0
478 0.000393186
475 0
369 0
475 0
490 0.000361634
487 0.000251013
478 0.000201049
478 0.000218098
481 0.000399039
478 0.000312601
478 1.4065e-05
484 0.000195671
486 0.000253173
484 0.00015762
490 0.000174414
475 0
0 0
475 0
482 5.69069e-05
518 0.000414892
517 0
153 0
475 0
518 0.000424483
514 0.000322906
525 0
909 0
1012 0
1149 0
475 0
487 0.000353824
486 0.000448461
476 0
399 0
475 0
480 0.000304969
479 0.000304419
483 7.84094e-06
489 0
610 0
475 0
503 0.000322974
501 0.000217795
498 0
450 0
475 0
525 0
850 0
1149 0
475 0
488 0.000135137
502 1.36123e-05
509 0
806 0
475 0
496 0.000101678
513 1.03549e-05
525 0
928 0
475 0
484 0.000274232
485 0
497 0
475 0
480 0.000515003
479 0.000275989
493 0
615 0
475 0
484 0.000274978
484 0.00023531
476 0.000363244
489 0
697 0
475 0
499 0.000495767
498 0.000110287
477 0
284 0
475 0
486 0.000531099
475 0
0 0
475 0
525 0
850 0
1149 0
475 0
488 0.000217343
490 0.000380099
476 0
362 0
475 0
484 6.75977e-05
493 3.74569e-05
516 0.000464276
495 0.00047416
525 0
850 0
1145 0
1149 0
475 0
484 4.60817e-05
517 0.000273234
517 0.000142521
513 0
272 0
475 0
476 0.000392823
475 0
371 0
475 0
481 0.000200321
490 0
574 0
475 0
486 0.000435915
475 0
320 0
475 0
525 0
850 0
1149 0
475 0
492 0.000263691
493 0.000200788
497 0
538 0
475 0
515 0.000541295
503 0.000145236
496 0
425 0
475 0
497 9.18254e-05
503 0.00045078
498 0.000367674
503 0.00020128
504 0.000336932
503 0
481 0
475 0
515 6.84555e-05
518 0.000198848
525 0
606 0
475 0
513 6.67886e-05
524 5.30588e-05
525 0
1149 0
475 0
513 0.000200938
521 0
600 0
475 0
496 0.00017774
507 0
612 0
475 0
476 0.000236036
482 0.000234388
482 0
98 0
475 0
483 8.10223e-06
525 0
858 0
1123 0
1149 0
475 0
515 0.00032779
513 0.000424577
504 2.20555e-05
487 0
345 0
475 0
481 0.000383745
478 0.000155889
475 0
44 0
475 0
515 0.000259203
518 0
545 0
475 0
525 0
850 0
1149 0
