# Energy z_(mm) Energy_Dep Net_Charge
3e+07 0 1.93803e-25 -0.0004
3e+07 1 0 0
3e+07 2 0 0
3e+07 3 0 0
3e+07 4 0 0
3e+07 5 0 0
3e+07 6 0 0
3e+07 7 0 0
3e+07 8 0 0
3e+07 9 0 0
3e+07 10 0 0
3e+07 11 0 0
3e+07 12 0 0
3e+07 13 0 0
3e+07 14 0 0
3e+07 15 0 0
3e+07 16 0 0
3e+07 17 0 0
3e+07 18 0 0
3e+07 19 0 0
3e+07 20 0 0
3e+07 21 0 0
3e+07 22 0 0
3e+07 23 0 0
3e+07 24 0 0
3e+07 25 0 0
3e+07 26 0 0
3e+07 27 0 0
3e+07 28 0 0
3e+07 29 0 0
3e+07 30 0 0
3e+07 31 0 0
3e+07 32 0 0
3e+07 33 0 0
3e+07 34 0 0
3e+07 35 0 0
3e+07 36 0 0
3e+07 37 0 0
3e+07 38 0 0
3e+07 39 0 0
3e+07 40 0 0
3e+07 41 0 0
3e+07 42 0 0
3e+07 43 1.37324e-27 0.0001
3e+07 44 0 0
3e+07 45 0 0
3e+07 46 0 0
3e+07 47 0 0
3e+07 48 0 0
3e+07 49 0 0
3e+07 50 0 0
3e+07 51 0 0
3e+07 52 0 0
3e+07 53 0 0
3e+07 54 0 0
3e+07 55 0 0
3e+07 56 0 0
3e+07 57 0 0
3e+07 58 0 0
3e+07 59 0 0
3e+07 60 0 0
3e+07 61 0 0
3e+07 62 0 0
3e+07 63 0 0
3e+07 64 0 0
3e+07 65 0 0
3e+07 66 0 0
3e+07 67 0 0
3e+07 68 0 0
3e+07 69 0 0
3e+07 70 0 0
3e+07 71 0 0
3e+07 72 0 0
3e+07 73 0 0
3e+07 74 0 0
3e+07 75 0 0
3e+07 76 0 0
3e+07 77 0 0
3e+07 78 0 0
3e+07 79 0 0
3e+07 80 0 0
3e+07 81 0 0
3e+07 82 1.3395e-27 0.0001
3e+07 83 0 0
3e+07 84 0 0
3e+07 85 0 0
3e+07 86 0 0
3e+07 87 0 0
3e+07 88 0 0
3e+07 89 1.33383e-27 -0.0001
3e+07 90 0 0
3e+07 91 0 0
3e+07 92 0 0
3e+07 93 0 0
3e+07 94 0 0
3e+07 95 0 0
3e+07 96 0 0
3e+07 97 0 0
3e+07 98 0 0
3e+07 99 0 0
3e+07 100 0 0
3e+07 101 0 0
3e+07 102 0 0
3e+07 103 0 0
3e+07 104 0 0
3e+07 105 0 0
3e+07 106 0 0
3e+07 107 0 0
3e+07 108 0 0
3e+07 109 0 0
3e+07 110 0 0
3e+07 111 0 0
3e+07 112 0 0
3e+07 113 0 0
3e+07 114 0 0
3e+07 115 0 0
3e+07 116 0 0
3e+07 117 0 0
3e+07 118 0 0
3e+07 119 0 0
3e+07 120 0 0
3e+07 121 0 0
3e+07 122 0 0
3e+07 123 0 0
3e+07 124 0 0
3e+07 125 0 0
3e+07 126 0 0
3e+07 127 0 0
3e+07 128 0 0
3e+07 129 0 0
3e+07 130 0 0
3e+07 131 0 0
3e+07 132 1.21155e-27 -0.0001
3e+07 133 0 0
3e+07 134 0 0
3e+07 135 0 0
3e+07 136 0 0
3e+07 137 0 0
3e+07 138 0 0
3e+07 139 0 0
3e+07 140 0 0
3e+07 141 1.6133e-27 -0.0001
3e+07 142 0 0
3e+07 143 0 0
3e+07 144 0 0
3e+07 145 0 0
3e+07 146 0 0
3e+07 147 0 0
3e+07 148 0 0
3e+07 149 0 0
3e+07 150 0 0
3e+07 151 0 0
3e+07 152 0 0
3e+07 153 0 0
3e+07 154 0 0
3e+07 155 0 0
3e+07 156 0 0
3e+07 157 0 0
3e+07 158 0 0
3e+07 159 0 0
3e+07 160 0 0
3e+07 161 0 0
3e+07 162 0 0
3e+07 163 0 0
3e+07 164 0 0
3e+07 165 0 0
3e+07 166 0 0
3e+07 167 0 0
3e+07 168 1.08944e-27 -0.0001
3e+07 169 0 0
3e+07 170 0 0
3e+07 171 0 0
3e+07 172 0 0
3e+07 173 0 0
3e+07 174 1.20716e-27 -0.0001
3e+07 175 0 0
3e+07 176 0 0
3e+07 177 0 0
3e+07 178 0 0
3e+07 179 0 0
3e+07 180 0 0
3e+07 181 0 0
3e+07 182 0 0
3e+07 183 0 0
3e+07 184 1.03393e-27 -0.0001
3e+07 185 0 0
3e+07 186 0 0
3e+07 187 0 0
3e+07 188 0 0
3e+07 189 0 0
3e+07 190 0 0
3e+07 191 1.18194e-27 -0.0001
3e+07 192 0 0
3e+07 193 0 0
3e+07 194 0 0
3e+07 195 0 0
3e+07 196 0 0
3e+07 197 1.00396e-27 -0.0001
3e+07 198 0 0
3e+07 199 0 0
3e+07 200 0 0
3e+07 201 1.03543e-27 -0.0001
3e+07 202 0 0
3e+07 203 0 0
3e+07 204 1.05899e-27 -0.0001
3e+07 205 0 0
3e+07 206 0 0
3e+07 207 0 0
3e+07 208 0 0
3e+07 209 0 0
3e+07 210 0 0
3e+07 211 0 0
3e+07 212 0 0
3e+07 213 0 0
3e+07 214 0 0
3e+07 215 0 0
3e+07 216 0 0
3e+07 217 0 0
3e+07 218 0 0
3e+07 219 0 0
3e+07 220 0 0
3e+07 221 0 0
3e+07 222 0 0
3e+07 223 0 0
3e+07 224 0 0
3e+07 225 0 0
3e+07 226 0 0
3e+07 227 0 0
3e+07 228 0 0
3e+07 229 0 0
3e+07 230 0 0
3e+07 231 0 0
3e+07 232 0 0
3e+07 233 0 0
3e+07 234 0 0
3e+07 235 0 0
3e+07 236 0 0
3e+07 237 0 0
3e+07 238 0 0
3e+07 239 0 0
3e+07 240 0 0
3e+07 241 0 0
3e+07 242 0 0
3e+07 243 0 0
3e+07 244 0 0
3e+07 245 0 0
3e+07 246 0 0
3e+07 247 0 0
3e+07 248 0 0
3e+07 249 0 0
3e+07 250 0 0
3e+07 251 0 0
3e+07 252 0 0
3e+07 253 0 0
3e+07 254 0 0
3e+07 255 0 0
3e+07 256 0 0
3e+07 257 0 0
3e+07 258 0 0
3e+07 259 0 0
3e+07 260 0 0
3e+07 261 0 0
3e+07 262 0 0
3e+07 263 0 0
3e+07 264 0 0
3e+07 265 0 0
3e+07 266 0 0
3e+07 267 0 0
3e+07 268 0 0
3e+07 269 0 0
3e+07 270 0 0
3e+07 271 0 0
3e+07 272 0 0
3e+07 273 0 0
3e+07 274 0 0
3e+07 275 0 0
3e+07 276 0 0
3e+07 277 0 0
3e+07 278 0 0
3e+07 279 0 0
3e+07 280 0 0
3e+07 281 0 0
3e+07 282 0 0
3e+07 283 1.63838e-27 -0.0001
3e+07 284 0 0
3e+07 285 0 0
3e+07 286 0 0
3e+07 287 0 0
3e+07 288 0 0
3e+07 289 0 0
3e+07 290 0 0
3e+07 291 0 0
3e+07 292 2.0871e-27 -0.0001
3e+07 293 9.98054e-28 -0.0001
3e+07 294 0 0
3e+07 295 0 0
3e+07 296 0 0
3e+07 297 0 0
3e+07 298 9.51676e-28 0.0001
3e+07 299 0 0
3e+07 300 0 0
3e+07 301 1.29737e-27 -0.0001
3e+07 302 0 0
3e+07 303 0 0
3e+07 304 0 0
3e+07 305 0 0
3e+07 306 0 0
3e+07 307 0 0
3e+07 308 0 0
3e+07 309 0 0
3e+07 310 0 0
3e+07 311 1.0202e-27 -0.0001
3e+07 312 0 0
3e+07 313 0 0
3e+07 314 0 0
3e+07 315 0 0
3e+07 316 0 0
3e+07 317 0 0
3e+07 318 1.40031e-25 0.0001
3e+07 319 0 0
3e+07 320 0 0
3e+07 321 0 0
3e+07 322 0 0
3e+07 323 0 0
3e+07 324 8.98557e-28 -0.0001
3e+07 325 0 0
3e+07 326 0 0
3e+07 327 0 0
3e+07 328 0 0
3e+07 329 0 0
3e+07 330 9.67663e-28 -0.0001
3e+07 331 0 0
3e+07 332 0 0
3e+07 333 0 0
3e+07 334 0 0
3e+07 335 0 0
3e+07 336 0 0
3e+07 337 0 0
3e+07 338 0 0
3e+07 339 0 0
3e+07 340 0 0
3e+07 341 0 0
3e+07 342 7.96371e-28 -0.0001
3e+07 343 0 0
3e+07 344 0 0
3e+07 345 0 0
3e+07 346 0 0
3e+07 347 0 0
3e+07 348 0 0
3e+07 349 0 0
3e+07 350 0 0
3e+07 351 0 0
3e+07 352 4.64437e-26 0.0001
3e+07 353 0 0
3e+07 354 0 0
3e+07 355 0 0
3e+07 356 0 0
3e+07 357 0 0
3e+07 358 0 0
3e+07 359 0 0
3e+07 360 0 0
3e+07 361 0 0
3e+07 362 0 0
3e+07 363 0 0
3e+07 364 0 0
3e+07 365 0 0
3e+07 366 0 0
3e+07 367 0 0
3e+07 368 0 0
3e+07 369 0 0
3e+07 370 0 0
3e+07 371 0 0
3e+07 372 0 0
3e+07 373 0 0
3e+07 374 0 0
3e+07 375 0 0
3e+07 376 0 0
3e+07 377 7.48157e-28 -0.0001
3e+07 378 0 0
3e+07 379 0 0
3e+07 380 0 0
3e+07 381 0 0
3e+07 382 0 0
3e+07 383 0 0
3e+07 384 0 0
3e+07 385 0 0
3e+07 386 0 0
3e+07 387 0 0
3e+07 388 9.21124e-28 -0.0001
3e+07 389 0 0
3e+07 390 0 0
3e+07 391 0 0
3e+07 392 0 0
3e+07 393 0 0
3e+07 394 0 0
3e+07 395 0 0
3e+07 396 0 0
3e+07 397 0 0
3e+07 398 0 0
3e+07 399 0 0
3e+07 400 0 0
3e+07 401 0 0
3e+07 402 0 0
3e+07 403 8.52939e-28 -0.0001
3e+07 404 0 0
3e+07 405 7.13615e-28 -0.0001
3e+07 406 0 0
3e+07 407 0 0
3e+07 408 0 0
3e+07 409 0 0
3e+07 410 0 0
3e+07 411 0 0
3e+07 412 0 0
3e+07 413 0 0
3e+07 414 0 0
3e+07 415 0 0
3e+07 416 1.47879e-26 0.0001
3e+07 417 0 0
3e+07 418 0 0
3e+07 419 0 0
3e+07 420 0 0
3e+07 421 0 0
3e+07 422 0 0
3e+07 423 0 0
3e+07 424 0 0
3e+07 425 0 0
3e+07 426 1.00279e-27 -0.0001
3e+07 427 0 0
3e+07 428 0 0
3e+07 429 6.46109e-28 -0.0001
3e+07 430 0 0
3e+07 431 0 0
3e+07 432 0 0
3e+07 433 0 0
3e+07 434 0 0
3e+07 435 0 0
3e+07 436 0 0
3e+07 437 6.51318e-28 -0.0001
3e+07 438 0 0
3e+07 439 0 0
3e+07 440 0 0
3e+07 441 0 0
3e+07 442 0 0
3e+07 443 0 0
3e+07 444 0 0
3e+07 445 6.33203e-28 -0.0001
3e+07 446 0 0
3e+07 447 0 0
3e+07 448 0 0
3e+07 449 0 0
3e+07 450 0 0
3e+07 451 0 0
3e+07 452 0 0
3e+07 453 0 0
3e+07 454 0 0
3e+07 455 0 0
3e+07 456 8.743e-28 -0.0001
3e+07 457 0 0
3e+07 458 0 0
3e+07 459 0 0
3e+07 460 0 0
3e+07 461 0 0
3e+07 462 0 0
3e+07 463 6.48068e-28 -0.0001
3e+07 464 6.81339e-28 -0.0001
3e+07 465 0 0
3e+07 466 0 0
3e+07 467 0 0
3e+07 468 0 0
3e+07 469 0 0
3e+07 470 0 0
3e+07 471 0 0
3e+07 472 0 0
3e+07 473 0 0
3e+07 474 0 0
3e+07 475 0.0301414 -0.0005
3e+07 476 0.039538 0.0004
3e+07 477 0.0340092 0.0007
3e+07 478 0.0293136 -0.0009
3e+07 479 0.0325585 0.0002
3e+07 480 0.0309174 0
3e+07 481 0.0342104 0.0008
3e+07 482 0.036169 -0.0005
3e+07 483 0.0280215 0.0003
3e+07 484 0.0446474 0.0003
3e+07 485 0.0311336 -0.0002
3e+07 486 0.0346145 0.0003
3e+07 487 0.0261703 0.0003
3e+07 488 0.0382896 -0.001
3e+07 489 0.0407307 0.0011
3e+07 490 0.0374244 0.0006
3e+07 491 0.0285741 -0.0008
3e+07 492 0.0408354 -0.0007
3e+07 493 0.0376299 0.0003
3e+07 494 0.0330881 0.0002
3e+07 495 0.0392899 -0.0008
3e+07 496 0.0329865 0.0011
3e+07 497 0.0328777 0.0004
3e+07 498 0.0314844 -0.0002
3e+07 499 0.0362004 0.0003
3e+07 500 0.033123 0.0001
3e+07 501 0.0240794 0.0003
3e+07 502 0.0367699 -0.0001
3e+07 503 0.0328188 0.0006
3e+07 504 0.0236493 -0.0002
3e+07 505 0.0282502 -0.0002
3e+07 506 0.039512 0.0007
3e+07 507 0.0305962 -0.0007
3e+07 508 0.0455438 -0.0008
3e+07 509 0.0331271 0.0014
3e+07 510 0.027162 -0.0006
3e+07 511 0.0384208 0.0009
3e+07 512 0.0292439 -0.0001
3e+07 513 0.0310207 -0.0005
3e+07 514 0.028156 0.0002
3e+07 515 0.0246486 -0.0006
3e+07 516 0.0298262 -0.0003
3e+07 517 0.0318244 0.0013
3e+07 518 0.0340167 -0.0004
3e+07 519 0.0306828 -0.0005
3e+07 520 0.0379524 0.001
3e+07 521 0.0238827 0.0006
3e+07 522 0.0257678 -0.0001
3e+07 523 0.0222987 0.0003
3e+07 524 0.0206288 -0.0005
3e+07 525 0.000399524 0
3e+07 526 0 0
3e+07 527 6.95385e-28 -0.0001
3e+07 528 0 0
3e+07 529 0 0
3e+07 530 0 0
3e+07 531 0 0
3e+07 532 0 0
3e+07 533 0 0
3e+07 534 0 0
3e+07 535 0 0
3e+07 536 0 0
3e+07 537 0 0
3e+07 538 0 0
3e+07 539 0 0
3e+07 540 0 0
3e+07 541 0 0
3e+07 542 0 0
3e+07 543 7.82499e-28 -0.0001
3e+07 544 0 0
3e+07 545 0 0
3e+07 546 0 0
3e+07 547 0 0
3e+07 548 0 0
3e+07 549 0 0
3e+07 550 0 0
3e+07 551 0 0
3e+07 552 0 0
3e+07 553 0 0
3e+07 554 0 0
3e+07 555 0 0
3e+07 556 0 0
3e+07 557 0 0
3e+07 558 0 0
3e+07 559 0 0
3e+07 560 0 0
3e+07 561 0 0
3e+07 562 0 0
3e+07 563 0 0
3e+07 564 0 0
3e+07 565 0 0
3e+07 566 0 0
3e+07 567 0 0
3e+07 568 0 0
3e+07 569 0 0
3e+07 570 0 0
3e+07 571 0 0
3e+07 572 0 0
3e+07 573 0 0
3e+07 574 0 0
3e+07 575 0 0
3e+07 576 0 0
3e+07 577 0 0
3e+07 578 0 0
3e+07 579 0 0
3e+07 580 0 0
3e+07 581 0 0
3e+07 582 0 0
3e+07 583 0 0
3e+07 584 0 0
3e+07 585 0 0
3e+07 586 0 0
3e+07 587 0 0
3e+07 588 0 0
3e+07 589 0 0
3e+07 590 0 0
3e+07 591 0 0
3e+07 592 0 0
3e+07 593 0 0
3e+07 594 0 0
3e+07 595 2.70359e-26 0.0001
3e+07 596 0 0
3e+07 597 0 0
3e+07 598 0 0
3e+07 599 0 0
3e+07 600 0 0
3e+07 601 0 0
3e+07 602 0 0
3e+07 603 0 0
3e+07 604 0 0
3e+07 605 0 0
3e+07 606 0 0
3e+07 607 0 0
3e+07 608 0 0
3e+07 609 0 0
3e+07 610 0 0
3e+07 611 0 0
3e+07 612 0 0
3e+07 613 0 0
3e+07 614 0 0
3e+07 615 0 0
3e+07 616 0 0
3e+07 617 0 0
3e+07 618 0 0
3e+07 619 0 0
3e+07 620 0 0
3e+07 621 0 0
3e+07 622 0 0
3e+07 623 0 0
3e+07 624 0 0
3e+07 625 0 0
3e+07 626 0 0
3e+07 627 0 0
3e+07 628 0 0
3e+07 629 0 0
3e+07 630 0 0
3e+07 631 0 0
3e+07 632 0 0
3e+07 633 0 0
3e+07 634 0 0
3e+07 635 0 0
3e+07 636 0 0
3e+07 637 1.07032e-26 0.0001
3e+07 638 0 0
3e+07 639 0 0
3e+07 640 0 0
3e+07 641 0 0
3e+07 642 0 0
3e+07 643 0 0
3e+07 644 0 0
3e+07 645 0 0
3e+07 646 0 0
3e+07 647 0 0
3e+07 648 0 0
3e+07 649 7.25362e-28 -0.0001
3e+07 650 7.36129e-28 -0.0001
3e+07 651 0 0
3e+07 652 7.54586e-28 -0.0001
3e+07 653 0 0
3e+07 654 0 0
3e+07 655 0 0
3e+07 656 0 0
3e+07 657 0 0
3e+07 658 0 0
3e+07 659 0 0
3e+07 660 0 0
3e+07 661 0 0
3e+07 662 0 0
3e+07 663 0 0
3e+07 664 0 0
3e+07 665 0 0
3e+07 666 0 0
3e+07 667 0 0
3e+07 668 0 0
3e+07 669 0 0
3e+07 670 0 0
3e+07 671 0 0
3e+07 672 0 0
3e+07 673 0 0
3e+07 674 0 0
3e+07 675 0 0
3e+07 676 0 0
3e+07 677 0 0
3e+07 678 0 0
3e+07 679 0 0
3e+07 680 0 0
3e+07 681 0 0
3e+07 682 0 0
3e+07 683 0 0
3e+07 684 0 0
3e+07 685 0 0
3e+07 686 0 0
3e+07 687 8.27848e-28 -0.0001
3e+07 688 0 0
3e+07 689 0 0
3e+07 690 0 0
3e+07 691 0 0
3e+07 692 0 0
3e+07 693 0 0
3e+07 694 0 0
3e+07 695 0 0
3e+07 696 0 0
3e+07 697 0 0
3e+07 698 0 0
3e+07 699 0 0
3e+07 700 0 0
3e+07 701 0 0
3e+07 702 0 0
3e+07 703 0 0
3e+07 704 0 0
3e+07 705 0 0
3e+07 706 8.43373e-28 -0.0001
3e+07 707 0 0
3e+07 708 0 0
3e+07 709 0 0
3e+07 710 0 0
3e+07 711 0 0
3e+07 712 0 0
3e+07 713 0 0
3e+07 714 0 0
3e+07 715 0 0
3e+07 716 0 0
3e+07 717 0 0
3e+07 718 0 0
3e+07 719 0 0
3e+07 720 0 0
3e+07 721 0 0
3e+07 722 0 0
3e+07 723 0 0
3e+07 724 9.7089e-28 0.0001
3e+07 725 0 0
3e+07 726 0 0
3e+07 727 9.45424e-28 -0.0001
3e+07 728 0 0
3e+07 729 8.11745e-26 0.0001
3e+07 730 0 0
3e+07 731 0 0
3e+07 732 0 0
3e+07 733 0 0
3e+07 734 0 0
3e+07 735 0 0
3e+07 736 0 0
3e+07 737 0 0
3e+07 738 0 0
3e+07 739 0 0
3e+07 740 0 0
3e+07 741 0 0
3e+07 742 0 0
3e+07 743 0 0
3e+07 744 0 0
3e+07 745 0 0
3e+07 746 0 0
3e+07 747 0 0
3e+07 748 0 0
3e+07 749 0 0
3e+07 750 0 0
3e+07 751 0 0
3e+07 752 0 0
3e+07 753 0 0
3e+07 754 0 0
3e+07 755 0 0
3e+07 756 0 0
3e+07 757 0 0
3e+07 758 0 0
3e+07 759 0 0
3e+07 760 0 0
3e+07 761 0 0
3e+07 762 0 0
3e+07 763 0 0
3e+07 764 0 0
3e+07 765 0 0
3e+07 766 0 0
3e+07 767 0 0
3e+07 768 0 0
3e+07 769 0 0
3e+07 770 0 0
3e+07 771 0 0
3e+07 772 0 0
3e+07 773 0 0
3e+07 774 0 0
3e+07 775 0 0
3e+07 776 0 0
3e+07 777 0 0
3e+07 778 0 0
3e+07 779 0 0
3e+07 780 0 0
3e+07 781 0 0
3e+07 782 0 0
3e+07 783 0 0
3e+07 784 0 0
3e+07 785 0 0
3e+07 786 0 0
3e+07 787 0 0
3e+07 788 0 0
3e+07 789 0 0
3e+07 790 0 0
3e+07 791 0 0
3e+07 792 0 0
3e+07 793 0 0
3e+07 794 0 0
3e+07 795 0 0
3e+07 796 0 0
3e+07 797 1.39586e-27 0.0001
3e+07 798 0 0
3e+07 799 0 0
3e+07 800 0 0
3e+07 801 0 0
3e+07 802 0 0
3e+07 803 0 0
3e+07 804 0 0
3e+07 805 0 0
3e+07 806 0 0
3e+07 807 0 0
3e+07 808 0 0
3e+07 809 0 0
3e+07 810 1.068e-27 -0.0001
3e+07 811 0 0
3e+07 812 0 0
3e+07 813 0 0
3e+07 814 0 0
3e+07 815 0 0
3e+07 816 0 0
3e+07 817 0 0
3e+07 818 0 0
3e+07 819 0 0
3e+07 820 0 0
3e+07 821 0 0
3e+07 822 0 0
3e+07 823 0 0
3e+07 824 0 0
3e+07 825 0 0
3e+07 826 0 0
3e+07 827 0 0
3e+07 828 0 0
3e+07 829 0 0
3e+07 830 0 0
3e+07 831 0 0
3e+07 832 0 0
3e+07 833 0 0
3e+07 834 0 0
3e+07 835 0 0
3e+07 836 0 0
3e+07 837 0 0
3e+07 838 0 0
3e+07 839 0 0
3e+07 840 0 0
3e+07 841 0 0
3e+07 842 1.26509e-27 -0.0001
3e+07 843 0 0
3e+07 844 0 0
3e+07 845 0 0
3e+07 846 0 0
3e+07 847 0 0
3e+07 848 0 0
3e+07 849 0 0
3e+07 850 1.43813e-27 0
3e+07 851 7.07234e-07 0.0002
3e+07 852 4.34114e-06 0
3e+07 853 1.40922e-05 0
3e+07 854 1.43745e-05 -0.0002
3e+07 855 0 0
3e+07 856 0 0
3e+07 857 0 0
3e+07 858 0 0
3e+07 859 0 0
3e+07 860 0 0
3e+07 861 0 0
3e+07 862 0 0
3e+07 863 0 0
3e+07 864 0 0
3e+07 865 0 0
3e+07 866 0 0
3e+07 867 0 0
3e+07 868 0 0
3e+07 869 0 0
3e+07 870 0 0
3e+07 871 0 0
3e+07 872 0 0
3e+07 873 1.02305e-27 0
3e+07 874 0 0
3e+07 875 0 0
3e+07 876 0 0
3e+07 877 0 0
3e+07 878 0 0
3e+07 879 0 0
3e+07 880 0 0
3e+07 881 0 0
3e+07 882 0 0
3e+07 883 0 0
3e+07 884 1.13687e-27 0
3e+07 885 0 0
3e+07 886 0 0
3e+07 887 0 0
3e+07 888 0 0
3e+07 889 0 0
3e+07 890 0 0
3e+07 891 0 0
3e+07 892 0 0
3e+07 893 0 0
3e+07 894 0 0
3e+07 895 0 0
3e+07 896 0 0
3e+07 897 0 0
3e+07 898 0 0
3e+07 899 0 0
3e+07 900 0 0
3e+07 901 0 0
3e+07 902 0 0
3e+07 903 0 0
3e+07 904 0 0
3e+07 905 0 0
3e+07 906 0 0
3e+07 907 0 0
3e+07 908 0 0
3e+07 909 0 0
3e+07 910 0 0
3e+07 911 0 0
3e+07 912 0 0
3e+07 913 0 0
3e+07 914 0 0
3e+07 915 0 0
3e+07 916 0 0
3e+07 917 0 0
3e+07 918 0 0
3e+07 919 0 0
3e+07 920 0 0
3e+07 921 0 0
3e+07 922 0 0
3e+07 923 0 0
3e+07 924 0 0
3e+07 925 0 0
3e+07 926 0 0
3e+07 927 0 0
3e+07 928 0 0
3e+07 929 0 0
3e+07 930 0 0
3e+07 931 0 0
3e+07 932 0 0
3e+07 933 0 0
3e+07 934 0 0
3e+07 935 0 0
3e+07 936 0 -0.0002
3e+07 937 2.68632e-07 0.0001
3e+07 938 1.3719e-06 0
3e+07 939 8.30929e-07 0
3e+07 940 9.75176e-07 -0.0001
3e+07 941 1.14679e-06 0.0001
3e+07 942 1.13332e-06 0
3e+07 943 1.5901e-07 -0.0001
3e+07 944 8.71701e-07 0
3e+07 945 1.33468e-06 0
3e+07 946 8.5485e-07 0
3e+07 947 0 0
3e+07 948 4.59331e-07 0
3e+07 949 2.72808e-06 0.0001
3e+07 950 8.54497e-07 -0.0001
3e+07 951 0 0
3e+07 952 1.22507e-06 0
3e+07 953 9.39555e-07 0
3e+07 954 4.59146e-07 0.0001
3e+07 955 0 0
3e+07 956 1.67448e-06 0
3e+07 957 0 0
3e+07 958 2.08716e-06 0.0001
3e+07 959 4.86425e-07 -0.0001
3e+07 960 1.72651e-06 0
3e+07 961 3.08816e-07 -0.0001
3e+07 962 2.22941e-06 0.0001
3e+07 963 9.35266e-07 -0.0001
3e+07 964 4.25041e-07 0
3e+07 965 0 0
3e+07 966 1.11205e-06 0
3e+07 967 1.59387e-06 0.0001
3e+07 968 1.37838e-07 -0.0001
3e+07 969 1.61962e-06 0
3e+07 970 0 0
3e+07 971 0 0
3e+07 972 1.97359e-06 0
3e+07 973 1.24624e-06 0.0001
3e+07 974 4.89687e-07 -0.0001
3e+07 975 0 0
3e+07 976 1.31861e-06 0.0001
3e+07 977 0 0
3e+07 978 1.57764e-07 0
3e+07 979 2.44828e-06 0
3e+07 980 1.86887e-06 0
3e+07 981 1.55593e-06 0
3e+07 982 9.68493e-07 0
3e+07 983 4.22332e-07 -0.0001
3e+07 984 1.37321e-06 0
3e+07 985 5.38203e-07 0
3e+07 986 0 0
3e+07 987 1.11438e-06 0.0001
3e+07 988 1.27793e-07 0
3e+07 989 1.44421e-06 0
3e+07 990 3.74777e-07 -0.0001
3e+07 991 2.23707e-06 0.0001
3e+07 992 1.49237e-07 -0.0001
3e+07 993 1.60217e-06 0.0001
3e+07 994 2.40813e-07 -0.0001
3e+07 995 0 0
3e+07 996 2.50225e-06 0
3e+07 997 6.11091e-07 0
3e+07 998 9.7467e-07 0
3e+07 999 7.69481e-07 0
3e+07 1000 1.17553e-06 0.0001
3e+07 1001 0 0
3e+07 1002 1.934e-06 0.0001
3e+07 1003 5.58053e-07 -0.0001
3e+07 1004 9.32155e-07 0
3e+07 1005 1.46969e-06 -0.0001
3e+07 1006 1.50252e-06 0.0001
3e+07 1007 2.32774e-07 -0.0001
3e+07 1008 0 0
3e+07 1009 0 0
3e+07 1010 3.33391e-06 0.0001
3e+07 1011 9.27941e-07 0.0001
3e+07 1012 7.41393e-07 -0.0002
3e+07 1013 9.8954e-07 0
3e+07 1014 1.02745e-06 0.0002
3e+07 1015 6.63958e-07 -0.0001
3e+07 1016 2.28888e-07 -0.0001
3e+07 1017 1.64562e-06 0.0001
3e+07 1018 7.1528e-07 0.0001
3e+07 1019 9.19324e-07 0
3e+07 1020 1.47508e-06 0
3e+07 1021 4.7252e-07 0
3e+07 1022 5.54188e-07 -0.0002
3e+07 1023 1.91457e-06 0
3e+07 1024 6.00521e-07 0
3e+07 1025 1.1322e-06 0
3e+07 1026 1.00592e-06 0
3e+07 1027 0 0
3e+07 1028 1.72442e-06 0.0001
3e+07 1029 1.10932e-06 -0.0002
3e+07 1030 1.36182e-06 0
3e+07 1031 9.47062e-07 0.0002
3e+07 1032 3.64423e-07 -0.0002
3e+07 1033 0 0
3e+07 1034 2.09239e-06 0
3e+07 1035 7.31431e-07 0
3e+07 1036 0 0
3e+07 1037 0 0
3e+07 1038 4.26854e-06 -0.0002
3e+07 1039 2.10647e-06 0
3e+07 1040 6.74563e-07 0.0002
3e+07 1041 1.51005e-06 0.0002
3e+07 1042 1.35882e-06 -0.0001
3e+07 1043 1.23056e-06 -0.0001
3e+07 1044 0 0
3e+07 1045 2.23656e-06 0.0001
3e+07 1046 6.6749e-07 -0.0001
3e+07 1047 9.91945e-07 0
3e+07 1048 0 0
3e+07 1049 0 0
3e+07 1050 8.75538e-07 0
3e+07 1051 0 0
3e+07 1052 3.38118e-06 0.0001
3e+07 1053 0 0
3e+07 1054 2.44997e-06 0.0001
3e+07 1055 1.31442e-06 -0.0002
3e+07 1056 0 0
3e+07 1057 1.74351e-06 0
3e+07 1058 1.14559e-06 0
3e+07 1059 0 0
3e+07 1060 0 0
3e+07 1061 0 0
3e+07 1062 3.50593e-06 0
3e+07 1063 8.62944e-07 0
3e+07 1064 8.45463e-07 0.0001
3e+07 1065 1.17314e-06 0
3e+07 1066 1.85722e-06 0.0001
3e+07 1067 3.64376e-07 -0.0002
3e+07 1068 0 0
3e+07 1069 0 0
3e+07 1070 0 0
3e+07 1071 0 0
3e+07 1072 4.51345e-06 0.0001
3e+07 1073 1.53266e-06 0.0001
3e+07 1074 4.64324e-07 -0.0001
3e+07 1075 1.73445e-06 -0.0001
3e+07 1076 1.22384e-06 0
3e+07 1077 1.46841e-06 0.0001
3e+07 1078 1.4993e-07 -0.0001
3e+07 1079 1.85206e-06 0.0001
3e+07 1080 5.44458e-07 0.0001
3e+07 1081 6.89086e-07 0
3e+07 1082 2.11296e-06 -0.0002
3e+07 1083 1.10632e-06 0
3e+07 1084 1.48151e-06 0.0001
3e+07 1085 3.49246e-07 0
3e+07 1086 2.15441e-06 0.0001
3e+07 1087 3.20994e-07 -0.0002
3e+07 1088 1.52675e-06 0.0001
3e+07 1089 2.77837e-07 0
3e+07 1090 4.72987e-08 -0.0001
3e+07 1091 2.38806e-06 0
3e+07 1092 1.24289e-06 0.0001
3e+07 1093 2.01879e-07 -0.0001
3e+07 1094 0 0
3e+07 1095 2.44986e-06 0.0001
3e+07 1096 7.99933e-07 -0.0001
3e+07 1097 0 0
3e+07 1098 2.31835e-06 0.0001
3e+07 1099 8.14738e-07 0
3e+07 1100 9.65093e-08 -0.0001
3e+07 1101 0 0
3e+07 1102 0 0
3e+07 1103 3.99996e-06 0.0002
3e+07 1104 3.02529e-07 -0.0001
3e+07 1105 7.99553e-07 0
3e+07 1106 1.62601e-06 0
3e+07 1107 5.2593e-07 -0.0001
3e+07 1108 1.41202e-06 0.0001
3e+07 1109 2.8519e-07 -0.0001
3e+07 1110 2.55551e-06 0.0001
3e+07 1111 8.35381e-07 0
3e+07 1112 6.43191e-07 -0.0001
3e+07 1113 0 0
3e+07 1114 0 0
3e+07 1115 2.26139e-06 0
3e+07 1116 1.10504e-06 0.0001
3e+07 1117 9.70564e-07 -0.0001
3e+07 1118 2.94983e-07 0.0001
3e+07 1119 1.01951e-06 0
3e+07 1120 8.06911e-07 0
3e+07 1121 1.44987e-06 0.0001
3e+07 1122 1.28521e-06 0
3e+07 1123 3.96891e-07 -0.0002
3e+07 1124 2.44514e-06 0.0001
3e+07 1125 1.35764e-07 -0.0001
3e+07 1126 2.4508e-06 0.0002
3e+07 1127 7.85943e-07 -0.0002
3e+07 1128 0 0
3e+07 1129 0 0
3e+07 1130 3.06543e-06 0.0001
3e+07 1131 0 0
3e+07 1132 1.32951e-06 0
3e+07 1133 8.54319e-07 0
3e+07 1134 3.80273e-07 -0.0001
3e+07 1135 2.61135e-06 0
3e+07 1136 0 0
3e+07 1137 0 0
3e+07 1138 2.16494e-06 0.0001
3e+07 1139 1.27268e-06 0
3e+07 1140 3.00778e-07 0
3e+07 1141 1.75787e-06 0.0001
3e+07 1142 6.0645e-07 -0.0002
3e+07 1143 9.61177e-08 -0.0001
3e+07 1144 0 0
3e+07 1145 3.55264e-06 0.0001
3e+07 1146 1.09404e-06 -0.0001
3e+07 1147 2.78056e-07 0
3e+07 1148 1.92943e-06 0
3e+07 1149 7.4421e-07 0.0001
