475 5.18281e-23
475 0.272638
475 0.341971
475 0.193503
475 0.353146
476 1.12313
477 1.10624
477 0.599151
478 0.112909
479 2.42449
479 0.0342728
480 1.16888
480 0.244439
480 0.0703125
480 0.152354
481 0.251024
481 0.55195
481 0.0787038
482 0.601945
482 0.262742
482 0.734154
482 0.301311
482 0.13779
483 0.854771
483 0.118306
483 0.0309192
483 0.407153
484 1.27528
485 0.584539
485 0.00199639
485 0.432759
485 0.113625
485 0.408907
486 0.913055
486 0.432601
486 0.0311617
486 0.478581
486 0.106928
487 0.610858
487 0.71716
487 0.208729
488 0.864684
489 1.93734
489 0.429328
489 0.0610558
490 0.360909
490 0.594367
490 0.0194595
490 0.446893
491 0.506837
491 0.245917
491 0.116517
491 0.361526
491 0.373226
492 0.750613
492 0.098813
492 0.316636
492 0.0484886
492 0.114858
492 0.220498
492 0.256593
493 0.781494
493 0.12284
493 0.0981094
493 0.333306
493 0.217985
493 0.272407
493 0.196677
493 0.496893
494 1.2606
494 0.0765783
494 0.0568188
495 1.057
496 2.53579
496 0.253802
496 0.259397
496 0.175797
496 0.0380703
497 0.964058
497 0.0123799
497 0.0516357
497 0.121052
497 0.0171117
497 0.117119
498 1.20911
498 0.264515
498 0.253498
498 0.707549
498 0.100324
498 0.140523
498 0.0134778
498 0.010853
499 0.553977
499 0.928251
499 0.303963
500 1.31667
500 0.631809
500 0.463607
500 0.370029
501 0.621811
501 0.717446
501 1.23982
502 0.767692
502 0.0142641
502 0.0127977
502 0.977004
502 0.463747
503 0.869884
503 0.297119
503 0.291735
503 0.311771
503 0.0934852
503 0.197675
503 0.0319945
503 0.225502
504 0.84303
504 0.441344
505 2.53501
505 1.64024
506 1.57564
506 0.26119
506 1.38434
507 2.07217
507 1.49919
507 0.133947
507 0.645329
508 1.9987
508 1.32726
508 0.192814
508 0.889387
508 0.0181873
509 0.605641
509 1.19761
509 0.593793
509 0.0903461
509 0.0895477
510 3.35132
510 2.98785
510 2.79011
511 2.8108
511 2.84474
511 2.98511
511 3.40475
510 0.0345861
509 0.0366007
509 0.0378731
509 0.0417017
509 0.0408232
509 0.0354274
508 0.0484087
508 0.0488249
508 0.0445238
508 0.0382265
508 0.034898
507 0.0479665
507 0.053687
507 0.0611396
507 0.0395431
506 0.0385442
506 0.0653733
506 0.0612608
505 0.0427399
505 0.0384454
504 0.0404924
503 0.0906545
503 0.0376744
503 0.0386154
503 0.0450919
503 0.0641099
503 0.034335
503 0.060112
503 0.0541642
502 0.0371786
502 0.0409411
502 0.0668739
502 0.0481601
502 0.0536153
501 0.0706278
501 0.05507
500 0.0391308
500 0.0557326
500 0.0854626
500 0.0849119
499 0.0737357
499 0.0433986
498 0.038722
498 0.0357011
498 0.0605815
498 0.0511722
498 0.0702502
498 0.0349221
498 0.103445
498 0.0815548
497 0.0804125
497 0.0383764
497 0.0614084
497 0.0897187
497 0.0386675
497 0.0487541
496 0.0477056
496 0.0534393
496 0.0455708
496 0.0762605
496 0.0501421
495 0.0735398
494 0.0393648
494 0.0354855
493 0.110287
493 0.0532613
493 0.0341847
493 0.12912
493 0.0518175
493 0.0372059
493 0.107965
493 0.102556
492 0.0398441
492 0.0618162
492 0.069449
492 0.0466681
492 0.0867311
492 0.0464064
492 0.0365825
491 0.0404901
491 0.0614979
491 0.111615
491 0.067924
491 0.0898241
490 0.124708
490 0.0586513
490 0.0909665
489 0.0538369
489 0.0390425
489 0.0372088
488 0.0413318
487 0.0374835
487 0.158
487 0.0451256
486 0.0742854
486 0.0510958
486 0.128393
486 0.0560239
485 0.0615365
485 0.121167
485 0.0553351
485 0.0343036
484 0.0635296
483 0.0691552
483 0.0677158
483 0.0583097
483 0.108169
482 0.099044
482 0.0342077
482 0.134683
482 0.038461
482 0.0674255
481 0.0423313
481 0.0786195
481 0.0436878
480 0.0466707
480 0.0512431
480 0.0997692
479 0.0229879
479 0.114586
479 0.0473372
479 0.0527482
478 0.125523
477 0.0403223
477 0.109844
476 0.116236
475 0.0535902
475 0.0365942
475 0.0604222
