475 5.18281e-23
475 0.293938
475 0.912412
475 0.0920396
476 0.209709
476 0.157199
476 0.891091
477 0.444641
477 0.791556
479 2.19195
479 0.174131
479 0.0146899
479 0.290012
480 0.880704
480 0.0942064
480 0.316933
480 0.695677
481 0.197278
481 0.189213
481 0.428595
481 0.205672
482 0.599462
482 0.297863
482 0.355103
482 0.505983
482 0.0142242
482 0.119705
483 0.23052
483 0.435927
483 0.51664
484 1.12059
484 0.0923006
484 0.0835949
484 0.116418
484 0.101211
485 1.58029
485 0.207048
485 0.14165
486 0.374794
486 0.403291
486 0.0145615
486 0.246325
486 0.286635
487 0.809146
487 0.369532
487 0.243039
488 0.683093
488 0.262782
488 0.561651
488 0.216395
489 0.576912
489 0.116824
489 0.173606
490 1.35894
490 0.266004
490 0.215665
490 0.402296
490 0.114963
490 0.0441949
490 0.0779015
491 1.14857
491 0.0496421
491 0.066038
491 0.641728
491 0.0890538
492 0.161483
492 0.00371888
492 0.103435
492 0.00490223
492 1.30011
493 1.59961
494 0.803281
494 0.0597862
494 0.566388
494 0.209819
494 0.635087
494 0.0938695
494 0.105692
495 0.705528
495 0.966597
496 1.6848
496 0.226462
497 0.181447
497 0.197831
497 0.136157
497 0.277832
497 0.403179
497 0.658918
498 0.39261
498 0.878102
498 0.445361
498 0.175049
498 0.167703
499 0.270624
499 0.67915
499 0.167197
499 0.381565
499 0.282717
499 0.13255
499 0.266801
499 0.23129
500 0.294342
501 2.63026
501 0.499257
502 1.79166
502 0.482115
502 0.524484
502 0.536609
502 0.365759
503 0.63356
503 0.924974
503 0.301604
503 0.222982
504 2.10779
504 0.0428702
504 0.0295264
504 0.182813
504 0.908923
505 0.0566128
505 0.349349
505 1.00598
505 0.584722
505 0.499458
506 0.778325
506 0.178494
506 0.133031
506 1.22785
506 0.250509
506 0.266282
507 2.33153
507 0.753299
507 0.189283
507 0.0229991
507 0.531858
508 0.505636
508 0.48431
508 1.4169
508 0.373783
508 0.987906
509 0.655973
509 0.0595978
509 0.172023
509 0.186818
509 1.89719
509 0.322527
509 0.228259
509 0.417476
509 0.618407
510 1.6494
510 0.233731
510 3.12881
511 3.12653
511 2.80637
511 2.64217
511 2.84905
512 3.48111
512 0.622428
510 0.0408573
510 0.0361793
509 0.0427331
509 0.0396755
509 0.0411373
509 0.0380238
509 0.0414852
509 0.0445984
509 0.0388533
509 0.045929
509 0.0465018
508 0.0357189
508 0.056779
508 0.0445677
508 0.0450053
508 0.0426404
507 0.046703
507 0.0354233
507 0.0452209
507 0.0511902
507 0.0684035
506 0.0617074
506 0.0506347
506 0.0439581
506 0.0364149
506 0.0631865
506 0.0606284
505 0.0592599
505 0.060971
505 0.0751382
505 0.0346543
505 0.0619639
504 0.0675962
504 0.0406931
504 0.0415759
504 0.0441377
504 0.0533651
503 0.0361724
503 0.0618121
503 0.056452
502 0.0377905
502 0.0480507
502 0.0366715
502 0.0597247
501 0.0378789
501 0.0459065
500 0.0634596
499 0.0349634
499 0.104801
499 0.0960587
499 0.0590009
499 0.0543023
499 0.0683624
499 0.0587894
498 0.0654396
498 0.0448612
498 0.101943
498 0.0409475
497 0.0767142
497 0.058788
497 0.118811
497 0.111076
497 0.0440275
497 0.0442266
496 0.0781217
496 0.0468063
495 0.05787
495 0.0374532
495 0.0652604
494 0.0353401
494 0.0495377
494 0.0538206
494 0.0690757
494 0.0845113
493 0.0800359
492 0.0375542
492 0.0615413
492 0.0479361
491 0.0476005
491 0.0565548
491 0.0537663
491 0.0473263
490 0.0526519
490 0.0344999
490 0.0415928
490 0.0544939
490 0.0574882
490 0.0386017
489 0.0509728
489 0.0397655
489 0.0425887
488 0.0879196
488 0.110762
488 0.0520182
488 0.0441431
487 0.0429821
487 0.0428751
487 0.0464113
486 0.0715951
486 0.043212
486 0.0688372
486 0.0420303
485 0.0407572
485 0.0362917
485 0.0352395
484 0.108464
484 0.104809
484 0.038933
484 0.159892
483 0.0397447
483 0.171127
482 0.0991812
482 0.0371217
482 0.153899
482 0.0415719
482 0.0500423
482 0.0909043
481 0.0858568
481 0.0841085
481 0.0555652
480 0.0837733
480 0.053974
479 0.126788
479 0.126385
479 0.162526
479 0.0422219
477 0.0702914
477 0.0483589
477 0.120452
477 0.0418665
476 0.0494475
476 0.048477
475 0.116319
475 0.0355131
475 0.0480797
