475 5.18281e-23
475 0.0386555
475 0.293234
475 0.403337
475 0.192892
476 0.442484
476 0.13176
476 0.407912
476 0.125491
476 0.120725
476 0.164716
476 0.0332816
476 0.207913
477 1.28785
477 0.0195405
478 0.536949
478 0.260409
478 0.205457
478 0.0103531
479 1.10378
479 0.5202
480 0.27293
480 0.0560059
480 0.342221
480 0.077888
480 0.0136966
481 1.28958
481 0.728927
482 0.576715
483 1.82917
484 1.19704
484 0.00735665
484 0.230008
484 0.563236
484 0.033788
485 0.657248
485 0.315937
485 0.22351
485 0.610758
486 1.52423
486 0.183379
487 0.220234
488 1.87826
488 0.0330472
488 0.139391
488 0.00634935
488 0.193656
488 0.799496
489 0.352675
489 0.0360907
489 1.05042
490 0.455223
490 0.235465
490 0.103676
490 0.447401
491 1.17322
491 0.659511
492 1.87947
492 0.415978
493 0.444376
493 0.202835
493 1.14477
493 0.0207453
494 0.761044
494 0.520612
494 0.347794
494 0.140355
495 0.295875
495 0.62395
495 0.644703
495 0.0298147
495 0.472059
496 0.753876
496 0.0850441
496 0.0832384
497 1.41847
497 0.463559
497 0.868237
497 0.213271
498 0.0984463
498 0.21196
498 1.4
499 0.584302
499 0.640298
499 1.13063
499 0.275816
500 0.247205
500 0.830902
500 0.0709512
501 1.25984
501 0.0590427
501 0.00952329
501 1.20424
501 0.423628
501 0.0335927
502 0.711993
502 0.197441
502 0.554732
502 0.531757
502 0.913173
503 1.01171
503 0.764225
503 0.880095
503 0.0189199
504 0.362497
504 1.77266
504 0.0589639
504 0.359217
505 1.94928
505 0.574836
505 0.350063
506 0.369116
506 0.372005
506 0.0603089
506 0.34766
506 0.259779
506 0.246654
507 2.13543
507 0.939954
507 0.813751
507 1.33338
507 0.202873
508 0.404454
508 0.585395
508 0.0855117
508 0.244879
509 3.36525
509 0.49861
509 1.45052
509 0.328932
509 0.27452
510 3.47566
510 2.97408
511 2.92913
511 2.62313
511 2.70945
512 2.94248
512 3.34686
512 0.850762
512 0.15078
512 0.00174161
509 0.0351629
509 0.0358409
509 0.0344893
509 0.0461795
508 0.0346882
508 0.0562521
508 0.0385136
508 0.0637097
507 0.0492423
507 0.0392939
507 0.0548071
507 0.0491899
507 0.0399206
506 0.0487657
506 0.0691247
506 0.0525401
506 0.0497357
506 0.0720611
506 0.0505597
505 0.0466412
505 0.0786247
505 0.0781039
504 0.0495455
504 0.086132
504 0.0407586
504 0.074787
504 0.0356308
504 0.0881019
503 0.0732629
503 0.0218283
503 0.0412192
502 0.0378941
502 0.0392156
502 0.0681995
502 0.0978535
502 0.0443656
501 0.0357327
501 0.054945
501 0.0404045
501 0.039325
501 0.0887694
501 0.0349451
500 0.0678881
500 0.0442289
500 0.0474782
499 0.0449133
499 0.102942
499 0.0630698
498 0.0829233
498 0.0465959
498 0.109661
497 0.0458962
497 0.0821912
497 0.0484647
497 0.0451627
496 0.0345446
496 0.0494856
496 0.0963719
495 0.0363391
495 0.0828206
495 0.0646003
495 0.043249
495 0.0843627
494 0.055473
494 0.10227
493 0.0792189
493 0.0558383
493 0.0846794
492 0.0385698
492 0.048218
491 0.0379432
490 0.0839673
490 0.0422881
490 0.0355765
489 0.0416809
489 0.0446005
489 0.0530018
488 0.125354
488 0.0600554
488 0.0693616
488 0.0354105
488 0.0656463
488 0.0531151
488 0.053226
487 0.0459908
486 0.0356121
486 0.0510792
485 0.0689153
485 0.116935
485 0.138459
485 0.133532
484 0.024701
484 0.0392649
484 0.0358541
484 0.0771911
484 0.19089
484 0.101385
484 0.0586839
484 0.0587759
482 0.0467395
481 0.062913
480 0.0508718
480 0.0747419
480 0.0499417
480 0.0707639
480 0.0581811
479 0.0362371
479 0.0422611
478 0.138428
478 0.068568
478 0.0412389
478 0.16079
476 0.0489638
476 0.0393649
476 0.0559304
476 0.0373697
476 0.036738
476 0.0353044
475 0.0697235
475 0.04347
475 0.0429846
475 0.036424
