475 5.18281e-23
475 0.0234114
475 0.808934
475 0.25553
476 1.00799
476 0.169012
476 0.210376
477 0.552606
478 2.19647
479 0.985338
480 0.791186
480 0.278274
480 0.886908
480 0.109337
481 0.532463
481 0.0972521
482 1.37758
482 0.683335
482 0.23056
483 0.205878
484 1.44171
484 0.16622
484 0.368666
485 0.949344
485 0.102617
485 0.105842
485 0.282369
485 0.744299
486 0.779144
486 0.0413729
486 0.589239
487 0.430505
487 0.0955465
487 0.213116
488 1.26191
488 0.262052
488 0.344745
488 0.238699
488 0.0661775
488 0.0599328
489 0.683749
489 0.18722
489 0.884137
489 0.229189
490 1.48025
490 0.0937815
490 0.190532
491 1.15739
491 0.0350759
491 0.210705
492 1.21986
492 0.43792
493 0.898061
493 0.17682
493 0.348931
493 0.0802418
493 0.082921
493 0.0597856
493 0.252295
494 0.989399
494 0.955317
495 0.577515
495 0.15589
495 0.414178
495 0.133118
495 0.475346
495 0.195115
495 0.363061
495 0.0415385
496 0.186081
497 2.47615
497 0.444779
497 0.36465
498 1.95802
498 0.0863278
499 0.614282
499 0.404218
499 0.0871672
499 1.09919
500 1.34147
500 0.835499
501 2.03157
502 2.73742
503 1.61255
503 1.03985
504 1.18618
504 0.171412
504 0.455938
504 0.767854
504 0.0377192
504 0.0329371
504 0.0970012
504 0.370751
505 2.06212
505 0.254701
505 0.404347
505 0.0624745
506 0.866903
506 0.0399824
506 0.454873
506 1.17418
507 0.766774
507 0.667459
507 0.156856
507 0.0427033
507 1.02796
507 0.00389634
507 0.141381
508 1.52105
508 0.378589
508 0.102664
508 0.605053
508 0.505139
508 0.261803
509 1.54621
509 1.81335
509 0.58374
510 2.12771
510 3.24618
511 1.7197
511 2.97148
511 2.98939
512 2.68841
512 2.67222
512 2.97732
512 3.15362
511 0.0365375
510 0.0352162
509 0.0522312
509 0.046237
509 0.0423172
508 0.0423842
508 0.0603038
508 0.0544127
508 0.0662435
508 0.0428063
508 0.0363824
507 0.0410178
507 0.0352856
507 0.0445109
507 0.0660981
507 0.0633665
507 0.0459559
507 0.0412114
506 0.0419051
506 0.0719969
506 0.0790061
505 0.0720709
505 0.0370607
505 0.0862893
505 0.0605842
504 0.0852339
504 0.0347917
504 0.0406695
504 0.0563109
504 0.0438602
504 0.0425928
504 0.0638546
504 0.0370476
503 0.0499842
503 0.0424526
502 0.0365296
501 0.035297
500 0.0553044
500 0.0411156
499 0.0402448
499 0.0383341
499 0.0437616
499 0.0362013
498 0.0360872
498 0.0348899
497 0.0691587
497 0.0459269
497 0.0356254
496 0.0489392
495 0.0515773
495 0.0635286
495 0.0394894
495 0.0404937
495 0.0343768
495 0.0533433
495 0.0352508
495 0.137347
494 0.0433401
494 0.0345915
493 0.117016
493 0.0436849
493 0.142526
493 0.14893
493 0.107944
493 0.118487
492 0.0422588
492 0.0391548
491 0.0703335
491 0.0609487
491 0.0534485
490 0.0396277
490 0.0494101
490 0.0443496
489 0.0438609
489 0.0427591
489 0.0435786
488 0.040468
488 0.0358387
488 0.0680867
488 0.0162061
488 0.0404034
488 0.0490656
487 0.044358
487 0.0503462
487 0.0539909
486 0.0933683
486 0.074564
486 0.13567
485 0.0914572
485 0.0753686
485 0.105236
484 0.0602337
483 0.0817954
482 0.0621146
482 0.081431
482 0.039806
481 0.0537102
481 0.0454602
480 0.0701259
480 0.0373015
480 0.0616878
480 0.0671256
479 0.0628026
478 0.0349568
477 0.0614657
476 0.166883
476 0.0835221
476 0.11263
475 0.0353201
475 0.223438
475 0.00483869
475 0.00414637
475 0.00362106
475 0.0481287
488 0.000121
488 0.00103866
