475 5.18281e-23
475 0.670174
475 0.124763
475 0.236574
475 0.192233
476 0.0964851
476 0.00392314
476 0.129557
476 0.340589
476 0.796013
477 0.125195
477 0.171257
477 0.390928
478 0.849313
478 0.696521
479 1.33812
479 0.380968
480 0.327174
480 0.494351
481 2.06886
481 0.0256077
481 0.0929439
482 0.403207
482 0.245893
482 0.13747
482 0.0858163
482 0.884659
483 0.917403
483 0.562257
484 0.752883
484 0.04279
484 0.210202
484 0.372165
486 2.58945
486 0.481164
486 0.10601
487 1.38164
488 1.7256
488 0.25165
489 0.296345
489 0.184031
490 1.43172
490 0.33301
492 3.3896
492 0.193684
492 0.265048
492 0.159865
492 0.563932
493 0.859186
493 0.282542
493 0.172386
493 0.344801
494 0.561218
494 0.0549508
494 0.496217
494 0.798197
495 0.459756
495 0.163699
495 0.766902
495 0.0185228
495 0.16897
495 0.18173
495 0.158876
495 0.339207
496 0.216407
496 0.44136
496 0.342336
496 0.631311
497 0.915413
497 0.392633
497 0.180762
497 0.347614
497 0.054525
497 0.230044
498 0.602685
498 0.632214
498 0.307976
498 0.0912461
499 0.60393
499 0.299044
499 0.0156637
499 0.0775909
499 0.15613
499 0.86279
499 0.124349
499 0.150783
499 0.019706
499 0.235231
500 1.36225
500 0.655115
501 0.729677
501 1.41064
502 0.560257
502 1.61284
502 0.751147
503 0.408755
503 0.309826
503 0.0111628
503 0.665367
503 0.212877
504 1.66306
504 0.0568838
504 0.545374
504 0.300719
504 0.979142
504 0.0784309
505 0.143706
505 0.299349
505 0.271506
505 0.479207
505 0.192146
506 2.04479
506 0.590327
506 0.887214
506 0.131207
507 2.12396
507 1.2375
507 0.000867297
507 0.667259
507 0.158245
508 0.80834
508 0.119658
508 0.415056
508 0.62311
508 1.08963
508 0.932305
509 1.63634
509 0.156166
509 0.00950409
509 1.49943
510 3.46905
510 1.44491
511 3.15118
511 2.89481
511 2.7102
511 2.77023
512 3.0751
512 3.13867
509 0.0468025
509 0.0455352
509 0.0417002
509 0.0494908
508 0.0421316
508 0.0620542
508 0.0410066
508 0.0366032
508 0.0407688
507 0.0603035
507 0.0451474
507 0.0377327
507 0.0520223
507 0.0441796
506 0.0699781
506 0.0617758
506 0.0686592
506 0.0698254
505 0.0542003
505 0.0453725
505 0.0060833
505 0.0402758
505 0.0359703
505 0.0459417
504 0.0658141
504 0.0379564
504 0.0461248
504 0.0403221
504 0.0835496
504 0.0360843
503 0.0519641
503 0.0371826
503 0.0388734
503 0.0898789
502 0.0901456
502 0.0384357
502 0.0523394
501 0.0910882
501 0.0746071
500 0.0440446
500 0.0381252
499 0.076991
499 0.0526384
499 0.0364496
499 0.0644627
499 0.108179
499 0.0406207
499 0.0382773
499 0.0410405
499 0.0775918
498 0.0525913
498 0.0597886
498 0.0355156
498 0.036797
497 0.0465291
497 0.119247
497 0.0357961
497 0.126303
497 0.0368799
496 0.0811418
496 0.0427238
495 0.0383644
495 0.0475627
495 0.0363085
495 0.0498224
495 0.0500126
495 0.0757035
495 0.133841
495 0.0408749
494 0.0580348
494 0.0510764
494 0.052228
494 0.0624291
493 0.0651132
493 0.0372827
493 0.0342828
493 0.070911
492 0.046895
492 0.0704462
492 0.117177
492 0.0893368
492 0.118917
490 0.0567606
490 0.0700742
489 0.074126
489 0.0441686
488 0.0404095
487 0.0679062
486 0.0370967
486 0.0654533
486 0.038193
484 0.0482954
484 0.0604168
484 0.0614974
483 0.0807587
483 0.0418801
483 0.0767243
482 0.0847538
482 0.0347938
482 0.110612
482 0.0680945
481 0.123937
481 0.0971169
481 0.0601352
480 0.0539779
480 0.0531377
479 0.0879684
478 0.0748001
478 0.0737469
477 0.0357072
477 0.0605774
477 0.0366649
476 0.0504896
476 0.0365397
476 0.0427401
476 0.136505
475 0.00113709
476 0.183245
475 0.0356036
475 0.0432812
475 0.12191
505 0.001564
505 0.00846148
