514 -13
514 13
510 -13
510 13
498 -13
498 13
518 -13
518 13
502 -13
502 13
476 -13
476 13
492 -12
492 12
492 -1
492 1
517 -12
517 12
517 -1
517 1
517 1
517 -1
517 1
517 -1
517 1
517 -1
495 -13
495 13
502 -13
502 13
506 -13
506 13
484 -11
484 11
484 -1
484 1
484 -1
484 1
482 1
482 -1
488 1
488 -1
488 1
488 -1
507 -13
507 13
492 -13
492 13
490 -12
490 12
490 -1
490 1
478 1
478 -1
476 1
476 -1
506 1
506 -1
489 1
489 -1
478 -13
478 13
475 -13
475 13
491 -13
491 13
480 -13
480 13
518 -13
518 13
490 -12
490 12
490 -1
489 1
490 -13
490 13
490 1
490 -1
490 1
490 -1
490 1
490 -1
490 1
490 -1
490 1
490 -1
490 1
490 -1
490 1
490 -1
493 -13
493 13
492 -13
492 13
487 1
487 -1
481 1
481 -1
476 1
476 -1
489 1
489 -1
492 1
492 -1
496 1
496 -1
496 1
496 -1
493 1
493 -1
522 -13
522 13
501 -13
501 13
501 1
501 -1
513 -13
513 13
490 -13
490 13
477 -13
477 13
483 1
483 -1
480 -13
480 13
498 -13
498 13
517 -13
517 13
480 -13
480 13
509 -12
509 12
509 -1
509 1
495 1
495 -1
515 1
515 -1
492 -1
491 1
492 -1
491 1
492 1
492 -1
492 1
492 -1
492 1
491 -1
491 1
491 -1
491 1
491 -1
492 1
492 -1
503 -13
503 13
509 -12
509 12
509 -1
509 1
501 1
501 -1
488 -12
488 12
488 -1
488 1
507 -13
507 13
501 -13
501 13
502 -12
502 12
502 -1
503 1
502 1
502 -1
499 1
499 -1
511 -13
511 13
484 -12
484 12
484 -1
484 1
491 1
492 -1
492 1
492 -1
492 1
492 -1
492 1
492 -1
500 -13
500 13
517 -13
517 13
482 -12
482 12
482 -1
482 1
495 -12
495 12
495 -1
495 1
522 1
522 -1
510 1
510 -1
495 1
495 -1
496 -13
496 13
513 -12
513 12
513 -1
513 1
510 1
510 -1
497 1
497 -1
510 1
510 -1
508 -13
508 13
495 1
495 -1
497 1
496 -1
497 1
497 -1
494 -12
494 12
494 -1
494 1
491 1
491 -1
491 1
491 -1
494 1
494 -1
514 1
514 -1
514 1
514 -1
501 -13
501 13
512 -13
512 13
481 -13
481 13
