475 0
525 0
850 0
1149 0
475 0
525 0
850 0
1149 0
475 0
525 0
850 0
1149 0
475 0
525 0
850 0
1149 0
475 0
525 0
850 0
1149 0
475 0
519 0
525 0
850 0
1149 0
1149 0
519 0.0383509
475 0
494 0
494 1.30017
494 3.44316
494 0.390134
515 0
483 0
475 0
0 0
478 0
327 0
522 0
774 0
525 0
957 0
483 0.0024333
515 0.0369322
475 0
525 0
850 0
1149 0
475 0
479 0
479 1.00299
479 3.26154
479 1.01963
479 0.136892
475 0
281 0
495 0
639 0
482 0
480 0
475 0
0 0
480 0.00635039
482 0.0433279
475 0
0 0
475 0
525 0
850 0
1149 0
