475 0
486 6.44333e-06
489 0
515 0
475 0
475 2.16121e-06
503 0
751 0
475 0
493 9.91075e-06
481 0
376 0
475 0
486 1.29374e-05
475 0
72 0
475 0
508 7.6894e-06
507 2.66726e-06
498 7.43109e-06
506 2.63987e-07
510 0
630 0
475 0
485 1.27802e-05
475 0
62 0
475 0
491 9.59566e-06
481 1.20587e-05
497 0
577 0
475 0
493 5.43436e-06
496 1.02409e-05
502 6.99743e-06
505 8.136e-06
515 8.31628e-07
519 0
716 0
475 0
475 1.15508e-05
475 0
189 0
475 0
525 0
850 0
1149 0
475 0
506 2.60827e-06
525 0
725 0
475 0
524 6.55573e-06
524 7.8205e-06
525 0
697 0
475 0
525 0
850 0
1149 0
475 0
487 7.95805e-06
487 6.34706e-06
492 8.389e-06
483 0
402 0
475 0
525 0
850 0
1149 0
475 0
525 0
850 0
1149 0
475 0
495 1.51633e-06
525 0
824 0
475 0
491 7.29855e-07
507 1.08403e-05
507 5.43846e-06
483 9.36251e-06
495 0
553 0
475 0
501 1.35858e-07
502 8.96487e-06
496 4.92927e-06
494 0
471 0
475 0
479 1.06466e-05
475 1.07916e-06
475 0
483 0
475 0
485 2.87753e-06
505 0
678 0
475 0
491 4.97764e-06
494 3.37263e-06
513 6.8102e-06
511 0
492 0
475 0
486 5.18693e-06
492 5.26968e-06
505 0
785 0
475 0
515 8.1944e-06
512 0
479 0
475 0
517 1.10773e-05
510 2.71157e-06
518 0
612 0
475 0
525 0
850 0
1149 0
475 0
476 1.03909e-05
475 4.56162e-06
497 1.09999e-05
485 6.39559e-06
488 2.30038e-06
510 0
628 0
475 0
525 0
850 0
1149 0
475 0
503 3.29364e-06
519 0
669 0
475 0
476 7.49503e-06
475 6.93054e-06
475 0
335 0
475 0
475 3.63105e-06
485 1.17137e-05
485 9.18931e-06
486 0
501 0
475 0
478 6.80966e-06
478 8.0158e-06
525 0
1149 0
475 0
510 8.66967e-06
504 0
455 0
475 0
525 0
850 0
1149 0
475 0
497 4.20973e-06
509 0
616 0
475 0
497 9.67613e-06
491 5.24821e-06
475 0
0 0
475 0
482 7.18149e-06
482 1.28443e-05
480 1.03413e-05
491 6.23446e-07
491 0
502 0
475 0
482 1.3381e-05
475 0
0 0
475 0
501 8.11428e-06
497 0
460 0
475 0
475 1.20342e-05
475 0
218 0
475 0
522 9.15795e-06
521 8.95213e-06
523 9.7508e-06
519 2.90466e-07
519 0
528 0
475 0
479 2.748e-06
499 0
684 0
475 0
479 1.12804e-05
475 0
229 0
475 0
525 0
850 0
1149 0
475 0
525 0
850 0
1149 0
475 0
476 1.90867e-06
495 1.20395e-05
489 0
455 0
475 0
499 6.78128e-06
499 1.09566e-05
499 8.93593e-06
525 0
775 0
475 0
491 1.80998e-06
522 0
800 0
475 0
525 0
850 0
1149 0
475 0
509 3.95073e-06
511 5.96307e-06
503 1.02957e-05
522 0
631 0
475 0
487 6.42281e-07
502 5.21282e-06
505 8.54626e-06
478 0
133 0
475 0
525 0
850 0
1149 0
475 0
509 1.36509e-05
507 8.26774e-06
525 0
748 0
475 0
477 1.1544e-05
475 0
254 0
475 0
525 0
850 0
1149 0
475 0
520 5.07087e-06
524 1.51141e-07
525 0
556 0
475 0
499 9.75206e-06
489 0
396 0
475 0
493 1.70077e-07
525 0
858 0
1122 0
1149 0
475 0
513 5.52957e-07
525 0
883 0
1057 0
1149 0
475 0
481 1.18074e-06
525 0
920 0
475 0
508 1.03933e-05
495 0
376 0
475 0
511 5.97196e-06
517 0
566 0
475 0
493 7.55042e-06
492 2.17446e-06
487 6.63986e-06
475 0
0 0
475 0
500 1.38152e-05
475 0
0 0
475 0
492 3.24154e-07
502 9.18437e-06
490 5.22835e-06
490 1.1769e-06
497 0
604 0
475 0
524 1.01916e-05
514 3.97097e-08
512 0
430 0
475 0
484 1.75068e-06
515 0
793 0
475 0
508 7.08941e-06
508 8.13665e-06
525 0
842 0
475 0
495 4.33074e-07
499 1.66578e-06
521 0
725 0
475 0
512 9.50053e-06
510 7.56923e-06
508 6.7446e-07
507 3.71308e-07
506 7.27719e-06
495 0
335 0
475 0
481 8.30925e-06
481 9.96228e-06
475 1.2025e-06
475 0
460 0
475 0
475 1.19759e-05
475 0
171 0
475 0
500 1.23805e-05
493 7.12198e-06
494 5.16831e-06
525 0
935 0
475 0
525 0
850 0
1149 0
475 0
492 2.75865e-06
494 7.76955e-06
491 1.14084e-05
493 9.2681e-06
488 1.19061e-06
483 0
437 0
475 0
525 0
850 0
1149 0
475 0
519 2.62604e-07
525 0
859 0
1117 0
1149 0
475 0
496 1.21892e-05
475 0
221 0
475 0
495 6.84139e-06
496 8.6284e-06
496 9.39017e-06
490 0
442 0
475 0
525 0
850 0
1149 0
475 0
525 0
850 0
1149 0
475 0
494 2.70451e-07
520 1.34283e-05
514 9.41925e-06
517 7.02503e-07
525 0
850 0
1147 0
1149 0
475 0
489 9.82135e-06
478 0
378 0
475 0
525 0
850 0
1149 0
475 0
483 6.66414e-06
484 2.50451e-06
491 0
587 0
475 0
482 1.14036e-05
475 0
272 0
475 0
476 9.53192e-06
475 0
350 0
475 0
513 6.14237e-06
514 7.8554e-07
508 0
443 0
475 0
503 1.58313e-06
525 0
897 0
475 0
495 1.03612e-05
495 6.46018e-06
489 9.75689e-06
497 3.9294e-06
495 7.50846e-06
486 7.81459e-06
486 4.10237e-06
475 0
0 0
475 0
477 3.61987e-06
493 0
638 0
475 0
490 2.96865e-06
509 0
683 0
475 0
489 8.73439e-06
486 3.68264e-06
475 0
72 0
475 0
525 0
850 0
1149 0
475 0
489 2.23726e-06
497 1.55599e-06
525 0
1149 0
475 0
480 1.31402e-05
475 0
7 0
475 0
482 6.61252e-06
484 0
504 0
475 0
508 9.01294e-06
504 6.47686e-06
499 1.56093e-06
481 1.06408e-06
475 0
353 0
475 0
504 8.7196e-06
504 9.77236e-06
504 2.37664e-06
523 0
699 0
475 0
489 2.5359e-06
509 7.47135e-06
525 0
789 0
