475 1.42529e-22
475 0.393299
475 1.06827
475 0.0127099
475 1.31845
475 0.136126
476 2.00186
476 0.0325658
476 0.997707
477 2.73075
477 2.38136
477 1.09122
477 0.326103
478 3.13375
478 2.87748
478 2.77857
479 2.79038
479 3.10708
479 2.35642
477 0.0364944
477 0.0389237
477 0.0436376
476 0.0453754
476 0.0345296
476 0.0446601
475 0.0388879
475 0.0525195
475 0.0463263
475 0.0447425
475 0.0398132
475 1.42529e-22
475 0.24891
475 2.48487
475 0.815323
475 0.111572
476 0.492041
476 1.37594
476 1.19277
476 0.269754
476 0.0869368
476 0.727635
476 0.0237715
476 0.0635366
477 3.3275
477 1.8139
478 3.1383
478 2.92858
478 2.87537
479 2.95219
479 3.33241
479 1.23008
479 0.00952072
476 0.0348835
476 0.0443253
476 0.039346
476 0.0363766
476 0.049216
476 0.0345044
476 0.0342243
476 0.0453066
475 0.046055
475 0.0384487
475 0.0484875
475 0.0479149
475 1.42529e-22
475 0.647851
475 0.0137517
475 0.306564
475 2.3536
475 0.0185888
475 0.172828
475 0.294419
476 0.768208
476 0.527915
476 0.443525
476 0.751687
477 3.56242
477 3.38483
478 2.94768
478 3.04195
478 2.83917
479 2.91267
479 3.21122
479 1.35085
479 0.00425821
476 0.0424613
476 0.0492015
476 0.0462696
476 0.0502298
475 0.0387475
475 0.050533
475 0.0399404
475 0.0418463
475 0.0462433
475 0.0405543
475 1.42529e-22
475 1.29999
475 0.978787
475 0.199817
475 0.513175
476 1.29635
476 0.0141507
476 2.2201
477 2.23467
477 0.0319048
477 2.81989
478 3.10279
478 2.69336
478 2.89219
479 2.70621
479 3.02473
479 3.51778
479 0.0706344
479 0.00962503
477 0.0374493
477 0.035727
477 0.0364971
476 0.0350345
476 0.0354219
475 0.041657
475 0.0476843
475 0.0589478
475 0.0454229
475 1.42529e-22
475 0.111083
475 1.03382
475 1.20069
475 0.403417
475 0.118012
475 0.0385314
475 0.348357
475 0.290102
476 0.827645
476 2.23963
477 3.48918
477 3.156
478 3.01083
478 2.8062
479 2.78922
479 2.72106
479 3.26714
479 1.68292
476 0.0464759
476 0.041315
475 0.0451626
475 0.0561846
475 0.0392042
475 0.035641
475 0.0412661
475 0.0437443
475 0.0634991
475 0.0536754
475 1.42529e-22
475 0.274166
475 0.107025
475 1.68753
475 0.685924
475 0.957076
476 0.165936
476 2.10854
476 0.195058
476 0.721169
477 2.05116
477 0.629078
477 0.282488
477 0.807186
477 0.560945
477 0.127549
478 3.02792
478 2.90011
478 2.85369
479 2.82341
479 2.94783
479 3.41856
479 0.076247
479 0.0137187
477 0.0352636
477 0.0362498
477 0.0368362
477 0.0369537
477 0.034185
476 0.0485211
476 0.0343416
476 0.0409603
476 0.0411321
475 0.0527817
475 0.04967
475 0.0462206
475 0.0440788
475 0.040502
475 1.42529e-22
475 0.208447
475 0.395044
475 0.874594
475 0.148809
475 0.580557
475 0.204588
476 1.36359
476 3.67742
477 0.782787
477 2.66518
477 0.904084
478 3.26051
478 2.93995
478 2.83077
479 1.32801
479 2.87197
479 3.3092
479 1.15094
479 0.100973
477 0.0352259
477 0.0367024
476 0.0520339
475 0.0385861
475 0.0484877
475 0.0502922
475 0.0579246
475 0.0343466
475 0.0489654
475 1.42529e-22
475 0.673869
475 0.031751
475 1.15343
475 0.36721
475 0.779666
475 0.172963
475 0.0622172
475 0.697614
476 0.147947
476 1.54166
476 0.115526
476 0.389795
476 1.70784
476 0.0186044
476 0.263656
476 0.18197
477 1.20541
477 1.30112
477 0.0326914
477 0.73543
477 1.74363
478 2.90889
478 2.86178
478 2.785
479 2.87412
479 3.40334
479 0.910608
479 0.105026
479 0.0119185
479 0.0130864
477 0.0352157
477 0.0383813
477 0.0345845
476 0.0356843
476 0.0394884
476 0.0351722
476 0.0448097
476 0.0402106
476 0.0510156
476 0.0437433
476 0.0371378
475 0.0375613
475 0.0354735
475 0.0454992
475 0.0494533
475 0.0585443
475 0.0388602
475 0.0626178
475 0.0387699
475 1.42529e-22
475 2.82713
475 0.435157
476 1.34683
476 0.87415
476 1.3957
477 2.50733
477 3.46365
478 0.889583
478 1.21319
478 3.04458
478 2.80824
479 2.76
479 3.0261
479 3.19238
476 0.0379209
476 0.0364011
476 0.0541194
475 0.0445749
475 0.0429782
475 1.42529e-22
475 1.54917
475 0.0301982
475 0.420288
475 0.80679
476 1.02575
476 1.92425
476 0.668361
476 0.0339042
476 0.0773236
476 0.269579
477 3.52886
477 2.40142
478 3.13058
478 2.85305
478 2.60438
479 2.87065
479 3.04146
479 2.33874
476 0.0390577
476 0.0344405
476 0.0401704
476 0.0404613
476 0.0433281
476 0.0403188
475 0.0469967
475 0.0482889
475 0.0551363
475 0.0370567
475 1.42529e-22
475 2.50853
476 2.22243
476 0.133321
476 1.22033
476 0.482912
476 0.109918
476 0.874581
477 0.798071
477 2.6926
477 0.873954
477 0.991636
478 2.97887
478 2.85139
478 2.76129
479 2.8651
479 3.13447
479 2.02196
477 0.0364875
477 0.0374275
477 0.0347398
477 0.0440924
476 0.0461121
476 0.0343007
476 0.040583
476 0.0509513
476 0.0543285
476 0.0496019
475 0.0500131
475 1.42529e-22
475 2.10633
475 1.10524
475 0.394295
476 0.912436
476 1.8283
476 0.153848
477 3.51559
477 0.0715861
477 1.691
478 2.9816
478 2.90453
478 2.85125
479 2.85192
479 3.00629
479 3.28658
477 0.0373071
477 0.0370952
476 0.0502526
476 0.0395702
476 0.047956
475 0.0444805
475 0.0430927
475 0.0394484
475 1.42529e-22
475 0.323027
475 0.542567
475 0.0921237
475 0.453945
475 0.400437
475 0.00328446
475 1.65345
476 0.807461
476 1.77645
476 1.67511
477 2.29794
477 1.15952
477 1.96846
478 2.83014
478 2.7978
478 2.79334
479 2.84619
479 3.21701
479 1.63711
479 0.194544
479 0.0129525
479 0.00705014
477 0.0356479
477 0.0354249
477 0.0381815
476 0.0377736
476 0.0486231
476 0.03984
475 0.0418597
475 0.0591014
475 0.0425971
475 0.0546119
475 0.0416362
475 0.0347909
475 1.42529e-22
475 0.235535
475 0.936014
475 0.873015
476 2.75628
476 0.226076
476 0.674237
476 0.327362
476 0.0844812
476 0.0534041
476 1.45235
477 0.975464
477 0.319103
477 3.02489
478 2.90393
478 2.87796
478 2.74905
479 2.68597
479 2.95591
479 3.3876
477 0.035763
476 0.0418931
476 0.0427225
476 0.0515615
476 0.05196
476 0.0371989
476 0.0409129
476 0.0442217
475 0.0473887
475 0.0579148
475 0.0498208
475 1.42529e-22
475 0.0668409
475 0.109041
475 0.432449
475 0.651345
475 0.317622
475 0.944416
476 3.39999
476 1.60888
476 0.205208
477 1.61614
477 1.72819
477 0.439717
477 3.09407
477 2.94573
477 2.7844
477 2.84721
477 3.17589
477 2.2249
477 0.0424863
477 0.018834
477 0.0364866
477 0.0374649
476 0.0457469
476 0.0389716
476 0.0413466
475 0.0417423
475 0.0344991
475 0.0369584
475 0.0383038
475 0.0610763
475 0.0347377
477 0.899298
475 1.42529e-22
475 1.03721
475 0.961483
475 0.822476
475 0.0212317
476 1.98298
476 1.10318
476 2.16771
476 0.099324
476 0.00390883
477 0.846727
477 1.69109
477 2.43797
478 3.08939
478 2.76361
479 2.79402
479 2.7692
479 3.24126
479 1.22216
479 0.484311
477 0.03875
477 0.0408046
476 0.0372703
476 0.0435324
476 0.041326
476 0.0395281
476 0.0538016
475 0.0444923
475 0.0471347
475 0.0358564
475 0.0382481
475 1.42529e-22
475 0.252516
475 0.57
475 0.00622391
475 1.00942
476 2.84788
476 2.64892
477 2.52452
477 2.90014
478 3.03789
478 2.85042
478 2.76044
479 2.91559
479 3.24488
479 2.17906
476 0.0352619
476 0.0465932
475 0.0579016
475 0.036661
475 0.0353524
475 0.0403119
475 1.42529e-22
475 0.378963
475 0.283733
475 0.0227652
475 0.931412
475 0.134972
475 0.891259
475 0.168149
476 1.91999
476 1.8174
476 0.368126
477 2.42474
477 1.37524
477 1.7867
478 3.17069
478 2.7744
478 2.67664
479 2.74327
479 3.07583
479 2.50096
477 0.0365772
477 0.0411714
477 0.040562
476 0.0368455
476 0.0353058
476 0.046334
475 0.0488138
475 0.0559056
475 0.0407172
475 0.0385697
475 0.0399697
475 0.0396166
475 0.054374
475 1.42529e-22
475 0.196377
475 0.247019
475 0.0214354
475 3.25923
476 1.43343
476 0.571834
476 0.228114
476 2.28566
476 0.0370743
476 0.0888622
477 2.56319
477 3.39805
478 2.94379
478 2.77885
478 2.87148
479 2.90882
479 3.58153
479 0.111947
479 0.0138993
476 0.0370147
476 0.0410957
476 0.0396844
476 0.037586
476 0.0420589
476 0.0495933
475 0.0564772
475 0.0612577
475 0.039623
475 0.0550209
475 1.42529e-22
475 0.393869
475 0.344169
475 1.74788
475 0.400709
475 0.553084
475 0.210676
475 0.0166212
476 0.686732
476 3.67321
477 1.83032
477 3.41851
478 2.07033
478 2.69763
478 2.69112
479 2.96494
479 3.11311
479 2.73198
477 0.036123
476 0.054332
475 0.057363
475 0.0436299
475 0.0459341
475 0.052386
475 0.0411254
475 0.0622205
475 0.0619901
475 1.42529e-22
475 0.23717
475 0.543588
475 0.188085
475 0.0509109
475 0.563178
475 0.87477
475 0.997643
475 0.254365
476 0.525543
476 2.5414
476 1.18286
477 1.63997
477 0.56882
477 3.14855
478 3.10383
478 2.84429
479 2.75128
479 2.91435
479 3.32466
479 1.20842
477 0.0405558
477 0.0428676
476 0.0370176
476 0.0344284
476 0.0373956
475 0.0360944
475 0.0484141
475 0.0468048
475 0.0406496
475 0.0409926
475 0.0487984
475 0.037531
475 0.0447661
475 1.42529e-22
475 0.00184387
475 0.596397
475 0.597197
475 2.45775
476 1.57066
476 0.180185
476 1.21415
476 0.0958077
477 3.21253
477 0.285337
477 1.15849
477 2.09869
478 3.13875
478 2.79794
479 2.73979
479 3.10004
479 3.40741
479 0.839689
477 0.0351388
477 0.0386537
477 0.0374322
477 0.0400297
476 0.0468926
476 0.0479563
476 0.0534272
476 0.0362308
475 0.034414
475 0.0357181
475 0.0562766
475 0.00177575
475 0.000371702
475 0.000997002
475 0.00107723
475 0.00532112
475 0.00162065
475 0.00245736
475 0.0136568
475 0.0179137
475 1.42529e-22
475 0.213991
475 0.820357
475 0.612716
476 2.43561
476 0.54519
476 2.41951
476 0.281119
476 0.905984
477 0.576507
477 3.11862
478 3.07863
478 2.96513
478 2.81299
479 2.75829
479 2.95665
479 3.11313
479 0.0646596
477 0.0378747
476 0.0433438
476 0.0434217
476 0.0356304
476 0.0352537
475 0.0388479
475 0.0471236
475 0.0394109
475 1.42529e-22
475 0.358627
475 2.03333
475 0.893397
476 1.39389
477 3.81445
477 1.1148
477 0.238704
477 1.77196
478 2.14933
478 0.623071
478 3.05722
478 2.68966
479 2.85823
479 2.82757
479 3.4941
479 0.309432
479 0.0888309
477 0.0365876
477 0.0355256
477 0.0354787
476 0.0548173
475 0.0348184
475 0.0437717
475 0.0424027
475 1.42529e-22
475 0.110029
475 0.258811
475 0.42025
475 0.362445
475 0.279506
475 2.18234
476 2.1031
476 2.29084
477 0.486796
477 1.0694
477 1.82964
478 3.10626
478 2.90082
478 2.76902
479 2.74323
479 2.96275
479 3.501
479 0.0773842
479 0.0474853
477 0.0397863
477 0.0393749
477 0.0447937
476 0.046663
476 0.0517874
475 0.0405619
475 0.0439216
475 0.0586649
475 0.05255
475 0.0388538
475 0.0419274
475 1.42529e-22
475 2.82226
475 0.152155
476 1.48511
476 3.04823
477 2.45353
477 2.11156
478 3.16512
478 2.93572
478 2.92322
479 2.85299
479 3.12326
479 2.64864
479 0.022649
477 0.0372925
477 0.0418277
476 0.0490618
476 0.0358586
475 0.0406055
475 0.0508894
475 1.42529e-22
475 0.0271007
475 0.215035
475 1.11986
475 0.353146
475 0.412799
475 0.0663308
475 0.269024
475 0.395846
475 0.543526
476 0.62539
476 0.160298
476 3.23665
477 1.43224
477 0.958053
477 0.635458
477 1.66437
478 3.0585
478 2.96989
478 2.9249
479 2.99138
479 3.11064
479 2.14203
477 0.0362934
477 0.0347499
477 0.0408586
477 0.0418558
476 0.0472496
476 0.035062
476 0.0407297
475 0.0387054
475 0.0371034
475 0.0565645
475 0.0606097
475 0.0363007
475 0.0439497
475 0.0557056
475 0.0439963
475 0.00868678
475 0.0291117
475 1.42529e-22
475 0.825772
475 0.0825604
475 0.333338
475 0.0187403
475 1.42995
475 0.427243
476 1.21035
476 0.63207
477 3.61972
477 0.65854
477 0.169923
477 0.0174239
477 0.0462321
477 3.3021
478 3.14003
478 2.95143
478 2.79291
479 2.87114
479 3.13276
479 1.84205
477 0.0398364
477 0.0360181
477 0.0420747
477 0.0419792
476 0.0355135
476 0.0559256
475 0.0362003
475 0.0352861
475 0.0522836
475 0.0409457
475 0.0407726
475 0.0388909
475 1.42529e-22
475 0.0729987
475 0.0831204
475 0.0757472
475 0.0165712
475 1.42519
475 0.387237
475 1.40526
475 0.363054
475 0.135985
476 1.06358
476 0.671662
477 3.48542
477 0.917686
477 0.846541
477 0.151938
477 0.0258355
478 3.00722
478 2.91087
478 2.77192
479 2.78143
479 2.93045
479 3.5105
479 0.239999
479 0.0884453
477 0.0375052
477 0.0377424
477 0.0356455
476 0.0422563
476 0.0496249
475 0.045086
475 0.0421946
475 0.0579065
475 0.0341785
475 0.0472188
475 0.0589546
475 0.0472867
475 0.0456659
475 0.0159752
475 0.0340865
475 1.42529e-22
475 0.326771
475 0.487228
475 0.808672
475 0.0899052
475 0.621437
475 0.0260389
475 0.103874
476 1.74377
476 1.09997
476 0.238077
476 1.19475
476 1.31292
477 0.632594
477 0.330382
477 0.553575
477 2.24071
478 3.10934
478 3.00223
478 2.85935
478 2.79531
479 3.09397
479 2.62852
477 0.0427374
476 0.0428445
476 0.0350638
476 0.0501473
476 0.0400153
476 0.0490219
475 0.0415927
475 0.0364828
475 0.0540794
475 0.0576497
475 0.0502188
475 0.0366231
475 0.0507091
477 0.113415
475 1.42529e-22
475 0.63396
475 0.396228
475 0.0534518
475 0.0593831
475 0.87896
475 0.0359212
475 0.187753
476 3.89466
476 0.577244
476 0.0166135
477 3.41727
477 0.364382
477 1.52612
478 3.1016
478 2.92513
478 2.84119
479 2.91208
479 3.05688
479 2.72216
479 0.0122837
479 0.00976319
476 0.0434751
476 0.0500144
475 0.0376106
475 0.0448952
475 0.0370731
475 0.049342
475 0.0388663
475 0.0394069
475 0.0362957
475 1.42529e-22
475 1.25524
475 2.15947
476 0.721466
476 0.846183
476 1.21634
476 1.53996
476 0.290511
477 3.32486
478 3.0992
478 3.02645
478 2.73346
479 2.85162
479 2.99423
479 3.49134
479 0.126726
479 0.0153856
476 0.0358046
476 0.0480196
476 0.0516623
476 0.0364808
476 0.0346732
475 0.0455489
475 0.0553712
475 1.42529e-22
475 0.840788
475 0.1482
475 1.14049
475 0.1444
476 3.24331
476 0.753624
477 2.12253
477 0.328592
477 0.322157
477 3.37221
478 3.07546
478 2.92672
478 2.84948
479 2.95407
479 3.06067
479 2.28656
479 0.0447368
479 0.00491409
477 0.0352793
477 0.0349892
477 0.0420314
476 0.0383128
476 0.0416248
475 0.0588815
475 0.0549088
475 0.0342121
475 0.0408262
475 1.42529e-22
475 0.470652
475 0.800074
476 2.82558
476 0.752782
476 2.29926
477 1.83283
477 0.0980672
477 0.0508231
477 0.220204
477 3.07253
478 3.17929
478 2.78161
478 2.69164
479 2.78959
479 3.07589
479 2.68004
479 0.00762406
477 0.0344937
477 0.0350403
477 0.0416921
477 0.0351788
476 0.0375143
476 0.0532819
476 0.0415726
475 0.0510345
475 0.0417223
475 1.42529e-22
475 1.35105
475 0.386462
475 0.818261
476 2.87673
476 0.437965
476 1.34613
477 1.88296
477 1.05763
477 1.94453
478 3.11438
478 2.95087
479 2.6674
479 2.95194
479 3.02839
479 2.80412
479 0.00928146
479 0.00455354
479 0.0188433
479 0.00883491
477 0.0381844
477 0.0416553
476 0.040795
476 0.0352531
476 0.0423852
475 0.0415617
475 0.0521158
475 0.0477145
475 1.42529e-22
475 0.281029
475 0.128326
475 0.269086
475 0.631747
475 0.175945
475 1.12562
475 0.802226
476 2.14631
476 1.98476
476 0.199142
477 3.3557
477 1.20575
478 3.07697
478 2.77881
478 2.95572
479 2.90027
479 3.09943
479 2.46524
476 0.0350879
476 0.0358211
475 0.0442128
475 0.0486375
475 0.0607923
475 0.0470939
475 0.0452564
475 0.0504006
475 0.0506279
475 1.42529e-22
475 0.708925
475 0.663517
475 0.398942
475 0.567861
476 2.60195
476 0.11762
476 0.953485
477 3.44569
477 1.77295
477 0.24923
477 1.08464
478 1.45278
478 3.08231
478 2.7019
479 2.93631
479 3.0764
479 3.52991
479 0.301951
479 0.0130289
477 0.037402
476 0.0423888
476 0.0343055
476 0.0501806
475 0.0394322
475 0.0372466
475 0.0458288
475 0.0538212
475 1.42529e-22
475 0.939748
475 0.290248
475 0.0259471
475 1.79047
475 0.236254
475 0.20876
476 3.16053
477 2.41573
477 2.30136
477 0.388654
478 3.0352
478 2.88311
478 2.87186
479 2.82122
479 2.95182
479 3.20675
479 0.0784936
479 0.00601471
477 0.0377982
477 0.036062
477 0.0390609
476 0.0351637
475 0.0397126
475 0.0426024
475 0.0348628
475 0.0403057
475 0.0386866
475 0.0435678
475 1.42529e-22
475 0.667045
475 0.0820938
475 0.478727
475 0.223173
475 0.924809
475 0.587121
476 1.16819
476 1.49691
476 0.374204
476 1.9252
476 0.467533
477 0.582944
477 0.0243453
477 1.38006
477 3.28491
478 3.08552
478 2.84664
478 2.77205
479 2.90724
479 3.38469
479 0.78302
477 0.0404473
477 0.0397096
476 0.0430324
476 0.0418317
476 0.0457532
476 0.0511178
476 0.0356586
475 0.0436605
475 0.0592839
475 0.0350783
475 0.0364165
475 0.0360301
475 0.0455465
475 1.42529e-22
475 0.22227
475 0.989377
475 0.178547
475 0.273579
475 1.80735
476 0.967906
476 0.90263
476 0.0461524
476 0.0431241
476 1.19465
476 1.20378
477 1.16952
477 3.26326
477 0.607869
478 2.95821
478 2.82223
478 2.81299
479 2.77314
479 3.21189
479 1.99514
479 0.00657627
477 0.0418238
476 0.039085
476 0.0497984
476 0.0428734
476 0.0344625
476 0.0536857
476 0.0546768
475 0.043776
475 0.0383178
475 0.0526161
475 0.0507971
475 0.047905
475 1.42529e-22
475 0.159792
475 0.652687
475 1.33171
475 0.717365
476 1.75214
476 1.36702
476 1.10301
477 2.73012
477 1.16766
477 1.59915
478 3.24336
478 2.81276
478 2.87668
479 2.96991
479 3.20394
479 1.77335
479 0.103639
479 0.0610795
477 0.0351752
477 0.0370374
476 0.0430011
476 0.0349801
476 0.0396495
475 0.048314
475 0.0562224
475 0.0404309
475 0.0398191
475 1.42529e-22
475 0.280099
475 0.19954
475 0.056123
475 1.04916
475 0.772192
475 0.772137
475 0.376431
476 0.598411
476 1.04912
476 0.65021
476 1.72143
477 1.31034
477 0.0416961
477 0.599189
477 2.49622
478 3.18257
478 2.90565
478 2.79437
479 2.79396
479 3.05247
479 2.66021
479 0.0254062
477 0.0357767
477 0.0412268
477 0.0342958
477 0.0377623
476 0.043615
476 0.0458983
476 0.0453456
476 0.03634
475 0.0435434
475 0.0350743
475 0.0370012
475 0.0344737
475 0.0511344
475 0.0393283
475 0.0522495
475 1.42529e-22
475 2.2551
475 0.110006
476 1.60996
476 0.855312
476 1.93093
476 1.35427
477 1.40298
477 3.29022
478 3.17227
478 2.88948
478 2.70371
479 2.76696
479 3.09749
479 2.26623
479 0.00809695
477 0.0367496
476 0.0469558
476 0.0428808
476 0.0413713
476 0.0409699
475 0.039548
475 0.0385066
475 1.42529e-22
475 1.3171
475 0.499508
475 0.257552
475 1.66671
476 0.749038
476 0.59097
476 0.93301
476 0.969882
476 0.654998
476 0.730465
476 0.031077
477 0.844375
477 0.712112
477 1.70921
477 1.76113
478 0.993704
478 2.83872
478 2.7229
479 2.66417
479 3.00054
479 3.48256
479 0.332925
477 0.0390369
477 0.0363648
476 0.0393925
476 0.0395045
476 0.0481801
476 0.0418989
476 0.043317
476 0.0398332
476 0.0342438
475 0.0397129
475 0.0454675
475 0.0467693
475 0.0436191
475 1.42529e-22
475 1.39555
475 0.304387
475 0.256836
475 1.16079
475 0.782381
476 3.0515
476 1.26177
477 2.31119
477 2.44249
478 3.00375
478 2.78649
479 2.80889
479 2.81925
479 3.21751
479 2.12315
476 0.0428636
476 0.0494066
475 0.0548817
475 0.0439345
475 0.035592
475 0.0473767
475 1.42529e-22
475 2.29201
475 0.453287
475 0.0221764
475 0.471254
476 0.998598
476 0.63926
476 0.936603
476 0.204691
476 0.791519
477 3.18268
477 3.232
478 2.97974
478 2.83706
479 2.65017
479 2.73471
479 3.22478
479 1.75923
479 0.150691
477 0.041234
476 0.0457074
476 0.0349597
476 0.0486577
476 0.0472106
476 0.0349337
475 0.0539958
475 0.0369064
475 0.0392159
475 0.056725
475 1.42529e-22
475 0.0677053
475 1.61207
475 0.477673
475 0.417302
475 0.33477
476 3.76318
477 1.89438
477 0.35859
477 2.34463
477 0.0906462
477 1.22028
478 2.10058
478 3.04464
478 2.78703
479 2.80347
479 2.97949
479 3.29976
479 0.0200162
479 0.00735617
479 0.00987442
477 0.0362648
477 0.0361369
477 0.0393188
477 0.03836
475 0.0413208
475 0.0481476
475 0.0504826
475 0.0368718
475 0.0396409
475 1.42529e-22
475 1.01744
475 1.44464
475 1.13554
475 0.0445449
476 3.68417
477 3.31944
477 0.128796
477 2.05958
478 3.03313
478 2.86077
479 2.88193
479 2.95035
479 3.13862
479 2.06973
477 0.040762
476 0.0372044
475 0.0503693
475 0.0482
475 0.0548067
475 1.42529e-22
475 0.0710535
475 2.47105
475 0.155925
475 1.00167
476 0.345636
476 0.490011
476 2.13764
476 0.640022
476 0.848202
477 0.792813
477 0.963332
477 2.28877
478 3.21204
478 2.98611
478 2.82111
479 2.69027
479 3.14198
479 2.51424
477 0.0361436
477 0.0344579
477 0.0421515
476 0.0341884
476 0.0345699
476 0.0412739
476 0.0439145
476 0.037767
475 0.0489974
475 0.0365364
475 0.0381222
475 1.42529e-22
475 0.0824794
475 0.286164
475 2.42692
475 0.784987
476 0.455085
476 0.685517
476 0.047702
476 0.74246
476 0.740916
476 1.01409
477 1.86279
477 3.17937
478 3.18568
478 2.88387
478 2.84202
479 2.79341
479 3.12983
479 2.3973
479 0.000135884
477 0.0388025
476 0.036005
476 0.0429642
476 0.0374037
476 0.0393915
476 0.0503079
476 0.0523395
475 0.0359536
475 0.0439727
475 0.0371394
475 0.0449863
475 1.42529e-22
475 0.357869
475 1.58847
475 1.11425
475 0.0247601
475 0.377454
475 0.405377
476 0.21234
476 0.58898
476 3.4572
477 0.494044
477 0.654889
477 1.07781
477 3.20445
478 2.94633
478 2.82743
478 2.86221
479 2.81552
479 3.3571
479 1.11002
479 0.0401095
477 0.0374796
477 0.0365597
477 0.0359082
476 0.0381763
476 0.0412313
476 0.036381
475 0.0349354
475 0.0520091
475 0.0398526
475 0.0408574
475 0.0393012
475 0.0507013
475 1.42529e-22
475 1.99362
476 2.92332
476 0.0383402
476 2.30277
476 0.256129
476 0.00171998
476 0.0457312
477 1.11137
477 0.589551
477 3.308
478 3.13013
478 2.99728
479 2.88989
479 2.90162
479 3.20688
479 2.02105
479 0.0156625
477 0.0373349
476 0.0401799
476 0.0437109
476 0.036259
476 0.037022
476 0.0374853
475 0.0349469
475 1.42529e-22
475 0.0304106
475 0.951877
475 1.05571
475 0.196041
475 0.0188267
475 0.275102
475 1.01499
476 2.57825
476 0.493661
476 0.725836
477 1.82966
477 0.0753038
477 0.167531
477 1.7382
478 3.31855
478 3.0786
478 2.82116
479 2.76202
479 2.92634
479 3.36115
477 0.0400015
477 0.0428453
477 0.043646
477 0.0382659
476 0.0435956
476 0.0374749
476 0.0386386
475 0.0427287
475 0.0353926
475 0.0231978
475 0.0179917
475 0.0379903
475 0.0596054
475 0.0370204
475 0.00369452
475 0.00435097
475 0.0271773
475 0.001564
475 0.00558247
475 1.42529e-22
475 1.69302
475 0.893932
476 2.92975
476 0.673451
476 1.26408
477 0.767836
477 0.120206
477 1.12207
477 1.21488
478 3.10721
478 3.02189
478 2.83421
479 2.86371
479 2.99413
479 3.40678
479 0.69903
479 0.0446986
479 0.0128012
477 0.0351795
477 0.0398774
477 0.0342189
477 0.0418342
476 0.0411333
476 0.0424179
475 0.0550182
475 0.0466488
475 1.42529e-22
475 0.491456
475 0.273423
475 0.0636067
475 0.232712
475 0.0393906
475 0.529436
475 0.489437
475 0.418751
475 1.35437
475 0.161778
476 0.077051
476 0.464029
476 0.966381
476 1.23133
476 0.0476132
476 1.61314
477 1.1823
477 2.1492
477 0.719541
477 1.28012
478 2.84481
478 2.96869
478 2.85189
479 2.99011
479 3.49032
479 0.314602
479 0.0248015
477 0.0346326
477 0.0356264
476 0.0360338
476 0.0392583
476 0.036298
476 0.039916
476 0.0472334
475 0.0542758
475 0.0545524
475 0.0561638
475 0.0451606
475 0.0575527
475 0.0388176
475 0.0422
475 0.0365832
475 0.0407716
475 0.0346552
475 1.42529e-22
475 3.04217
475 0.32585
476 3.76267
477 1.95166
477 3.14906
478 3.09784
478 2.97124
479 2.74403
479 2.83887
479 3.07919
479 2.92604
477 0.0355758
475 0.0413871
475 0.0344095
475 1.42529e-22
475 0.019704
475 0.752033
475 0.638706
476 2.73408
476 3.21136
476 0.098042
476 0.352851
476 0.170796
477 1.91849
477 1.65159
478 3.21325
478 2.90955
478 2.77318
479 2.77731
479 3.07996
479 3.29965
477 0.0376158
477 0.0405182
476 0.0403398
476 0.0380075
476 0.0406116
476 0.0481607
476 0.0349624
475 0.0432698
475 0.0409406
475 0.00189252
475 0.00365313
475 0.00191214
475 0.0275562
475 1.42529e-22
475 0.139984
475 1.20965
475 1.04507
475 0.297763
475 0.937359
476 0.473856
476 0.0188471
476 3.47373
477 2.88272
478 3.23366
478 2.99238
478 2.71488
479 2.8275
479 2.87206
479 3.44728
479 1.07738
477 0.0355502
476 0.0406158
476 0.0479173
475 0.0385975
475 0.056385
475 0.0479704
475 0.0472664
475 0.0415817
475 1.42529e-22
475 0.20101
475 0.507766
475 0.0870033
476 3.48377
476 0.012151
476 1.91946
477 2.26552
477 0.604985
477 0.284974
477 0.476831
477 3.3972
478 3.1016
478 2.86484
478 2.79471
479 2.98647
479 3.30465
479 1.2869
477 0.0385857
477 0.0446652
477 0.038199
476 0.0518214
476 0.0532651
476 0.0450328
475 0.0474464
475 0.0623884
475 0.0387478
475 1.42529e-22
475 0.629045
475 0.0154718
475 0.0888486
475 0.166784
475 0.0581196
475 2.47649
475 0.193902
476 0.907189
476 0.25194
476 0.284748
476 1.46717
476 0.523861
476 0.462447
477 1.06025
477 0.661474
477 1.1459
478 3.20463
478 0.762019
478 2.92705
478 2.8851
479 2.79366
479 2.99314
479 3.40265
479 0.0017712
479 0.0179692
479 0.00162884
477 0.0344727
477 0.0398316
477 0.0358114
476 0.0397281
476 0.0400437
476 0.0481349
476 0.0358381
476 0.0401972
476 0.048682
475 0.034258
475 0.0445543
475 0.0552143
475 0.0361416
475 0.0490231
475 0.0348263
475 1.42529e-22
475 0.29202
475 0.192861
475 0.0393143
475 0.107634
475 0.542713
475 2.0812
476 2.44732
476 0.201016
476 0.738425
477 2.01328
477 3.36302
478 3.0046
478 2.797
478 2.89379
479 2.73695
479 3.01417
479 3.07682
479 0.0220001
479 0.00381262
477 0.0393823
476 0.0375027
476 0.0423182
476 0.0352797
475 0.0399916
475 0.0342829
475 0.0441078
475 0.0541013
475 0.0649349
475 0.0401557
475 1.42529e-22
475 1.19823
475 0.50799
475 0.483381
475 1.87887
476 0.10082
476 0.151958
476 3.0074
476 0.285884
477 2.62683
477 3.22397
478 3.02336
478 2.80146
479 2.79343
479 2.79614
479 3.18727
479 1.58803
477 0.00863731
477 0.0236068
476 0.0421231
476 0.0357279
476 0.0426454
476 0.0346677
475 0.0357318
475 0.0462522
475 0.0349865
475 0.0361659
477 0.001564
477 0.00286626
475 1.42529e-22
475 0.0440521
475 2.33583
475 0.388161
475 1.05108
476 2.71347
476 0.3458
476 1.76742
477 0.967303
477 2.56976
477 1.76144
478 3.02177
478 2.87323
478 2.81297
478 2.9763
478 3.39118
478 0.495059
477 0.0375887
476 0.0414244
476 0.0370395
475 0.0388866
475 0.0374939
475 0.0406296
475 0.0054878
475 0.00422826
475 0.00457236
475 0.00551416
475 0.00557872
475 0.0341846
476 0.192553
475 1.42529e-22
475 0.762564
475 0.227342
475 1.56699
476 3.88115
476 0.118053
477 3.31538
477 2.56473
478 1.98192
478 2.86
478 2.66342
479 2.75486
479 2.81282
479 3.3281
479 0.886386
479 0.0284375
479 0.0225039
479 0.0153271
477 0.0354056
476 0.0502128
475 0.0361759
475 0.0463823
475 0.0418483
475 1.42529e-22
475 0.0482031
475 0.0371552
475 0.147581
475 1.47077
475 1.29425
475 0.115894
475 0.489608
476 0.543941
476 0.460036
476 1.35844
476 0.411594
477 2.77073
477 2.46004
478 2.99923
478 2.96762
478 2.96658
479 2.7425
479 2.97432
479 3.19072
479 0.000671956
477 0.0430428
476 0.0487012
476 0.0467912
476 0.0528022
476 0.0434528
475 0.0351065
475 0.0401034
475 0.0559702
475 0.0465094
475 0.0483107
475 0.044584
475 0.00777995
475 0.0369537
475 1.42529e-22
475 0.78387
476 3.87276
476 0.910534
476 0.0534267
476 1.69356
476 0.659912
477 2.03863
477 1.50663
478 3.28038
478 2.92277
478 2.86734
479 2.87431
479 2.91356
479 3.35835
479 0.00661108
476 0.0411837
476 0.0374206
476 0.0372191
476 0.0514416
476 0.0539153
475 0.0361717
475 1.42529e-22
475 0.363123
475 1.31128
475 1.16259
476 1.90206
476 0.521813
476 1.37437
476 0.806254
477 1.83973
477 2.93945
478 3.0003
478 3.0033
478 2.70823
479 2.79747
479 3.04488
479 2.88616
479 0.00713729
477 0.0367527
476 0.0400289
476 0.0386127
476 0.0502388
476 0.0373304
475 0.0455725
475 0.0380249
475 0.0453038
475 1.42529e-22
475 1.27118
475 1.18789
475 0.185257
475 0.561482
475 0.0402001
475 0.33985
475 0.0442223
476 0.481068
476 1.81181
476 0.411294
477 3.41088
477 3.2564
478 3.13919
478 2.95132
478 2.79685
479 2.75216
479 3.24255
479 1.52513
479 0.160539
476 0.036084
476 0.0392249
476 0.0391583
475 0.0517563
475 0.040359
475 0.0346888
475 0.0394905
475 0.0413777
475 0.0519217
475 0.0566566
475 1.42529e-22
475 0.552599
475 0.039833
475 0.695912
475 0.182804
475 0.232499
475 1.68663
476 0.510746
476 1.06359
476 0.46347
476 0.539759
476 1.0951
476 0.160124
476 0.434367
476 0.496332
477 1.03842
477 0.0197038
477 0.166192
477 1.85331
478 3.24657
478 2.90719
478 2.69054
479 2.77009
479 3.00131
479 3.35917
477 0.0395737
477 0.0381617
477 0.0405097
477 0.0435066
476 0.0395067
476 0.0395644
476 0.0484727
476 0.0386699
476 0.0410123
476 0.0377056
476 0.045099
475 0.0435849
475 0.0535621
475 0.0519477
475 0.0578876
475 0.0412369
475 0.0344941
476 0.0592553
475 1.42529e-22
475 1.77776
475 0.887737
475 1.09196
476 0.917179
476 0.0713717
476 0.47113
476 1.65987
477 1.78858
477 0.681508
477 2.30275
477 0.809509
478 3.11637
478 2.82671
478 2.73598
479 2.82645
479 3.14031
479 2.49021
477 0.0361454
477 0.0353389
476 0.0431296
476 0.0441346
476 0.0427237
476 0.0449183
475 0.0514452
475 0.0575567
475 0.0492175
475 1.42529e-22
475 1.17094
475 0.0743149
475 0.450733
475 0.746577
476 1.88877
476 0.878291
476 0.938347
476 1.2277
476 0.829961
477 0.706511
477 2.17376
478 3.023
478 2.93554
478 2.83834
479 2.69706
479 2.95313
479 3.46778
479 0.549438
477 0.0400914
477 0.0410181
476 0.0428673
476 0.0484354
476 0.0436661
476 0.0353368
476 0.0432891
475 0.0417774
475 0.0415773
475 0.0355816
475 0.0361634
475 1.42529e-22
475 0.973037
475 2.03518
476 1.21812
476 1.49821
476 0.424448
476 1.03278
477 1.39929
477 0.530639
477 1.63904
477 0.25564
477 0.0392923
477 1.55647
478 2.97225
478 2.79799
479 2.78097
479 2.76303
479 3.07334
479 2.58875
477 0.0364384
477 0.0357928
477 0.0381749
477 0.0407579
477 0.0374943
476 0.036467
476 0.0369043
476 0.0475513
476 0.034704
475 0.034633
475 0.0426219
475 1.42529e-22
475 1.08239
475 0.01724
475 0.0608562
475 0.014136
475 0.0873776
475 1.14295
475 0.48965
475 0.00813417
475 0.783499
476 1.33271
476 0.207256
476 0.885637
476 2.47938
477 3.40837
477 0.29871
478 3.03888
478 2.82003
478 2.81565
479 2.81209
479 3.20724
479 2.34358
479 0.0216688
477 0.0357637
476 0.0403248
476 0.0427386
476 0.0510525
476 0.0393673
475 0.045343
475 0.0567925
475 0.0484775
475 0.0458281
475 0.0576202
475 0.0401897
475 0.0412592
475 0.0435649
475 0.0542412
475 1.42529e-22
475 0.498055
475 1.18251
475 0.661516
475 0.0948335
476 3.47411
476 0.107385
477 3.50228
477 2.61353
478 3.08434
478 2.84709
478 2.80265
479 2.84703
479 3.05675
479 2.915
479 0.01388
479 0.0133026
479 0.00444053
477 0.0348097
476 0.0364755
476 0.0407547
475 0.0405476
475 0.0396531
475 0.0495032
475 0.0395453
475 1.42529e-22
475 0.720192
475 0.144546
475 0.145339
475 1.6605
476 3.79625
476 0.073213
477 3.4163
477 0.0680248
477 3.08903
478 2.91749
478 2.86699
479 2.90939
479 2.8306
479 3.12386
479 1.86891
479 0.109602
477 0.038872
476 0.0493026
475 0.0406019
475 0.0359466
475 0.0588082
475 0.0362317
475 1.42529e-22
475 2.87806
475 0.87503
476 0.881104
476 0.679032
476 1.36037
476 1.86784
477 0.552523
477 2.94912
478 3.11156
478 2.72016
478 2.771
479 2.74431
479 3.08435
479 3.22141
479 0.0148512
477 0.0356305
477 0.0359581
476 0.0401918
476 0.0447392
476 0.0510005
475 0.040643
475 0.0411127
475 1.42529e-22
475 0.312643
475 0.0587488
475 1.86944
475 0.366633
475 0.663736
475 0.432363
476 0.565252
476 0.0649172
476 0.435411
476 1.3212
476 2.11912
477 0.163981
477 0.549711
477 1.07388
477 1.1489
477 0.642289
477 0.319583
477 1.33658
478 2.9085
478 2.95388
478 2.7679
479 2.93169
479 3.33985
479 0.888836
477 0.0366892
477 0.0356433
477 0.0390725
477 0.0380262
477 0.0398316
477 0.0425324
476 0.0452975
476 0.0423563
476 0.045024
476 0.037986
476 0.0488625
475 0.0553354
475 0.0543761
475 0.0585946
475 0.0487156
475 0.0366628
475 0.0599654
475 1.42529e-22
475 0.207351
475 1.92953
475 0.511061
475 0.0359432
476 1.47219
476 0.24577
476 0.0497721
476 0.537578
476 0.495382
476 0.83932
477 2.67622
477 1.81255
477 0.0790009
477 3.23171
478 2.8961
478 2.75832
479 2.81672
479 3.00127
479 3.55131
479 0.329991
479 0.00568738
477 0.0403609
477 0.0383139
476 0.0451587
476 0.0380693
476 0.0459743
476 0.0353784
476 0.03618
476 0.0411121
475 0.0558906
475 0.0541577
475 0.034704
475 0.0519299
475 1.42529e-22
475 0.81934
475 0.448197
475 0.648091
475 1.49821
476 1.70943
476 1.21974
476 0.373267
476 0.987543
477 1.19493
477 0.740294
477 3.23561
478 2.85786
478 2.94733
478 2.88212
479 2.85674
479 3.17599
479 1.98529
479 0.0278121
477 0.0394844
477 0.0359109
476 0.0368795
476 0.0344914
476 0.0382916
476 0.0456036
475 0.0370501
475 0.0440002
475 0.0459258
475 0.0345766
475 1.42529e-22
475 0.979779
475 0.0846841
475 0.927995
475 0.126727
475 0.718708
475 0.64198
476 0.437592
476 2.1171
476 0.772142
477 2.56126
477 0.0522026
477 0.499051
477 0.596388
477 1.85128
478 3.0038
478 2.99313
478 2.8432
479 2.89784
479 3.05625
479 2.26359
479 0.0116978
477 0.0390997
477 0.0373247
477 0.0392532
477 0.0443954
476 0.0402324
476 0.0441213
476 0.0407601
475 0.0433444
475 0.058115
475 0.0351939
475 0.0475864
475 0.043368
475 0.0508163
475 1.42529e-22
475 1.18924
475 1.19813
475 0.202606
475 0.386793
475 0.565732
476 1.05091
476 0.113493
476 0.555691
476 0.3722
476 0.511791
476 0.561561
476 0.458599
477 3.67236
477 0.160885
477 0.732075
477 0.960627
478 2.86689
478 2.92065
478 2.90368
479 2.7866
479 3.23741
479 1.97642
477 0.0380283
477 0.0402955
476 0.0475558
476 0.0417344
476 0.0354542
476 0.0409683
476 0.0387869
476 0.0180574
476 0.0236939
476 0.0459162
475 0.0465511
475 0.0392359
475 0.0465022
475 0.0454469
475 0.0631581
476 0.001564
476 0.00269546
475 1.42529e-22
475 0.41128
475 1.31084
475 0.0281467
475 0.779578
476 3.01947
476 0.866066
476 0.104181
476 0.0315726
476 0.704542
476 0.666869
476 0.0424429
477 2.30282
477 0.128552
477 3.21553
478 2.81474
478 2.91277
478 2.92465
479 2.91647
479 3.39191
479 0.858404
477 0.0364815
477 0.0417094
476 0.0417771
476 0.0350799
476 0.0452626
476 0.040911
476 0.0398867
476 0.0426556
476 0.0534675
475 0.0475379
475 0.0552073
475 0.0422237
475 0.04696
475 1.42529e-22
475 0.242678
475 0.0760167
475 0.956272
475 0.0588479
475 1.1446
476 3.27891
476 1.69336
476 0.229083
476 0.439405
477 0.47583
477 2.50702
477 0.291143
478 2.79821
478 2.82774
478 2.8553
479 2.64007
479 2.94904
479 3.43913
479 0.626509
477 0.0366728
477 0.036021
476 0.0367096
476 0.0418477
476 0.0431584
476 0.0383931
475 0.0480264
475 0.0362421
475 0.0381645
475 0.0629203
475 0.0526761
475 1.42529e-22
475 1.58954
475 0.473955
475 0.0655482
475 1.44858
475 0.0619811
476 2.02926
476 0.50409
476 0.750121
477 2.95845
477 0.0517468
477 2.1888
478 2.72075
478 2.93802
478 2.74682
479 2.77833
479 3.02337
479 3.20861
477 0.0344545
477 0.0394108
476 0.0450113
476 0.0358968
476 0.0402153
475 0.0484644
475 0.0477315
475 0.0611597
475 0.0592938
475 0.0503914
475 1.42529e-22
475 0.88009
475 2.2491
475 0.531672
476 0.716745
476 0.954742
477 3.86555
477 3.34474
477 0.429157
478 3.09034
478 2.90935
478 2.75153
479 2.82719
479 3.17257
479 2.05686
477 0.0358522
476 0.0479187
476 0.0349428
475 0.051016
475 0.050641
475 1.42529e-22
475 0.990803
475 0.710169
475 0.0673203
475 0.568596
476 2.24607
476 3.1725
477 1.91203
477 3.29391
478 3.12704
478 2.60405
478 2.81787
479 2.81783
479 3.0731
479 2.29496
477 0.0388082
476 0.03896
476 0.0357724
475 0.0357791
475 0.0556728
475 0.0588708
475 0.0398859
475 1.42529e-22
475 0.332052
475 1.09606
475 0.0773193
475 0.752485
475 1.16547
476 0.637112
476 0.960756
476 0.705999
476 1.56828
476 0.0209855
477 2.53011
477 2.74316
478 2.95985
478 2.82699
478 2.76859
479 2.8329
479 3.06094
479 2.50346
477 0.040259
476 0.0390098
476 0.0465771
476 0.0374198
476 0.0393478
476 0.0349582
475 0.0490845
475 0.0352451
475 0.0364484
475 0.0601776
475 0.0389641
475 1.42529e-22
475 0.246227
475 0.539749
475 0.555288
475 0.742076
475 0.0322643
475 0.216215
475 0.00877575
475 0.833148
476 0.707959
476 0.612715
476 0.304869
476 1.09632
477 2.82904
477 0.754042
477 0.540666
477 2.33745
478 2.86492
478 2.8424
478 2.85279
479 2.88949
479 3.17901
479 2.3814
479 0.0136885
477 0.0372702
477 0.0361909
477 0.03703
476 0.0367408
476 0.037133
476 0.0486773
476 0.0375362
475 0.0520891
475 0.0461501
475 0.0568552
475 0.0589534
475 0.0547721
475 0.0405781
475 0.039509
475 1.42529e-22
475 1.46577
475 1.12923
475 0.459113
476 1.5256
476 1.63928
476 0.147526
476 0.604428
476 0.978265
477 2.73362
477 0.749886
477 0.541555
478 3.19833
478 3.00153
478 2.87117
479 2.78591
479 3.05933
479 2.70715
477 0.0353387
477 0.0377145
477 0.0371336
476 0.0421019
476 0.0348771
476 0.040054
476 0.0529053
475 0.0462767
475 0.0384035
475 0.0374948
475 1.42529e-22
475 0.394748
475 0.224585
475 1.0065
475 0.530209
476 1.87167
476 1.29579
476 0.22336
476 0.135153
476 0.125109
476 0.296086
476 0.684452
476 0.00150096
476 0.585755
477 3.61946
478 3.17924
478 2.92007
478 2.74328
479 2.75439
479 2.93706
479 3.39162
479 0.363515
479 0.134269
476 0.0436399
476 0.0434185
476 0.0412921
476 0.0393711
476 0.0499088
476 0.045659
476 0.0482313
476 0.038574
476 0.0563581
475 0.0345555
475 0.039643
475 0.0631348
475 0.038401
475 1.42529e-22
475 0.0485843
475 1.04112
475 0.249471
475 0.253516
476 2.33119
476 1.68607
476 1.44245
476 0.104864
476 0.866607
477 1.26826
477 0.573301
477 0.395438
477 0.402757
477 2.64109
478 2.93381
478 2.97725
478 2.83479
479 2.85152
479 3.28676
479 1.128
479 0.164622
477 0.0386878
477 0.0361134
477 0.0345786
477 0.0428459
476 0.0444928
476 0.0381692
476 0.0347927
476 0.0495081
475 0.048567
475 0.0486843
475 0.0397139
475 0.00428388
475 0.00594076
475 0.0521401
475 1.42529e-22
475 0.560378
475 0.312195
475 0.193139
475 0.769082
475 0.03864
475 0.788053
475 0.212177
476 2.25066
476 1.78728
477 3.4631
477 3.1598
478 2.56494
478 2.85288
478 2.87827
479 2.82767
479 3.16629
479 1.75027
476 0.0416454
476 0.0345813
475 0.0376071
475 0.0386993
475 0.0440257
475 0.0615477
475 0.0568117
475 0.0577983
475 0.0524629
475 1.42529e-22
475 0.971629
475 0.304941
475 1.04908
475 0.681757
475 0.506034
475 0.321714
476 1.85435
476 0.173709
476 0.389673
477 3.53978
477 1.30467
477 2.12912
478 3.13929
478 2.85721
478 2.74061
479 2.81456
479 3.24609
479 1.55062
476 0.0491145
476 0.0456242
476 0.0471403
475 0.038345
475 0.0559104
475 0.0472847
475 0.0529081
475 0.0535606
475 0.0352692
475 1.42529e-22
475 0.762615
475 0.720836
475 0.543343
475 0.396756
476 2.15539
476 2.15238
476 0.0479519
476 0.0517929
476 0.295731
477 1.92168
477 2.18001
478 2.48626
478 2.99679
478 2.85511
479 2.75248
479 2.9189
479 3.36664
479 0.854814
479 0.0808103
479 0.0323145
479 0.0151458
477 0.0344871
476 0.0351628
476 0.0421788
476 0.0372658
476 0.0479214
476 0.0379321
475 0.0356362
475 0.043455
475 0.0492203
475 0.0489814
475 1.42529e-22
475 0.769789
475 1.63376
475 1.01109
476 0.577587
476 1.83644
476 0.388327
476 0.36664
476 0.0684723
477 1.77119
477 0.761505
477 0.483065
477 1.80656
478 3.07663
478 2.92756
478 2.75291
479 2.88527
479 3.03566
479 3.37473
477 0.0372593
477 0.0352606
477 0.0373174
476 0.0402157
476 0.049558
476 0.050246
476 0.0355875
476 0.0437423
475 0.0383453
475 0.0533146
475 0.0519573
475 1.42529e-22
475 0.998582
475 0.355137
475 0.751224
475 0.373338
475 0.43391
475 0.0869973
476 2.52939
476 2.30778
477 1.40606
477 0.535245
477 0.0960856
477 0.474029
477 0.028245
477 2.64433
478 3.03426
478 2.71132
479 2.79287
479 2.90395
479 3.29741
479 1.73723
477 0.0382816
477 0.0346892
477 0.0423048
477 0.0381767
476 0.0405376
476 0.0456771
475 0.0587003
475 0.0379336
475 0.055122
475 0.0352702
475 0.0379843
475 0.0379346
475 1.42529e-22
475 0.540127
475 0.272228
475 2.1589
475 0.449597
475 0.255359
476 1.54866
476 0.221585
476 0.819693
476 0.491481
476 0.523976
477 1.54105
477 3.38394
477 0.291805
478 2.97504
478 2.95597
478 2.78821
478 2.88261
479 3.16253
479 2.12891
479 0.0267045
479 0.00395621
479 0.00230197
479 0.00236759
479 0.0151422
477 0.036078
477 0.0353334
476 0.038652
476 0.039616
476 0.0347603
476 0.0356042
475 0.041361
475 0.0412373
475 0.045003
475 0.044018
475 0.0383152
476 0.127882
475 1.42529e-22
475 0.994162
475 0.331269
475 0.208619
475 1.52206
476 3.56249
476 0.485213
477 2.86555
477 1.36573
477 1.34422
478 1.81195
478 3.08905
478 2.86613
479 2.7492
479 2.98055
479 3.44677
477 0.0353061
477 0.0371499
477 0.0422098
476 0.0414551
476 0.0467609
475 0.0352498
475 0.0575708
475 0.0421638
475 0.0391677
475 1.42529e-22
475 2.15034
475 0.216543
475 0.332565
475 0.15029
475 0.320212
475 0.304701
476 1.82631
476 0.450066
476 0.628753
476 0.008292
476 0.907479
476 0.280977
476 0.0809707
476 0.287287
476 0.145589
477 0.569085
477 0.427814
477 3.19284
478 3.12819
478 2.85638
478 2.75485
479 2.8393
479 3.14732
479 2.29026
479 0.00770893
477 0.0367441
477 0.0390278
476 0.0427253
476 0.034352
476 0.0408033
476 0.0407334
476 0.0406462
476 0.0459248
476 0.0474032
476 0.0354624
476 0.0411913
475 0.0411004
475 0.0372613
475 0.0403059
475 0.0381806
475 0.0388311
475 0.0551861
475 1.42529e-22
475 0.502788
475 0.218788
475 0.402866
475 1.6454
475 0.21742
475 0.13411
476 0.876336
476 2.32969
476 0.31686
477 2.80551
477 1.98893
478 3.14952
478 2.80142
478 2.93863
479 2.88724
479 2.92413
479 3.42799
477 0.0357847
476 0.0399283
476 0.0347301
476 0.0404769
475 0.0344492
475 0.0557079
475 0.0509755
475 0.0442789
475 0.0390712
475 0.056961
