475 0
506 0.000341768
525 0
910 0
475 0
525 0
850 0
1149 0
475 0
525 0
850 0
1149 0
475 0
523 0
520 0
494 0
523 0.00155262
475 0
525 0
850 0
1149 0
475 0
480 0
478 0
480 0.000437472
475 0
475 0
475 0
388 0
475 0.00139196
475 0.00195616
478 0.00137617
480 0.00178313
475 0
478 0
480 0
479 0.000161012
475 0
0 0
480 0.00151675
478 0.00119051
475 0
489 0
475 0
174 0
489 0.00249409
475 0
489 1.10213e-05
511 0
510 0.000507511
511 0
524 0
621 0
511 0.0013133
511 0.00231164
475 0
486 0
486 7.90901e-05
491 0
558 0
486 0.0015264
