479 -13
479 13
477 -13
477 13
500 -12
500 12
500 -1
500 1
523 1
702 -1
522 -12
522 12
522 -1
522 1
506 1
506 -1
512 1
511 -1
511 1
511 -1
511 1
511 -1
511 1
511 -1
492 -13
492 13
497 -12
497 12
497 -1
498 1
520 1
520 -1
519 1
519 -1
505 -13
505 13
516 -13
516 13
508 -13
508 13
495 -12
495 12
495 -1
495 1
499 1
499 -1
488 1
488 -1
496 1
496 -1
497 1
497 -1
489 -13
489 13
481 1
481 -1
483 1
483 -1
492 -13
492 13
489 -13
489 13
496 -13
496 13
496 -13
496 13
495 -13
495 13
490 -13
490 13
500 -13
500 13
502 -13
502 13
498 -12
498 12
498 -1
498 1
499 -13
499 13
499 -13
499 13
490 -13
490 13
514 -13
514 13
515 1
515 -1
515 1
515 -1
476 -13
476 13
483 -12
483 12
483 -1
484 1
491 -13
491 13
510 -13
510 13
489 -13
489 13
500 1
500 -1
506 1
506 -1
514 1
514 -1
508 1
508 -1
508 1
508 -1
513 1
513 -1
519 1
520 -1
520 1
520 -1
519 1
519 -1
505 -13
505 13
506 -13
506 13
506 -13
506 13
479 -13
479 13
477 -13
477 13
483 -13
483 13
488 -12
488 12
488 -1
488 1
504 1
504 -1
504 1
504 -1
493 1
495 -1
495 1
495 -1
494 1
494 -1
494 1
494 -1
495 1
495 -1
514 -12
514 12
514 -1
514 1
516 -13
516 13
476 -13
476 13
500 -13
500 13
512 -13
512 13
501 -13
501 13
508 -13
508 13
524 -13
524 13
483 -13
483 13
501 -12
501 12
501 -1
501 1
487 1
487 -1
496 1
496 -1
510 1
514 -1
514 1
514 -1
512 1
512 -1
511 1
511 -1
513 1
513 -1
514 1
514 -1
486 -13
486 13
487 -13
487 13
496 -12
496 12
496 -1
496 1
494 1
494 -1
478 1
478 -1
496 1
496 -1
494 1
494 -1
496 -12
496 12
496 -1
496 1
495 1
495 -1
496 1
497 -1
519 -13
519 13
516 -13
516 13
512 -13
512 13
502 -13
502 13
502 -13
502 13
520 -12
520 12
520 -1
520 1
516 -13
516 13
493 -13
493 13
478 1
478 -1
498 1
498 -1
498 1
498 -1
506 -11
506 11
506 -2
506 2
510 -13
510 13
521 -13
521 13
524 -13
524 13
486 -12
486 12
486 -1
486 1
485 -13
485 13
481 1
480 -1
477 -13
477 13
518 -13
518 13
501 -12
501 12
501 -1
501 1
521 1
521 -1
515 -13
515 13
496 -13
496 13
515 -12
515 12
515 -1
515 1
499 1
499 -1
