475 0
525 0
850 0
1149 0
475 0
525 0
850 0
1149 0
475 0
492 0
525 0
1106 0
492 0.180574
475 0
525 0
850 0
1149 0
475 0
489 0
489 0.619323
495 0
496 0
496 0
475 0
20 0
489 0
492 0
490 0
444 0
481 0
486 0
681 0
481 0.0206976
483 0
484 0
761 0
483 0.0951236
483 0.366415
488 0
488 0
488 0
496 0
492 0.0161671
489 0.192578
496 0.0181193
496 0.00269232
495 0.0471495
488 0.318281
488 0.975266
488 0.195485
488 0.100908
487 0.553427
487 0.0687292
487 0.143022
487 0.0640261
488 0.20285
488 0.0387935
475 0
525 0
850 0
1149 0
475 0
508 0
516 0
525 0
782 0
516 0.140633
508 0.0793794
475 0
498 0
498 0.657125
498 3.46884
498 0.178311
499 0
499 0
484 0
368 0
502 0
536 0
487 0
391 0
499 0.0833185
499 0.0503423
475 0
477 0
479 0
486 0
575 0
479 0.103007
477 1.10388
475 0
525 0
850 0
1149 0
475 0
500 0
500 0.719072
500 2.74179
476 0
263 0
523 0
525 0
790 0
523 0.115282
524 0.151644
524 0.152114
524 0.117836
524 0.149259
525 0.0146012
702 8.30036e-24
497 0
493 0
339 0
498 0.591037
498 0.160496
498 0.745297
498 0.127508
497 0.826957
497 0.0200849
497 0.020018
497 0.0894388
498 0.289327
498 0.51992
498 0.0253419
498 0.463759
497 0.0453091
497 0.0362461
497 0.0662274
498 0.0582275
498 0.0720691
498 0.0481236
475 0
525 0
850 0
1149 0
475 0
525 0
850 0
1149 0
475 0
497 0
497 0.241097
498 3.58768
498 0.320252
498 0.0826695
505 0
509 0
548 0
519 0
520 0
525 0
694 0
520 0.0750004
519 0.0694626
495 0
473 0
505 0.199737
475 0
490 0
525 0
888 0
1050 0
1149 0
490 0.0688097
475 0
522 0
522 1.71596
522 3.40122
522 0.915105
522 0.00049543
525 0
550 0
514 0
441 0
512 0
506 0
505 0
470 0
505 0.577263
506 0.248655
511 0.308057
512 0.581355
512 0.0412154
511 0.0626577
475 0
500 0
510 0
592 0
500 0.982359
475 0
525 0
850 0
1149 0
475 0
495 0
495 0.254259
495 3.05507
495 0.0124943
517 0
710 0
497 0
496 0
488 0
499 0
499 0
347 0
499 0.0032183
488 0.0112745
496 0.0106751
497 0.0093872
525 0
850 0
856 0
503 0
575 0
475 0
218 0
475 0
525 0
850 0
1149 0
475 0
514 0
514 0.57828
525 0
694 0
515 0
515 0.001564
515 0.127254
515 0.023216
505 0
429 0
508 0
449 0
475 0
502 0
525 0
1109 0
502 0.125968
475 0
476 0
475 0
355 0
476 1.98128
475 0
525 0
850 0
1149 0
475 0
525 0
850 0
1149 0
475 0
525 0
850 0
1149 0
475 0
525 0
850 0
1149 0
475 0
525 0
850 0
1149 0
475 0
490 0
525 0
892 0
1042 0
1149 0
490 0.051491
475 0
525 0
850 0
1149 0
475 0
525 0
850 0
1149 0
475 0
525 0
850 0
1149 0
475 0
525 0
850 0
1149 0
475 0
525 0
850 0
1149 0
475 0
489 0
489 0.441526
506 0
513 0
728 0
506 0
505 0
508 0
877 0
1048 0
513 0
508 0
508 0
514 0
506 0
500 0.001564
500 0.0488069
506 0.00390222
514 0.0124956
508 0.0153037
508 0.00260563
513 0.0342847
482 0
419 0
519 0
525 0
666 0
519 0.190873
519 0.233172
520 0.479876
520 0.0198602
519 0.0720162
519 0.001564
519 0.0119807
475 0
0 0
505 0.0832453
506 0.0457342
506 0.0180638
475 0
483 0
483 0.300137
484 2.94016
484 3.02288
484 0
491 0
475 0
41 0
475 0
278 0
525 0
946 0
480 0
445 0
475 0
525 0
850 0
1149 0
475 0
525 0
850 0
1149 0
475 0
477 0
475 0
0 0
477 2.61824
475 0
510 0
515 0
564 0
510 1.18352
475 0
525 0
850 0
1149 0
475 0
491 0
498 0
557 0
491 1.15875
475 0
488 0
488 0.750965
488 3.41721
488 0.522861
488 0.050701
488 0.0570777
475 0
221 0
504 0
511 0
580 0
504 0.0173656
504 0.0908129
504 0.0694794
506 0
675 0
475 0
483 0
489 0
543 0
483 1.1367
475 0
525 0
850 0
1149 0
475 0
501 0
501 0.518734
501 2.51656
501 0.0240377
513 0
628 0
487 0
485 0
456 0
487 0.00343056
496 0
483 0
242 0
496 0.0884765
510 0
525 0
746 0
511 0.333839
512 0.682376
512 0.0578653
511 0.531751
510 0.71575
510 0.0329514
510 0.495122
510 0.168322
510 0.127433
512 0.151186
512 0.162169
511 0.0419778
511 0.001564
511 3.59525e-05
475 0
525 0
850 0
1149 0
475 0
525 0
850 0
1149 0
475 0
514 0
514 0.337144
514 2.75162
514 3.339
514 1.85248
525 0
987 0
475 0
525 0
850 0
1149 0
475 0
479 0
525 0
868 0
1096 0
1149 0
479 0.0884557
475 0
512 0
512 0.407336
525 0
737 0
510 0
494 0
523 0
621 0
525 0
666 0
475 0
525 0
850 0
1149 0
475 0
508 0
525 0
700 0
508 0.649164
475 0
501 0
481 0
297 0
501 2.31521
475 0
525 0
850 0
1149 0
475 0
525 0
850 0
1149 0
475 0
476 0
516 0
525 0
967 0
516 0.211377
476 0.135952
475 0
525 0
850 0
1149 0
475 0
496 0
496 1.2501
496 2.73034
496 2.94014
496 3.37891
525 0
854 0
1083 0
496 0
478 0
494 0.001564
494 0.0240075
494 0.0374915
478 0.0150047
496 0.0255267
494 0.001564
494 0.000592735
498 0.001564
499 0.18118
499 0.0951894
499 0.0944601
499 0.552292
499 0.134407
499 0.0698596
499 0.0343187
499 0.0679178
475 0
486 0
494 0
565 0
486 1.03135
475 0
525 0
850 0
1149 0
475 0
525 0
850 0
1149 0
475 0
525 0
850 0
1149 0
475 0
525 0
850 0
1149 0
475 0
525 0
850 0
1149 0
475 0
500 0
517 0
669 0
500 0.809222
475 0
525 0
850 0
1149 0
475 0
525 0
850 0
1149 0
475 0
483 0
524 0
525 0
766 0
524 0.172347
483 0.0907919
475 0
525 0
850 0
1149 0
475 0
487 0
525 0
1149 0
487 0.0798643
475 0
525 0
850 0
1149 0
475 0
525 0
850 0
1149 0
475 0
485 0
486 0
486 0.701978
486 2.89359
486 0.046249
485 0.0817723
516 0
779 0
475 0
0 0
481 0
475 0
396 0
480 0.568993
480 0.10355
475 0
525 0
850 0
1149 0
475 0
525 0
850 0
1149 0
475 0
525 0
850 0
1149 0
475 0
520 0
520 0.145378
520 3.3088
520 0.864579
520 0.275015
520 0.00381552
520 0.00975532
520 0.0108081
525 0
827 0
522 0
546 0
506 0
381 0
495 0
269 0
475 0
496 0
496 1.10503
496 3.41557
496 0.698835
496 0.068271
496 0.000421516
502 0
502 0
512 0
516 0
519 0
525 0
909 0
995 0
1149 0
491 0
410 0
496 0
495 0
480 0
332 0
495 0.0118722
497 0.0780577
475 0
222 0
519 0.00333516
516 0.00405876
512 0.0024421
502 0.00233888
502 0.092873
475 0
525 0
850 0
1149 0
475 0
506 0
506 1.0122
506 3.28345
506 2.54287
510 0
514 0
544 0
525 0
1058 0
510 0.0330722
475 0
525 0
850 0
1149 0
475 0
525 0
850 0
1149 0
475 0
525 0
850 0
1149 0
475 0
477 0
478 0
491 0
477 1.38843
475 0
525 0
850 0
1149 0
475 0
493 0
493 0.519425
507 0
635 0
511 0
675 0
498 0
498 0
478 0
478 0
488 0
478 0.0131392
498 0.12027
498 0.0293214
515 0
709 0
475 0
525 0
850 0
1149 0
475 0
524 0
521 0
521 1.83605
524 1.66583
525 0
777 0
525 0
1149 0
523 0
544 0
475 0
518 0
525 0
850 0
1149 0
1149 0
518 0.0561297
475 0
501 0
501 0.73552
501 3.49914
510 0
596 0
521 0
525 0
1027 0
521 0.0001448
492 0
415 0
475 0
515 0
525 0
850 0
1149 0
1149 0
515 0.0608895
475 0
496 0
509 0
625 0
496 0.80495
475 0
525 0
850 0
1149 0
475 0
525 0
850 0
1149 0
475 0
516 0
525 0
776 0
516 0.503331
475 0
525 0
850 0
1149 0
475 0
525 0
850 0
1149 0
475 0
515 0
515 0.162837
515 3.46534
515 0.173154
515 0.0383745
525 0
988 0
525 0
891 0
1040 0
1149 0
501 0
374 0
499 0
484 0
223 0
499 0.0506869
