524 -12
524 12
524 -1
524 1
498 -13
498 13
516 1
516 -1
523 1
523 -1
495 -13
495 13
486 1
486 -1
491 1
491 -1
491 1
491 -1
501 -13
501 13
478 -13
478 13
480 -12
480 12
480 -1
480 1
489 -13
489 13
486 -13
486 13
481 -13
481 13
485 -13
485 13
485 1
485 -1
485 1
485 -1
485 1
485 -1
485 1
485 -1
485 1
485 -1
485 1
485 -1
485 1
485 -1
485 1
485 -1
485 1
485 -1
507 -12
507 12
507 -1
507 1
495 1
495 -1
504 -13
504 13
493 -13
493 13
475 -13
475 13
507 -12
507 12
507 -1
507 1
507 1
507 -1
508 1
508 -1
501 -12
501 12
501 -1
501 1
515 -13
515 13
509 -13
509 13
520 -13
520 13
481 -12
481 12
481 -1
481 1
515 -13
515 13
494 -13
494 13
499 -13
499 13
509 -12
509 12
509 -1
509 1
508 -13
508 13
520 -13
520 13
517 -13
517 13
521 1
521 -1
522 1
522 -1
486 -13
486 13
521 -13
521 13
488 -13
488 13
498 1
498 -1
523 -13
523 13
504 1
504 -1
504 1
504 -1
523 1
523 -1
475 -12
475 12
475 -1
405 1
477 1
476 -1
498 1
498 -1
502 1
503 -1
503 1
503 -1
511 -12
511 12
511 -1
511 1
502 1
502 -1
503 1
503 -1
505 1
505 -1
513 1
513 -1
509 1
509 -1
518 1
518 -1
513 -13
513 13
507 -13
507 13
511 -13
511 13
516 1
516 -1
515 1
515 -1
488 -13
488 13
480 -13
480 13
481 -13
481 13
495 -13
495 13
515 -12
515 12
515 -1
515 1
507 1
507 -1
519 -13
519 13
520 -13
520 13
518 -13
518 13
516 -12
516 12
516 -1
516 1
509 -13
509 13
518 -12
518 12
518 -1
518 1
519 1
519 -1
491 1
491 -1
504 1
504 -1
521 -12
521 12
521 -1
521 1
522 -12
522 12
522 -1
522 1
510 -13
510 13
493 -13
493 13
477 -12
477 12
477 -1
477 1
506 -13
506 13
476 -13
476 13
523 -13
523 13
488 -13
488 13
476 -13
476 13
515 -13
515 13
505 -12
505 12
505 -1
505 1
524 -13
524 13
524 -13
524 13
524 1
524 -1
513 -12
513 12
513 -1
513 1
517 -13
517 13
514 -12
514 12
514 -1
513 1
505 1
505 -1
508 1
508 -1
508 -13
508 13
505 -13
505 13
