475 0
525 0
850 0
1149 0
475 0
525 0
850 0
1149 0
475 0
521 0
521 0.169226
521 2.43231
521 0.0424696
525 0
850 0
1146 0
1149 0
509 0
510 0
561 0
509 0.152798
485 0
162 0
525 0
631 0
475 0
525 0
850 0
1149 0
475 0
493 0
525 0
1148 0
493 0.246405
475 0
487 0
487 1.53021
487 2.82076
475 0
275 0
489 0
525 0
861 0
1116 0
1149 0
486 0
475 0
355 0
483 0
490 0
595 0
483 0.00861299
475 0
491 0
645 0
475 0.00929133
475 0.0334694
475 0.0909043
475 0.0504961
475 0.0708068
476 0
382 0
475 0
243 0
505 0
670 0
481 0
487 0
543 0
486 0.158449
489 0.0651015
480 0.328272
480 0.550482
480 0.215519
480 0.001564
480 0.00213161
475 0
477 0
481 0
481 3.20825
481 2.81149
482 2.83015
482 2.92537
482 3.31454
482 1.30676
477 2.22109
475 0
479 0
527 0
475 0
62 0
475 0
0 0
475 0.0379196
475 0
497 0
506 0
506 0.360554
506 2.89468
506 3.51894
506 0.291155
497 0.107083
525 0
819 0
525 0
908 0
1013 0
1149 0
508 0
527 0
507 0
518 0
475 0
497 0
525 0
1149 0
497 0.314844
475 0
525 0
850 0
1149 0
