475 0
479 1.52262e-06
477 1.59608e-06
475 0
100 0
475 0
519 2.75982e-06
519 4.62553e-07
506 6.4453e-07
511 0
614 0
475 0
504 2.11622e-06
491 1.3335e-06
493 1.71143e-06
489 0
0 0
475 0
477 1.32078e-06
480 0
500 0
475 0
486 5.84292e-07
504 3.28555e-11
505 0
673 0
475 0
475 2.86478e-07
522 0
944 0
475 0
501 2.13808e-06
485 6.31831e-07
476 0
321 0
475 0
482 1.22285e-06
486 0
522 0
475 0
480 2.01031e-06
475 0
349 0
475 0
498 1.79358e-06
491 0
430 0
475 0
476 2.18245e-06
475 0
294 0
475 0
525 0
850 0
850 0
475 0
492 1.98979e-06
488 1.23515e-06
495 1.88528e-07
491 0
428 0
475 0
493 2.14211e-06
491 1.82615e-06
496 0
540 0
475 0
489 1.52808e-06
488 2.14504e-06
496 1.25939e-06
498 6.96714e-07
521 1.05091e-06
521 1.38778e-06
525 0
586 0
475 0
512 2.26012e-06
510 4.18471e-07
504 0
442 0
475 0
491 1.85649e-06
484 1.21602e-07
484 6.14276e-07
485 0
627 0
475 0
487 2.00524e-06
477 2.16457e-06
515 7.54066e-07
525 0
788 0
475 0
484 1.95251e-06
476 1.57851e-08
475 0
333 0
475 0
475 9.44842e-07
477 1.48627e-06
475 0
150 0
475 0
487 1.81056e-06
480 0
418 0
475 0
517 2.23583e-06
515 1.1168e-06
525 0
770 0
475 0
518 9.78778e-07
525 0
613 0
475 0
481 2.08134e-06
475 0
349 0
475 0
525 0
850 0
850 0
475 0
477 8.84482e-07
490 0
612 0
475 0
496 2.73647e-06
479 9.25858e-07
478 3.08442e-07
475 0
0 0
475 0
482 2.29648e-06
475 0
249 0
475 0
496 1.47356e-06
496 0
491 0
475 0
485 2.25267e-06
475 0
298 0
475 0
475 1.21498e-06
479 0
517 0
475 0
475 1.54994e-06
475 2.49238e-06
475 1.45376e-07
500 1.63514e-08
525 0
1049 0
475 0
488 1.86573e-06
479 0
396 0
475 0
489 2.3427e-06
482 1.14313e-06
499 0
713 0
475 0
485 2.72392e-06
475 0
0 0
475 0
485 3.6704e-07
486 1.54908e-06
475 0
378 0
475 0
493 1.13644e-07
525 0
914 0
914 0
475 0
476 2.44409e-06
475 0
169 0
475 0
495 1.69771e-06
492 1.95172e-07
486 9.41675e-07
481 1.96571e-06
488 6.90314e-07
484 8.2465e-07
487 0
527 0
475 0
503 7.29043e-07
503 1.06828e-06
500 2.09637e-06
501 1.33667e-06
507 1.77657e-06
505 1.334e-08
505 5.42684e-08
503 0
429 0
475 0
504 2.05289e-08
525 0
862 0
862 0
475 0
476 1.51408e-06
475 0
463 0
475 0
495 1.78588e-06
490 1.35304e-06
506 5.78386e-08
510 2.71465e-07
515 1.63052e-06
511 0
388 0
475 0
481 1.75499e-06
475 0
423 0
475 0
487 1.65648e-06
485 1.60673e-06
492 1.82167e-06
494 3.90637e-07
485 0
351 0
475 0
510 9.74892e-07
519 0
599 0
475 0
490 5.2453e-07
511 0
704 0
475 0
486 2.14472e-06
477 1.69908e-06
498 1.68053e-07
500 2.19116e-06
475 0
0 0
475 0
477 4.72732e-07
490 1.2465e-07
497 0
605 0
475 0
481 1.33097e-06
483 2.11789e-06
475 0
62 0
475 0
514 1.19079e-07
520 4.85006e-07
521 2.06734e-06
520 1.10228e-06
525 0
707 0
475 0
512 2.08166e-06
507 7.26394e-07
516 0
634 0
475 0
479 5.88816e-07
503 0
715 0
475 0
490 7.31737e-07
496 1.32485e-06
525 0
936 0
475 0
478 1.4062e-07
482 1.19429e-06
480 9.7209e-07
488 3.90031e-07
499 3.76337e-07
512 7.76145e-07
514 0
543 0
475 0
476 2.52301e-06
475 0
61 0
475 0
500 1.81133e-06
493 0
430 0
475 0
497 1.90002e-06
492 1.51886e-06
478 1.2543e-06
489 1.8407e-06
488 1.0538e-06
489 1.3371e-06
489 1.01944e-06
488 0
467 0
475 0
495 9.10232e-07
495 1.73827e-06
496 1.88255e-06
496 1.78757e-06
525 0
820 0
475 0
525 0
850 0
850 0
475 0
498 8.11286e-07
512 0
629 0
475 0
484 1.03005e-06
491 2.35891e-06
506 1.43391e-07
512 0
719 0
475 0
496 2.00688e-06
483 0
363 0
475 0
507 7.6216e-07
522 0
653 0
475 0
525 0
850 0
850 0
475 0
476 1.83773e-07
522 0
850 0
850 0
475 0
504 2.23086e-06
501 7.65205e-07
501 1.96322e-06
509 7.50072e-07
510 1.64995e-06
497 5.61532e-07
481 0
308 0
475 0
475 2.28082e-06
475 0
254 0
475 0
479 2.18839e-06
475 0
274 0
475 0
486 4.59224e-07
512 0
748 0
475 0
525 0
850 0
850 0
475 0
479 1.1711e-06
484 0
534 0
475 0
506 1.22067e-06
506 9.14416e-07
475 0
0 0
475 0
499 1.65752e-06
498 1.57671e-06
511 2.03294e-06
504 1.40723e-06
503 4.58397e-07
495 5.56538e-07
495 1.13394e-06
504 0
1036 0
475 0
487 8.39724e-07
501 0
626 0
475 0
479 7.36957e-07
481 5.60841e-07
477 2.85163e-08
476 0
464 0
475 0
486 1.34351e-06
488 0
505 0
475 0
509 8.62376e-07
521 0
627 0
475 0
479 5.10951e-07
481 2.27336e-06
479 0
464 0
475 0
479 1.91204e-06
475 0
375 0
475 0
480 1.68705e-06
475 0
431 0
475 0
507 2.7608e-06
501 8.5593e-07
498 2.23324e-07
485 2.22806e-06
491 3.86527e-07
495 3.68649e-07
496 7.48904e-07
525 0
1149 0
475 0
479 1.57921e-06
477 1.56669e-06
497 0
761 0
475 0
480 7.30482e-07
488 1.03869e-06
503 1.32618e-06
500 2.1283e-06
508 0
572 0
475 0
481 1.65929e-07
499 1.89121e-06
490 0
410 0
475 0
486 2.64989e-06
475 0
0 0
475 0
485 1.98802e-07
525 0
1019 0
475 0
499 3.87502e-07
506 1.46721e-06
506 1.35825e-06
506 1.32693e-06
491 1.01321e-06
495 1.84446e-09
498 1.90815e-06
487 7.23727e-07
478 0
348 0
475 0
512 1.09328e-06
513 6.29692e-07
522 1.98195e-06
518 1.71937e-06
513 7.99726e-08
475 0
475 0
475 0
487 2.62448e-06
475 0
0 0
475 0
477 4.58968e-07
501 0
719 0
475 0
478 2.20382e-06
475 0
271 0
475 0
525 0
850 0
850 0
475 0
477 2.13961e-06
475 0
325 0
475 0
478 4.3408e-07
487 1.43901e-06
484 9.60873e-08
482 9.96444e-07
482 0
866 0
475 0
484 1.15212e-06
490 0
545 0
475 0
523 1.85053e-06
516 2.09329e-06
514 1.42212e-06
525 0
710 0
475 0
525 0
850 0
850 0
475 0
481 1.64462e-06
477 0
433 0
475 0
477 5.15918e-07
499 0
692 0
