0 -1
475 1
0 -1
0 1
0 -1
359 1
0 -1
263 1
0 -1
475 1
0 -1
408 1
0 -1
371 1
0 -1
475 1
0 -1
302 1
0 -1
0 1
0 -1
308 1
0 -1
228 1
0 -1
0 1
0 -1
34 1
0 -1
241 1
0 -1
475 1
0 -1
443 1
0 -1
475 1
0 -1
475 1
0 -1
72 1
0 -1
52 1
0 -1
475 1
0 -1
475 1
0 -1
475 1
0 -1
426 1
0 -1
74 1
0 -1
475 1
0 -1
0 1
0 -1
366 1
0 -1
427 1
0 -1
95 1
0 -1
475 1
0 -1
409 1
0 -1
475 1
0 -1
475 1
0 -1
475 1
0 -1
127 1
0 -1
399 1
0 -1
400 1
0 -1
381 1
0 -1
148 1
0 -1
49 1
0 -1
439 1
0 -1
376 1
0 -1
475 1
0 -1
0 1
0 -1
288 1
0 -1
50 1
0 -1
0 1
0 -1
0 1
0 -1
369 1
0 -1
0 1
0 -1
268 1
0 -1
475 1
0 -1
328 1
0 -1
289 1
0 -1
191 1
0 -1
0 1
0 -1
475 1
0 -1
274 1
0 -1
453 1
0 -1
0 1
0 -1
475 1
0 -1
456 1
0 -1
422 1
0 -1
153 1
0 -1
308 1
0 -1
128 1
0 -1
333 1
0 -1
0 1
0 -1
273 1
0 -1
98 1
0 -1
475 1
0 -1
0 1
0 -1
0 1
0 -1
475 1
0 -1
313 1
0 -1
475 1
0 -1
0 1
0 -1
475 1
0 -1
359 1
0 -1
475 1
0 -1
0 1
0 -1
347 1
0 -1
403 1
0 -1
475 1
0 -1
425 1
0 -1
475 1
0 -1
0 1
0 -1
0 1
0 -1
120 1
0 -1
0 1
0 -1
475 1
0 -1
415 1
0 -1
300 1
0 -1
283 1
0 -1
454 1
0 -1
0 1
0 -1
0 1
0 -1
300 1
