475 1.93786e-21
475 1.3703e-99
475 0.0003
475 1.93786e-21
475 0.000171377
475 7.55686e-05
475 7.47814e-06
475 1.50212e-05
475 1.64704e-06
475 1.28575e-05
475 2.84951e-06
475 8.52924e-06
475 4.6714e-06
475 1.93786e-21
475 7.41912e-08
475 1.9783e-23
475 3.07043e-46
475 1.145e-05
475 0
475 2.31738e-11
475 6.2241e-14
475 2.80945e-07
93 2.04502e-21
475 1.93786e-21
475 3.062e-13
475 2.04035e-06
195 1.5998e-21
475 1.93786e-21
475 6.2052e-10
475 1.23008e-46
475 1.76322e-11
475 4.17791e-07
294 1.32901e-21
475 1.93786e-21
475 1.48599e-27
475 9.97025e-32
475 1.48263e-52
475 1.802e-06
235 1.41327e-21
475 1.93786e-21
475 5.46241e-14
475 9.05655e-12
475 4.69748e-05
475 1.90672e-09
475 1.21402e-41
475 2.68918e-63
475 7.09538e-06
473 1.10335e-21
475 1.93786e-21
475 2.26764e-19
475 3.04534e-15
475 1.27015e-66
475 3.95692e-25
475 3.97678e-07
114 1.85422e-21
475 1.93786e-21
475 9.75495e-15
475 1.53028e-06
244 1.39726e-21
475 1.93786e-21
475 6.50721e-16
475 8.21764e-18
475 1.77406e-07
475 9.01444e-06
475 0
475 5.5714e-16
475 1.6033e-06
387 1.11644e-21
