475 3.78315e-22
475 2.79625
475 2.94692
475 3.41697
475 0.839849
475 3.78315e-22
475 2.67379
475 2.98513
475 3.38025
475 0.960831
475 3.78315e-22
475 2.86384
475 2.92698
475 3.50701
475 0.702166
475 3.78315e-22
475 2.75098
475 2.91385
475 3.40209
475 0.933076
475 3.78315e-22
475 2.82738
475 2.94246
475 3.43892
475 0.775745
475 0.0155011
475 3.78315e-22
475 2.80593
475 2.83589
475 3.34326
475 0.96855
475 0.0463771
475 3.78315e-22
475 2.88481
475 2.82002
475 3.41217
475 0.883003
475 3.78315e-22
475 2.79253
475 2.96157
475 3.37737
475 0.830798
475 0.0268715
475 0.0108622
475 3.78315e-22
475 2.76
475 2.78948
475 3.28777
475 1.15661
475 0.00613905
475 3.78315e-22
475 2.77737
475 2.95327
475 3.36045
475 0.872986
475 0.0213681
475 0.014551
