# Energy z_(mm) Energy_Dep Net_Charge
4e+08 0 1.28185e-26 -0.0001
4e+08 1 0 0
4e+08 2 0 0
4e+08 3 0 0
4e+08 4 0 0
4e+08 5 0 0
4e+08 6 0 0
4e+08 7 0 0
4e+08 8 0 0
4e+08 9 0 0
4e+08 10 0 0
4e+08 11 0 0
4e+08 12 0 0
4e+08 13 0 0
4e+08 14 0 0
4e+08 15 0 0
4e+08 16 0 0
4e+08 17 0 0
4e+08 18 0 0
4e+08 19 0 0
4e+08 20 0 0
4e+08 21 0 0
4e+08 22 0 0
4e+08 23 0 0
4e+08 24 0 0
4e+08 25 0 0
4e+08 26 0 0
4e+08 27 0 0
4e+08 28 0 0
4e+08 29 0 0
4e+08 30 0 0
4e+08 31 0 0
4e+08 32 0 0
4e+08 33 0 0
4e+08 34 0 0
4e+08 35 0 0
4e+08 36 0 0
4e+08 37 0 0
4e+08 38 0 0
4e+08 39 0 0
4e+08 40 0 0
4e+08 41 0 0
4e+08 42 0 0
4e+08 43 0 0
4e+08 44 0 0
4e+08 45 0 0
4e+08 46 0 0
4e+08 47 0 0
4e+08 48 0 0
4e+08 49 0 0
4e+08 50 0 0
4e+08 51 0 0
4e+08 52 0 0
4e+08 53 0 0
4e+08 54 0 0
4e+08 55 0 0
4e+08 56 0 0
4e+08 57 0 0
4e+08 58 0 0
4e+08 59 0 0
4e+08 60 0 0
4e+08 61 0 0
4e+08 62 0 0
4e+08 63 0 0
4e+08 64 0 0
4e+08 65 0 0
4e+08 66 0 0
4e+08 67 0 0
4e+08 68 0 0
4e+08 69 0 0
4e+08 70 0 0
4e+08 71 0 0
4e+08 72 0 0
4e+08 73 0 0
4e+08 74 0 0
4e+08 75 0 0
4e+08 76 0 0
4e+08 77 0 0
4e+08 78 0 0
4e+08 79 0 0
4e+08 80 0 0
4e+08 81 0 0
4e+08 82 0 0
4e+08 83 0 0
4e+08 84 0 0
4e+08 85 0 0
4e+08 86 0 0
4e+08 87 0 0
4e+08 88 0 0
4e+08 89 0 0
4e+08 90 0 0
4e+08 91 0 0
4e+08 92 0 0
4e+08 93 0 0
4e+08 94 9.84488e-26 0.0001
4e+08 95 0 0
4e+08 96 0 0
4e+08 97 0 0
4e+08 98 0 0
4e+08 99 0 0
4e+08 100 0 0
4e+08 101 0 0
4e+08 102 0 0
4e+08 103 0 0
4e+08 104 0 0
4e+08 105 0 0
4e+08 106 0 0
4e+08 107 0 0
4e+08 108 0 0
4e+08 109 0 0
4e+08 110 0 0
4e+08 111 4.61732e-27 0.0001
4e+08 112 0 0
4e+08 113 0 0
4e+08 114 0 0
4e+08 115 1.15526e-27 -0.0001
4e+08 116 0 0
4e+08 117 0 0
4e+08 118 0 0
4e+08 119 0 0
4e+08 120 0 0
4e+08 121 0 0
4e+08 122 0 0
4e+08 123 0 0
4e+08 124 0 0
4e+08 125 0 0
4e+08 126 0 0
4e+08 127 0 0
4e+08 128 0 0
4e+08 129 0 0
4e+08 130 0 0
4e+08 131 0 0
4e+08 132 0 0
4e+08 133 0 0
4e+08 134 0 0
4e+08 135 0 0
4e+08 136 0 0
4e+08 137 0 0
4e+08 138 0 0
4e+08 139 0 0
4e+08 140 0 0
4e+08 141 0 0
4e+08 142 0 0
4e+08 143 0 0
4e+08 144 0 0
4e+08 145 0 0
4e+08 146 0 0
4e+08 147 0 0
4e+08 148 0 0
4e+08 149 0 0
4e+08 150 0 0
4e+08 151 0 0
4e+08 152 0 0
4e+08 153 0 0
4e+08 154 0 0
4e+08 155 0 0
4e+08 156 0 0
4e+08 157 0 0
4e+08 158 0 0
4e+08 159 0 0
4e+08 160 0 0
4e+08 161 0 0
4e+08 162 0 0
4e+08 163 0 0
4e+08 164 0 0
4e+08 165 0 0
4e+08 166 0 0
4e+08 167 0 0
4e+08 168 0 0
4e+08 169 0 0
4e+08 170 0 0
4e+08 171 0 0
4e+08 172 0 0
4e+08 173 0 0
4e+08 174 0 0
4e+08 175 0 0
4e+08 176 0 0
4e+08 177 0 0
4e+08 178 0 0
4e+08 179 0 0
4e+08 180 0 0
4e+08 181 0 0
4e+08 182 0 0
4e+08 183 0 0
4e+08 184 0 0
4e+08 185 0 0
4e+08 186 0 0
4e+08 187 0 0
4e+08 188 0 0
4e+08 189 0 0
4e+08 190 1.01536e-27 -0.0001
4e+08 191 0 0
4e+08 192 0 0
4e+08 193 0 0
4e+08 194 0 0
4e+08 195 0 0
4e+08 196 0 0
4e+08 197 0 0
4e+08 198 0 0
4e+08 199 0 0
4e+08 200 0 0
4e+08 201 0 0
4e+08 202 0 0
4e+08 203 0 0
4e+08 204 0 0
4e+08 205 0 0
4e+08 206 0 0
4e+08 207 0 0
4e+08 208 0 0
4e+08 209 0 0
4e+08 210 0 0
4e+08 211 0 0
4e+08 212 0 0
4e+08 213 0 0
4e+08 214 0 0
4e+08 215 0 0
4e+08 216 0 0
4e+08 217 0 0
4e+08 218 0 0
4e+08 219 0 0
4e+08 220 0 0
4e+08 221 2.04497e-27 -0.0001
4e+08 222 0 0
4e+08 223 0 0
4e+08 224 0 0
4e+08 225 0 0
4e+08 226 0 0
4e+08 227 0 0
4e+08 228 0 0
4e+08 229 0 0
4e+08 230 0 0
4e+08 231 0 0
4e+08 232 0 0
4e+08 233 0 0
4e+08 234 0 0
4e+08 235 0 0
4e+08 236 0 0
4e+08 237 0 0
4e+08 238 0 0
4e+08 239 0 0
4e+08 240 0 0
4e+08 241 0 0
4e+08 242 0 0
4e+08 243 0 0
4e+08 244 0 0
4e+08 245 4.22397e-27 0.0001
4e+08 246 9.55421e-28 -0.0001
4e+08 247 0 0
4e+08 248 0 0
4e+08 249 1.02894e-27 0.0001
4e+08 250 0 0
4e+08 251 0 0
4e+08 252 0 0
4e+08 253 0 0
4e+08 254 0 0
4e+08 255 0 0
4e+08 256 0 0
4e+08 257 0 0
4e+08 258 0 0
4e+08 259 0 0
4e+08 260 0 0
4e+08 261 0 0
4e+08 262 0 0
4e+08 263 0 0
4e+08 264 8.66109e-28 -0.0001
4e+08 265 0 0
4e+08 266 0 0
4e+08 267 0 0
4e+08 268 0 0
4e+08 269 0 0
4e+08 270 0 0
4e+08 271 0 0
4e+08 272 0 0
4e+08 273 0 0
4e+08 274 0 0
4e+08 275 0 0
4e+08 276 0 0
4e+08 277 0 0
4e+08 278 0 0
4e+08 279 0 0
4e+08 280 0 0
4e+08 281 0 0
4e+08 282 1.97286e-26 0.0001
4e+08 283 0 0
4e+08 284 0 0
4e+08 285 0 0
4e+08 286 0 0
4e+08 287 0 0
4e+08 288 0 0
4e+08 289 0 0
4e+08 290 0 0
4e+08 291 0 0
4e+08 292 0 0
4e+08 293 0 0
4e+08 294 0 0
4e+08 295 2.05424e-27 -0.0001
4e+08 296 0 0
4e+08 297 0 0
4e+08 298 0 0
4e+08 299 0 0
4e+08 300 0 0
4e+08 301 0 0
4e+08 302 0 0
4e+08 303 0 0
4e+08 304 0 0
4e+08 305 3.14153e-27 0.0001
4e+08 306 0 0
4e+08 307 0 0
4e+08 308 0 0
4e+08 309 0 0
4e+08 310 7.63217e-28 -0.0001
4e+08 311 0 0
4e+08 312 0 0
4e+08 313 0 0
4e+08 314 0 0
4e+08 315 0 0
4e+08 316 0 0
4e+08 317 0 0
4e+08 318 0 0
4e+08 319 0 0
4e+08 320 0 0
4e+08 321 0 0
4e+08 322 0 0
4e+08 323 0 0
4e+08 324 0 0
4e+08 325 0 0
4e+08 326 7.87201e-27 0.0001
4e+08 327 0 0
4e+08 328 0 0
4e+08 329 0 0
4e+08 330 0 0
4e+08 331 0 0
4e+08 332 0 0
4e+08 333 3.80083e-27 0.0001
4e+08 334 0 0
4e+08 335 0 0
4e+08 336 0 0
4e+08 337 0 0
4e+08 338 0 0
4e+08 339 0 0
4e+08 340 0 0
4e+08 341 0 0
4e+08 342 0 0
4e+08 343 0 0
4e+08 344 0 0
4e+08 345 0 0
4e+08 346 0 0
4e+08 347 0 0
4e+08 348 0 0
4e+08 349 0 0
4e+08 350 0 0
4e+08 351 0 0
4e+08 352 0 0
4e+08 353 0 0
4e+08 354 5.47309e-27 -0.0001
4e+08 355 0 0
4e+08 356 3.53168e-27 0.0001
4e+08 357 0 0
4e+08 358 0 0
4e+08 359 0 0
4e+08 360 1.80097e-26 0.0001
4e+08 361 0 0
4e+08 362 0 0
4e+08 363 0 0
4e+08 364 8.89707e-27 0
4e+08 365 7.31071e-28 -0.0001
4e+08 366 0 0
4e+08 367 4.28492e-27 0.0001
4e+08 368 0 0
4e+08 369 0 0
4e+08 370 2.62905e-27 -0.0001
4e+08 371 0 0
4e+08 372 0 0
4e+08 373 0 0
4e+08 374 0 0
4e+08 375 0 0
4e+08 376 0 0
4e+08 377 9.05299e-28 -0.0001
4e+08 378 0 0
4e+08 379 0 0
4e+08 380 0 0
4e+08 381 3.236e-27 0.0001
4e+08 382 0 0
4e+08 383 3.88936e-27 0.0001
4e+08 384 0 0
4e+08 385 0 0
4e+08 386 0 0
4e+08 387 0 0
4e+08 388 0 0
4e+08 389 0 0
4e+08 390 0 0
4e+08 391 0 0
4e+08 392 0 0
4e+08 393 0 0
4e+08 394 0 0
4e+08 395 1.00197e-26 0.0001
4e+08 396 0 0
4e+08 397 0 0
4e+08 398 0 0
4e+08 399 0 0
4e+08 400 3.49855e-27 0.0001
4e+08 401 6.55147e-28 -0.0001
4e+08 402 0 0
4e+08 403 0 0
4e+08 404 0 0
4e+08 405 0 0
4e+08 406 0 0
4e+08 407 0 0
4e+08 408 0 0
4e+08 409 8.05034e-28 0.0001
4e+08 410 0 0
4e+08 411 0 0
4e+08 412 0 0
4e+08 413 0 0
4e+08 414 0 0
4e+08 415 0 0
4e+08 416 0 0
4e+08 417 0 0
4e+08 418 0 0
4e+08 419 7.60384e-28 -0.0001
4e+08 420 1.99785e-26 0.0001
4e+08 421 0 0
4e+08 422 0 0
4e+08 423 7.21952e-28 -0.0001
4e+08 424 0 0
4e+08 425 0 0
4e+08 426 0 0
4e+08 427 0 0
4e+08 428 0 0
4e+08 429 0 0
4e+08 430 0 0
4e+08 431 0 0
4e+08 432 0 0
4e+08 433 0 0
4e+08 434 2.48474e-27 0.0001
4e+08 435 0 0
4e+08 436 0 0
4e+08 437 0 0
4e+08 438 6.00267e-27 0.0001
4e+08 439 0 0
4e+08 440 0 0
4e+08 441 4.14544e-27 -0.0001
4e+08 442 0 0
4e+08 443 0 0
4e+08 444 0 0
4e+08 445 0 0
4e+08 446 0 0
4e+08 447 0 0
4e+08 448 0 0
4e+08 449 0 0
4e+08 450 1.68196e-27 -0.0002
4e+08 451 3.36375e-27 0.0001
4e+08 452 0 0
4e+08 453 2.95818e-27 0.0001
4e+08 454 0 0
4e+08 455 4.25316e-27 0.0001
4e+08 456 0 0
4e+08 457 5.49104e-27 0.0001
4e+08 458 6.31823e-28 -0.0001
4e+08 459 0 0
4e+08 460 0 0
4e+08 461 0 0
4e+08 462 0 0
4e+08 463 0 0
4e+08 464 8.82098e-28 0.0001
4e+08 465 0 0
4e+08 466 0 0
4e+08 467 0 0
4e+08 468 0 0
4e+08 469 0 0
4e+08 470 0 0
4e+08 471 0 0
4e+08 472 0 0
4e+08 473 0 0
4e+08 474 0 0
4e+08 475 0.030163 -0.0004
4e+08 476 0.0492746 -0.003
4e+08 477 0.0435758 0.0012
4e+08 478 0.0483346 -0.0023
4e+08 479 0.0574599 -0.0013
4e+08 480 0.0562692 -0.0003
4e+08 481 0.0536116 -0.0016
4e+08 482 0.0752856 -0.0002
4e+08 483 0.0809159 -0.0025
4e+08 484 0.0672263 0.0004
4e+08 485 0.082558 -0.0019
4e+08 486 0.0835806 -0.0016
4e+08 487 0.0807659 -0.0007
4e+08 488 0.066502 -0.0005
4e+08 489 0.0765765 -0.0008
4e+08 490 0.0782228 -0.0011
4e+08 491 0.0937072 -0.001
4e+08 492 0.0846211 0.0009
4e+08 493 0.118503 -0.0021
4e+08 494 0.0866919 -0.0003
4e+08 495 0.0859357 0.0001
4e+08 496 0.110733 -0.0005
4e+08 497 0.125454 -0.0013
4e+08 498 0.104879 -0.0004
4e+08 499 0.106537 -0.0011
4e+08 500 0.107741 -0.0003
4e+08 501 0.111685 -0.0007
4e+08 502 0.0989083 -0.001
4e+08 503 0.101907 -0.0003
4e+08 504 0.0993415 -0.0016
4e+08 505 0.11135 -0.0003
4e+08 506 0.126033 -0.0014
4e+08 507 0.1121 0.0003
4e+08 508 0.111989 -0.0025
4e+08 509 0.122246 -0.0001
4e+08 510 0.110292 -0.0018
4e+08 511 0.105018 -0.0009
4e+08 512 0.0982105 -0.0003
4e+08 513 0.108742 0.0006
4e+08 514 0.0997004 -0.0008
4e+08 515 0.103438 0.0001
4e+08 516 0.1104 -0.0001
4e+08 517 0.0908635 -0.0014
4e+08 518 0.10177 0.0007
4e+08 519 0.114727 -0.0011
4e+08 520 0.102388 -0.0001
4e+08 521 0.123696 -0.0008
4e+08 522 0.114669 0
4e+08 523 0.123035 -0.0017
4e+08 524 0.0944082 -0.0004
4e+08 525 0.0186346 0
4e+08 526 0 0
4e+08 527 0 0
4e+08 528 0 0
4e+08 529 2.56675e-27 0.0001
4e+08 530 1.94977e-27 0.0001
4e+08 531 0 0
4e+08 532 0 0
4e+08 533 0 0
4e+08 534 0 0
4e+08 535 0 0
4e+08 536 0 0
4e+08 537 1.49065e-26 0.0003
4e+08 538 0 0
4e+08 539 0 0
4e+08 540 0 0
4e+08 541 0 0
4e+08 542 0 0
4e+08 543 0 0
4e+08 544 0 0
4e+08 545 0 0
4e+08 546 0 0
4e+08 547 0 0
4e+08 548 8.28394e-27 0.0002
4e+08 549 0 0
4e+08 550 0 0
4e+08 551 2.67278e-27 0.0001
4e+08 552 0 0
4e+08 553 0 0
4e+08 554 0 0
4e+08 555 1.95731e-26 0.0002
4e+08 556 8.58847e-28 -0.0001
4e+08 557 0 0
4e+08 558 0 0
4e+08 559 0 0
4e+08 560 0 0
4e+08 561 3.61712e-27 0.0001
4e+08 562 0 0
4e+08 563 0 0
4e+08 564 0 0
4e+08 565 2.28484e-27 0.0001
4e+08 566 6.42944e-27 0.0002
4e+08 567 1.99023e-27 -0.0001
4e+08 568 3.62465e-27 0.0001
4e+08 569 6.90755e-28 -0.0001
4e+08 570 0 0
4e+08 571 0 0
4e+08 572 7.89707e-28 -0.0001
4e+08 573 0 0
4e+08 574 1.42691e-26 0.0001
4e+08 575 4.71719e-27 0.0001
4e+08 576 5.38762e-27 0.0001
4e+08 577 0 0
4e+08 578 0 0
4e+08 579 0 0
4e+08 580 2.48481e-27 0.0001
4e+08 581 7.16746e-28 -0.0001
4e+08 582 0 0
4e+08 583 1.31275e-27 -0.0001
4e+08 584 0 0
4e+08 585 1.15437e-26 0.0001
4e+08 586 0 0
4e+08 587 1.23247e-27 -0.0001
4e+08 588 0 0
4e+08 589 0 0
4e+08 590 0 0
4e+08 591 0 0
4e+08 592 0 0
4e+08 593 2.10194e-27 0.0001
4e+08 594 0 0
4e+08 595 0 0
4e+08 596 1.01299e-26 0.0001
4e+08 597 0 0
4e+08 598 8.38905e-27 0
4e+08 599 0 0
4e+08 600 3.05935e-27 0
4e+08 601 0 0
4e+08 602 0 0
4e+08 603 0 0
4e+08 604 3.90932e-27 0.0001
4e+08 605 0 0
4e+08 606 0 0
4e+08 607 0 0
4e+08 608 1.8408e-27 -0.0001
4e+08 609 0 0
4e+08 610 0 0
4e+08 611 4.93786e-27 0.0002
4e+08 612 1.09404e-27 0.0001
4e+08 613 0 0
4e+08 614 0 0
4e+08 615 0 0
4e+08 616 8.74957e-28 0.0001
4e+08 617 5.98573e-27 0.0002
4e+08 618 0 0
4e+08 619 0 0
4e+08 620 0 0
4e+08 621 5.10503e-27 0.0001
4e+08 622 4.68236e-27 0
4e+08 623 6.91183e-27 0.0002
4e+08 624 0 0
4e+08 625 0 0
4e+08 626 0 0
4e+08 627 0 0
4e+08 628 0 0
4e+08 629 6.93457e-27 0.0002
4e+08 630 0 0
4e+08 631 4.55058e-27 0.0001
4e+08 632 3.44311e-27 0.0001
4e+08 633 0 0
4e+08 634 2.08833e-27 -0.0001
4e+08 635 0 0
4e+08 636 7.84235e-27 0.0001
4e+08 637 0 0
4e+08 638 1.63091e-27 -0.0001
4e+08 639 0 0
4e+08 640 3.69615e-27 0.0001
4e+08 641 0 0
4e+08 642 0 0
4e+08 643 4.04999e-27 0.0001
4e+08 644 5.2469e-27 0.0002
4e+08 645 1.92234e-27 0.0001
4e+08 646 2.69048e-27 0.0001
4e+08 647 8.46071e-28 0.0001
4e+08 648 0 0
4e+08 649 2.24797e-27 0.0001
4e+08 650 1.22093e-27 -0.0001
4e+08 651 0 0
4e+08 652 9.46634e-27 0.0003
4e+08 653 0 0
4e+08 654 1.74628e-26 0.0001
4e+08 655 3.22062e-27 0.0001
4e+08 656 0 0
4e+08 657 2.90653e-27 0.0002
4e+08 658 3.38782e-27 0.0001
4e+08 659 4.33385e-27 0.0001
4e+08 660 6.24105e-27 0.0001
4e+08 661 0 0
4e+08 662 1.13125e-26 0.0001
4e+08 663 0 0
4e+08 664 3.25729e-27 0.0001
4e+08 665 2.61696e-27 0.0001
4e+08 666 0 0
4e+08 667 9.85733e-27 0
4e+08 668 1.86651e-27 0.0001
4e+08 669 1.70825e-27 0.0001
4e+08 670 0 0
4e+08 671 0 0
4e+08 672 9.77192e-28 -0.0001
4e+08 673 2.57459e-27 0.0001
4e+08 674 0 0
4e+08 675 5.53548e-27 0.0001
4e+08 676 0 0
4e+08 677 6.56117e-27 0
4e+08 678 5.77064e-26 0.0003
4e+08 679 7.84974e-27 0.0002
4e+08 680 1.25752e-26 0.0002
4e+08 681 0 0
4e+08 682 5.91197e-27 0
4e+08 683 1.09372e-26 0.0001
4e+08 684 3.03329e-27 0
4e+08 685 0 0
4e+08 686 9.04964e-28 -0.0001
4e+08 687 0 0
4e+08 688 0 0
4e+08 689 8.59007e-28 -0.0001
4e+08 690 6.92727e-27 0.0001
4e+08 691 0 0
4e+08 692 0 0
4e+08 693 1.46903e-26 0.0003
4e+08 694 1.21525e-26 0.0001
4e+08 695 0 0
4e+08 696 2.00219e-27 0.0001
4e+08 697 1.02333e-26 0.0001
4e+08 698 4.64576e-27 0.0001
4e+08 699 1.34569e-26 0.0001
4e+08 700 2.50339e-26 0.0002
4e+08 701 2.83988e-26 0.0003
4e+08 702 0 0
4e+08 703 4.02478e-27 0.0001
4e+08 704 0 0
4e+08 705 0 0
4e+08 706 0 0
4e+08 707 7.35407e-27 0.0003
4e+08 708 1.3891e-27 -0.0001
4e+08 709 0 0
4e+08 710 0 0
4e+08 711 0 0
4e+08 712 0 0
4e+08 713 0 0
4e+08 714 0 0
4e+08 715 0 0
4e+08 716 0 0
4e+08 717 9.65597e-27 0.0002
4e+08 718 0 0
4e+08 719 0 0
4e+08 720 2.68546e-27 0.0001
4e+08 721 6.62239e-27 0.0002
4e+08 722 0 0
4e+08 723 2.25796e-27 0.0001
4e+08 724 0 0
4e+08 725 1.20176e-26 0.0002
4e+08 726 0 0
4e+08 727 0 0
4e+08 728 0 0
4e+08 729 1.34587e-27 -0.0001
4e+08 730 2.52697e-27 0.0001
4e+08 731 0 0
4e+08 732 2.14822e-27 0.0001
4e+08 733 4.29051e-27 0.0001
4e+08 734 0 0
4e+08 735 1.30344e-26 0.0001
4e+08 736 0 0
4e+08 737 0 0
4e+08 738 4.14588e-27 -0.0002
4e+08 739 9.05183e-28 -0.0001
4e+08 740 2.23664e-26 0.0001
4e+08 741 0 0
4e+08 742 9.76798e-27 0.0002
4e+08 743 0 0
4e+08 744 0 0
4e+08 745 0 0
4e+08 746 0 0
4e+08 747 4.28065e-27 0.0001
4e+08 748 0 0
4e+08 749 2.91088e-27 0.0001
4e+08 750 0 0
4e+08 751 0 0
4e+08 752 0 0
4e+08 753 0 0
4e+08 754 0 0
4e+08 755 0 0
4e+08 756 0 0
4e+08 757 0 0
4e+08 758 2.07227e-27 0.0001
4e+08 759 1.8892e-27 0.0001
4e+08 760 0 0
4e+08 761 0 0
4e+08 762 0 0
4e+08 763 0 0
4e+08 764 0 0
4e+08 765 1.32173e-26 0.0001
4e+08 766 5.23967e-27 0.0002
4e+08 767 1.73883e-27 0.0001
4e+08 768 3.55517e-27 0.0001
4e+08 769 0 0
4e+08 770 6.75403e-27 0
4e+08 771 0 0
4e+08 772 8.31767e-27 0.0002
4e+08 773 0 0
4e+08 774 4.88158e-27 0
4e+08 775 0 0
4e+08 776 0 0
4e+08 777 0 0
4e+08 778 0 0
4e+08 779 9.14305e-27 0.0002
4e+08 780 0 0
4e+08 781 0 0
4e+08 782 6.1922e-27 0.0002
4e+08 783 1.96534e-26 0.0001
4e+08 784 0 0
4e+08 785 2.81409e-26 0.0001
4e+08 786 0 0
4e+08 787 3.14827e-27 0.0001
4e+08 788 0 0
4e+08 789 4.16967e-27 0.0001
4e+08 790 0 0
4e+08 791 1.84299e-27 -0.0001
4e+08 792 0 0
4e+08 793 0 0
4e+08 794 0 0
4e+08 795 3.08367e-27 -0.0001
4e+08 796 0 0
4e+08 797 1.99929e-26 0.0002
4e+08 798 0 0
4e+08 799 4.5798e-27 0
4e+08 800 1.30475e-26 0.0002
4e+08 801 5.80762e-27 0
4e+08 802 3.29094e-27 0.0001
4e+08 803 7.27049e-27 0.0002
4e+08 804 0 0
4e+08 805 2.42937e-26 0.0002
4e+08 806 7.25074e-27 0.0002
4e+08 807 5.07636e-27 0.0001
4e+08 808 0 0
4e+08 809 0 0
4e+08 810 0 0
4e+08 811 0 0
4e+08 812 3.53854e-27 0.0001
4e+08 813 5.77541e-27 0.0002
4e+08 814 2.81962e-27 0.0001
4e+08 815 0 0
4e+08 816 0 0
4e+08 817 0 0
4e+08 818 1.75469e-27 0.0001
4e+08 819 5.91433e-27 0.0001
4e+08 820 0 0
4e+08 821 1.43414e-26 0
4e+08 822 0 0
4e+08 823 1.36827e-26 0.0001
4e+08 824 0 0
4e+08 825 0 0
4e+08 826 0 0
4e+08 827 0 0
4e+08 828 0 0
4e+08 829 0 0
4e+08 830 0 0
4e+08 831 8.12038e-27 0.0001
4e+08 832 0 0
4e+08 833 4.15599e-26 -0.0002
4e+08 834 0 0
4e+08 835 1.20993e-26 0.0001
4e+08 836 1.16097e-27 -0.0001
4e+08 837 2.88224e-27 0.0001
4e+08 838 3.04331e-27 0.0001
4e+08 839 0 0
4e+08 840 5.96926e-27 0.0002
4e+08 841 0 0
4e+08 842 9.2011e-27 0.0003
4e+08 843 0 0
4e+08 844 2.11088e-27 -0.0001
4e+08 845 0 0
4e+08 846 0 0
4e+08 847 0 0
4e+08 848 8.08929e-27 0.0001
4e+08 849 0 0
4e+08 850 5.78425e-26 0
4e+08 851 6.74188e-26 0
4e+08 852 1.09914e-07 0
4e+08 853 6.90045e-08 0.0001
4e+08 854 2.79504e-07 0.0002
4e+08 855 5.03867e-07 0.0002
4e+08 856 6.31943e-07 0
4e+08 857 1.20553e-07 0
4e+08 858 3.29168e-07 0
4e+08 859 2.97767e-07 -0.0001
4e+08 860 5.67651e-07 0
4e+08 861 4.50868e-08 0.0003
4e+08 862 7.95273e-07 -0.0001
4e+08 863 6.23021e-07 0.0001
4e+08 864 4.79508e-27 0.0001
4e+08 865 8.74059e-07 0
4e+08 866 5.56835e-07 0.0001
4e+08 867 3.23115e-07 0.0004
4e+08 868 2.41667e-07 0
4e+08 869 1.70944e-27 0
4e+08 870 4.27136e-08 0
4e+08 871 4.35586e-07 0.0003
4e+08 872 1.70063e-06 -0.0001
4e+08 873 8.44301e-07 0
4e+08 874 1.78278e-07 0
4e+08 875 5.76579e-07 0
4e+08 876 1.31409e-07 0
4e+08 877 8.12315e-27 0
4e+08 878 4.92902e-07 0
4e+08 879 6.41566e-07 0
4e+08 880 2.86713e-07 -0.0001
4e+08 881 1.20772e-06 0
4e+08 882 1.83884e-07 0.0001
4e+08 883 1.07762e-06 0.0001
4e+08 884 9.33888e-07 -0.0001
4e+08 885 3.46484e-07 0.0001
4e+08 886 3.54472e-07 0.0001
4e+08 887 8.0626e-08 0.0001
4e+08 888 5.93079e-07 0
4e+08 889 1.34061e-06 0
4e+08 890 4.55913e-07 0.0001
4e+08 891 1.62382e-07 0.0001
4e+08 892 1.73145e-07 0.0002
4e+08 893 2.66518e-07 0
4e+08 894 1.63199e-06 0
4e+08 895 1.30851e-06 0
4e+08 896 1.51229e-26 -0.0001
4e+08 897 8.96773e-07 0
4e+08 898 1.2787e-06 0.0004
4e+08 899 1.22379e-06 -0.0002
4e+08 900 3.41271e-07 0.0001
4e+08 901 6.62519e-07 -0.0001
4e+08 902 8.88607e-08 0
4e+08 903 1.90355e-06 0
4e+08 904 3.26537e-06 0.0001
4e+08 905 8.58249e-07 0.0001
4e+08 906 9.39688e-07 0
4e+08 907 6.67407e-07 -0.0001
4e+08 908 1.55937e-06 -0.0002
4e+08 909 2.15042e-06 -0.0001
4e+08 910 3.68705e-06 0.0004
4e+08 911 5.31176e-07 0
4e+08 912 1.43066e-06 0.0001
4e+08 913 1.86145e-07 0
4e+08 914 0 0
4e+08 915 1.19171e-06 0
4e+08 916 8.33131e-07 -0.0001
4e+08 917 6.31578e-07 0
4e+08 918 2.3497e-07 0.0001
4e+08 919 5.52836e-07 0.0001
4e+08 920 2.15489e-06 0.0002
4e+08 921 1.32267e-06 0.0001
4e+08 922 3.09813e-06 0.0002
4e+08 923 3.4721e-06 -0.0001
4e+08 924 1.23656e-06 0.0002
4e+08 925 1.22183e-06 0
4e+08 926 2.03296e-06 0.0001
4e+08 927 1.65745e-06 0.0001
4e+08 928 0 0
4e+08 929 5.79807e-07 0
4e+08 930 1.80393e-06 0.0001
4e+08 931 7.98113e-08 0
4e+08 932 4.58124e-07 0
4e+08 933 3.54715e-07 0
4e+08 934 9.7628e-08 0
4e+08 935 5.20094e-07 0.0001
4e+08 936 4.06869e-06 0.0002
4e+08 937 1.1633e-06 -0.0001
4e+08 938 1.39718e-07 0
4e+08 939 1.72881e-06 0.0001
4e+08 940 3.97063e-06 0.0001
4e+08 941 1.7323e-06 0.0001
4e+08 942 4.01057e-06 0.0002
4e+08 943 1.04411e-06 0
4e+08 944 8.9527e-07 -0.0001
4e+08 945 1.89933e-06 -0.0004
4e+08 946 3.23963e-06 0.0002
4e+08 947 7.98525e-07 -0.0001
4e+08 948 1.56061e-06 0.0001
4e+08 949 3.22772e-06 0.0001
4e+08 950 2.13698e-06 0
4e+08 951 3.81421e-06 0.0003
4e+08 952 9.91675e-07 0
4e+08 953 2.73512e-06 0.0001
4e+08 954 2.49875e-27 0.0001
4e+08 955 3.60558e-06 0.0001
4e+08 956 5.17419e-07 -0.0001
4e+08 957 5.02742e-07 0.0001
4e+08 958 2.03502e-06 -0.0001
4e+08 959 2.93362e-07 -0.0001
4e+08 960 4.92021e-07 -0.0001
4e+08 961 4.19346e-07 0.0002
4e+08 962 0 0
4e+08 963 6.72104e-06 0
4e+08 964 9.05696e-07 0
4e+08 965 5.22442e-06 0
4e+08 966 7.3505e-07 0
4e+08 967 2.28556e-06 0.0001
4e+08 968 2.74392e-06 0.0002
4e+08 969 1.29657e-06 0
4e+08 970 2.61009e-07 0
4e+08 971 8.39488e-08 0.0001
4e+08 972 5.22579e-07 0.0001
4e+08 973 1.67859e-06 0.0001
4e+08 974 2.27314e-06 0.0001
4e+08 975 1.66163e-06 0.0001
4e+08 976 2.30953e-06 -0.0002
4e+08 977 2.16993e-06 0.0003
4e+08 978 1.39485e-06 0
4e+08 979 4.15355e-08 0
4e+08 980 2.0327e-07 0.0001
4e+08 981 2.09044e-06 -0.0001
4e+08 982 1.30995e-07 -0.0002
4e+08 983 2.74162e-06 0.0003
4e+08 984 1.81863e-06 0
4e+08 985 1.02746e-06 -0.0001
4e+08 986 1.91606e-06 0.0002
4e+08 987 9.8191e-07 0
4e+08 988 9.12344e-07 0.0002
4e+08 989 1.77065e-07 -0.0001
4e+08 990 6.29915e-07 0
4e+08 991 0 0
4e+08 992 0 0
4e+08 993 4.28815e-27 0.0001
4e+08 994 0 0
4e+08 995 2.69802e-27 0.0001
4e+08 996 1.41083e-06 -0.0001
4e+08 997 3.56826e-07 0.0001
4e+08 998 3.39904e-07 0.0002
4e+08 999 7.93979e-07 0
4e+08 1000 1.71475e-06 0.0001
4e+08 1001 2.06202e-06 0
4e+08 1002 2.24082e-06 0.0001
4e+08 1003 1.91671e-06 0.0001
4e+08 1004 1.16367e-06 0
4e+08 1005 3.97224e-07 0
4e+08 1006 2.62522e-06 0
4e+08 1007 8.42578e-07 0.0002
4e+08 1008 2.03818e-07 0
4e+08 1009 2.19423e-06 0.0001
4e+08 1010 8.29089e-07 0
4e+08 1011 2.60701e-08 0.0001
4e+08 1012 0 0
4e+08 1013 0 0
4e+08 1014 3.80381e-07 0
4e+08 1015 8.0528e-07 0
4e+08 1016 5.70409e-08 0
4e+08 1017 3.2992e-06 0
4e+08 1018 2.05822e-06 0.0002
4e+08 1019 1.97477e-06 0
4e+08 1020 3.95339e-07 0.0001
4e+08 1021 1.02455e-06 -0.0001
4e+08 1022 1.29525e-06 0.0001
4e+08 1023 5.03497e-07 0.0001
4e+08 1024 4.59465e-07 -0.0001
4e+08 1025 1.23088e-06 0.0001
4e+08 1026 3.35254e-07 -0.0001
4e+08 1027 8.64829e-07 0.0001
4e+08 1028 5.1484e-06 0
4e+08 1029 0 0
4e+08 1030 1.52322e-06 0.0002
4e+08 1031 1.7564e-06 0
4e+08 1032 5.61837e-07 0.0001
4e+08 1033 6.05682e-07 0
4e+08 1034 3.823e-07 0
4e+08 1035 1.22988e-07 0
4e+08 1036 1.95384e-06 0.0001
4e+08 1037 1.16722e-06 -0.0001
4e+08 1038 2.1328e-06 0
4e+08 1039 1.75633e-06 0
4e+08 1040 0 0
4e+08 1041 9.99005e-08 0.0001
4e+08 1042 9.12838e-07 0.0001
4e+08 1043 8.07932e-07 0
4e+08 1044 0 0
4e+08 1045 1.2535e-06 0.0001
4e+08 1046 4.94255e-07 0
4e+08 1047 4.98609e-06 0.0001
4e+08 1048 3.09095e-06 0.0001
4e+08 1049 3.1444e-07 -0.0001
4e+08 1050 3.97667e-06 0.0001
4e+08 1051 1.58232e-06 -0.0001
4e+08 1052 2.12737e-07 0
4e+08 1053 2.38341e-07 -0.0001
4e+08 1054 6.49027e-06 0.0005
4e+08 1055 1.0223e-06 0
4e+08 1056 1.81125e-06 0.0001
4e+08 1057 9.75377e-07 0
4e+08 1058 3.66822e-06 0
4e+08 1059 2.70735e-07 -0.0001
4e+08 1060 2.19543e-06 0.0001
4e+08 1061 1.28094e-06 0
4e+08 1062 3.78128e-07 -0.0001
4e+08 1063 6.21578e-07 0.0002
4e+08 1064 1.32069e-06 0.0003
4e+08 1065 6.25091e-07 -0.0003
4e+08 1066 2.97285e-06 0
4e+08 1067 1.22958e-06 -0.0001
4e+08 1068 1.37412e-06 0.0001
4e+08 1069 1.27868e-06 0
4e+08 1070 2.1542e-06 0.0003
4e+08 1071 2.98354e-07 0
4e+08 1072 1.4208e-06 0
4e+08 1073 1.53913e-06 0.0001
4e+08 1074 2.34542e-07 0
4e+08 1075 1.65513e-06 0.0002
4e+08 1076 8.25536e-07 0.0001
4e+08 1077 0 0
4e+08 1078 4.47584e-07 0
4e+08 1079 3.59399e-07 0
4e+08 1080 6.59919e-07 0
4e+08 1081 0 0
4e+08 1082 7.34871e-07 0
4e+08 1083 1.21281e-06 0
4e+08 1084 3.97812e-07 0
4e+08 1085 1.06909e-06 0
4e+08 1086 1.43863e-06 0.0001
4e+08 1087 0 0
4e+08 1088 1.03979e-06 0
4e+08 1089 3.56142e-06 0.0001
4e+08 1090 1.96569e-07 0
4e+08 1091 1.94004e-07 0.0002
4e+08 1092 6.10369e-07 0.0001
4e+08 1093 5.46224e-07 -0.0001
4e+08 1094 1.19315e-06 0
4e+08 1095 0 0
4e+08 1096 2.78349e-06 0
4e+08 1097 5.59854e-06 0.0002
4e+08 1098 2.56319e-06 -0.0001
4e+08 1099 2.11621e-06 0.0001
4e+08 1100 0 0
4e+08 1101 3.1859e-06 0.0001
4e+08 1102 2.21119e-06 0
4e+08 1103 1.91252e-06 0
4e+08 1104 6.17108e-06 0
4e+08 1105 1.38189e-06 0.0001
4e+08 1106 1.53866e-07 -0.0001
4e+08 1107 1.72237e-06 0
4e+08 1108 2.83314e-06 0.0001
4e+08 1109 2.29187e-06 0
4e+08 1110 0 0
4e+08 1111 3.06808e-07 0.0001
4e+08 1112 1.10824e-06 0
4e+08 1113 3.62818e-06 0
4e+08 1114 3.75348e-07 0.0001
4e+08 1115 1.30581e-06 0.0001
4e+08 1116 7.2465e-07 0
4e+08 1117 2.54004e-06 0
4e+08 1118 5.03455e-06 0
4e+08 1119 5.20493e-07 0.0002
4e+08 1120 4.71067e-06 0.0001
4e+08 1121 2.45448e-06 -0.0002
4e+08 1122 9.29708e-07 0
4e+08 1123 1.79354e-06 0
4e+08 1124 3.38713e-06 -0.0001
4e+08 1125 1.54651e-07 0
4e+08 1126 1.27205e-06 0
4e+08 1127 0 0
4e+08 1128 2.4476e-07 -0.0001
4e+08 1129 9.61409e-07 0.0001
4e+08 1130 1.83692e-06 0
4e+08 1131 3.49244e-08 0
4e+08 1132 1.1683e-06 0
4e+08 1133 4.5969e-07 0.0001
4e+08 1134 1.4744e-06 0.0002
4e+08 1135 3.11862e-06 -0.0001
4e+08 1136 2.8537e-06 0.0002
4e+08 1137 1.24684e-06 0
4e+08 1138 6.05628e-07 0
4e+08 1139 3.25121e-06 0
4e+08 1140 1.17979e-06 0.0002
4e+08 1141 1.5733e-06 0.0001
4e+08 1142 2.05488e-07 0.0002
4e+08 1143 4.24399e-06 0
4e+08 1144 3.89471e-06 0
4e+08 1145 2.64226e-06 0
4e+08 1146 2.24432e-07 0.0001
4e+08 1147 5.20745e-07 0
4e+08 1148 1.88012e-06 0.0001
4e+08 1149 4.31051e-06 0.0136
