475 0
491 3.01948e-05
485 3.22862e-05
504 0
649 0
475 0
495 2.24493e-05
494 3.04026e-05
493 1.19149e-05
492 1.55862e-05
511 8.92866e-06
522 0
730 0
475 0
520 2.97523e-05
519 1.66507e-05
516 1.2807e-05
516 2.76007e-05
494 0
329 0
475 0
492 3.49833e-05
491 1.5256e-06
475 0
159 0
475 0
477 2.22891e-05
476 2.46052e-05
475 0
108 0
475 0
525 0
850 0
1149 0
475 0
481 2.82104e-05
475 1.12004e-05
475 0
0 0
475 0
525 0
850 0
1149 0
475 0
493 1.76703e-05
493 3.70321e-05
490 2.43407e-05
503 2.23901e-05
501 2.14446e-05
517 1.29639e-05
524 1.23539e-05
520 1.73179e-06
520 1.22116e-05
522 0
615 0
475 0
487 1.97137e-06
488 2.75341e-06
507 0
681 0
