475 0
525 0
850 0
1149 0
475 0
511 0
511 0
475 0
0 0
511 0.00129937
511 0.0124509
475 0
506 0
507 0
507 0
495 0
388 0
507 0.0115426
507 0.00584423
506 0.00650119
475 0
485 0
480 0
478 0
486 0
525 0
770 0
486 0.00388029
478 0.0062883
480 0.00218744
485 0.010913
475 0
514 0
514 0
519 0
514 0.00707908
475 0
489 0
475 0
102 0
489 0.012819
475 0
512 0
499 0
496 0
493 0
417 0
496 0.00209074
499 0.00631855
512 0.0131502
475 0
490 0
491 0
487 0
484 0
431 0
487 0.0035051
491 0.00478174
490 0.00585104
475 0
525 0
850 0
1149 0
475 0
521 0
522 0
525 0
671 0
522 0.0100656
521 0.00348794
475 0
518 0
514 0
475 0
518 0.00835539
475 0
486 0
509 0
513 0
512 0
518 0
551 0
512 0.0094255
513 0.0124561
509 0.00556662
486 0.00182856
475 0
510 0
509 0
503 0
443 0
509 0.00534964
510 0.0126566
475 0
478 0
475 0
233 0
478 0.0112066
475 0
475 0
475 0
390 0
475 0.00914149
475 0
505 0
496 0
475 0
210 0
496 0.00639738
505 0.0106918
475 0
525 0
850 0
1149 0
475 0
479 0
475 0
290 0
479 0.0111843
475 0
515 0
518 0
518 0.000826082
520 0
516 0
508 0
525 0
862 0
1113 0
1149 0
508 0.00728586
516 0.00277934
520 0.0113015
518 0.00831899
515 0.00229976
475 0
495 0
502 0
481 0
321 0
502 0.0132844
495 0.00144557
475 0
488 0
481 0
475 0
0 0
481 0.00155723
488 0.0129625
475 0
525 0
850 0
1149 0
475 0
494 0
476 0
475 0
0 0
476 0.00229785
494 0.011399
475 0
525 0
850 0
1149 0
475 0
477 0
475 0
273 0
477 0.0108806
475 0
482 0
475 0
0 0
482 0.0132122
475 0
475 0
475 0
227 0
475 0.011888
475 0
525 0
850 0
1149 0
475 0
475 0
475 0
292 0
475 0.0107081
475 0
525 0
850 0
1149 0
475 0
504 0
496 0
499 0
499 0
493 0
503 0
499 0
500 0
549 0
499 0.00269399
503 0.0022167
493 0.00789783
499 0.00213954
499 0.0061967
496 0.010295
504 0.0111484
475 0
525 0
850 0
1149 0
475 0
493 0
484 0
404 0
493 0.00927884
475 0
525 0
850 0
1149 0
475 0
517 0
516 0
511 0
517 0.00735693
475 0
503 0
499 0
503 0
500 0
370 0
503 0.00668812
499 0.00902905
503 0.0134886
475 0
507 0
501 0
501 0
475 0
11 0
501 0.0072692
501 0.0111803
507 0.0113541
475 0
487 0
481 0
475 0
285 0
481 0.00800752
487 0.0104394
475 0
513 0
511 0
496 0
513 0.00766143
475 0
477 0
475 0
217 0
477 0.0115232
475 0
503 0
494 0
490 0.000202995
490 0
475 0
0 0
490 0.00444205
494 0.00817039
503 0.0126873
475 0
495 0
492 0
491 0
487 0
492 0.00443838
495 0.0134331
475 0
488 0
494 0
495 0
499 0
494 0.00828335
488 0.00144038
475 0
502 0
498 0
503 0
492 0
492 0
493 0
493 0
489 0
493 0.00174301
492 0.00109039
492 0.00599677
503 0.00315842
498 0.0118578
502 0.00842312
475 0
492 0
500 0
570 0
492 0.00534968
475 0
476 0
475 0
108 0
476 0.0126443
475 0
481 0
478 0
477 0
480 0
501 0
477 0.00565543
478 0.0028595
481 0.0129137
475 0
484 0
482 0
495 0
507 0
522 0
515 0
509 0
519 0
731 0
509 0.0029938
515 0.00773879
522 0.0068218
507 0.00270513
495 0.0038469
482 0.0107445
484 0.00831981
475 0
478 0
475 0
165 0
478 0.0118078
475 0
508 0
503 0
494 0
479 0
339 0
494 0.00643656
503 0.00654569
508 0.012228
475 0
513 0
520 0
525 0
707 0
520 0.00871653
513 0.00291216
475 0
525 0
850 0
1149 0
475 0
525 0
850 0
1149 0
475 0
525 0
850 0
1149 0
475 0
506 0
507 0
515 0
595 0
507 0.00614559
506 0.00686521
475 0
525 0
850 0
1149 0
475 0
479 0
475 0
258 0
479 0.0116797
475 0
496 0
475 0
0 0
496 0.0136057
475 0
511 0
493 0
337 0
511 0.0109136
475 0
513 0
501 0
475 0
0 0
501 0.00232675
513 0.0110879
475 0
476 0
475 0
164 0
476 0.0119223
475 0
476 0
480 0
477 0
475 0
475 0
335 0
475 0.0102613
477 0.00259345
480 0.0109094
476 0.00516652
475 0
477 0
475 0
151 0
477 0.0122019
475 0
524 0
520 0.000554266
503 0
506 0
496 0
434 0
506 0.00201304
503 0.0116238
524 0.0105616
475 0
487 0
481 0
425 0
487 0.00882156
475 0
517 0
502 0
370 0
517 0.00993511
475 0
488 0
488 0.000298299
491 0
493 0
499 0
497 0
508 0
525 0
834 0
508 0.00236506
497 0.00402745
499 0.00504475
493 0.0112257
491 0.00790844
488 0.00367468
475 0
491 0
507 0
648 0
491 0.00400373
475 0
507 0
525 0
877 0
507 0.00140426
475 0
525 0
850 0
1149 0
475 0
477 0
475 0
188 0
477 0.0116468
475 0
525 0
850 0
1149 0
475 0
496 0
493 0
494 0
502 0
493 0.0120925
496 0.00957439
475 0
494 0
492 0
488 0
492 0
475 0
0 0
492 0.00832654
488 0.00435404
492 0.00373793
494 0.0131706
475 0
525 0
850 0
1149 0
475 0
501 0
488 0
475 0
365 0
488 0.00719686
501 0.0103085
475 0
483 0
475 0
27 0
483 0.0130808
475 0
525 0
850 0
1149 0
475 0
503 0
500 0
496 0
455 0
500 0.00724525
503 0.0131965
475 0
488 0
476 0
477 0.000645285
491 0
496 0
525 0
995 0
496 0.00148063
491 0.00133235
476 0.0102351
488 0.0136387
475 0
525 0
850 0
1149 0
475 0
485 0
475 0
0 0
485 0.0135881
475 0
479 0
475 0
300 0
479 0.0111381
475 0
512 0
510 0
511 0
490 0
490 0.000438895
491 0
475 0
0 0
491 0.00469516
490 0.00604616
511 0.0100206
510 0.00422266
512 0.0100263
475 0
495 0
485 0
478 0
387 0
485 0.00190142
495 0.0119785
475 0
525 0
850 0
1149 0
475 0
479 0
480 0
511 0
784 0
480 0.00623836
479 0.00318475
475 0
499 0
496 0
505 0
510 0
517 0
520 0
569 0
517 0.00345231
510 0.00805286
505 0.00242866
496 0.00924031
499 0.0120785
475 0
501 0
480 0
287 0
501 0.0115303
475 0
495 0
484 0
483 0
485 0
475 0
307 0
485 0.0108364
483 0.00478887
484 0.00429531
495 0.012719
475 0
495 0.000879781
525 0
977 0
475 0
483 0
480 0
487 0
496 0
863 0
487 0.00215183
480 0.00829258
483 0.0123757
475 0
525 0
850 0
1149 0
475 0
503 0
499 0
506 0
509 0
525 0
894 0
1028 0
1149 0
509 0.00558109
506 0.00620116
499 0.0113862
503 0.012553
475 0
508 0
502 0
475 0
264 0
502 0.00544112
508 0.0103602
475 0
518 0
515 0
523 0
524 0
529 0
523 0.00464893
515 0.0112141
518 0.00909574
475 0
503 0
504 0
506 0
503 0.00712441
475 0
475 0
475 0
0 0
475 0.0134154
475 0
510 0
492 0
491 0
488 0
477 0
366 0
488 0.00857805
491 0.00941433
492 0.00459185
510 0.011928
475 0
494 0
489 0
486 0
479 0
426 0
486 0.00814005
489 0.00143553
494 0.012517
