508 -13
508 13
521 -12
521 12
521 -1
521 1
517 1
517 -1
514 1
514 -1
513 1
513 -1
509 -11
509 11
509 -1
509 1
509 -1
507 1
509 1
509 -1
508 -13
508 13
515 -13
515 13
505 -13
505 13
513 1
513 -1
504 1
505 -1
505 1
505 -1
504 1
504 -1
504 1
504 -1
504 1
504 -1
504 1
504 -1
504 1
504 -1
501 1
501 -1
501 1
501 -1
502 1
502 -1
480 -13
480 13
521 -10
521 10
521 -1
521 1
521 -1
521 1
521 -1
1031 1
522 1
522 -1
522 1
522 -1
522 1
522 -1
521 1
521 -1
505 1
505 -1
517 1
517 -1
522 1
522 -1
486 -13
486 13
508 -12
508 12
508 -1
831 1
524 1
524 -1
524 1
524 -1
524 1
524 -1
524 1
524 -1
523 1
523 -1
522 1
522 -1
522 1
522 -1
522 1
522 -1
521 1
521 -1
521 1
521 -1
521 1
521 -1
521 1
521 -1
521 1
521 -1
520 1
520 -1
520 1
520 -1
519 1
519 -1
519 1
519 -1
518 1
518 -1
518 1
518 -1
518 1
518 -1
517 1
517 -1
517 1
517 -1
517 1
517 -1
517 1
517 -1
516 1
516 -1
516 1
516 -1
516 1
516 -1
516 1
516 -1
515 1
515 -1
515 1
515 -1
515 1
515 -1
515 1
515 -1
515 1
515 -1
514 1
514 -1
514 1
514 -1
512 1
512 -1
512 1
512 -1
511 1
511 -1
511 1
511 -1
511 1
511 -1
511 1
511 -1
508 1
508 -1
512 1
512 -1
503 1
503 -1
519 -11
519 11
519 -1
519 1
519 -1
519 1
524 1
524 -1
516 -13
516 13
518 -13
518 13
496 -12
496 12
496 -1
932 1
524 1
524 -1
524 1
524 -1
523 1
523 -1
523 1
523 -1
522 1
522 -1
522 1
522 -1
521 1
521 -1
521 1
521 -1
521 1
521 -1
520 1
520 -1
520 1
520 -1
520 1
520 -1
518 1
518 -1
517 1
517 -1
517 1
517 -1
517 1
517 -1
516 1
516 -1
516 1
516 -1
515 1
515 -1
514 1
514 -1
514 1
514 -1
514 1
514 -1
513 1
513 -1
513 1
513 -1
512 1
512 -1
512 1
512 -1
510 1
510 -1
509 1
509 -1
506 1
506 -1
505 1
505 -1
505 1
505 -1
501 1
501 -1
500 1
501 -1
499 1
499 -1
499 1
499 -1
499 1
499 -1
498 1
498 -1
497 1
497 -1
497 1
497 -1
497 1
497 -1
501 1
501 -1
515 1
515 -1
498 -13
498 13
496 -12
496 12
496 -1
497 1
487 1
487 -1
486 1
486 -1
494 -13
494 13
485 1
484 -1
484 1
484 -1
484 1
484 -1
485 1
485 -1
485 1
485 -1
485 1
485 -1
485 1
485 -1
481 1
479 -1
479 1
479 -1
480 1
480 -1
481 1
481 -1
479 -13
479 13
484 -13
484 13
490 -11
490 11
490 -1
489 1
490 -1
490 1
523 1
523 -1
481 1
481 -1
500 1
500 -1
516 -10
516 10
516 -2
516 2
516 -1
809 1
516 1
516 -1
516 1
516 -1
516 1
516 -1
503 -12
503 12
503 -1
503 1
490 -13
490 13
511 -13
511 13
484 1
484 -1
494 -10
494 10
494 -1
494 1
494 -1
498 1
497 1
497 -1
497 1
497 -1
497 1
497 -1
497 1
497 -1
497 1
497 -1
497 1
497 -1
497 1
497 -1
497 1
497 -1
497 1
497 -1
496 1
496 -1
496 1
496 -1
496 1
496 -1
496 1
496 -1
496 1
496 -1
496 1
496 -1
496 1
496 -1
496 1
496 -1
496 1
496 -1
496 1
496 -1
496 1
496 -1
496 1
496 -1
496 1
496 -1
496 1
496 -1
496 1
496 -1
496 1
496 -1
496 1
496 -1
496 1
496 -1
495 1
495 -1
495 1
495 -1
495 1
495 -1
495 1
495 -1
495 1
495 -1
495 1
495 -1
495 1
495 -1
495 1
495 -1
495 1
495 -1
495 1
495 -1
495 1
495 -1
495 1
495 -1
495 1
495 -1
495 1
495 -1
495 1
495 -1
495 1
495 -1
495 1
495 -1
494 1
494 -1
494 1
494 -1
494 1
494 -1
494 1
494 -1
509 1
509 -1
504 1
504 -1
494 -1
1057 1
1009 1
1010 -1
1010 1
1010 -1
911 1
910 -1
902 1
937 -1
934 1
934 -1
921 1
920 -1
912 1
912 -1
867 1
867 -1
865 1
865 -1
524 1
524 -1
524 1
524 -1
524 1
524 -1
524 1
524 -1
523 1
523 -1
523 1
523 -1
523 1
523 -1
522 1
522 -1
522 1
522 -1
522 1
522 -1
521 1
521 -1
521 1
521 -1
521 1
521 -1
521 1
521 -1
520 1
520 -1
520 1
520 -1
520 1
520 -1
520 1
520 -1
519 1
519 -1
519 1
519 -1
519 1
519 -1
519 1
519 -1
518 1
518 -1
518 1
518 -1
518 1
518 -1
518 1
518 -1
517 1
517 -1
517 1
517 -1
517 1
517 -1
517 1
517 -1
516 1
516 -1
516 1
516 -1
516 1
516 -1
516 1
516 -1
516 1
516 -1
516 1
516 -1
516 1
516 -1
515 1
515 -1
515 1
515 -1
514 1
514 -1
514 1
514 -1
513 1
513 -1
513 1
513 -1
513 1
513 -1
513 1
513 -1
513 1
513 -1
513 1
513 -1
512 1
512 -1
512 1
512 -1
512 1
512 -1
512 1
512 -1
512 1
512 -1
512 1
512 -1
511 1
511 -1
511 1
511 -1
511 1
511 -1
510 1
510 -1
510 1
510 -1
509 1
509 -1
509 1
509 -1
509 1
509 -1
508 1
508 -1
507 1
507 -1
507 1
507 -1
507 1
507 -1
506 1
506 -1
506 1
506 -1
506 1
506 -1
506 1
506 -1
506 1
506 -1
506 1
506 -1
505 1
505 -1
505 1
505 -1
505 1
505 -1
505 1
505 -1
505 1
505 -1
504 1
505 -1
504 1
504 -1
504 1
504 -1
503 1
503 -1
503 1
503 -1
502 1
502 -1
501 1
501 -1
500 1
500 -1
499 1
499 -1
498 1
498 -1
498 1
498 -1
498 1
498 -1
498 1
498 -1
497 1
497 -1
495 1
495 -1
495 1
495 -1
487 -12
487 12
487 -1
1149 1
524 1
524 -1
524 1
524 -1
521 1
521 -1
521 1
521 -1
520 1
520 -1
519 1
519 -1
518 1
518 -1
517 1
517 -1
516 1
516 -1
515 1
515 -1
514 1
514 -1
514 1
514 -1
512 1
512 -1
512 1
512 -1
512 1
512 -1
511 1
511 -1
511 1
511 -1
511 1
511 -1
510 1
510 -1
509 1
509 -1
509 1
509 -1
507 1
507 -1
505 1
505 -1
504 1
504 -1
502 1
502 -1
502 1
502 -1
502 1
502 -1
499 1
499 -1
499 1
499 -1
499 1
499 -1
499 1
499 -1
498 1
498 -1
497 1
497 -1
497 1
497 -1
496 1
496 -1
496 1
497 -1
496 1
496 -1
496 1
496 -1
495 1
496 -1
496 1
496 -1
494 1
494 -1
494 1
494 -1
494 1
494 -1
493 1
493 -1
493 1
493 -1
492 1
492 -1
491 1
491 -1
491 1
491 -1
490 1
490 -1
489 1
489 -1
488 1
488 -1
498 1
498 -1
502 1
502 -1
491 1
491 -1
521 -12
521 12
521 -1
1048 1
524 1
524 -1
522 1
522 -1
522 1
522 -1
521 1
521 -1
520 1
520 -1
495 -10
495 10
495 -1
495 1
495 -1
495 1
495 -1
495 1
488 1
488 -1
487 1
487 -1
