475 0
525 0
850 0
850 0
475 0
477 2.64929e-07
494 5.76027e-08
511 2.10165e-06
508 0
342 0
475 0
482 3.12399e-06
480 6.71873e-07
475 0
0 0
475 0
476 7.34485e-07
492 3.28548e-06
493 2.52458e-06
498 0
560 0
475 0
525 0
850 0
850 0
475 0
483 2.28021e-07
496 2.00023e-06
495 4.38322e-07
475 0
229 0
475 0
509 1.88521e-06
512 0
547 0
475 0
525 0
850 0
850 0
475 0
479 1.66734e-06
488 0
563 0
475 0
525 0
850 0
850 0
475 0
498 1.15432e-06
511 0
633 0
475 0
482 1.48749e-06
484 2.1246e-06
475 0
0 0
475 0
490 3.57006e-07
525 0
955 0
475 0
525 0
850 0
850 0
475 0
492 2.3728e-06
492 1.39819e-06
504 3.10796e-06
500 4.0231e-07
500 4.81888e-07
487 1.89255e-06
484 2.41419e-06
486 1.59262e-06
489 0
546 0
475 0
525 0
850 0
850 0
475 0
493 4.11298e-06
484 2.11925e-06
485 4.76564e-07
475 0
224 0
475 0
525 0
850 0
850 0
475 0
479 1.02277e-06
487 2.67486e-06
506 2.86207e-06
507 3.42009e-07
507 9.78942e-07
524 2.09755e-06
524 2.06013e-06
519 2.27151e-06
525 0
784 0
475 0
525 0
850 0
850 0
475 0
492 3.21622e-06
488 2.79771e-06
487 0
483 0
475 0
483 4.12857e-06
475 0
0 0
475 0
525 0
850 0
850 0
475 0
489 1.20644e-07
490 3.29736e-06
475 0
97 0
475 0
519 2.08875e-06
520 2.36611e-06
519 9.50364e-08
517 1.02579e-06
491 2.24895e-06
514 0
736 0
475 0
478 7.23465e-07
480 3.94179e-07
483 0
519 0
475 0
525 0
850 0
850 0
475 0
513 1.34101e-06
514 2.91051e-06
525 0
789 0
475 0
494 2.91604e-06
485 8.27111e-07
485 0
504 0
475 0
525 0
850 0
850 0
475 0
525 0
850 0
850 0
475 0
482 9.45787e-07
492 1.30078e-06
525 0
850 0
850 0
475 0
525 0
850 0
850 0
475 0
487 1.13014e-06
501 0
632 0
475 0
511 9.23526e-07
525 0
697 0
475 0
477 9.48674e-07
481 1.60263e-07
512 0
835 0
475 0
525 0
850 0
850 0
475 0
507 3.78576e-06
506 3.56997e-06
517 2.87174e-06
509 1.16242e-07
475 1.45203e-06
475 0
455 0
475 0
521 2.30686e-06
519 1.45075e-06
517 0
349 0
475 0
520 2.13993e-06
520 3.17767e-06
507 0
433 0
475 0
512 1.6608e-06
515 9.47653e-07
506 3.25668e-06
508 1.61912e-06
506 2.39906e-06
514 0
744 0
475 0
481 9.11959e-07
484 2.55399e-06
486 2.41462e-08
487 4.73744e-07
499 1.92338e-06
499 0
498 0
475 0
486 3.52545e-08
511 7.7004e-07
525 0
771 0
475 0
477 1.49215e-06
480 2.96075e-06
475 0
410 0
475 0
505 2.82363e-06
494 0
396 0
475 0
519 2.83612e-07
525 0
1108 0
475 0
503 1.72446e-06
506 3.05873e-06
484 6.94553e-07
475 0
190 0
475 0
508 3.7749e-06
475 0
114 0
475 0
495 1.43909e-06
496 1.74324e-06
508 0
618 0
475 0
499 2.6151e-06
493 0
442 0
475 0
525 0
850 0
850 0
475 0
475 3.54112e-06
475 0
243 0
475 0
511 3.83309e-08
525 0
853 0
853 0
475 0
495 3.14107e-06
483 3.04337e-06
484 2.50024e-06
475 0
0 0
475 0
497 1.85271e-06
501 0
536 0
475 0
488 2.91279e-06
480 1.97576e-06
475 0
224 0
475 0
517 1.22522e-06
519 3.63724e-06
522 3.2445e-06
525 0
639 0
475 0
476 2.01216e-07
480 3.99843e-06
475 0
201 0
475 0
481 3.49312e-06
479 1.48886e-06
475 0
399 0
475 0
501 2.33613e-06
499 0
480 0
475 0
525 0
850 0
850 0
475 0
480 6.72781e-07
482 9.14498e-07
483 2.42586e-06
484 0
490 0
475 0
504 7.02262e-08
505 4.05202e-06
480 2.08534e-06
476 6.40251e-07
475 0
0 0
475 0
480 1.61334e-07
513 3.20097e-07
525 0
1021 0
475 0
507 3.25765e-06
502 2.48877e-06
506 1.70696e-06
525 0
773 0
475 0
506 2.32852e-06
504 9.88021e-07
502 3.21001e-06
505 1.91684e-06
506 1.12116e-06
513 0
664 0
475 0
487 4.13074e-06
475 0
0 0
475 0
492 2.37708e-06
490 0
466 0
475 0
508 1.02624e-06
518 1.07455e-06
520 0
547 0
475 0
489 9.07005e-07
501 1.08783e-06
525 0
873 0
873 0
475 0
479 2.84644e-06
475 0
391 0
475 0
477 9.47938e-07
487 7.99415e-08
497 0
647 0
475 0
495 6.44525e-07
508 8.0398e-07
521 0
745 0
475 0
490 2.6734e-06
490 1.63209e-06
475 0
0 0
475 0
484 1.44581e-06
495 0
599 0
475 0
525 0
850 0
850 0
475 0
505 4.63915e-08
510 3.25249e-07
524 3.10882e-06
518 2.36634e-06
507 2.09683e-06
494 0
420 0
475 0
493 1.53747e-06
502 1.76939e-06
498 1.9454e-06
490 8.66406e-07
496 5.27199e-07
494 0
461 0
475 0
479 1.9267e-06
482 0
512 0
475 0
486 2.44798e-07
492 1.19863e-06
500 0
573 0
475 0
484 8.27756e-07
487 1.03373e-06
480 0
414 0
475 0
481 1.53114e-06
491 0
583 0
475 0
488 1.01841e-06
505 2.01036e-06
510 3.33587e-07
525 0
892 0
892 0
475 0
496 3.06797e-06
490 2.62963e-06
490 2.00768e-06
506 0
709 0
475 0
525 0
850 0
850 0
475 0
475 3.58118e-06
475 0
185 0
475 0
499 5.40361e-07
516 6.95102e-07
517 1.89032e-06
519 3.26478e-06
525 0
551 0
475 0
504 2.94768e-06
502 8.01631e-07
515 0
658 0
475 0
477 2.65101e-06
475 0
398 0
475 0
525 0
850 0
850 0
475 0
480 1.93075e-06
481 3.78014e-07
481 1.78479e-06
480 2.09204e-07
479 7.83487e-07
485 0
670 0
475 0
475 3.49991e-06
475 0
219 0
475 0
525 0
850 0
850 0
475 0
491 2.50356e-06
491 2.29325e-06
498 3.1248e-06
475 0
92 0
475 0
525 0
850 0
850 0
475 0
520 2.12391e-06
520 0
525 0
475 0
477 3.69307e-06
475 0
170 0
475 0
501 2.00029e-06
501 1.59691e-07
502 2.06978e-06
505 3.0537e-06
475 0
228 0
475 0
525 0
850 0
850 0
475 0
480 3.82902e-06
475 0
39 0
