475 0
488 0.000678098
475 0
0 0
475 0
480 3.53822e-07
509 0.000562784
501 0.000605615
502 0.000116721
503 0
512 0
475 0
486 0.00022812
488 3.89131e-05
486 0
472 0
475 0
475 0.000133602
487 0.000668431
482 0.00050637
477 0
420 0
475 0
508 0.000428312
507 0.000602225
523 0
642 0
475 0
495 0.0004622
494 7.51009e-05
495 0.000218358
494 0.000572051
495 3.88305e-05
504 0.000413342
502 0.000365418
522 0.000338056
515 0.000127141
525 0
775 0
475 0
500 0.000475754
491 0
408 0
475 0
477 0.000609548
475 0.000456612
475 0
421 0
475 0
517 5.25803e-05
525 0
981 0
475 0
525 0
850 0
1149 0
475 0
525 0
850 0
1149 0
475 0
488 7.4835e-05
492 0.000203225
491 7.33552e-05
496 0
637 0
475 0
485 0.000458963
482 0.000473106
492 1.53213e-05
502 0.000379252
504 0.000440176
481 0.000110691
475 0
120 0
475 0
498 0.000428155
493 0
447 0
475 0
500 0.000509736
488 0
379 0
475 0
483 0.000212519
498 0
631 0
475 0
486 0.000659323
481 0.000386771
477 0
442 0
475 0
525 0
850 0
1149 0
475 0
505 5.20436e-05
525 0
858 0
940 0
475 0
494 0.000649411
475 0
62 0
475 0
514 0.000287893
515 0.000240112
525 0
872 0
1010 0
475 0
525 0
850 0
1149 0
475 0
479 0.000456385
476 0.000396323
476 0.000448342
475 0.000307058
484 0
545 0
475 0
493 0.000501572
489 0.000516462
497 0.000322123
489 0.000422542
482 0
450 0
475 0
478 0.000552628
475 0
288 0
475 0
501 5.0771e-05
518 0.000208264
525 0
960 0
475 0
488 0.000580693
485 0.000352839
510 0
760 0
475 0
493 2.80173e-05
501 0.000639925
491 0.000320431
493 0.000131904
481 0
219 0
475 0
496 0.000249406
504 0.000165675
505 0.000284255
525 0
679 0
475 0
498 0.000184384
513 0
650 0
475 0
479 0.000232873
479 0.000383517
478 0
471 0
475 0
486 0.000168539
499 0.000188876
494 0
411 0
475 0
477 0.00031109
479 0.000621105
475 0
257 0
475 0
478 0.000262016
486 0
552 0
475 0
487 0.000474267
483 0.000365326
482 0.000482455
492 0.000332435
487 0.000297616
484 0
443 0
475 0
481 0.000112087
506 0
726 0
475 0
493 0.000163932
506 0.000154469
509 0.000436442
509 0
495 0
475 0
513 7.16244e-05
518 0.000651926
510 0.00042276
508 0
495 0
475 0
492 0.00055827
489 0.00057124
499 0.000350614
495 8.06782e-05
500 0
543 0
475 0
493 0.000351106
493 0.000367054
475 0
0 0
475 0
488 0.0005847
475 0
266 0
475 0
496 0.000461278
494 0.000105
484 0.000515037
488 0.000400374
480 0
395 0
475 0
518 0.000399312
514 0
482 0
475 0
487 0.000548838
475 0
321 0
475 0
521 0.000234989
524 0.000269362
525 0
580 0
475 0
525 0
850 0
1149 0
475 0
492 0.000223118
495 0.00016289
525 0
861 0
1116 0
1149 0
475 0
486 4.81445e-06
494 7.96708e-05
522 0
781 0
475 0
476 0.000181028
487 0.000633958
475 0
278 0
475 0
490 0.00011345
501 0.000502148
509 0.000438354
508 0.000343295
512 0.000361551
507 0
472 0
475 0
492 0.000335866
492 0.000355562
487 0.000343955
489 0.000444479
492 0.000346919
475 0
0 0
475 0
515 0.000325955
519 0
550 0
475 0
524 6.41577e-05
525 0
893 0
475 0
484 0.000268167
489 0.000179181
489 0
502 0
475 0
505 0.000221053
513 0.000309547
506 3.45314e-05
503 8.66373e-05
491 0
279 0
475 0
480 0.000211494
492 0
606 0
475 0
488 1.17863e-05
520 0.000472301
513 0.000231204
513 0
402 0
475 0
487 0.00017044
503 0
646 0
475 0
477 0.000329481
479 0
499 0
475 0
481 0.000403615
479 1.52733e-05
479 0
492 0
475 0
525 0
850 0
1149 0
475 0
510 0.000598934
505 0.000485184
511 0.000211532
525 0
731 0
475 0
525 0
850 0
1149 0
475 0
477 0.000636939
475 0
117 0
475 0
484 0.000573914
475 0
199 0
475 0
485 0.000622664
475 0
101 0
475 0
502 0.000535253
484 0
322 0
475 0
489 0.000547425
487 4.86108e-05
475 0
103 0
475 0
480 0.00062681
475 0
139 0
475 0
480 6.03455e-06
488 0.000356063
488 0.000147147
488 0.000104683
479 0
211 0
475 0
476 0.000166551
493 0
644 0
475 0
525 0
850 0
1149 0
475 0
491 0.000404229
489 0.000462755
486 0.000162534
493 0.000488263
475 0
237 0
475 0
483 0.000366037
482 0.000583613
490 0.000499943
492 0.00020081
496 8.03007e-05
497 0.000279264
500 0.000197188
525 0
853 0
1141 0
1149 0
475 0
516 0.000208204
524 0.000286434
511 0.000593485
523 0.00038317
524 0.000282425
514 0.000278076
475 0
184 0
475 0
509 0.000531333
503 0.000361504
510 0.000136505
509 0
485 0
475 0
514 3.6474e-05
525 0
850 0
1039 0
475 0
498 8.04138e-05
520 0.00031616
520 0
521 0
475 0
507 0.000596934
501 0.000532615
502 0.000148668
502 0.000338867
475 0
0 0
475 0
476 0.000334535
478 0
496 0
475 0
480 0.000389679
477 0
454 0
475 0
525 0
850 0
1149 0
475 0
496 0.000381423
496 0.000614962
496 0.000170033
502 0.000353972
498 2.6791e-05
489 0.000132573
475 0
267 0
475 0
476 0.000248672
479 0.000506464
497 0.000521309
495 0.000242423
495 7.68503e-05
493 0
458 0
475 0
493 0.000277091
502 0
576 0
475 0
493 0.000201157
495 0.000628503
490 0.000437498
482 0.000310294
475 0
190 0
475 0
486 0.00021116
490 0.000281635
482 0
384 0
475 0
496 3.79797e-05
497 0.00061468
479 0
315 0
475 0
525 0
850 0
1149 0
475 0
514 0.000172883
516 0.000514115
525 0
598 0
475 0
525 0
850 0
1149 0
475 0
525 0
850 0
1149 0
475 0
522 0.000534614
511 0.000226836
518 0
636 0
475 0
513 0.00015815
525 0
690 0
475 0
525 0
850 0
1149 0
475 0
525 0
850 0
1149 0
475 0
510 0.000525629
496 0
365 0
475 0
492 6.69232e-05
525 0
917 0
475 0
497 0.000183299
514 0
672 0
475 0
490 0.000296437
494 0.000211572
490 0
229 0
