0 -1
1149 1
524 1
524 -1
523 1
523 -1
522 1
522 -1
520 1
520 -1
518 1
518 -1
518 1
518 -1
517 1
517 -1
517 1
517 -1
516 1
516 -1
515 1
515 -1
514 1
514 -1
513 1
513 -1
513 1
513 -1
511 1
511 -1
510 1
510 -1
510 1
510 -1
508 1
508 -1
507 1
507 -1
507 1
507 -1
505 1
505 -1
505 1
505 -1
504 1
504 -1
503 1
503 -1
500 1
500 -1
500 1
500 -1
497 1
497 -1
494 1
494 -1
493 1
493 -1
493 1
493 -1
493 1
493 -1
492 1
492 -1
491 1
491 -1
490 1
490 -1
489 1
489 -1
488 1
488 -1
488 1
488 -1
487 1
487 -1
487 1
487 -1
487 1
487 -1
487 1
487 -1
486 1
486 -1
485 1
485 -1
483 1
484 -1
482 1
482 -1
482 1
482 -1
482 1
482 -1
482 1
482 -1
480 1
480 -1
479 1
479 -1
479 1
479 -1
475 1
475 -1
475 1
475 -1
475 1
475 -1
475 1
475 -1
514 1
514 -1
475 1
475 -1
0 -1
1149 1
979 1
979 -1
524 1
524 -1
524 1
524 -1
521 1
521 -1
521 1
521 -1
519 1
519 -1
517 1
517 -1
516 1
516 -1
515 1
515 -1
513 1
513 -1
513 1
513 -1
512 1
512 -1
511 1
511 -1
510 1
510 -1
509 1
509 -1
508 1
508 -1
507 1
507 -1
506 1
506 -1
506 1
506 -1
505 1
505 -1
505 1
505 -1
505 1
505 -1
503 1
503 -1
501 1
501 -1
500 1
500 -1
492 1
492 -1
491 1
491 -1
490 1
490 -1
490 1
490 -1
488 1
488 -1
487 1
487 -1
487 1
487 -1
487 1
487 -1
486 1
486 -1
486 1
486 -1
486 1
486 -1
486 1
486 -1
485 1
485 -1
485 1
485 -1
484 1
484 -1
483 1
483 -1
481 1
481 -1
478 1
478 -1
477 1
477 -1
475 1
475 -1
475 1
475 -1
0 -1
492 1
492 -11
492 11
492 -1
495 1
493 1
493 -1
493 1
493 -1
493 1
493 -1
493 1
493 -1
493 1
493 -1
492 1
492 -1
491 1
491 -1
489 1
489 -1
489 1
489 -1
489 1
489 -1
488 1
488 -1
486 1
486 -1
485 1
485 -1
485 1
485 -1
484 1
484 -1
483 1
483 -1
482 1
482 -1
482 1
482 -1
481 1
481 -1
479 1
479 -1
495 1
495 -1
494 1
494 -1
492 -1
498 1
492 -1
498 1
498 1
498 -1
498 1
498 -1
498 1
498 -1
497 1
497 -1
497 1
497 -1
497 1
497 -1
497 1
497 -1
497 1
497 -1
497 1
497 -1
497 1
497 -1
497 1
497 -1
497 1
497 -1
497 1
497 -1
497 1
497 -1
497 1
497 -1
497 1
497 -1
497 1
497 -1
497 1
497 -1
497 1
497 -1
497 1
497 -1
496 1
496 -1
496 1
496 -1
496 1
496 -1
496 1
496 -1
496 1
496 -1
496 1
496 -1
496 1
496 -1
496 1
496 -1
496 1
496 -1
496 1
496 -1
496 1
496 -1
496 1
496 -1
495 1
496 -1
495 1
495 -1
495 1
495 -1
495 1
495 -1
495 1
495 -1
495 1
495 -1
495 1
495 -1
495 1
495 -1
494 1
494 -1
494 1
494 -1
494 1
494 -1
494 1
494 -1
494 1
494 -1
493 1
493 -1
493 1
493 -1
493 1
493 -1
493 1
493 -1
493 1
493 -1
493 1
493 -1
493 1
493 -1
493 1
493 -1
493 1
493 -1
493 1
493 -1
493 1
493 -1
493 1
493 -1
493 1
493 -1
493 1
493 -1
492 1
492 -1
492 1
492 -1
492 1
492 -1
498 -1
498 1
498 -1
498 1
492 -1
504 1
501 1
501 -1
501 1
501 -1
501 1
501 -1
500 1
500 -1
500 1
500 -1
500 1
500 -1
500 1
500 -1
499 1
499 -1
499 1
499 -1
499 1
499 -1
499 1
499 -1
499 1
499 -1
498 1
499 -1
498 1
498 -1
498 1
498 -1
498 1
498 -1
498 1
498 -1
498 1
498 -1
497 1
497 -1
497 1
497 -1
497 1
497 -1
497 1
497 -1
496 1
496 -1
496 1
496 -1
496 1
496 -1
496 1
496 -1
496 1
496 -1
496 1
496 -1
496 1
496 -1
495 1
495 -1
495 1
495 -1
495 1
495 -1
495 1
495 -1
495 1
495 -1
495 1
495 -1
495 1
495 -1
494 1
494 -1
494 1
494 -1
494 1
494 -1
494 1
494 -1
494 1
494 -1
493 1
494 -1
493 1
493 -1
493 1
493 -1
493 1
493 -1
493 1
493 -1
493 1
493 -1
493 1
493 -1
493 1
493 -1
498 -1
531 1
492 -13
492 13
499 1
499 -1
499 1
499 -1
499 1
499 -1
499 1
499 -1
499 1
499 -1
499 1
499 -1
499 1
499 -1
499 1
499 -1
499 1
499 -1
499 1
499 -1
499 1
499 -1
499 1
499 -1
498 1
498 -1
498 1
498 -1
498 1
498 -1
505 -13
505 13
496 -13
496 13
499 1
499 -1
0 -1
1149 1
523 1
523 -1
523 1
523 -1
522 1
522 -1
520 1
520 -1
520 1
520 -1
520 1
520 -1
518 1
518 -1
517 1
517 -1
514 1
514 -1
512 1
512 -1
512 1
512 -1
510 1
510 -1
508 1
508 -1
508 1
508 -1
503 1
503 -1
503 1
503 -1
499 1
499 -1
498 1
498 -1
498 1
498 -1
498 1
498 -1
498 1
498 -1
498 1
498 -1
496 1
496 -1
494 1
494 -1
494 1
494 -1
493 1
493 -1
491 1
492 -1
492 1
492 -1
492 1
492 -1
491 1
491 -1
490 1
490 -1
490 1
490 -1
490 1
490 -1
489 1
489 -1
489 1
489 -1
488 1
489 -1
487 1
487 -1
486 1
486 -1
485 1
485 -1
485 1
485 -1
483 1
483 -1
483 1
483 -1
482 1
482 -1
481 1
481 -1
480 1
480 -1
480 1
480 -1
480 1
480 -1
479 1
479 -1
478 1
478 -1
478 1
478 -1
477 1
477 -1
476 1
476 -1
480 -13
480 13
480 1
480 -1
0 -1
1149 1
524 1
524 -1
524 1
524 -1
524 1
524 -1
521 1
521 -1
519 1
519 -1
519 1
519 -1
518 1
518 -1
517 1
517 -1
517 1
517 -1
517 1
517 -1
516 1
516 -1
515 1
515 -1
515 1
515 -1
515 1
515 -1
514 1
514 -1
514 1
514 -1
514 1
514 -1
514 1
514 -1
512 1
512 -1
504 1
504 -1
504 1
504 -1
503 1
503 -1
502 1
502 -1
501 1
501 -1
499 1
499 -1
497 1
497 -1
494 1
494 -1
493 1
494 -1
494 1
494 -1
494 1
494 -1
493 1
493 -1
493 1
493 -1
493 1
493 -1
491 1
491 -1
491 1
491 -1
491 1
491 -1
491 1
491 -1
489 1
489 -1
487 1
487 -1
487 1
487 -1
485 1
485 -1
485 1
485 -1
485 1
485 -1
483 1
483 -1
480 1
480 -1
477 1
477 -1
477 1
477 -1
501 1
501 -1
0 -1
508 1
507 1
507 -1
504 1
504 -1
502 1
503 -1
500 1
500 -1
500 1
500 -1
498 1
498 -1
498 1
498 -1
496 1
497 -1
497 1
497 -1
496 1
496 -1
495 1
495 -1
492 1
492 -1
491 1
491 -1
490 1
490 -1
489 1
489 -1
487 1
487 -1
485 1
485 -1
484 1
484 -1
483 1
483 -1
481 1
481 -1
480 1
480 -1
480 1
480 -1
480 1
480 -1
479 1
479 -1
478 1
478 -1
476 1
477 -1
475 1
214 -1
476 1
476 -1
477 1
477 -1
524 1
524 -1
508 -11
508 11
508 -1
508 1
508 -1
513 1
512 1
512 -1
512 1
512 -1
512 1
512 -1
512 1
512 -1
512 1
512 -1
512 1
512 -1
512 1
512 -1
512 1
512 -1
512 1
512 -1
512 1
512 -1
512 1
512 -1
512 1
512 -1
512 1
512 -1
512 1
512 -1
512 1
511 -1
511 1
511 -1
511 1
511 -1
511 1
511 -1
511 1
511 -1
511 1
511 -1
511 1
511 -1
511 1
511 -1
511 1
511 -1
511 1
511 -1
511 1
511 -1
511 1
511 -1
511 1
511 -1
511 1
511 -1
511 1
511 -1
511 1
511 -1
511 1
511 -1
510 1
510 -1
510 1
510 -1
510 1
510 -1
510 1
510 -1
510 1
510 -1
510 1
510 -1
510 1
510 -1
510 1
510 -1
510 1
510 -1
510 1
510 -1
510 1
510 -1
510 1
510 -1
510 1
510 -1
510 1
510 -1
510 1
510 -1
509 1
509 -1
509 1
509 -1
509 1
509 -1
509 1
509 -1
509 1
509 -1
509 1
509 -1
509 1
509 -1
509 1
509 -1
509 1
509 -1
509 1
509 -1
509 1
509 -1
509 1
509 -1
509 1
509 -1
509 1
508 -1
508 1
508 -1
508 1
508 -1
508 1
508 -1
508 1
508 -1
508 1
508 -1
508 1
508 -1
508 -1
515 1
514 1
514 -1
513 1
513 -1
512 1
512 -1
512 1
512 -1
510 1
510 -1
509 1
509 -1
509 1
509 -1
508 1
508 -1
489 1
489 -1
501 1
501 -1
515 -13
515 13
515 -1
1122 1
523 1
523 -1
523 1
523 -1
522 1
522 -1
521 1
521 -1
521 1
521 -1
520 1
520 -1
519 1
519 -1
519 1
519 -1
518 1
518 -1
518 1
518 -1
517 1
517 -1
517 1
517 -1
516 1
516 -1
516 1
516 -1
515 1
515 -1
515 1
515 -1
496 -13
496 13
0 -1
1149 1
522 1
523 -1
519 1
519 -1
519 1
519 -1
519 1
519 -1
519 1
519 -1
516 1
516 -1
516 1
516 -1
513 1
513 -1
513 1
513 -1
512 1
512 -1
511 1
511 -1
508 1
508 -1
508 1
508 -1
507 1
507 -1
504 1
504 -1
504 1
504 -1
504 1
504 -1
502 1
502 -1
502 1
502 -1
501 1
501 -1
500 1
500 -1
499 1
499 -1
499 1
499 -1
499 1
499 -1
499 1
499 -1
498 1
498 -1
498 1
498 -1
493 1
493 -1
493 1
493 -1
492 1
492 -1
490 1
490 -1
489 1
489 -1
489 1
489 -1
488 1
488 -1
487 1
487 -1
486 1
486 -1
485 1
485 -1
482 1
482 -1
481 1
481 -1
481 1
481 -1
480 1
480 -1
480 1
480 -1
480 1
480 -1
477 1
477 -1
477 1
477 -1
475 1
475 -1
475 1
475 -1
0 -1
1149 1
1073 1
1073 -1
522 1
522 -1
522 1
522 -1
522 1
522 -1
521 1
521 -1
521 1
521 -1
520 1
520 -1
520 1
520 -1
519 1
519 -1
518 1
518 -1
518 1
518 -1
517 1
517 -1
516 1
516 -1
514 1
514 -1
512 1
512 -1
511 1
511 -1
510 1
510 -1
510 1
510 -1
509 1
509 -1
508 1
508 -1
507 1
507 -1
506 1
506 -1
506 1
506 -1
504 1
504 -1
503 1
503 -1
503 1
503 -1
500 1
500 -1
500 1
500 -1
499 1
499 -1
496 1
497 -1
495 1
495 -1
494 1
494 -1
493 1
493 -1
493 1
493 -1
492 1
492 -1
492 1
492 -1
490 1
490 -1
488 1
489 -1
488 1
488 -1
484 1
484 -1
484 1
484 -1
483 1
483 -1
481 1
481 -1
479 1
479 -1
478 1
478 -1
477 1
477 -1
476 1
476 -1
475 1
475 -1
475 1
475 -1
0 -1
1149 1
875 1
875 -1
523 1
523 -1
522 1
522 -1
522 1
522 -1
521 1
521 -1
519 1
519 -1
515 1
515 -1
514 1
514 -1
513 1
513 -1
511 1
511 -1
511 1
511 -1
511 1
511 -1
510 1
510 -1
510 1
510 -1
508 1
508 -1
507 1
507 -1
506 1
506 -1
506 1
506 -1
505 1
505 -1
502 1
502 -1
502 1
502 -1
499 1
499 -1
499 1
499 -1
498 1
498 -1
498 1
498 -1
492 1
492 -1
490 1
491 -1
490 1
490 -1
490 1
490 -1
489 1
489 -1
488 1
488 -1
488 1
488 -1
488 1
488 -1
487 1
487 -1
485 1
485 -1
485 1
485 -1
484 1
484 -1
484 1
484 -1
483 1
483 -1
483 1
483 -1
479 1
479 -1
479 1
479 -1
477 1
477 -1
476 1
476 -1
476 1
476 -1
492 1
492 -1
0 -1
1149 1
523 1
523 -1
522 1
522 -1
520 1
520 -1
518 1
518 -1
518 1
518 -1
518 1
518 -1
517 1
517 -1
517 1
517 -1
515 1
515 -1
514 1
514 -1
513 1
513 -1
513 1
513 -1
513 1
513 -1
512 1
512 -1
511 1
510 -1
510 1
510 -1
511 1
511 -1
511 1
511 -1
511 1
511 -1
510 1
510 -1
510 1
510 -1
510 1
510 -1
509 1
509 -1
509 1
509 -1
508 1
508 -1
507 1
507 -1
506 1
506 -1
506 1
506 -1
505 1
505 -1
504 1
504 -1
503 1
503 -1
503 1
503 -1
503 1
503 -1
502 1
502 -1
502 1
502 -1
500 1
500 -1
500 1
500 -1
499 1
499 -1
498 1
498 -1
497 1
497 -1
496 1
496 -1
495 1
495 -1
492 1
492 -1
491 1
491 -1
491 1
491 -1
488 1
488 -1
486 1
486 -1
485 1
485 -1
485 1
485 -1
482 1
482 -1
480 1
480 -1
479 1
479 -1
478 1
478 -1
