#  z (mm)   Energy_Dep  Net_Charge
0 2.54658e-23 -0.912
1 7.53638e-25 0.001
2 0 0
3 0 0
4 0 0
5 0 0
6 0 0
7 0 0
8 0 0
9 0 0
10 0 0
11 0 0
12 0 0
13 3.11448e-25 0.001
14 0 0
15 3.37128e-25 0.001
16 0 0
17 0 0
18 9.8192e-25 0.002
19 7.13268e-25 0.002
20 0 0
21 0 0
22 0 0
23 0 0
24 3.2046e-25 0.001
25 0 0
26 0 0
27 0 0
28 3.65885e-25 0.001
29 3.4854e-25 0.001
30 0 0
31 0 0
32 0 0
33 0 0
34 0 0
35 0 0
36 0 0
37 3.75237e-25 0.001
38 0 0
39 0 0
40 0 0
41 0 0
42 0 0
43 0 0
44 0 0
45 3.73017e-25 0.001
46 0 0
47 0 0
48 0 0
49 0 0
50 0 0
51 0 0
52 0 0
53 0 0
54 3.31692e-25 0.001
55 0 0
56 3.80954e-25 0.001
57 0 0
58 0 0
59 3.54708e-25 0.001
60 2.7252e-25 0.001
61 0 0
62 0 0
63 0 0
64 0 0
65 0 0
66 0 0
67 0 0
68 0 0
69 0 0
70 0 0
71 0 0
72 0 0
73 2.67207e-25 0.001
74 3.32437e-25 0.001
75 0 0
76 0 0
77 0 0
78 0 0
79 0 0
80 2.165e-25 0.001
81 2.80647e-25 0.001
82 0 0
83 0 0
84 0 0
85 0 0
86 0 0
87 0 0
88 3.64858e-25 0.001
89 0 0
90 3.29858e-25 0.001
91 0 0
92 0 0
93 0 0
94 0 0
95 0 0
96 0 0
97 2.73744e-25 0.001
98 3.33041e-25 0.001
99 0 0
100 0 0
101 0 0
102 2.31223e-25 0.001
103 2.17325e-25 0.001
104 0 0
105 0 0
106 0 0
107 0 0
108 0 0
109 0 0
110 3.1522e-25 0.001
111 5.94945e-25 0.002
112 2.87482e-25 0.001
113 0 0
114 0 0
115 0 0
116 0 0
117 2.85709e-25 0.001
118 0 0
119 3.32807e-25 0.001
120 5.01906e-25 0.002
121 2.93759e-25 0.001
122 2.48552e-25 0.001
123 3.21892e-25 0.001
124 0 0
125 2.95917e-25 0.001
126 2.30746e-25 0.001
127 2.60024e-25 0.001
128 0 0
129 2.74386e-25 0.001
130 0 0
131 2.98726e-25 0.001
132 0 0
133 0 0
134 0 0
135 0 0
136 2.45687e-25 0.001
137 0 0
138 0 0
139 0 0
140 0 0
141 0 0
142 2.97742e-25 0.001
143 0 0
144 5.40519e-25 0.002
145 0 0
146 0 0
147 0 0
148 0 0
149 0 0
150 0 0
151 4.68824e-25 0.002
152 0 0
153 0 0
154 0 0
155 0 0
156 7.9592e-25 0.003
157 2.95131e-25 0.001
158 0 0
159 0 0
160 8.9057e-25 0.002
161 0 0
162 0 0
163 2.10192e-25 0.001
164 0 0
165 5.95813e-25 0.002
166 2.92784e-25 0.001
167 0 0
168 2.07925e-25 0.001
169 0 0
170 1.99147e-25 0.001
171 0 0
172 0 0
173 2.77455e-25 0.001
174 3.06694e-25 0.001
175 4.582e-25 0.002
176 4.55266e-25 0.002
177 0 0
178 2.01072e-25 0.001
179 2.63744e-25 0.001
180 0 0
181 0 0
182 0 0
183 2.77911e-25 0.001
184 2.81121e-25 0.001
185 0 0
186 0 0
187 0 0
188 0 0
189 1.87366e-25 0.001
190 0 0
191 1.83333e-25 0.001
192 2.78319e-25 0.001
193 0 0
194 0 0
195 0 0
196 0 0
197 0 0
198 0 0
199 4.56738e-25 0.002
200 0 0
201 0 0
202 0 0
203 4.52375e-25 0.002
204 0 0
205 2.50128e-25 0.001
206 0 0
207 0 0
208 0 0
209 2.82088e-25 0.001
210 9.48032e-25 0.004
211 0 0
212 0 0
213 0 0
214 0 0
215 2.71883e-25 0.001
216 0 0
217 2.56523e-25 0.001
218 4.37238e-25 0.002
219 0 0
220 0 0
221 0 0
222 6.97388e-25 0.003
223 2.59845e-25 0.001
224 4.24955e-25 0.002
225 4.74852e-25 0.002
226 3.11584e-25 0.001
227 2.67579e-25 0.001
228 2.15905e-25 0.001
229 2.66844e-25 0.001
230 2.34485e-25 0.001
231 2.64545e-25 0.001
232 0 0
233 2.28666e-25 0.001
234 0 0
235 4.96197e-25 0.002
236 6.29659e-25 0.002
237 0 0
238 5.26449e-25 0.002
239 4.7665e-25 0.002
240 2.01901e-25 0.001
241 0 0
242 0 0
243 0 0
244 2.64421e-25 0.001
245 6.67829e-25 0.003
246 0 0
247 2.52957e-25 0.001
248 0 0
249 0 0
250 0 0
251 6.77947e-25 0.003
252 2.55013e-25 0.001
253 2.0805e-25 0.001
254 4.55259e-25 0.002
255 0 0
256 0 0
257 0 0
258 1.68526e-25 0.001
259 0 0
260 1.69789e-25 0.001
261 0 0
262 0 0
263 2.0829e-25 0.001
264 0 0
265 0 0
266 1.75858e-25 0.001
267 1.78145e-25 0.001
268 6.71785e-25 0.003
269 4.13806e-25 0.002
270 0 0
271 2.10255e-25 0.001
272 2.31258e-25 0.001
273 0 0
274 9.16912e-25 0.004
275 0 0
276 4.39042e-25 0.002
277 0 0
278 2.28657e-25 0.001
279 1.60643e-25 0.001
280 1.18657e-24 0.005
281 1.52037e-25 0.001
282 2.38783e-25 0.001
283 2.17299e-25 0.001
284 2.40848e-25 0.001
285 3.26052e-25 0.002
286 4.41169e-25 0.002
287 2.85847e-25 0.001
288 0 0
289 2.25263e-25 0.001
290 0 0
291 0 0
292 0 0
293 6.51711e-25 0.003
294 0 0
295 4.18322e-25 0.002
296 2.00317e-25 0.001
297 0 0
298 3.59452e-25 0.002
299 1.67146e-25 0.001
300 1.63061e-25 0.001
301 6.24689e-25 0.003
302 1.87056e-25 0.001
303 0 0
304 0 0
305 0 0
306 2.27679e-25 0.001
307 0 0
308 0 0
309 4.16236e-25 0.002
310 0 0
311 0 0
312 3.86266e-25 0.002
313 4.01536e-25 0.002
314 1.68453e-25 0.001
315 6.5117e-25 0.003
316 3.26219e-25 0.002
317 0 0
318 1.96866e-25 0.001
319 0 0
320 2.06837e-25 0.001
321 8.64898e-25 0.004
322 3.76463e-25 0.002
323 0 0
324 3.61089e-25 0.002
325 5.17477e-25 0.003
326 0 0
327 4.10987e-25 0.002
328 4.01822e-25 0.002
329 2.43128e-25 0.001
330 4.19105e-25 0.002
331 4.84614e-25 0.001
332 3.37198e-25 0.002
333 2.12818e-25 0.001
334 0 0
335 1.90267e-25 0.001
336 3.41106e-25 0.002
337 1.35533e-25 0.001
338 5.90769e-25 0.003
339 3.53293e-25 0.002
340 1.44787e-25 0.001
341 0 0
342 1.83935e-25 0.001
343 0 0
344 0 0
345 1.915e-25 0.001
346 3.98336e-25 0.002
347 0 0
348 0 0
349 3.18029e-25 0.002
350 0 0
351 4.79472e-25 0.002
352 0 0
353 0 0
354 0 0
355 0 0
356 2.69159e-25 0.001
357 2.54436e-25 0.001
358 0 0
359 5.92972e-25 0.003
360 2.0485e-25 0.001
361 1.83603e-25 0.001
362 0 0
363 6.43878e-25 0.004
364 1.86688e-25 0.001
365 0 0
366 4.07952e-25 0.002
367 3.65819e-25 0.002
368 4.47341e-25 0.002
369 4.00216e-25 0.002
370 3.43905e-25 0.002
371 1.65989e-25 0.001
372 2.24127e-25 0.001
373 2.5907e-25 0.001
374 4.47482e-25 0.002
375 3.50922e-25 0.002
376 1.35406e-25 0.001
377 2.22401e-25 0.001
378 1.7282e-25 0.001
379 2.41891e-25 0.001
380 1.77762e-25 0.001
381 2.00179e-25 0.001
382 0 0
383 0 0
384 6.91439e-25 0.004
385 3.63875e-25 0.002
386 3.54626e-25 0.002
387 1.66859e-25 0.001
388 3.11295e-25 0.002
389 7.11658e-25 0.004
390 1.08942e-24 0.006
391 1.91261e-25 0.001
392 5.23695e-25 0.003
393 5.6795e-25 0.003
394 0 0
395 1.8834e-25 0.001
396 7.98319e-25 0.004
397 2.13296e-25 0.001
398 3.6319e-25 0.002
399 2.87667e-25 0.002
400 6.49755e-25 0.003
401 1.85753e-25 0.001
402 1.04182e-24 0.005
403 0 0
404 0 0
405 1.87366e-25 0.001
406 2.39802e-25 0.001
407 7.60183e-25 0.005
408 0 0
409 4.01853e-25 0.002
410 4.78126e-25 0.003
411 1.30098e-25 0.001
412 0 0
413 1.82638e-25 0.001
414 1.64033e-25 0.001
415 2.74118e-25 0.002
416 0 0
417 9.23918e-25 0.005
418 2.06705e-25 0.001
419 0 0
420 0 0
421 7.23734e-25 0.004
422 3.65269e-25 0.002
423 5.71135e-25 0.003
424 1.89243e-25 0.001
425 0 0
426 3.65516e-25 0.002
427 0 0
428 3.26857e-25 0.002
429 0 0
430 5.46015e-25 0.003
431 2.09733e-25 0.001
432 1.89358e-25 0.001
433 4.25992e-25 0.002
434 0 0
435 6.93218e-25 0.004
436 6.54552e-25 0.004
437 1.76264e-25 0.001
438 2.03842e-25 0.001
439 1.43776e-25 0.001
440 3.64923e-25 0.002
441 4.80521e-25 0.003
442 4.77406e-25 0.003
443 1.10011e-25 0.001
444 4.15812e-25 0.003
445 1.81794e-25 0.001
446 0 0
447 4.16662e-25 0.002
448 7.37961e-25 0.004
449 0 0
450 1.73909e-25 0.001
451 1.95815e-25 0.001
452 2.43207e-25 0.001
453 3.28522e-25 0.002
454 4.91371e-25 0.003
455 6.07124e-25 0.003
456 1.7902e-25 0.001
457 3.08548e-25 0.002
458 1.75852e-25 0.001
459 1.66556e-25 0.001
460 1.59607e-25 0.001
461 2.90801e-25 0.002
462 4.81786e-25 0.003
463 0 0
464 2.53366e-25 0.001
465 0 0
466 1.57717e-25 0.001
467 3.80329e-25 0.002
468 3.17539e-25 0.002
469 0 0
470 0 0
471 1.1326e-25 0.001
472 1.91858e-25 0.001
473 1.12748e-25 0.001
474 0 0
475 4.57358e-05 0.498
476 0 0
477 0 0
478 0 0
479 0 0
480 0 0
481 0 0
482 0 0
483 0 0
484 0 0
485 0 0
486 0 0
487 0 0
488 0 0
489 0 0
490 0 0
491 0 0
492 0 0
493 0 0
494 0 0
495 0 0
496 0 0
497 0 0
498 0 0
499 0 0
500 0 0
501 0 0
502 0 0
503 0 0
504 0 0
505 0 0
506 0 0
507 0 0
508 0 0
509 0 0
510 0 0
511 0 0
512 0 0
513 0 0
514 0 0
515 0 0
516 0 0
517 0 0
518 0 0
519 0 0
520 0 0
521 0 0
522 0 0
523 0 0
524 0 0
525 0 0
526 0 0
527 0 0
528 0 0
529 0 0
530 0 0
531 0 0
532 0 0
533 0 0
534 0 0
535 0 0
536 0 0
537 0 0
538 0 0
539 0 0
540 0 0
541 0 0
542 0 0
543 0 0
544 0 0
545 0 0
546 0 0
547 0 0
548 0 0
549 0 0
550 0 0
551 0 0
552 0 0
553 0 0
554 0 0
555 0 0
556 0 0
557 0 0
558 0 0
559 0 0
560 0 0
561 0 0
562 0 0
563 0 0
564 0 0
565 0 0
566 0 0
567 0 0
568 0 0
569 0 0
570 0 0
571 0 0
572 0 0
573 0 0
574 0 0
575 0 0
576 0 0
577 0 0
578 0 0
579 0 0
580 0 0
581 0 0
582 0 0
583 0 0
584 0 0
585 0 0
586 0 0
587 0 0
588 0 0
589 0 0
590 0 0
591 0 0
592 0 0
593 0 0
594 0 0
595 0 0
596 0 0
597 0 0
598 0 0
599 0 0
600 0 0
601 0 0
602 0 0
603 0 0
604 0 0
605 0 0
606 0 0
607 0 0
608 0 0
609 0 0
610 0 0
611 0 0
612 0 0
613 0 0
614 0 0
615 0 0
616 0 0
617 0 0
618 0 0
619 0 0
620 0 0
621 0 0
622 0 0
623 0 0
624 0 0
625 0 0
626 0 0
627 0 0
628 0 0
629 0 0
630 0 0
631 0 0
632 0 0
633 0 0
634 0 0
635 0 0
636 0 0
637 0 0
638 0 0
639 0 0
640 0 0
641 0 0
642 0 0
643 0 0
644 0 0
645 0 0
646 0 0
647 0 0
648 0 0
649 0 0
650 0 0
651 0 0
652 0 0
653 0 0
654 0 0
655 0 0
656 0 0
657 0 0
658 0 0
659 0 0
660 0 0
661 0 0
662 0 0
663 0 0
664 0 0
665 0 0
666 0 0
667 0 0
668 0 0
669 0 0
670 0 0
671 0 0
672 0 0
673 0 0
674 0 0
675 0 0
676 0 0
677 0 0
678 0 0
679 0 0
680 0 0
681 0 0
682 0 0
683 0 0
684 0 0
685 0 0
686 0 0
687 0 0
688 0 0
689 0 0
690 0 0
691 0 0
692 0 0
693 0 0
694 0 0
695 0 0
696 0 0
697 0 0
698 0 0
699 0 0
700 0 0
701 0 0
702 0 0
703 0 0
704 0 0
705 0 0
706 0 0
707 0 0
708 0 0
709 0 0
710 0 0
711 0 0
712 0 0
713 0 0
714 0 0
715 0 0
716 0 0
717 0 0
718 0 0
719 0 0
720 0 0
721 0 0
722 0 0
723 0 0
724 0 0
725 0 0
726 0 0
727 0 0
728 0 0
729 0 0
730 0 0
731 0 0
732 0 0
733 0 0
734 0 0
735 0 0
736 0 0
737 0 0
738 0 0
739 0 0
740 0 0
741 0 0
742 0 0
743 0 0
744 0 0
745 0 0
746 0 0
747 0 0
748 0 0
749 0 0
750 0 0
751 0 0
752 0 0
753 0 0
754 0 0
755 0 0
756 0 0
757 0 0
758 0 0
759 0 0
760 0 0
761 0 0
762 0 0
763 0 0
764 0 0
765 0 0
766 0 0
767 0 0
768 0 0
769 0 0
770 0 0
771 0 0
772 0 0
773 0 0
774 0 0
775 0 0
776 0 0
777 0 0
778 0 0
779 0 0
780 0 0
781 0 0
782 0 0
783 0 0
784 0 0
785 0 0
786 0 0
787 0 0
788 0 0
789 0 0
790 0 0
791 0 0
792 0 0
793 0 0
794 0 0
795 0 0
796 0 0
797 0 0
798 0 0
799 0 0
800 0 0
801 0 0
802 0 0
803 0 0
804 0 0
805 0 0
806 0 0
807 0 0
808 0 0
809 0 0
810 0 0
811 0 0
812 0 0
813 0 0
814 0 0
815 0 0
816 0 0
817 0 0
818 0 0
819 0 0
820 0 0
821 0 0
822 0 0
823 0 0
824 0 0
825 0 0
826 0 0
827 0 0
828 0 0
829 0 0
830 0 0
831 0 0
832 0 0
833 0 0
834 0 0
835 0 0
836 0 0
837 0 0
838 0 0
839 0 0
840 0 0
841 0 0
842 0 0
843 0 0
844 0 0
845 0 0
846 0 0
847 0 0
848 0 0
849 0 0
850 0 0
851 0 0
852 0 0
853 0 0
854 0 0
855 0 0
856 0 0
857 0 0
858 0 0
859 0 0
860 0 0
861 0 0
862 0 0
863 0 0
864 0 0
865 0 0
866 0 0
867 0 0
868 0 0
869 0 0
870 0 0
871 0 0
872 0 0
873 0 0
874 0 0
875 0 0
876 0 0
877 0 0
878 0 0
879 0 0
880 0 0
881 0 0
882 0 0
883 0 0
884 0 0
885 0 0
886 0 0
887 0 0
888 0 0
889 0 0
890 0 0
891 0 0
892 0 0
893 0 0
894 0 0
895 0 0
896 0 0
897 0 0
898 0 0
899 0 0
900 0 0
901 0 0
902 0 0
903 0 0
904 0 0
905 0 0
906 0 0
907 0 0
908 0 0
909 0 0
910 0 0
911 0 0
912 0 0
913 0 0
914 0 0
915 0 0
916 0 0
917 0 0
918 0 0
919 0 0
920 0 0
921 0 0
922 0 0
923 0 0
924 0 0
925 0 0
926 0 0
927 0 0
928 0 0
929 0 0
930 0 0
931 0 0
932 0 0
933 0 0
934 0 0
935 0 0
936 0 0
937 0 0
938 0 0
939 0 0
940 0 0
941 0 0
942 0 0
943 0 0
944 0 0
945 0 0
946 0 0
947 0 0
948 0 0
949 0 0
950 0 0
951 0 0
952 0 0
953 0 0
954 0 0
955 0 0
956 0 0
957 0 0
958 0 0
959 0 0
960 0 0
961 0 0
962 0 0
963 0 0
964 0 0
965 0 0
966 0 0
967 0 0
968 0 0
969 0 0
970 0 0
971 0 0
972 0 0
973 0 0
974 0 0
975 0 0
976 0 0
977 0 0
978 0 0
979 0 0
980 0 0
981 0 0
982 0 0
983 0 0
984 0 0
985 0 0
986 0 0
987 0 0
988 0 0
989 0 0
990 0 0
991 0 0
992 0 0
993 0 0
994 0 0
995 0 0
996 0 0
997 0 0
998 0 0
999 0 0
1000 0 0
1001 0 0
1002 0 0
1003 0 0
1004 0 0
1005 0 0
1006 0 0
1007 0 0
1008 0 0
1009 0 0
1010 0 0
1011 0 0
1012 0 0
1013 0 0
1014 0 0
1015 0 0
1016 0 0
1017 0 0
1018 0 0
1019 0 0
1020 0 0
1021 0 0
1022 0 0
1023 0 0
1024 0 0
1025 0 0
1026 0 0
1027 0 0
1028 0 0
1029 0 0
1030 0 0
1031 0 0
1032 0 0
1033 0 0
1034 0 0
1035 0 0
1036 0 0
1037 0 0
1038 0 0
1039 0 0
1040 0 0
1041 0 0
1042 0 0
1043 0 0
1044 0 0
1045 0 0
1046 0 0
1047 0 0
1048 0 0
1049 0 0
1050 0 0
1051 0 0
1052 0 0
1053 0 0
1054 0 0
1055 0 0
1056 0 0
1057 0 0
1058 0 0
1059 0 0
1060 0 0
1061 0 0
1062 0 0
1063 0 0
1064 0 0
1065 0 0
1066 0 0
1067 0 0
1068 0 0
1069 0 0
1070 0 0
1071 0 0
1072 0 0
1073 0 0
1074 0 0
1075 0 0
1076 0 0
1077 0 0
1078 0 0
1079 0 0
1080 0 0
1081 0 0
1082 0 0
1083 0 0
1084 0 0
1085 0 0
1086 0 0
1087 0 0
1088 0 0
1089 0 0
1090 0 0
1091 0 0
1092 0 0
1093 0 0
1094 0 0
1095 0 0
1096 0 0
1097 0 0
1098 0 0
1099 0 0
1100 0 0
1101 0 0
1102 0 0
1103 0 0
1104 0 0
1105 0 0
1106 0 0
1107 0 0
1108 0 0
1109 0 0
1110 0 0
1111 0 0
1112 0 0
1113 0 0
1114 0 0
1115 0 0
1116 0 0
1117 0 0
1118 0 0
1119 0 0
1120 0 0
1121 0 0
1122 0 0
1123 0 0
1124 0 0
1125 0 0
1126 0 0
1127 0 0
1128 0 0
1129 0 0
1130 0 0
1131 0 0
1132 0 0
1133 0 0
1134 0 0
1135 0 0
1136 0 0
1137 0 0
1138 0 0
1139 0 0
1140 0 0
1141 0 0
1142 0 0
1143 0 0
1144 0 0
1145 0 0
1146 0 0
1147 0 0
1148 0 0
1149 0 0
#  z (mm)   Energy_Dep  Net_Charge
0 2.54658e-23 -0.915
1 7.53638e-25 0.001
2 0 0
3 0 0
4 0 0
5 0 0
6 0 0
7 0 0
8 0 0
9 0 0
10 0 0
11 0 0
12 0 0
13 3.11448e-25 0.001
14 0 0
15 3.37128e-25 0.001
16 0 0
17 0 0
18 9.8192e-25 0.002
19 7.13268e-25 0.002
20 0 0
21 0 0
22 0 0
23 0 0
24 3.2046e-25 0.001
25 0 0
26 0 0
27 0 0
28 3.65885e-25 0.001
29 3.4854e-25 0.001
30 0 0
31 0 0
32 0 0
33 0 0
34 0 0
35 0 0
36 0 0
37 3.75237e-25 0.001
38 0 0
39 0 0
40 0 0
41 0 0
42 0 0
43 0 0
44 0 0
45 3.73017e-25 0.001
46 0 0
47 0 0
48 0 0
49 0 0
50 0 0
51 0 0
52 0 0
53 0 0
54 3.31692e-25 0.001
55 0 0
56 3.80954e-25 0.001
57 0 0
58 0 0
59 3.54708e-25 0.001
60 2.7252e-25 0.001
61 0 0
62 0 0
63 0 0
64 0 0
65 0 0
66 0 0
67 0 0
68 0 0
69 0 0
70 0 0
71 0 0
72 0 0
73 2.67207e-25 0.001
74 3.32437e-25 0.001
75 0 0
76 0 0
77 0 0
78 0 0
79 0 0
80 2.165e-25 0.001
81 2.80647e-25 0.001
82 0 0
83 0 0
84 0 0
85 0 0
86 0 0
87 0 0
88 3.64858e-25 0.001
89 0 0
90 3.29858e-25 0.001
91 0 0
92 0 0
93 0 0
94 0 0
95 0 0
96 0 0
97 2.73744e-25 0.001
98 3.33041e-25 0.001
99 0 0
100 0 0
101 0 0
102 2.31223e-25 0.001
103 2.17325e-25 0.001
104 0 0
105 0 0
106 0 0
107 0 0
108 0 0
109 0 0
110 3.1522e-25 0.001
111 5.94945e-25 0.002
112 2.87482e-25 0.001
113 0 0
114 0 0
115 0 0
116 0 0
117 2.85709e-25 0.001
118 0 0
119 3.32807e-25 0.001
120 5.01906e-25 0.002
121 2.93759e-25 0.001
122 2.48552e-25 0.001
123 3.21892e-25 0.001
124 0 0
125 2.95917e-25 0.001
126 2.30746e-25 0.001
127 2.60024e-25 0.001
128 0 0
129 2.74386e-25 0.001
130 0 0
131 2.98726e-25 0.001
132 0 0
133 0 0
134 0 0
135 0 0
136 2.45687e-25 0.001
137 0 0
138 0 0
139 0 0
140 0 0
141 0 0
142 2.97742e-25 0.001
143 0 0
144 5.40519e-25 0.002
145 0 0
146 0 0
147 0 0
148 0 0
149 0 0
150 0 0
151 4.68824e-25 0.002
152 0 0
153 0 0
154 0 0
155 0 0
156 7.9592e-25 0.003
157 2.95131e-25 0.001
158 0 0
159 0 0
160 8.9057e-25 0.002
161 0 0
162 0 0
163 2.10192e-25 0.001
164 0 0
165 5.95813e-25 0.002
166 2.92784e-25 0.001
167 0 0
168 2.07925e-25 0.001
169 0 0
170 1.99147e-25 0.001
171 0 0
172 0 0
173 2.77455e-25 0.001
174 3.06694e-25 0.001
175 4.582e-25 0.002
176 4.55266e-25 0.002
177 0 0
178 2.01072e-25 0.001
179 2.63744e-25 0.001
180 0 0
181 0 0
182 0 0
183 2.77911e-25 0.001
184 2.81121e-25 0.001
185 0 0
186 0 0
187 0 0
188 0 0
189 1.87366e-25 0.001
190 0 0
191 1.83333e-25 0.001
192 2.78319e-25 0.001
193 0 0
194 0 0
195 0 0
196 0 0
197 0 0
198 0 0
199 4.56738e-25 0.002
200 0 0
201 0 0
202 0 0
203 4.52375e-25 0.002
204 0 0
205 2.50128e-25 0.001
206 0 0
207 0 0
208 0 0
209 2.82088e-25 0.001
210 9.48032e-25 0.004
211 0 0
212 0 0
213 0 0
214 0 0
215 2.71883e-25 0.001
216 0 0
217 2.56523e-25 0.001
218 4.37238e-25 0.002
219 0 0
220 0 0
221 0 0
222 6.97388e-25 0.003
223 2.59845e-25 0.001
224 4.24955e-25 0.002
225 4.74852e-25 0.002
226 3.11584e-25 0.001
227 2.67579e-25 0.001
228 2.15905e-25 0.001
229 2.66844e-25 0.001
230 2.34485e-25 0.001
231 2.64545e-25 0.001
232 0 0
233 2.28666e-25 0.001
234 0 0
235 4.96197e-25 0.002
236 6.29659e-25 0.002
237 0 0
238 5.26449e-25 0.002
239 4.7665e-25 0.002
240 2.01901e-25 0.001
241 0 0
242 0 0
243 0 0
244 2.64421e-25 0.001
245 6.67829e-25 0.003
246 0 0
247 2.52957e-25 0.001
248 0 0
249 0 0
250 0 0
251 6.77947e-25 0.003
252 2.55013e-25 0.001
253 2.0805e-25 0.001
254 4.55259e-25 0.002
255 0 0
256 0 0
257 0 0
258 1.68526e-25 0.001
259 0 0
260 1.69789e-25 0.001
261 0 0
262 0 0
263 2.0829e-25 0.001
264 0 0
265 0 0
266 1.75858e-25 0.001
267 1.78145e-25 0.001
268 6.71785e-25 0.003
269 4.13806e-25 0.002
270 0 0
271 2.10255e-25 0.001
272 2.31258e-25 0.001
273 0 0
274 9.16912e-25 0.004
275 0 0
276 4.39042e-25 0.002
277 0 0
278 2.28657e-25 0.001
279 1.60643e-25 0.001
280 1.18657e-24 0.005
281 1.52037e-25 0.001
282 2.38783e-25 0.001
283 2.17299e-25 0.001
284 2.40848e-25 0.001
285 3.26052e-25 0.002
286 4.41169e-25 0.002
287 2.85847e-25 0.001
288 0 0
289 2.25263e-25 0.001
290 0 0
291 0 0
292 0 0
293 6.51711e-25 0.003
294 0 0
295 4.18322e-25 0.002
296 2.00317e-25 0.001
297 0 0
298 3.59452e-25 0.002
299 1.67146e-25 0.001
300 1.63061e-25 0.001
301 6.24689e-25 0.003
302 1.87056e-25 0.001
303 0 0
304 0 0
305 0 0
306 2.27679e-25 0.001
307 0 0
308 0 0
309 4.16236e-25 0.002
310 0 0
311 0 0
312 3.86266e-25 0.002
313 4.01536e-25 0.002
314 1.68453e-25 0.001
315 6.5117e-25 0.003
316 3.26219e-25 0.002
317 0 0
318 1.96866e-25 0.001
319 0 0
320 2.06837e-25 0.001
321 8.64898e-25 0.004
322 3.76463e-25 0.002
323 0 0
324 3.61089e-25 0.002
325 5.17477e-25 0.003
326 0 0
327 4.10987e-25 0.002
328 4.01822e-25 0.002
329 2.43128e-25 0.001
330 4.19105e-25 0.002
331 4.84614e-25 0.001
332 3.37198e-25 0.002
333 2.12818e-25 0.001
334 0 0
335 1.90267e-25 0.001
336 3.41106e-25 0.002
337 1.35533e-25 0.001
338 5.90769e-25 0.003
339 3.53293e-25 0.002
340 1.44787e-25 0.001
341 0 0
342 1.83935e-25 0.001
343 0 0
344 0 0
345 1.915e-25 0.001
346 3.98336e-25 0.002
347 0 0
348 0 0
349 3.18029e-25 0.002
350 0 0
351 4.79472e-25 0.002
352 0 0
353 0 0
354 0 0
355 0 0
356 2.69159e-25 0.001
357 2.54436e-25 0.001
358 0 0
359 5.92972e-25 0.003
360 2.0485e-25 0.001
361 1.83603e-25 0.001
362 0 0
363 6.43878e-25 0.004
364 1.86688e-25 0.001
365 0 0
366 4.07952e-25 0.002
367 3.65819e-25 0.002
368 4.47341e-25 0.002
369 4.00216e-25 0.002
370 3.43905e-25 0.002
371 1.65989e-25 0.001
372 2.24127e-25 0.001
373 2.5907e-25 0.001
374 4.47482e-25 0.002
375 3.50922e-25 0.002
376 1.35406e-25 0.001
377 2.22401e-25 0.001
378 1.7282e-25 0.001
379 2.41891e-25 0.001
380 1.77762e-25 0.001
381 2.00179e-25 0.001
382 0 0
383 0 0
384 6.91439e-25 0.004
385 3.63875e-25 0.002
386 3.54626e-25 0.002
387 1.66859e-25 0.001
388 3.11295e-25 0.002
389 7.11658e-25 0.004
390 1.08942e-24 0.006
391 1.91261e-25 0.001
392 5.23695e-25 0.003
393 5.6795e-25 0.003
394 0 0
395 1.8834e-25 0.001
396 7.98319e-25 0.004
397 2.13296e-25 0.001
398 3.6319e-25 0.002
399 2.87667e-25 0.002
400 6.49755e-25 0.003
401 1.85753e-25 0.001
402 1.04182e-24 0.005
403 0 0
404 0 0
405 1.87366e-25 0.001
406 2.39802e-25 0.001
407 7.60183e-25 0.005
408 0 0
409 5.4349e-25 0.003
410 4.78126e-25 0.003
411 1.30098e-25 0.001
412 0 0
413 1.82638e-25 0.001
414 1.64033e-25 0.001
415 2.74118e-25 0.002
416 0 0
417 9.23918e-25 0.005
418 2.06705e-25 0.001
419 0 0
420 0 0
421 7.23734e-25 0.004
422 3.65269e-25 0.002
423 5.71135e-25 0.003
424 1.89243e-25 0.001
425 0 0
426 3.65516e-25 0.002
427 1.93737e-25 0.001
428 3.26857e-25 0.002
429 0 0
430 5.46015e-25 0.003
431 2.09733e-25 0.001
432 1.89358e-25 0.001
433 4.25992e-25 0.002
434 0 0
435 6.93218e-25 0.004
436 6.54552e-25 0.004
437 1.76264e-25 0.001
438 2.03842e-25 0.001
439 1.43776e-25 0.001
440 3.64923e-25 0.002
441 4.80521e-25 0.003
442 4.77406e-25 0.003
443 1.10011e-25 0.001
444 4.15812e-25 0.003
445 1.81794e-25 0.001
446 0 0
447 4.16662e-25 0.002
448 7.37961e-25 0.004
449 0 0
450 1.73909e-25 0.001
451 1.95815e-25 0.001
452 2.43207e-25 0.001
453 3.28522e-25 0.002
454 4.91371e-25 0.003
455 6.07124e-25 0.003
456 1.7902e-25 0.001
457 3.08548e-25 0.002
458 1.75852e-25 0.001
459 1.66556e-25 0.001
460 1.59607e-25 0.001
461 2.90801e-25 0.002
462 4.81786e-25 0.003
463 0 0
464 2.53366e-25 0.001
465 0 0
466 1.57717e-25 0.001
467 3.80329e-25 0.002
468 3.17539e-25 0.002
469 0 0
470 0 0
471 1.1326e-25 0.001
472 1.91858e-25 0.001
473 1.12748e-25 0.001
474 0 0
475 4.58737e-05 0.499
476 0 0
477 0 0
478 0 0
479 0 0
480 0 0
481 0 0
482 0 0
483 0 0
484 0 0
485 0 0
486 0 0
487 0 0
488 0 0
489 0 0
490 0 0
491 0 0
492 0 0
493 0 0
494 0 0
495 0 0
496 0 0
497 0 0
498 0 0
499 0 0
500 0 0
501 0 0
502 0 0
503 0 0
504 0 0
505 0 0
506 0 0
507 0 0
508 0 0
509 0 0
510 0 0
511 0 0
512 0 0
513 0 0
514 0 0
515 0 0
516 0 0
517 0 0
518 0 0
519 0 0
520 0 0
521 0 0
522 0 0
523 0 0
524 0 0
525 0 0
526 0 0
527 0 0
528 0 0
529 0 0
530 0 0
531 0 0
532 0 0
533 0 0
534 0 0
535 0 0
536 0 0
537 0 0
538 0 0
539 0 0
540 0 0
541 0 0
542 0 0
543 0 0
544 0 0
545 0 0
546 0 0
547 0 0
548 0 0
549 0 0
550 0 0
551 0 0
552 0 0
553 0 0
554 0 0
555 0 0
556 0 0
557 0 0
558 0 0
559 0 0
560 0 0
561 0 0
562 0 0
563 0 0
564 0 0
565 0 0
566 0 0
567 0 0
568 0 0
569 0 0
570 0 0
571 0 0
572 0 0
573 0 0
574 0 0
575 0 0
576 0 0
577 0 0
578 0 0
579 0 0
580 0 0
581 0 0
582 0 0
583 0 0
584 0 0
585 0 0
586 0 0
587 0 0
588 0 0
589 0 0
590 0 0
591 0 0
592 0 0
593 0 0
594 0 0
595 0 0
596 0 0
597 0 0
598 0 0
599 0 0
600 0 0
601 0 0
602 0 0
603 0 0
604 0 0
605 0 0
606 0 0
607 0 0
608 0 0
609 0 0
610 0 0
611 0 0
612 0 0
613 0 0
614 0 0
615 0 0
616 0 0
617 0 0
618 0 0
619 0 0
620 0 0
621 0 0
622 0 0
623 0 0
624 0 0
625 0 0
626 0 0
627 0 0
628 0 0
629 0 0
630 0 0
631 0 0
632 0 0
633 0 0
634 0 0
635 0 0
636 0 0
637 0 0
638 0 0
639 0 0
640 0 0
641 0 0
642 0 0
643 0 0
644 0 0
645 0 0
646 0 0
647 0 0
648 0 0
649 0 0
650 0 0
651 0 0
652 0 0
653 0 0
654 0 0
655 0 0
656 0 0
657 0 0
658 0 0
659 0 0
660 0 0
661 0 0
662 0 0
663 0 0
664 0 0
665 0 0
666 0 0
667 0 0
668 0 0
669 0 0
670 0 0
671 0 0
672 0 0
673 0 0
674 0 0
675 0 0
676 0 0
677 0 0
678 0 0
679 0 0
680 0 0
681 0 0
682 0 0
683 0 0
684 0 0
685 0 0
686 0 0
687 0 0
688 0 0
689 0 0
690 0 0
691 0 0
692 0 0
693 0 0
694 0 0
695 0 0
696 0 0
697 0 0
698 0 0
699 0 0
700 0 0
701 0 0
702 0 0
703 0 0
704 0 0
705 0 0
706 0 0
707 0 0
708 0 0
709 0 0
710 0 0
711 0 0
712 0 0
713 0 0
714 0 0
715 0 0
716 0 0
717 0 0
718 0 0
719 0 0
720 0 0
721 0 0
722 0 0
723 0 0
724 0 0
725 0 0
726 0 0
727 0 0
728 0 0
729 0 0
730 0 0
731 0 0
732 0 0
733 0 0
734 0 0
735 0 0
736 0 0
737 0 0
738 0 0
739 0 0
740 0 0
741 0 0
742 0 0
743 0 0
744 0 0
745 0 0
746 0 0
747 0 0
748 0 0
749 0 0
750 0 0
751 0 0
752 0 0
753 0 0
754 0 0
755 0 0
756 0 0
757 0 0
758 0 0
759 0 0
760 0 0
761 0 0
762 0 0
763 0 0
764 0 0
765 0 0
766 0 0
767 0 0
768 0 0
769 0 0
770 0 0
771 0 0
772 0 0
773 0 0
774 0 0
775 0 0
776 0 0
777 0 0
778 0 0
779 0 0
780 0 0
781 0 0
782 0 0
783 0 0
784 0 0
785 0 0
786 0 0
787 0 0
788 0 0
789 0 0
790 0 0
791 0 0
792 0 0
793 0 0
794 0 0
795 0 0
796 0 0
797 0 0
798 0 0
799 0 0
800 0 0
801 0 0
802 0 0
803 0 0
804 0 0
805 0 0
806 0 0
807 0 0
808 0 0
809 0 0
810 0 0
811 0 0
812 0 0
813 0 0
814 0 0
815 0 0
816 0 0
817 0 0
818 0 0
819 0 0
820 0 0
821 0 0
822 0 0
823 0 0
824 0 0
825 0 0
826 0 0
827 0 0
828 0 0
829 0 0
830 0 0
831 0 0
832 0 0
833 0 0
834 0 0
835 0 0
836 0 0
837 0 0
838 0 0
839 0 0
840 0 0
841 0 0
842 0 0
843 0 0
844 0 0
845 0 0
846 0 0
847 0 0
848 0 0
849 0 0
850 0 0
851 0 0
852 0 0
853 0 0
854 0 0
855 0 0
856 0 0
857 0 0
858 0 0
859 0 0
860 0 0
861 0 0
862 0 0
863 0 0
864 0 0
865 0 0
866 0 0
867 0 0
868 0 0
869 0 0
870 0 0
871 0 0
872 0 0
873 0 0
874 0 0
875 0 0
876 0 0
877 0 0
878 0 0
879 0 0
880 0 0
881 0 0
882 0 0
883 0 0
884 0 0
885 0 0
886 0 0
887 0 0
888 0 0
889 0 0
890 0 0
891 0 0
892 0 0
893 0 0
894 0 0
895 0 0
896 0 0
897 0 0
898 0 0
899 0 0
900 0 0
901 0 0
902 0 0
903 0 0
904 0 0
905 0 0
906 0 0
907 0 0
908 0 0
909 0 0
910 0 0
911 0 0
912 0 0
913 0 0
914 0 0
915 0 0
916 0 0
917 0 0
918 0 0
919 0 0
920 0 0
921 0 0
922 0 0
923 0 0
924 0 0
925 0 0
926 0 0
927 0 0
928 0 0
929 0 0
930 0 0
931 0 0
932 0 0
933 0 0
934 0 0
935 0 0
936 0 0
937 0 0
938 0 0
939 0 0
940 0 0
941 0 0
942 0 0
943 0 0
944 0 0
945 0 0
946 0 0
947 0 0
948 0 0
949 0 0
950 0 0
951 0 0
952 0 0
953 0 0
954 0 0
955 0 0
956 0 0
957 0 0
958 0 0
959 0 0
960 0 0
961 0 0
962 0 0
963 0 0
964 0 0
965 0 0
966 0 0
967 0 0
968 0 0
969 0 0
970 0 0
971 0 0
972 0 0
973 0 0
974 0 0
975 0 0
976 0 0
977 0 0
978 0 0
979 0 0
980 0 0
981 0 0
982 0 0
983 0 0
984 0 0
985 0 0
986 0 0
987 0 0
988 0 0
989 0 0
990 0 0
991 0 0
992 0 0
993 0 0
994 0 0
995 0 0
996 0 0
997 0 0
998 0 0
999 0 0
1000 0 0
1001 0 0
1002 0 0
1003 0 0
1004 0 0
1005 0 0
1006 0 0
1007 0 0
1008 0 0
1009 0 0
1010 0 0
1011 0 0
1012 0 0
1013 0 0
1014 0 0
1015 0 0
1016 0 0
1017 0 0
1018 0 0
1019 0 0
1020 0 0
1021 0 0
1022 0 0
1023 0 0
1024 0 0
1025 0 0
1026 0 0
1027 0 0
1028 0 0
1029 0 0
1030 0 0
1031 0 0
1032 0 0
1033 0 0
1034 0 0
1035 0 0
1036 0 0
1037 0 0
1038 0 0
1039 0 0
1040 0 0
1041 0 0
1042 0 0
1043 0 0
1044 0 0
1045 0 0
1046 0 0
1047 0 0
1048 0 0
1049 0 0
1050 0 0
1051 0 0
1052 0 0
1053 0 0
1054 0 0
1055 0 0
1056 0 0
1057 0 0
1058 0 0
1059 0 0
1060 0 0
1061 0 0
1062 0 0
1063 0 0
1064 0 0
1065 0 0
1066 0 0
1067 0 0
1068 0 0
1069 0 0
1070 0 0
1071 0 0
1072 0 0
1073 0 0
1074 0 0
1075 0 0
1076 0 0
1077 0 0
1078 0 0
1079 0 0
1080 0 0
1081 0 0
1082 0 0
1083 0 0
1084 0 0
1085 0 0
1086 0 0
1087 0 0
1088 0 0
1089 0 0
1090 0 0
1091 0 0
1092 0 0
1093 0 0
1094 0 0
1095 0 0
1096 0 0
1097 0 0
1098 0 0
1099 0 0
1100 0 0
1101 0 0
1102 0 0
1103 0 0
1104 0 0
1105 0 0
1106 0 0
1107 0 0
1108 0 0
1109 0 0
1110 0 0
1111 0 0
1112 0 0
1113 0 0
1114 0 0
1115 0 0
1116 0 0
1117 0 0
1118 0 0
1119 0 0
1120 0 0
1121 0 0
1122 0 0
1123 0 0
1124 0 0
1125 0 0
1126 0 0
1127 0 0
1128 0 0
1129 0 0
1130 0 0
1131 0 0
1132 0 0
1133 0 0
1134 0 0
1135 0 0
1136 0 0
1137 0 0
1138 0 0
1139 0 0
1140 0 0
1141 0 0
1142 0 0
1143 0 0
1144 0 0
1145 0 0
1146 0 0
1147 0 0
1148 0 0
1149 0 0
#  z (mm)   Energy_Dep  Net_Charge
0 2.54658e-23 -0.919
1 7.53638e-25 0.001
2 0 0
3 0 0
4 0 0
5 0 0
6 0 0
7 0 0
8 0 0
9 0 0
10 0 0
11 0 0
12 0 0
13 3.11448e-25 0.001
14 0 0
15 3.37128e-25 0.001
16 0 0
17 0 0
18 9.8192e-25 0.002
19 7.13268e-25 0.002
20 0 0
21 0 0
22 0 0
23 0 0
24 3.2046e-25 0.001
25 0 0
26 0 0
27 0 0
28 3.65885e-25 0.001
29 3.4854e-25 0.001
30 0 0
31 0 0
32 0 0
33 0 0
34 0 0
35 0 0
36 0 0
37 3.75237e-25 0.001
38 0 0
39 0 0
40 0 0
41 0 0
42 0 0
43 0 0
44 0 0
45 3.73017e-25 0.001
46 0 0
47 0 0
48 0 0
49 0 0
50 0 0
51 0 0
52 0 0
53 0 0
54 3.31692e-25 0.001
55 0 0
56 3.80954e-25 0.001
57 0 0
58 0 0
59 3.54708e-25 0.001
60 2.7252e-25 0.001
61 0 0
62 0 0
63 0 0
64 0 0
65 0 0
66 0 0
67 0 0
68 0 0
69 0 0
70 0 0
71 0 0
72 0 0
73 2.67207e-25 0.001
74 3.32437e-25 0.001
75 0 0
76 0 0
77 0 0
78 0 0
79 0 0
80 2.165e-25 0.001
81 2.80647e-25 0.001
82 0 0
83 0 0
84 0 0
85 0 0
86 0 0
87 0 0
88 3.64858e-25 0.001
89 0 0
90 3.29858e-25 0.001
91 0 0
92 0 0
93 0 0
94 0 0
95 0 0
96 0 0
97 2.73744e-25 0.001
98 3.33041e-25 0.001
99 0 0
100 0 0
101 0 0
102 2.31223e-25 0.001
103 2.17325e-25 0.001
104 0 0
105 0 0
106 0 0
107 0 0
108 0 0
109 0 0
110 3.1522e-25 0.001
111 5.94945e-25 0.002
112 2.87482e-25 0.001
113 0 0
114 0 0
115 0 0
116 0 0
117 2.85709e-25 0.001
118 0 0
119 3.32807e-25 0.001
120 5.01906e-25 0.002
121 2.93759e-25 0.001
122 2.48552e-25 0.001
123 3.21892e-25 0.001
124 0 0
125 2.95917e-25 0.001
126 2.30746e-25 0.001
127 2.60024e-25 0.001
128 0 0
129 2.74386e-25 0.001
130 0 0
131 2.98726e-25 0.001
132 0 0
133 0 0
134 0 0
135 0 0
136 2.45687e-25 0.001
137 0 0
138 0 0
139 0 0
140 0 0
141 0 0
142 2.97742e-25 0.001
143 0 0
144 5.40519e-25 0.002
145 0 0
146 0 0
147 0 0
148 0 0
149 0 0
150 0 0
151 4.68824e-25 0.002
152 0 0
153 0 0
154 0 0
155 0 0
156 7.9592e-25 0.003
157 2.95131e-25 0.001
158 0 0
159 0 0
160 8.9057e-25 0.002
161 0 0
162 0 0
163 2.10192e-25 0.001
164 0 0
165 5.95813e-25 0.002
166 2.92784e-25 0.001
167 0 0
168 2.07925e-25 0.001
169 0 0
170 1.99147e-25 0.001
171 0 0
172 0 0
173 2.77455e-25 0.001
174 3.06694e-25 0.001
175 4.582e-25 0.002
176 4.55266e-25 0.002
177 0 0
178 2.01072e-25 0.001
179 2.63744e-25 0.001
180 0 0
181 0 0
182 0 0
183 2.77911e-25 0.001
184 2.81121e-25 0.001
185 0 0
186 0 0
187 0 0
188 0 0
189 1.87366e-25 0.001
190 0 0
191 1.83333e-25 0.001
192 2.78319e-25 0.001
193 0 0
194 0 0
195 0 0
196 0 0
197 0 0
198 0 0
199 4.56738e-25 0.002
200 0 0
201 0 0
202 0 0
203 4.52375e-25 0.002
204 0 0
205 2.50128e-25 0.001
206 0 0
207 0 0
208 0 0
209 2.82088e-25 0.001
210 9.48032e-25 0.004
211 0 0
212 0 0
213 0 0
214 0 0
215 2.71883e-25 0.001
216 0 0
217 2.56523e-25 0.001
218 4.37238e-25 0.002
219 0 0
220 0 0
221 0 0
222 6.97388e-25 0.003
223 2.59845e-25 0.001
224 4.24955e-25 0.002
225 4.74852e-25 0.002
226 3.11584e-25 0.001
227 2.67579e-25 0.001
228 2.15905e-25 0.001
229 2.66844e-25 0.001
230 2.34485e-25 0.001
231 2.64545e-25 0.001
232 0 0
233 2.28666e-25 0.001
234 0 0
235 4.96197e-25 0.002
236 6.29659e-25 0.002
237 0 0
238 5.26449e-25 0.002
239 4.7665e-25 0.002
240 2.01901e-25 0.001
241 0 0
242 0 0
243 0 0
244 2.64421e-25 0.001
245 6.67829e-25 0.003
246 0 0
247 2.52957e-25 0.001
248 0 0
249 0 0
250 0 0
251 6.77947e-25 0.003
252 2.55013e-25 0.001
253 2.0805e-25 0.001
254 4.55259e-25 0.002
255 0 0
256 0 0
257 0 0
258 1.68526e-25 0.001
259 0 0
260 1.69789e-25 0.001
261 0 0
262 0 0
263 2.0829e-25 0.001
264 0 0
265 0 0
266 1.75858e-25 0.001
267 1.78145e-25 0.001
268 6.71785e-25 0.003
269 4.13806e-25 0.002
270 0 0
271 2.10255e-25 0.001
272 2.31258e-25 0.001
273 0 0
274 9.16912e-25 0.004
275 0 0
276 4.39042e-25 0.002
277 0 0
278 2.28657e-25 0.001
279 1.60643e-25 0.001
280 1.18657e-24 0.005
281 1.52037e-25 0.001
282 2.38783e-25 0.001
283 2.17299e-25 0.001
284 2.40848e-25 0.001
285 3.26052e-25 0.002
286 4.41169e-25 0.002
287 2.85847e-25 0.001
288 0 0
289 2.25263e-25 0.001
290 0 0
291 0 0
292 0 0
293 6.51711e-25 0.003
294 0 0
295 4.18322e-25 0.002
296 2.00317e-25 0.001
297 0 0
298 3.59452e-25 0.002
299 1.67146e-25 0.001
300 1.63061e-25 0.001
301 6.24689e-25 0.003
302 1.87056e-25 0.001
303 0 0
304 0 0
305 0 0
306 2.27679e-25 0.001
307 0 0
308 0 0
309 4.16236e-25 0.002
310 0 0
311 0 0
312 3.86266e-25 0.002
313 4.01536e-25 0.002
314 1.68453e-25 0.001
315 6.5117e-25 0.003
316 3.26219e-25 0.002
317 0 0
318 1.96866e-25 0.001
319 0 0
320 2.06837e-25 0.001
321 8.64898e-25 0.004
322 3.76463e-25 0.002
323 0 0
324 3.61089e-25 0.002
325 5.17477e-25 0.003
326 0 0
327 4.10987e-25 0.002
328 4.01822e-25 0.002
329 2.43128e-25 0.001
330 4.19105e-25 0.002
331 4.84614e-25 0.001
332 3.37198e-25 0.002
333 2.12818e-25 0.001
334 0 0
335 1.90267e-25 0.001
336 3.41106e-25 0.002
337 1.35533e-25 0.001
338 5.90769e-25 0.003
339 3.53293e-25 0.002
340 1.44787e-25 0.001
341 0 0
342 1.83935e-25 0.001
343 0 0
344 0 0
345 1.915e-25 0.001
346 3.98336e-25 0.002
347 0 0
348 0 0
349 3.18029e-25 0.002
350 0 0
351 4.79472e-25 0.002
352 0 0
353 0 0
354 0 0
355 0 0
356 2.69159e-25 0.001
357 2.54436e-25 0.001
358 0 0
359 5.92972e-25 0.003
360 2.0485e-25 0.001
361 1.83603e-25 0.001
362 0 0
363 6.43878e-25 0.004
364 1.86688e-25 0.001
365 0 0
366 4.07952e-25 0.002
367 3.65819e-25 0.002
368 4.47341e-25 0.002
369 4.00216e-25 0.002
370 3.43905e-25 0.002
371 1.65989e-25 0.001
372 2.24127e-25 0.001
373 2.5907e-25 0.001
374 4.47482e-25 0.002
375 3.50922e-25 0.002
376 1.35406e-25 0.001
377 2.22401e-25 0.001
378 1.7282e-25 0.001
379 4.35399e-25 0.002
380 1.77762e-25 0.001
381 2.00179e-25 0.001
382 0 0
383 0 0
384 6.91439e-25 0.004
385 3.63875e-25 0.002
386 3.54626e-25 0.002
387 1.66859e-25 0.001
388 3.11295e-25 0.002
389 7.11658e-25 0.004
390 1.08942e-24 0.006
391 1.91261e-25 0.001
392 5.23695e-25 0.003
393 5.6795e-25 0.003
394 0 0
395 1.8834e-25 0.001
396 7.98319e-25 0.004
397 2.13296e-25 0.001
398 3.6319e-25 0.002
399 2.87667e-25 0.002
400 6.49755e-25 0.003
401 1.85753e-25 0.001
402 1.04182e-24 0.005
403 0 0
404 0 0
405 1.87366e-25 0.001
406 2.39802e-25 0.001
407 7.60183e-25 0.005
408 0 0
409 5.4349e-25 0.003
410 4.78126e-25 0.003
411 1.30098e-25 0.001
412 0 0
413 1.82638e-25 0.001
414 1.64033e-25 0.001
415 2.74118e-25 0.002
416 0 0
417 9.23918e-25 0.005
418 2.06705e-25 0.001
419 0 0
420 0 0
421 7.23734e-25 0.004
422 3.65269e-25 0.002
423 5.71135e-25 0.003
424 1.89243e-25 0.001
425 0 0
426 3.65516e-25 0.002
427 1.93737e-25 0.001
428 3.26857e-25 0.002
429 0 0
430 5.46015e-25 0.003
431 2.09733e-25 0.001
432 1.89358e-25 0.001
433 4.25992e-25 0.002
434 0 0
435 6.93218e-25 0.004
436 6.54552e-25 0.004
437 1.76264e-25 0.001
438 2.03842e-25 0.001
439 1.43776e-25 0.001
440 3.64923e-25 0.002
441 4.80521e-25 0.003
442 4.77406e-25 0.003
443 1.10011e-25 0.001
444 4.15812e-25 0.003
445 1.81794e-25 0.001
446 0 0
447 4.16662e-25 0.002
448 7.37961e-25 0.004
449 0 0
450 1.73909e-25 0.001
451 1.95815e-25 0.001
452 2.43207e-25 0.001
453 3.28522e-25 0.002
454 4.91371e-25 0.003
455 6.07124e-25 0.003
456 1.7902e-25 0.001
457 3.08548e-25 0.002
458 1.75852e-25 0.001
459 1.66556e-25 0.001
460 1.59607e-25 0.001
461 2.90801e-25 0.002
462 4.81786e-25 0.003
463 0 0
464 2.53366e-25 0.001
465 0 0
466 1.57717e-25 0.001
467 3.80329e-25 0.002
468 3.17539e-25 0.002
469 0 0
470 0 0
471 1.1326e-25 0.001
472 1.91858e-25 0.001
473 1.12748e-25 0.001
474 0 0
475 4.60671e-05 0.502
476 0 0
477 0 0
478 0 0
479 0 0
480 0 0
481 0 0
482 0 0
483 0 0
484 0 0
485 0 0
486 0 0
487 0 0
488 0 0
489 0 0
490 0 0
491 0 0
492 0 0
493 0 0
494 0 0
495 0 0
496 0 0
497 0 0
498 0 0
499 0 0
500 0 0
501 0 0
502 0 0
503 0 0
504 0 0
505 0 0
506 0 0
507 0 0
508 0 0
509 0 0
510 0 0
511 0 0
512 0 0
513 0 0
514 0 0
515 0 0
516 0 0
517 0 0
518 0 0
519 0 0
520 0 0
521 0 0
522 0 0
523 0 0
524 0 0
525 0 0
526 0 0
527 0 0
528 0 0
529 0 0
530 0 0
531 0 0
532 0 0
533 0 0
534 0 0
535 0 0
536 0 0
537 0 0
538 0 0
539 0 0
540 0 0
541 0 0
542 0 0
543 0 0
544 0 0
545 0 0
546 0 0
547 0 0
548 0 0
549 0 0
550 0 0
551 0 0
552 0 0
553 0 0
554 0 0
555 0 0
556 0 0
557 0 0
558 0 0
559 0 0
560 0 0
561 0 0
562 0 0
563 0 0
564 0 0
565 0 0
566 0 0
567 0 0
568 0 0
569 0 0
570 0 0
571 0 0
572 0 0
573 0 0
574 0 0
575 0 0
576 0 0
577 0 0
578 0 0
579 0 0
580 0 0
581 0 0
582 0 0
583 0 0
584 0 0
585 0 0
586 0 0
587 0 0
588 0 0
589 0 0
590 0 0
591 0 0
592 0 0
593 0 0
594 0 0
595 0 0
596 0 0
597 0 0
598 0 0
599 0 0
600 0 0
601 0 0
602 0 0
603 0 0
604 0 0
605 0 0
606 0 0
607 0 0
608 0 0
609 0 0
610 0 0
611 0 0
612 0 0
613 0 0
614 0 0
615 0 0
616 0 0
617 0 0
618 0 0
619 0 0
620 0 0
621 0 0
622 0 0
623 0 0
624 0 0
625 0 0
626 0 0
627 0 0
628 0 0
629 0 0
630 0 0
631 0 0
632 0 0
633 0 0
634 0 0
635 0 0
636 0 0
637 0 0
638 0 0
639 0 0
640 0 0
641 0 0
642 0 0
643 0 0
644 0 0
645 0 0
646 0 0
647 0 0
648 0 0
649 0 0
650 0 0
651 0 0
652 0 0
653 0 0
654 0 0
655 0 0
656 0 0
657 0 0
658 0 0
659 0 0
660 0 0
661 0 0
662 0 0
663 0 0
664 0 0
665 0 0
666 0 0
667 0 0
668 0 0
669 0 0
670 0 0
671 0 0
672 0 0
673 0 0
674 0 0
675 0 0
676 0 0
677 0 0
678 0 0
679 0 0
680 0 0
681 0 0
682 0 0
683 0 0
684 0 0
685 0 0
686 0 0
687 0 0
688 0 0
689 0 0
690 0 0
691 0 0
692 0 0
693 0 0
694 0 0
695 0 0
696 0 0
697 0 0
698 0 0
699 0 0
700 0 0
701 0 0
702 0 0
703 0 0
704 0 0
705 0 0
706 0 0
707 0 0
708 0 0
709 0 0
710 0 0
711 0 0
712 0 0
713 0 0
714 0 0
715 0 0
716 0 0
717 0 0
718 0 0
719 0 0
720 0 0
721 0 0
722 0 0
723 0 0
724 0 0
725 0 0
726 0 0
727 0 0
728 0 0
729 0 0
730 0 0
731 0 0
732 0 0
733 0 0
734 0 0
735 0 0
736 0 0
737 0 0
738 0 0
739 0 0
740 0 0
741 0 0
742 0 0
743 0 0
744 0 0
745 0 0
746 0 0
747 0 0
748 0 0
749 0 0
750 0 0
751 0 0
752 0 0
753 0 0
754 0 0
755 0 0
756 0 0
757 0 0
758 0 0
759 0 0
760 0 0
761 0 0
762 0 0
763 0 0
764 0 0
765 0 0
766 0 0
767 0 0
768 0 0
769 0 0
770 0 0
771 0 0
772 0 0
773 0 0
774 0 0
775 0 0
776 0 0
777 0 0
778 0 0
779 0 0
780 0 0
781 0 0
782 0 0
783 0 0
784 0 0
785 0 0
786 0 0
787 0 0
788 0 0
789 0 0
790 0 0
791 0 0
792 0 0
793 0 0
794 0 0
795 0 0
796 0 0
797 0 0
798 0 0
799 0 0
800 0 0
801 0 0
802 0 0
803 0 0
804 0 0
805 0 0
806 0 0
807 0 0
808 0 0
809 0 0
810 0 0
811 0 0
812 0 0
813 0 0
814 0 0
815 0 0
816 0 0
817 0 0
818 0 0
819 0 0
820 0 0
821 0 0
822 0 0
823 0 0
824 0 0
825 0 0
826 0 0
827 0 0
828 0 0
829 0 0
830 0 0
831 0 0
832 0 0
833 0 0
834 0 0
835 0 0
836 0 0
837 0 0
838 0 0
839 0 0
840 0 0
841 0 0
842 0 0
843 0 0
844 0 0
845 0 0
846 0 0
847 0 0
848 0 0
849 0 0
850 0 0
851 0 0
852 0 0
853 0 0
854 0 0
855 0 0
856 0 0
857 0 0
858 0 0
859 0 0
860 0 0
861 0 0
862 0 0
863 0 0
864 0 0
865 0 0
866 0 0
867 0 0
868 0 0
869 0 0
870 0 0
871 0 0
872 0 0
873 0 0
874 0 0
875 0 0
876 0 0
877 0 0
878 0 0
879 0 0
880 0 0
881 0 0
882 0 0
883 0 0
884 0 0
885 0 0
886 0 0
887 0 0
888 0 0
889 0 0
890 0 0
891 0 0
892 0 0
893 0 0
894 0 0
895 0 0
896 0 0
897 0 0
898 0 0
899 0 0
900 0 0
901 0 0
902 0 0
903 0 0
904 0 0
905 0 0
906 0 0
907 0 0
908 0 0
909 0 0
910 0 0
911 0 0
912 0 0
913 0 0
914 0 0
915 0 0
916 0 0
917 0 0
918 0 0
919 0 0
920 0 0
921 0 0
922 0 0
923 0 0
924 0 0
925 0 0
926 0 0
927 0 0
928 0 0
929 0 0
930 0 0
931 0 0
932 0 0
933 0 0
934 0 0
935 0 0
936 0 0
937 0 0
938 0 0
939 0 0
940 0 0
941 0 0
942 0 0
943 0 0
944 0 0
945 0 0
946 0 0
947 0 0
948 0 0
949 0 0
950 0 0
951 0 0
952 0 0
953 0 0
954 0 0
955 0 0
956 0 0
957 0 0
958 0 0
959 0 0
960 0 0
961 0 0
962 0 0
963 0 0
964 0 0
965 0 0
966 0 0
967 0 0
968 0 0
969 0 0
970 0 0
971 0 0
972 0 0
973 0 0
974 0 0
975 0 0
976 0 0
977 0 0
978 0 0
979 0 0
980 0 0
981 0 0
982 0 0
983 0 0
984 0 0
985 0 0
986 0 0
987 0 0
988 0 0
989 0 0
990 0 0
991 0 0
992 0 0
993 0 0
994 0 0
995 0 0
996 0 0
997 0 0
998 0 0
999 0 0
1000 0 0
1001 0 0
1002 0 0
1003 0 0
1004 0 0
1005 0 0
1006 0 0
1007 0 0
1008 0 0
1009 0 0
1010 0 0
1011 0 0
1012 0 0
1013 0 0
1014 0 0
1015 0 0
1016 0 0
1017 0 0
1018 0 0
1019 0 0
1020 0 0
1021 0 0
1022 0 0
1023 0 0
1024 0 0
1025 0 0
1026 0 0
1027 0 0
1028 0 0
1029 0 0
1030 0 0
1031 0 0
1032 0 0
1033 0 0
1034 0 0
1035 0 0
1036 0 0
1037 0 0
1038 0 0
1039 0 0
1040 0 0
1041 0 0
1042 0 0
1043 0 0
1044 0 0
1045 0 0
1046 0 0
1047 0 0
1048 0 0
1049 0 0
1050 0 0
1051 0 0
1052 0 0
1053 0 0
1054 0 0
1055 0 0
1056 0 0
1057 0 0
1058 0 0
1059 0 0
1060 0 0
1061 0 0
1062 0 0
1063 0 0
1064 0 0
1065 0 0
1066 0 0
1067 0 0
1068 0 0
1069 0 0
1070 0 0
1071 0 0
1072 0 0
1073 0 0
1074 0 0
1075 0 0
1076 0 0
1077 0 0
1078 0 0
1079 0 0
1080 0 0
1081 0 0
1082 0 0
1083 0 0
1084 0 0
1085 0 0
1086 0 0
1087 0 0
1088 0 0
1089 0 0
1090 0 0
1091 0 0
1092 0 0
1093 0 0
1094 0 0
1095 0 0
1096 0 0
1097 0 0
1098 0 0
1099 0 0
1100 0 0
1101 0 0
1102 0 0
1103 0 0
1104 0 0
1105 0 0
1106 0 0
1107 0 0
1108 0 0
1109 0 0
1110 0 0
1111 0 0
1112 0 0
1113 0 0
1114 0 0
1115 0 0
1116 0 0
1117 0 0
1118 0 0
1119 0 0
1120 0 0
1121 0 0
1122 0 0
1123 0 0
1124 0 0
1125 0 0
1126 0 0
1127 0 0
1128 0 0
1129 0 0
1130 0 0
1131 0 0
1132 0 0
1133 0 0
1134 0 0
1135 0 0
1136 0 0
1137 0 0
1138 0 0
1139 0 0
1140 0 0
1141 0 0
1142 0 0
1143 0 0
1144 0 0
1145 0 0
1146 0 0
1147 0 0
1148 0 0
1149 0 0
#  z (mm)   Energy_Dep  Net_Charge
0 2.54658e-23 -0.923
1 7.53638e-25 0.001
2 0 0
3 0 0
4 0 0
5 0 0
6 0 0
7 0 0
8 0 0
9 0 0
10 0 0
11 0 0
12 0 0
13 3.11448e-25 0.001
14 0 0
15 3.37128e-25 0.001
16 0 0
17 0 0
18 9.8192e-25 0.002
19 7.13268e-25 0.002
20 0 0
21 0 0
22 0 0
23 0 0
24 3.2046e-25 0.001
25 0 0
26 0 0
27 0 0
28 3.65885e-25 0.001
29 3.4854e-25 0.001
30 0 0
31 0 0
32 0 0
33 0 0
34 0 0
35 0 0
36 0 0
37 3.75237e-25 0.001
38 0 0
39 0 0
40 0 0
41 0 0
42 0 0
43 0 0
44 0 0
45 3.73017e-25 0.001
46 0 0
47 0 0
48 0 0
49 0 0
50 0 0
51 0 0
52 0 0
53 0 0
54 3.31692e-25 0.001
55 0 0
56 3.80954e-25 0.001
57 0 0
58 0 0
59 3.54708e-25 0.001
60 2.7252e-25 0.001
61 0 0
62 0 0
63 0 0
64 0 0
65 0 0
66 0 0
67 0 0
68 0 0
69 0 0
70 0 0
71 0 0
72 0 0
73 2.67207e-25 0.001
74 3.32437e-25 0.001
75 0 0
76 0 0
77 0 0
78 0 0
79 0 0
80 2.165e-25 0.001
81 2.80647e-25 0.001
82 0 0
83 0 0
84 0 0
85 0 0
86 0 0
87 0 0
88 3.64858e-25 0.001
89 0 0
90 3.29858e-25 0.001
91 0 0
92 0 0
93 0 0
94 0 0
95 0 0
96 0 0
97 2.73744e-25 0.001
98 3.33041e-25 0.001
99 0 0
100 0 0
101 0 0
102 2.31223e-25 0.001
103 2.17325e-25 0.001
104 0 0
105 0 0
106 0 0
107 0 0
108 0 0
109 0 0
110 3.1522e-25 0.001
111 5.94945e-25 0.002
112 2.87482e-25 0.001
113 0 0
114 0 0
115 0 0
116 0 0
117 2.85709e-25 0.001
118 0 0
119 3.32807e-25 0.001
120 5.01906e-25 0.002
121 2.93759e-25 0.001
122 2.48552e-25 0.001
123 3.21892e-25 0.001
124 0 0
125 2.95917e-25 0.001
126 2.30746e-25 0.001
127 2.60024e-25 0.001
128 0 0
129 2.74386e-25 0.001
130 0 0
131 2.98726e-25 0.001
132 0 0
133 0 0
134 0 0
135 0 0
136 2.45687e-25 0.001
137 0 0
138 0 0
139 0 0
140 0 0
141 0 0
142 2.97742e-25 0.001
143 0 0
144 5.40519e-25 0.002
145 0 0
146 0 0
147 0 0
148 0 0
149 0 0
150 0 0
151 4.68824e-25 0.002
152 0 0
153 0 0
154 0 0
155 0 0
156 7.9592e-25 0.003
157 2.95131e-25 0.001
158 0 0
159 0 0
160 8.9057e-25 0.002
161 0 0
162 0 0
163 2.10192e-25 0.001
164 0 0
165 5.95813e-25 0.002
166 2.92784e-25 0.001
167 0 0
168 2.07925e-25 0.001
169 0 0
170 1.99147e-25 0.001
171 0 0
172 0 0
173 2.77455e-25 0.001
174 3.06694e-25 0.001
175 4.582e-25 0.002
176 4.55266e-25 0.002
177 0 0
178 2.01072e-25 0.001
179 2.63744e-25 0.001
180 0 0
181 0 0
182 0 0
183 2.77911e-25 0.001
184 2.81121e-25 0.001
185 0 0
186 0 0
187 0 0
188 0 0
189 1.87366e-25 0.001
190 0 0
191 1.83333e-25 0.001
192 2.78319e-25 0.001
193 0 0
194 0 0
195 0 0
196 0 0
197 0 0
198 0 0
199 4.56738e-25 0.002
200 0 0
201 0 0
202 0 0
203 4.52375e-25 0.002
204 0 0
205 2.50128e-25 0.001
206 0 0
207 0 0
208 0 0
209 2.82088e-25 0.001
210 9.48032e-25 0.004
211 0 0
212 0 0
213 0 0
214 2.23359e-25 0.001
215 2.71883e-25 0.001
216 0 0
217 2.56523e-25 0.001
218 4.37238e-25 0.002
219 0 0
220 0 0
221 0 0
222 6.97388e-25 0.003
223 2.59845e-25 0.001
224 4.24955e-25 0.002
225 4.74852e-25 0.002
226 3.11584e-25 0.001
227 2.67579e-25 0.001
228 2.15905e-25 0.001
229 2.66844e-25 0.001
230 2.34485e-25 0.001
231 2.64545e-25 0.001
232 0 0
233 2.28666e-25 0.001
234 0 0
235 4.96197e-25 0.002
236 6.29659e-25 0.002
237 0 0
238 5.26449e-25 0.002
239 4.7665e-25 0.002
240 2.01901e-25 0.001
241 0 0
242 0 0
243 0 0
244 2.64421e-25 0.001
245 6.67829e-25 0.003
246 0 0
247 2.52957e-25 0.001
248 0 0
249 0 0
250 0 0
251 6.77947e-25 0.003
252 2.55013e-25 0.001
253 2.0805e-25 0.001
254 4.55259e-25 0.002
255 0 0
256 0 0
257 0 0
258 1.68526e-25 0.001
259 0 0
260 1.69789e-25 0.001
261 0 0
262 0 0
263 2.0829e-25 0.001
264 0 0
265 0 0
266 1.75858e-25 0.001
267 1.78145e-25 0.001
268 6.71785e-25 0.003
269 4.13806e-25 0.002
270 0 0
271 2.10255e-25 0.001
272 2.31258e-25 0.001
273 0 0
274 9.16912e-25 0.004
275 0 0
276 4.39042e-25 0.002
277 0 0
278 2.28657e-25 0.001
279 1.60643e-25 0.001
280 1.18657e-24 0.005
281 1.52037e-25 0.001
282 2.38783e-25 0.001
283 2.17299e-25 0.001
284 2.40848e-25 0.001
285 3.26052e-25 0.002
286 4.41169e-25 0.002
287 2.85847e-25 0.001
288 0 0
289 2.25263e-25 0.001
290 0 0
291 0 0
292 0 0
293 6.51711e-25 0.003
294 0 0
295 4.18322e-25 0.002
296 2.00317e-25 0.001
297 0 0
298 3.59452e-25 0.002
299 1.67146e-25 0.001
300 1.63061e-25 0.001
301 6.24689e-25 0.003
302 1.87056e-25 0.001
303 0 0
304 0 0
305 0 0
306 2.27679e-25 0.001
307 0 0
308 0 0
309 4.16236e-25 0.002
310 0 0
311 0 0
312 3.86266e-25 0.002
313 4.01536e-25 0.002
314 1.68453e-25 0.001
315 6.5117e-25 0.003
316 3.26219e-25 0.002
317 0 0
318 1.96866e-25 0.001
319 0 0
320 2.06837e-25 0.001
321 8.64898e-25 0.004
322 3.76463e-25 0.002
323 1.89514e-25 0.001
324 3.61089e-25 0.002
325 5.17477e-25 0.003
326 0 0
327 4.10987e-25 0.002
328 4.01822e-25 0.002
329 2.43128e-25 0.001
330 4.19105e-25 0.002
331 4.84614e-25 0.001
332 3.37198e-25 0.002
333 2.12818e-25 0.001
334 0 0
335 1.90267e-25 0.001
336 3.41106e-25 0.002
337 1.35533e-25 0.001
338 5.90769e-25 0.003
339 3.53293e-25 0.002
340 1.44787e-25 0.001
341 0 0
342 1.83935e-25 0.001
343 0 0
344 0 0
345 1.915e-25 0.001
346 3.98336e-25 0.002
347 0 0
348 0 0
349 3.18029e-25 0.002
350 0 0
351 4.79472e-25 0.002
352 0 0
353 0 0
354 0 0
355 0 0
356 2.69159e-25 0.001
357 2.54436e-25 0.001
358 0 0
359 5.92972e-25 0.003
360 2.0485e-25 0.001
361 1.83603e-25 0.001
362 0 0
363 6.43878e-25 0.004
364 1.86688e-25 0.001
365 0 0
366 4.07952e-25 0.002
367 3.65819e-25 0.002
368 4.47341e-25 0.002
369 4.00216e-25 0.002
370 3.43905e-25 0.002
371 1.65989e-25 0.001
372 2.24127e-25 0.001
373 2.5907e-25 0.001
374 4.47482e-25 0.002
375 3.50922e-25 0.002
376 1.35406e-25 0.001
377 2.22401e-25 0.001
378 1.7282e-25 0.001
379 4.35399e-25 0.002
380 1.77762e-25 0.001
381 2.00179e-25 0.001
382 0 0
383 0 0
384 6.91439e-25 0.004
385 3.63875e-25 0.002
386 3.54626e-25 0.002
387 1.66859e-25 0.001
388 3.11295e-25 0.002
389 7.11658e-25 0.004
390 1.08942e-24 0.006
391 1.91261e-25 0.001
392 5.23695e-25 0.003
393 5.6795e-25 0.003
394 0 0
395 1.8834e-25 0.001
396 7.98319e-25 0.004
397 2.13296e-25 0.001
398 3.6319e-25 0.002
399 2.87667e-25 0.002
400 6.49755e-25 0.003
401 1.85753e-25 0.001
402 1.04182e-24 0.005
403 2.05281e-25 0.001
404 0 0
405 1.87366e-25 0.001
406 2.39802e-25 0.001
407 7.60183e-25 0.005
408 0 0
409 5.4349e-25 0.003
410 4.78126e-25 0.003
411 1.30098e-25 0.001
412 0 0
413 1.82638e-25 0.001
414 1.64033e-25 0.001
415 2.74118e-25 0.002
416 0 0
417 9.23918e-25 0.005
418 2.06705e-25 0.001
419 0 0
420 0 0
421 7.23734e-25 0.004
422 3.65269e-25 0.002
423 5.71135e-25 0.003
424 1.89243e-25 0.001
425 0 0
426 3.65516e-25 0.002
427 1.93737e-25 0.001
428 3.26857e-25 0.002
429 0 0
430 5.46015e-25 0.003
431 2.09733e-25 0.001
432 1.89358e-25 0.001
433 4.25992e-25 0.002
434 0 0
435 6.93218e-25 0.004
436 6.54552e-25 0.004
437 1.76264e-25 0.001
438 2.03842e-25 0.001
439 1.43776e-25 0.001
440 3.64923e-25 0.002
441 4.80521e-25 0.003
442 4.77406e-25 0.003
443 1.10011e-25 0.001
444 4.15812e-25 0.003
445 1.81794e-25 0.001
446 0 0
447 4.16662e-25 0.002
448 7.37961e-25 0.004
449 0 0
450 1.73909e-25 0.001
451 1.95815e-25 0.001
452 2.43207e-25 0.001
453 3.28522e-25 0.002
454 4.91371e-25 0.003
455 6.07124e-25 0.003
456 1.7902e-25 0.001
457 3.08548e-25 0.002
458 1.75852e-25 0.001
459 1.66556e-25 0.001
460 1.59607e-25 0.001
461 2.90801e-25 0.002
462 4.81786e-25 0.003
463 0 0
464 2.53366e-25 0.001
465 0 0
466 1.57717e-25 0.001
467 3.80329e-25 0.002
468 3.17539e-25 0.002
469 0 0
470 0 0
471 1.1326e-25 0.001
472 1.91858e-25 0.001
473 1.12748e-25 0.001
474 0 0
475 4.6244e-05 0.503
476 0 0
477 0 0
478 0 0
479 0 0
480 0 0
481 0 0
482 0 0
483 0 0
484 0 0
485 0 0
486 0 0
487 0 0
488 0 0
489 0 0
490 0 0
491 0 0
492 0 0
493 0 0
494 0 0
495 0 0
496 0 0
497 0 0
498 0 0
499 0 0
500 0 0
501 0 0
502 0 0
503 0 0
504 0 0
505 0 0
506 0 0
507 0 0
508 0 0
509 0 0
510 0 0
511 0 0
512 0 0
513 0 0
514 0 0
515 0 0
516 0 0
517 0 0
518 0 0
519 0 0
520 0 0
521 0 0
522 0 0
523 0 0
524 0 0
525 0 0
526 0 0
527 0 0
528 0 0
529 0 0
530 0 0
531 0 0
532 0 0
533 0 0
534 0 0
535 0 0
536 0 0
537 0 0
538 0 0
539 0 0
540 0 0
541 0 0
542 0 0
543 0 0
544 0 0
545 0 0
546 0 0
547 0 0
548 0 0
549 0 0
550 0 0
551 0 0
552 0 0
553 0 0
554 0 0
555 0 0
556 0 0
557 0 0
558 0 0
559 0 0
560 0 0
561 0 0
562 0 0
563 0 0
564 0 0
565 0 0
566 0 0
567 0 0
568 0 0
569 0 0
570 0 0
571 0 0
572 0 0
573 0 0
574 0 0
575 0 0
576 0 0
577 0 0
578 0 0
579 0 0
580 0 0
581 0 0
582 0 0
583 0 0
584 0 0
585 0 0
586 0 0
587 0 0
588 0 0
589 0 0
590 0 0
591 0 0
592 0 0
593 0 0
594 0 0
595 0 0
596 0 0
597 0 0
598 0 0
599 0 0
600 0 0
601 0 0
602 0 0
603 0 0
604 0 0
605 0 0
606 0 0
607 0 0
608 0 0
609 0 0
610 0 0
611 0 0
612 0 0
613 0 0
614 0 0
615 0 0
616 0 0
617 0 0
618 0 0
619 0 0
620 0 0
621 0 0
622 0 0
623 0 0
624 0 0
625 0 0
626 0 0
627 0 0
628 0 0
629 0 0
630 0 0
631 0 0
632 0 0
633 0 0
634 0 0
635 0 0
636 0 0
637 0 0
638 0 0
639 0 0
640 0 0
641 0 0
642 0 0
643 0 0
644 0 0
645 0 0
646 0 0
647 0 0
648 0 0
649 0 0
650 0 0
651 0 0
652 0 0
653 0 0
654 0 0
655 0 0
656 0 0
657 0 0
658 0 0
659 0 0
660 0 0
661 0 0
662 0 0
663 0 0
664 0 0
665 0 0
666 0 0
667 0 0
668 0 0
669 0 0
670 0 0
671 0 0
672 0 0
673 0 0
674 0 0
675 0 0
676 0 0
677 0 0
678 0 0
679 0 0
680 0 0
681 0 0
682 0 0
683 0 0
684 0 0
685 0 0
686 0 0
687 0 0
688 0 0
689 0 0
690 0 0
691 0 0
692 0 0
693 0 0
694 0 0
695 0 0
696 0 0
697 0 0
698 0 0
699 0 0
700 0 0
701 0 0
702 0 0
703 0 0
704 0 0
705 0 0
706 0 0
707 0 0
708 0 0
709 0 0
710 0 0
711 0 0
712 0 0
713 0 0
714 0 0
715 0 0
716 0 0
717 0 0
718 0 0
719 0 0
720 0 0
721 0 0
722 0 0
723 0 0
724 0 0
725 0 0
726 0 0
727 0 0
728 0 0
729 0 0
730 0 0
731 0 0
732 0 0
733 0 0
734 0 0
735 0 0
736 0 0
737 0 0
738 0 0
739 0 0
740 0 0
741 0 0
742 0 0
743 0 0
744 0 0
745 0 0
746 0 0
747 0 0
748 0 0
749 0 0
750 0 0
751 0 0
752 0 0
753 0 0
754 0 0
755 0 0
756 0 0
757 0 0
758 0 0
759 0 0
760 0 0
761 0 0
762 0 0
763 0 0
764 0 0
765 0 0
766 0 0
767 0 0
768 0 0
769 0 0
770 0 0
771 0 0
772 0 0
773 0 0
774 0 0
775 0 0
776 0 0
777 0 0
778 0 0
779 0 0
780 0 0
781 0 0
782 0 0
783 0 0
784 0 0
785 0 0
786 0 0
787 0 0
788 0 0
789 0 0
790 0 0
791 0 0
792 0 0
793 0 0
794 0 0
795 0 0
796 0 0
797 0 0
798 0 0
799 0 0
800 0 0
801 0 0
802 0 0
803 0 0
804 0 0
805 0 0
806 0 0
807 0 0
808 0 0
809 0 0
810 0 0
811 0 0
812 0 0
813 0 0
814 0 0
815 0 0
816 0 0
817 0 0
818 0 0
819 0 0
820 0 0
821 0 0
822 0 0
823 0 0
824 0 0
825 0 0
826 0 0
827 0 0
828 0 0
829 0 0
830 0 0
831 0 0
832 0 0
833 0 0
834 0 0
835 0 0
836 0 0
837 0 0
838 0 0
839 0 0
840 0 0
841 0 0
842 0 0
843 0 0
844 0 0
845 0 0
846 0 0
847 0 0
848 0 0
849 0 0
850 0 0
851 0 0
852 0 0
853 0 0
854 0 0
855 0 0
856 0 0
857 0 0
858 0 0
859 0 0
860 0 0
861 0 0
862 0 0
863 0 0
864 0 0
865 0 0
866 0 0
867 0 0
868 0 0
869 0 0
870 0 0
871 0 0
872 0 0
873 0 0
874 0 0
875 0 0
876 0 0
877 0 0
878 0 0
879 0 0
880 0 0
881 0 0
882 0 0
883 0 0
884 0 0
885 0 0
886 0 0
887 0 0
888 0 0
889 0 0
890 0 0
891 0 0
892 0 0
893 0 0
894 0 0
895 0 0
896 0 0
897 0 0
898 0 0
899 0 0
900 0 0
901 0 0
902 0 0
903 0 0
904 0 0
905 0 0
906 0 0
907 0 0
908 0 0
909 0 0
910 0 0
911 0 0
912 0 0
913 0 0
914 0 0
915 0 0
916 0 0
917 0 0
918 0 0
919 0 0
920 0 0
921 0 0
922 0 0
923 0 0
924 0 0
925 0 0
926 0 0
927 0 0
928 0 0
929 0 0
930 0 0
931 0 0
932 0 0
933 0 0
934 0 0
935 0 0
936 0 0
937 0 0
938 0 0
939 0 0
940 0 0
941 0 0
942 0 0
943 0 0
944 0 0
945 0 0
946 0 0
947 0 0
948 0 0
949 0 0
950 0 0
951 0 0
952 0 0
953 0 0
954 0 0
955 0 0
956 0 0
957 0 0
958 0 0
959 0 0
960 0 0
961 0 0
962 0 0
963 0 0
964 0 0
965 0 0
966 0 0
967 0 0
968 0 0
969 0 0
970 0 0
971 0 0
972 0 0
973 0 0
974 0 0
975 0 0
976 0 0
977 0 0
978 0 0
979 0 0
980 0 0
981 0 0
982 0 0
983 0 0
984 0 0
985 0 0
986 0 0
987 0 0
988 0 0
989 0 0
990 0 0
991 0 0
992 0 0
993 0 0
994 0 0
995 0 0
996 0 0
997 0 0
998 0 0
999 0 0
1000 0 0
1001 0 0
1002 0 0
1003 0 0
1004 0 0
1005 0 0
1006 0 0
1007 0 0
1008 0 0
1009 0 0
1010 0 0
1011 0 0
1012 0 0
1013 0 0
1014 0 0
1015 0 0
1016 0 0
1017 0 0
1018 0 0
1019 0 0
1020 0 0
1021 0 0
1022 0 0
1023 0 0
1024 0 0
1025 0 0
1026 0 0
1027 0 0
1028 0 0
1029 0 0
1030 0 0
1031 0 0
1032 0 0
1033 0 0
1034 0 0
1035 0 0
1036 0 0
1037 0 0
1038 0 0
1039 0 0
1040 0 0
1041 0 0
1042 0 0
1043 0 0
1044 0 0
1045 0 0
1046 0 0
1047 0 0
1048 0 0
1049 0 0
1050 0 0
1051 0 0
1052 0 0
1053 0 0
1054 0 0
1055 0 0
1056 0 0
1057 0 0
1058 0 0
1059 0 0
1060 0 0
1061 0 0
1062 0 0
1063 0 0
1064 0 0
1065 0 0
1066 0 0
1067 0 0
1068 0 0
1069 0 0
1070 0 0
1071 0 0
1072 0 0
1073 0 0
1074 0 0
1075 0 0
1076 0 0
1077 0 0
1078 0 0
1079 0 0
1080 0 0
1081 0 0
1082 0 0
1083 0 0
1084 0 0
1085 0 0
1086 0 0
1087 0 0
1088 0 0
1089 0 0
1090 0 0
1091 0 0
1092 0 0
1093 0 0
1094 0 0
1095 0 0
1096 0 0
1097 0 0
1098 0 0
1099 0 0
1100 0 0
1101 0 0
1102 0 0
1103 0 0
1104 0 0
1105 0 0
1106 0 0
1107 0 0
1108 0 0
1109 0 0
1110 0 0
1111 0 0
1112 0 0
1113 0 0
1114 0 0
1115 0 0
1116 0 0
1117 0 0
1118 0 0
1119 0 0
1120 0 0
1121 0 0
1122 0 0
1123 0 0
1124 0 0
1125 0 0
1126 0 0
1127 0 0
1128 0 0
1129 0 0
1130 0 0
1131 0 0
1132 0 0
1133 0 0
1134 0 0
1135 0 0
1136 0 0
1137 0 0
1138 0 0
1139 0 0
1140 0 0
1141 0 0
1142 0 0
1143 0 0
1144 0 0
1145 0 0
1146 0 0
1147 0 0
1148 0 0
1149 0 0
