0 -1
340 1
0 -1
475 1
0 -1
475 1
0 -1
475 1
0 -1
269 1
0 -1
475 1
0 -1
280 1
0 -1
475 1
0 -1
475 1
0 -1
321 1
0 -1
413 1
0 -1
475 1
0 -1
475 1
0 -1
475 1
0 -1
475 1
0 -1
260 1
0 -1
475 1
0 -1
475 1
0 -1
471 1
0 -1
375 1
0 -1
258 1
0 -1
450 1
0 -1
475 1
0 -1
268 1
0 -1
475 1
0 -1
443 1
0 -1
379 1
0 -1
475 1
0 -1
74 1
0 -1
475 1
0 -1
363 1
0 -1
475 1
0 -1
426 1
0 -1
475 1
0 -1
389 1
0 -1
475 1
0 -1
322 1
0 -1
475 1
0 -1
475 1
0 -1
475 1
0 -1
0 1
0 -1
475 1
0 -1
475 1
0 -1
422 1
0 -1
324 1
0 -1
475 1
0 -1
178 1
0 -1
191 1
0 -1
475 1
0 -1
475 1
0 -1
475 1
0 -1
414 1
0 -1
268 1
0 -1
229 1
0 -1
346 1
0 -1
475 1
0 -1
475 1
0 -1
475 1
0 -1
475 1
0 -1
423 1
0 -1
314 1
0 -1
238 1
0 -1
475 1
0 -1
475 1
0 -1
475 1
0 -1
417 1
0 -1
296 1
0 -1
236 1
0 -1
235 1
0 -1
359 1
0 -1
475 1
0 -1
280 1
0 -1
402 1
0 -1
475 1
0 -1
126 1
0 -1
475 1
0 -1
316 1
0 -1
475 1
0 -1
475 1
0 -1
475 1
0 -1
280 1
0 -1
336 1
0 -1
179 1
0 -1
475 1
0 -1
475 1
0 -1
475 1
0 -1
475 1
0 -1
410 1
0 -1
475 1
0 -1
289 1
0 -1
0 1
0 -1
0 1
0 -1
166 1
0 -1
475 1
0 -1
384 1
0 -1
437 1
0 -1
475 1
0 -1
453 1
0 -1
325 1
0 -1
475 1
0 -1
475 1
0 -1
442 1
0 -1
475 1
0 -1
0 1
0 -1
0 1
0 -1
339 1
0 -1
475 1
0 -1
430 1
0 -1
475 1
0 -1
142 1
0 -1
475 1
0 -1
475 1
0 -1
475 1
0 -1
475 1
0 -1
475 1
0 -1
444 1
0 -1
475 1
0 -1
475 1
0 -1
119 1
0 -1
475 1
0 -1
389 1
0 -1
475 1
0 -1
410 1
0 -1
475 1
0 -1
475 1
0 -1
475 1
0 -1
475 1
0 -1
475 1
0 -1
436 1
0 -1
293 1
0 -1
475 1
0 -1
475 1
0 -1
475 1
0 -1
475 1
0 -1
475 1
0 -1
475 1
0 -1
475 1
0 -1
454 1
0 -1
0 1
0 -1
472 1
0 -1
475 1
0 -1
0 1
0 -1
0 1
0 -1
475 1
0 -1
363 1
0 -1
475 1
0 -1
475 1
0 -1
475 1
0 -1
0 1
0 -1
359 1
0 -1
399 1
0 -1
120 1
0 -1
475 1
0 -1
396 1
0 -1
0 1
0 -1
327 1
0 -1
0 1
0 -1
325 1
0 -1
475 1
0 -1
435 1
0 -1
475 1
0 -1
475 1
0 -1
475 1
0 -1
210 1
0 -1
475 1
0 -1
0 1
0 -1
475 1
0 -1
475 1
0 -1
37 1
0 -1
441 1
0 -1
475 1
0 -1
345 1
0 -1
475 1
0 -1
475 1
0 -1
0 1
0 -1
475 1
0 -1
475 1
0 -1
475 1
0 -1
351 1
0 -1
151 1
0 -1
157 1
0 -1
309 1
0 -1
120 1
0 -1
475 1
0 -1
366 1
0 -1
0 1
0 -1
475 1
0 -1
462 1
0 -1
475 1
0 -1
374 1
0 -1
475 1
0 -1
368 1
0 -1
281 1
0 -1
475 1
0 -1
160 1
0 -1
444 1
0 -1
0 1
0 -1
0 1
0 -1
475 1
0 -1
475 1
0 -1
475 1
0 -1
441 1
0 -1
0 1
0 -1
0 1
0 -1
0 1
0 -1
475 1
0 -1
475 1
0 -1
475 1
0 -1
475 1
0 -1
475 1
0 -1
24 1
0 -1
475 1
0 -1
475 1
0 -1
475 1
0 -1
421 1
0 -1
475 1
0 -1
475 1
0 -1
475 1
0 -1
302 1
0 -1
430 1
0 -1
378 1
0 -1
230 1
0 -1
475 1
0 -1
475 1
0 -1
475 1
0 -1
475 1
0 -1
457 1
0 -1
475 1
0 -1
475 1
0 -1
360 1
0 -1
384 1
0 -1
475 1
0 -1
475 1
0 -1
475 1
0 -1
301 1
0 -1
475 1
0 -1
475 1
0 -1
475 1
0 -1
475 1
0 -1
475 1
0 -1
475 1
0 -1
475 1
0 -1
475 1
0 -1
475 1
0 -1
464 1
0 -1
475 1
0 -1
125 1
0 -1
45 1
0 -1
0 1
0 -1
475 1
0 -1
475 1
0 -1
475 1
0 -1
231 1
0 -1
475 1
0 -1
316 1
0 -1
440 1
0 -1
475 1
0 -1
475 1
0 -1
475 1
0 -1
0 1
0 -1
475 1
0 -1
395 1
0 -1
475 1
0 -1
393 1
0 -1
298 1
0 -1
475 1
0 -1
315 1
0 -1
475 1
0 -1
475 1
0 -1
475 1
0 -1
0 1
0 -1
475 1
0 -1
183 1
0 -1
475 1
0 -1
251 1
0 -1
475 1
0 -1
175 1
0 -1
387 1
0 -1
226 1
0 -1
475 1
0 -1
475 1
0 -1
468 1
0 -1
0 1
0 -1
475 1
0 -1
475 1
0 -1
475 1
0 -1
475 1
0 -1
332 1
0 -1
475 1
0 -1
475 1
0 -1
475 1
0 -1
475 1
0 -1
233 1
0 -1
455 1
0 -1
475 1
0 -1
0 1
0 -1
475 1
0 -1
407 1
0 -1
0 1
0 -1
456 1
0 -1
475 1
0 -1
467 1
0 -1
466 1
0 -1
475 1
0 -1
313 1
0 -1
475 1
0 -1
475 1
0 -1
475 1
0 -1
269 1
0 -1
392 1
0 -1
475 1
0 -1
475 1
0 -1
475 1
0 -1
475 1
0 -1
475 1
0 -1
357 1
0 -1
475 1
0 -1
280 1
0 -1
448 1
0 -1
359 1
0 -1
475 1
0 -1
475 1
0 -1
475 1
0 -1
475 1
0 -1
390 1
0 -1
475 1
0 -1
475 1
0 -1
475 1
0 -1
417 1
0 -1
475 1
0 -1
278 1
0 -1
475 1
0 -1
475 1
0 -1
475 1
0 -1
475 1
0 -1
475 1
0 -1
300 1
0 -1
475 1
0 -1
163 1
0 -1
370 1
0 -1
475 1
0 -1
0 1
0 -1
475 1
0 -1
475 1
0 -1
271 1
0 -1
475 1
0 -1
442 1
0 -1
0 1
0 -1
475 1
0 -1
370 1
0 -1
144 1
0 -1
475 1
0 -1
312 1
0 -1
475 1
0 -1
475 1
0 -1
396 1
0 -1
295 1
0 -1
475 1
0 -1
435 1
0 -1
475 1
0 -1
0 1
0 -1
447 1
0 -1
375 1
0 -1
475 1
0 -1
324 1
0 -1
475 1
0 -1
475 1
0 -1
475 1
0 -1
475 1
0 -1
0 1
0 -1
475 1
0 -1
475 1
0 -1
475 1
0 -1
475 1
0 -1
236 1
0 -1
338 1
0 -1
475 1
0 -1
475 1
0 -1
475 1
0 -1
448 1
0 -1
475 1
0 -1
0 1
0 -1
407 1
0 -1
0 1
0 -1
475 1
0 -1
475 1
0 -1
251 1
0 -1
475 1
0 -1
405 1
0 -1
390 1
0 -1
475 1
0 -1
475 1
0 -1
0 1
0 -1
170 1
0 -1
391 1
0 -1
475 1
0 -1
475 1
0 -1
475 1
0 -1
475 1
0 -1
475 1
0 -1
475 1
0 -1
409 1
0 -1
321 1
0 -1
475 1
0 -1
475 1
0 -1
475 1
0 -1
475 1
0 -1
222 1
0 -1
475 1
0 -1
313 1
0 -1
407 1
0 -1
475 1
0 -1
475 1
0 -1
0 1
0 -1
393 1
0 -1
475 1
0 -1
0 1
0 -1
475 1
0 -1
475 1
0 -1
475 1
0 -1
0 1
0 -1
475 1
0 -1
245 1
0 -1
475 1
0 -1
199 1
0 -1
475 1
0 -1
475 1
0 -1
475 1
0 -1
321 1
0 -1
454 1
0 -1
475 1
0 -1
90 1
0 -1
475 1
0 -1
409 1
0 -1
160 1
0 -1
0 1
0 -1
475 1
0 -1
475 1
0 -1
103 1
0 -1
0 1
0 -1
367 1
0 -1
0 1
0 -1
460 1
0 -1
333 1
0 -1
377 1
0 -1
475 1
0 -1
168 1
0 -1
428 1
0 -1
475 1
0 -1
312 1
0 -1
475 1
0 -1
245 1
0 -1
13 1
0 -1
475 1
0 -1
475 1
0 -1
384 1
0 -1
475 1
0 -1
144 1
0 -1
475 1
0 -1
475 1
0 -1
97 1
0 -1
19 1
0 -1
475 1
0 -1
389 1
0 -1
475 1
0 -1
385 1
0 -1
475 1
0 -1
349 1
0 -1
421 1
0 -1
475 1
0 -1
0 1
0 -1
475 1
0 -1
56 1
0 -1
117 1
0 -1
0 1
0 -1
475 1
0 -1
364 1
0 -1
406 1
0 -1
475 1
0 -1
475 1
0 -1
475 1
0 -1
475 1
0 -1
475 1
0 -1
315 1
0 -1
228 1
0 -1
475 1
0 -1
475 1
0 -1
18 1
0 -1
54 1
0 -1
475 1
0 -1
475 1
0 -1
475 1
0 -1
218 1
0 -1
475 1
0 -1
402 1
0 -1
0 1
0 -1
475 1
0 -1
111 1
0 -1
475 1
0 -1
225 1
0 -1
475 1
0 -1
475 1
0 -1
0 1
0 -1
475 1
0 -1
475 1
0 -1
475 1
0 -1
475 1
0 -1
475 1
0 -1
475 1
0 -1
475 1
0 -1
475 1
0 -1
18 1
0 -1
475 1
0 -1
467 1
0 -1
0 1
0 -1
0 1
0 -1
452 1
0 -1
475 1
0 -1
422 1
0 -1
338 1
0 -1
475 1
0 -1
295 1
0 -1
475 1
0 -1
475 1
0 -1
475 1
0 -1
475 1
0 -1
122 1
0 -1
436 1
0 -1
0 1
0 -1
111 1
0 -1
329 1
0 -1
475 1
0 -1
475 1
0 -1
475 1
0 -1
410 1
0 -1
475 1
0 -1
325 1
0 -1
0 1
0 -1
0 1
0 -1
402 1
0 -1
475 1
0 -1
475 1
0 -1
475 1
0 -1
475 1
0 -1
475 1
0 -1
184 1
0 -1
475 1
0 -1
417 1
0 -1
396 1
0 -1
110 1
0 -1
475 1
0 -1
390 1
0 -1
475 1
0 -1
439 1
0 -1
320 1
0 -1
475 1
0 -1
475 1
0 -1
73 1
0 -1
475 1
0 -1
0 1
0 -1
0 1
0 -1
475 1
0 -1
454 1
0 -1
475 1
0 -1
475 1
0 -1
475 1
0 -1
245 1
0 -1
475 1
0 -1
430 1
0 -1
475 1
0 -1
361 1
0 -1
447 1
0 -1
475 1
0 -1
426 1
0 -1
475 1
0 -1
298 1
0 -1
475 1
0 -1
0 1
0 -1
475 1
0 -1
461 1
0 -1
475 1
0 -1
19 1
0 -1
424 1
0 -1
279 1
0 -1
366 1
0 -1
475 1
0 -1
0 1
0 -1
389 1
0 -1
475 1
0 -1
59 1
0 -1
131 1
0 -1
129 1
0 -1
222 1
0 -1
475 1
0 -1
285 1
0 -1
282 1
0 -1
451 1
0 -1
475 1
0 -1
189 1
0 -1
239 1
0 -1
60 1
0 -1
475 1
0 -1
0 1
0 -1
475 1
0 -1
455 1
0 -1
475 1
0 -1
475 1
0 -1
0 1
0 -1
239 1
0 -1
475 1
0 -1
475 1
0 -1
475 1
0 -1
448 1
0 -1
328 1
0 -1
475 1
0 -1
224 1
0 -1
475 1
0 -1
0 1
0 -1
475 1
0 -1
475 1
0 -1
176 1
0 -1
475 1
0 -1
203 1
0 -1
475 1
0 -1
475 1
0 -1
475 1
0 -1
475 1
0 -1
475 1
0 -1
475 1
0 -1
475 1
0 -1
475 1
0 -1
475 1
0 -1
156 1
0 -1
475 1
0 -1
475 1
0 -1
398 1
0 -1
123 1
0 -1
268 1
0 -1
475 1
0 -1
335 1
0 -1
301 1
0 -1
475 1
0 -1
475 1
0 -1
253 1
0 -1
475 1
0 -1
247 1
0 -1
475 1
0 -1
80 1
0 -1
102 1
0 -1
475 1
0 -1
318 1
0 -1
433 1
0 -1
283 1
0 -1
475 1
0 -1
475 1
0 -1
441 1
0 -1
322 1
0 -1
475 1
0 -1
337 1
0 -1
397 1
0 -1
475 1
0 -1
475 1
0 -1
0 1
0 -1
475 1
0 -1
475 1
0 -1
475 1
0 -1
223 1
0 -1
28 1
0 -1
374 1
0 -1
475 1
0 -1
475 1
0 -1
393 1
0 -1
475 1
0 -1
475 1
0 -1
81 1
0 -1
475 1
0 -1
475 1
0 -1
475 1
0 -1
165 1
0 -1
342 1
0 -1
475 1
0 -1
418 1
0 -1
400 1
0 -1
475 1
0 -1
475 1
0 -1
112 1
0 -1
192 1
0 -1
475 1
0 -1
0 1
0 -1
475 1
0 -1
475 1
0 -1
218 1
0 -1
475 1
0 -1
136 1
0 -1
475 1
0 -1
346 1
0 -1
396 1
0 -1
475 1
0 -1
475 1
0 -1
475 1
0 -1
385 1
0 -1
435 1
0 -1
209 1
0 -1
475 1
0 -1
205 1
0 -1
285 1
0 -1
215 1
0 -1
475 1
0 -1
475 1
0 -1
98 1
0 -1
475 1
0 -1
475 1
0 -1
369 1
0 -1
475 1
0 -1
306 1
0 -1
475 1
0 -1
462 1
0 -1
458 1
0 -1
475 1
0 -1
475 1
0 -1
0 1
0 -1
475 1
0 -1
274 1
0 -1
293 1
0 -1
475 1
0 -1
475 1
0 -1
384 1
0 -1
475 1
0 -1
475 1
0 -1
0 1
0 -1
431 1
0 -1
475 1
0 -1
461 1
0 -1
475 1
0 -1
475 1
0 -1
475 1
0 -1
15 1
0 -1
475 1
0 -1
356 1
0 -1
0 1
0 -1
411 1
0 -1
432 1
0 -1
475 1
0 -1
280 1
0 -1
475 1
0 -1
156 1
0 -1
475 1
0 -1
475 1
0 -1
0 1
0 -1
423 1
0 -1
475 1
0 -1
0 1
0 -1
390 1
0 -1
475 1
0 -1
392 1
0 -1
445 1
0 -1
475 1
0 -1
0 1
0 -1
475 1
0 -1
475 1
0 -1
287 1
0 -1
475 1
0 -1
369 1
0 -1
475 1
0 -1
252 1
0 -1
415 1
0 -1
363 1
0 -1
224 1
0 -1
475 1
0 -1
400 1
0 -1
0 1
0 -1
455 1
0 -1
371 1
0 -1
351 1
0 -1
448 1
0 -1
475 1
0 -1
210 1
0 -1
0 1
0 -1
210 1
0 -1
299 1
0 -1
417 1
0 -1
475 1
0 -1
301 1
0 -1
349 1
0 -1
475 1
0 -1
402 1
0 -1
339 1
0 -1
151 1
0 -1
475 1
0 -1
475 1
0 -1
475 1
0 -1
475 1
0 -1
368 1
0 -1
274 1
0 -1
267 1
0 -1
390 1
0 -1
475 1
0 -1
0 1
0 -1
0 1
0 -1
386 1
0 -1
251 1
0 -1
475 1
0 -1
475 1
0 -1
475 1
0 -1
407 1
0 -1
240 1
0 -1
421 1
0 -1
475 1
0 -1
475 1
0 -1
401 1
0 -1
457 1
0 -1
386 1
0 -1
266 1
0 -1
475 1
0 -1
0 1
0 -1
0 1
0 -1
392 1
0 -1
475 1
0 -1
475 1
0 -1
417 1
0 -1
274 1
0 -1
475 1
0 -1
475 1
0 -1
217 1
0 -1
402 1
0 -1
475 1
0 -1
475 1
0 -1
244 1
0 -1
475 1
0 -1
398 1
0 -1
475 1
0 -1
475 1
0 -1
388 1
0 -1
421 1
0 -1
321 1
0 -1
222 1
0 -1
475 1
0 -1
235 1
0 -1
475 1
0 -1
475 1
0 -1
372 1
0 -1
254 1
0 -1
174 1
0 -1
475 1
0 -1
475 1
0 -1
475 1
0 -1
475 1
0 -1
475 1
0 -1
468 1
0 -1
475 1
0 -1
475 1
0 -1
475 1
0 -1
475 1
0 -1
121 1
0 -1
475 1
0 -1
475 1
0 -1
225 1
0 -1
475 1
0 -1
276 1
0 -1
332 1
0 -1
330 1
0 -1
238 1
0 -1
475 1
0 -1
0 1
0 -1
475 1
0 -1
459 1
0 -1
381 1
0 -1
440 1
0 -1
475 1
0 -1
475 1
0 -1
331 1
0 -1
227 1
0 -1
475 1
0 -1
475 1
0 -1
475 1
0 -1
475 1
0 -1
475 1
0 -1
475 1
0 -1
367 1
0 -1
328 1
0 -1
475 1
0 -1
475 1
0 -1
363 1
0 -1
475 1
0 -1
330 1
0 -1
475 1
0 -1
0 1
0 -1
475 1
0 -1
475 1
0 -1
438 1
0 -1
475 1
0 -1
284 1
0 -1
475 1
0 -1
475 1
0 -1
475 1
0 -1
444 1
0 -1
176 1
0 -1
336 1
0 -1
428 1
0 -1
475 1
0 -1
475 1
0 -1
254 1
0 -1
274 1
0 -1
127 1
0 -1
475 1
0 -1
475 1
0 -1
475 1
0 -1
462 1
0 -1
475 1
0 -1
199 1
0 -1
475 1
0 -1
286 1
0 -1
475 1
0 -1
475 1
0 -1
475 1
0 -1
327 1
0 -1
475 1
0 -1
286 1
0 -1
315 1
0 -1
0 1
0 -1
88 1
0 -1
475 1
0 -1
263 1
0 -1
475 1
0 -1
475 1
0 -1
407 1
0 -1
453 1
0 -1
380 1
0 -1
475 1
0 -1
475 1
0 -1
475 1
0 -1
272 1
0 -1
475 1
0 -1
475 1
0 -1
475 1
0 -1
165 1
0 -1
390 1
0 -1
475 1
0 -1
475 1
0 -1
475 1
0 -1
442 1
0 -1
156 1
0 -1
203 1
0 -1
473 1
0 -1
309 1
0 -1
475 1
0 -1
0 1
0 -1
436 1
0 -1
475 1
0 -1
475 1
0 -1
0 1
0 -1
173 1
0 -1
0 1
0 -1
475 1
0 -1
0 1
0 -1
475 1
0 -1
475 1
0 -1
210 1
0 -1
433 1
0 -1
475 1
0 -1
423 1
0 -1
475 1
0 -1
175 1
0 -1
435 1
0 -1
1 1
0 -1
276 1
0 -1
29 1
0 -1
475 1
0 -1
0 1
0 -1
338 1
0 -1
475 1
0 -1
376 1
0 -1
475 1
0 -1
399 1
0 -1
436 1
0 -1
475 1
0 -1
415 1
0 -1
400 1
0 -1
293 1
0 -1
475 1
0 -1
0 1
0 -1
475 1
0 -1
475 1
0 -1
475 1
0 -1
475 1
0 -1
475 1
0 -1
388 1
0 -1
373 1
0 -1
475 1
0 -1
475 1
0 -1
409 1
0 -1
427 1
0 -1
379 1
0 -1
475 1
0 -1
475 1
0 -1
475 1
0 -1
214 1
0 -1
323 1
0 -1
475 1
0 -1
403 1
