475 7.91172e-22
475 2.56299e-05
475 1.49672e-05
475 9.40288e-06
475 7.91172e-22
475 3.44054e-05
475 1.91105e-06
475 3.34519e-06
475 1.70699e-06
475 3.36599e-08
206 2.92133e-22
475 7.91172e-22
475 1.34028e-05
475 2.05875e-05
475 3.45902e-07
475 8.39064e-06
475 1.52592e-08
0 3.14994e-22
475 7.91172e-22
475 1.31465e-05
475 2.22314e-07
475 9.32603e-06
475 6.26771e-06
475 1.35986e-05
475 3.27393e-07
432 2.04829e-22
475 7.91172e-22
475 3.3105e-05
475 1.09415e-05
475 1.18685e-07
418 1.4621e-22
475 7.91172e-22
475 2.62834e-05
475 5.08663e-06
475 2.41046e-06
475 1.74766e-06
475 9.66748e-06
475 7.75773e-09
253 1.72769e-22
475 7.91172e-22
475 1.60059e-05
475 5.3007e-06
475 1.95518e-05
475 6.357e-09
280 2.30895e-22
475 7.91172e-22
475 4.41147e-06
475 1.33439e-05
475 7.57263e-06
475 9.16703e-06
475 8.30861e-06
475 1.30212e-08
305 1.9052e-22
475 7.91172e-22
475 1.68897e-05
475 1.48764e-05
475 6.53285e-06
475 8.05989e-06
475 3.64117e-06
475 7.91172e-22
475 3.3923e-05
475 9.30232e-07
475 6.03183e-06
475 7.79566e-08
307 2.12979e-22
