0 -1
475 1
0 -1
475 1
0 -1
475 1
0 -1
303 1
0 -1
187 1
0 -1
475 1
0 -1
475 1
0 -1
475 1
0 -1
475 1
0 -1
475 1
0 -1
475 1
0 -1
475 1
0 -1
64 1
0 -1
195 1
0 -1
0 1
0 -1
475 1
0 -1
42 1
0 -1
475 1
0 -1
475 1
0 -1
78 1
0 -1
344 1
0 -1
475 1
0 -1
475 1
0 -1
0 1
0 -1
169 1
0 -1
475 1
0 -1
209 1
0 -1
306 1
0 -1
422 1
0 -1
475 1
0 -1
441 1
0 -1
475 1
0 -1
0 1
0 -1
0 1
0 -1
475 1
0 -1
0 1
0 -1
475 1
0 -1
475 1
0 -1
475 1
0 -1
475 1
0 -1
475 1
0 -1
377 1
0 -1
475 1
0 -1
475 1
0 -1
458 1
0 -1
475 1
0 -1
475 1
0 -1
183 1
0 -1
460 1
0 -1
475 1
0 -1
475 1
0 -1
475 1
0 -1
462 1
0 -1
475 1
0 -1
475 1
0 -1
475 1
0 -1
161 1
0 -1
475 1
0 -1
307 1
0 -1
0 1
0 -1
475 1
0 -1
475 1
0 -1
187 1
0 -1
321 1
0 -1
475 1
0 -1
475 1
0 -1
0 1
0 -1
195 1
0 -1
254 1
0 -1
475 1
0 -1
226 1
0 -1
352 1
0 -1
475 1
0 -1
257 1
0 -1
475 1
0 -1
271 1
0 -1
408 1
0 -1
475 1
0 -1
0 1
0 -1
294 1
0 -1
79 1
0 -1
475 1
0 -1
225 1
0 -1
475 1
0 -1
400 1
0 -1
0 1
0 -1
228 1
0 -1
475 1
0 -1
475 1
0 -1
117 1
0 -1
444 1
0 -1
221 1
0 -1
475 1
0 -1
464 1
0 -1
410 1
0 -1
475 1
0 -1
0 1
0 -1
475 1
0 -1
475 1
0 -1
475 1
