475 1.11889e-21
475 2.491e-05
475 1.11166e-05
475 3.83973e-05
475 1.71767e-05
475 8.39943e-06
475 1.11889e-21
475 1.80161e-06
475 1.61867e-05
475 1.34214e-05
475 3.82214e-06
475 6.67038e-06
475 3.08269e-05
475 1.72705e-05
475 1.33484e-06
475 8.66548e-06
475 1.11889e-21
475 7.14464e-05
475 1.32729e-05
475 9.3906e-06
475 1.21011e-07
0 2.92218e-22
475 1.11889e-21
475 1.02587e-05
475 2.8138e-05
475 2.88265e-05
475 1.89486e-05
475 4.41577e-06
475 9.41248e-06
475 1.11889e-21
475 5.47528e-05
475 3.11624e-05
475 4.44453e-06
475 9.64036e-06
475 1.11889e-21
475 3.73143e-05
475 2.00189e-05
475 2.89692e-05
475 9.48205e-06
475 1.40966e-07
296 1.49273e-22
475 1.11889e-21
475 1.18815e-05
475 1.30751e-05
475 3.10708e-05
475 2.94959e-05
475 5.21941e-06
475 3.46035e-06
458 1.43988e-22
475 1.11889e-21
475 4.70252e-05
475 1.60388e-05
475 3.42791e-06
475 1.51635e-05
475 3.26156e-06
475 8.5341e-06
475 6.54887e-06
475 1.11889e-21
475 2.80084e-05
475 3.72502e-05
475 8.73147e-06
475 1.82184e-05
475 1.63441e-07
428 1.68559e-22
475 1.11889e-21
475 8.69002e-06
475 3.67032e-05
475 2.68346e-05
475 1.40736e-05
475 8.09899e-06
475 5.59957e-06
475 1.11889e-21
475 3.35772e-05
475 4.34847e-05
475 1.22922e-05
475 4.78669e-06
475 1.36537e-07
414 1.46716e-22
475 1.11889e-21
475 4.76696e-05
475 5.67531e-06
475 2.77285e-05
475 1.18549e-05
475 7.07174e-06
475 1.11889e-21
475 1.572e-05
475 5.9324e-05
475 1.1803e-05
475 2.17976e-06
475 6.3339e-06
475 4.6393e-06
475 1.11889e-21
475 6.1355e-05
475 2.64486e-05
475 7.83393e-06
475 4.36246e-06
475 1.11889e-21
475 2.41137e-05
475 3.28453e-05
475 6.13815e-06
475 1.78326e-05
475 6.68032e-06
475 8.75396e-06
475 3.63606e-06
475 1.11889e-21
475 1.32015e-05
475 5.46609e-05
475 1.494e-05
475 2.52014e-06
475 8.91752e-06
475 1.26152e-07
44 2.79458e-22
475 1.11889e-21
475 5.36358e-06
475 4.34136e-05
475 7.31491e-06
475 6.09141e-06
475 1.25763e-05
475 1.58095e-05
475 7.60016e-07
362 1.91585e-22
475 1.11889e-21
475 6.92877e-05
475 1.57696e-05
475 4.01598e-06
475 4.73919e-06
475 4.95914e-07
416 1.55832e-22
475 1.11889e-21
475 1.09038e-05
475 1.57526e-05
475 5.20687e-05
475 1.42788e-05
475 8.72879e-08
0 2.94588e-22
475 1.11889e-21
475 2.23446e-05
475 1.62659e-05
475 9.9569e-06
475 6.55005e-06
475 1.8737e-05
475 1.48269e-05
475 7.70124e-06
475 3.61737e-06
475 1.11889e-21
475 2.08787e-05
475 3.95931e-06
475 3.67091e-05
475 1.38705e-05
475 1.67449e-05
475 7.83751e-06
475 1.11889e-21
475 5.58423e-05
475 1.95611e-05
475 1.13187e-05
475 8.02931e-06
475 2.00901e-07
0 2.89136e-22
475 1.11889e-21
475 4.18097e-05
475 1.46887e-05
475 3.00208e-05
475 6.10826e-06
475 4.06535e-07
311 1.93214e-22
475 1.11889e-21
475 4.34621e-05
475 3.10506e-05
475 1.03713e-05
475 1.04279e-05
475 4.68807e-06
475 1.11889e-21
475 6.61583e-05
475 1.64983e-05
475 4.19889e-06
475 3.25933e-06
475 9.88522e-06
475 1.11889e-21
475 1.38431e-05
475 3.28523e-05
475 2.42272e-05
475 1.7113e-05
475 4.35765e-06
475 7.60673e-06
475 1.11889e-21
475 6.13856e-05
475 5.44284e-06
475 6.49946e-06
475 1.18632e-05
475 2.62915e-06
475 7.86965e-06
475 4.31014e-06
475 1.11889e-21
475 6.2859e-05
475 4.82743e-06
475 5.60212e-06
475 3.90869e-06
475 1.25377e-05
475 6.54648e-06
475 1.23869e-07
376 1.19971e-22
475 1.11889e-21
475 8.42556e-06
475 5.67119e-05
475 2.18133e-05
475 5.31105e-07
475 2.37642e-06
475 3.3909e-07
475 7.05011e-07
336 2.45668e-22
475 1.11889e-21
475 3.59639e-05
475 4.06459e-05
475 7.90321e-06
475 7.71009e-06
475 8.94607e-08
120 2.83113e-22
475 1.11889e-21
475 3.20728e-05
475 2.17175e-05
475 2.26605e-06
475 1.10357e-05
475 1.29891e-05
475 5.11153e-06
475 9.09006e-06
475 5.71716e-06
475 1.11889e-21
475 7.15889e-05
475 6.63846e-06
475 1.25525e-05
475 1.41238e-07
351 2.14257e-22
475 1.11889e-21
475 1.38831e-05
475 1.52517e-05
475 6.78854e-06
475 3.59959e-05
475 1.65065e-05
475 2.44228e-06
475 2.53637e-07
0 3.76314e-22
475 1.11889e-21
475 3.59447e-05
475 3.76017e-05
475 8.47347e-06
475 2.80558e-06
475 9.86426e-06
475 5.31035e-06
475 1.11889e-21
475 7.04801e-05
475 1.23173e-05
475 3.51769e-06
475 5.0896e-06
475 7.81265e-08
227 2.54763e-22
475 1.11889e-21
475 7.62768e-06
475 1.41629e-05
475 5.24677e-05
475 8.81002e-06
475 5.93844e-07
475 1.11271e-05
475 5.21071e-06
475 1.11889e-21
475 5.92564e-05
475 1.9013e-05
475 9.55741e-06
475 2.8297e-06
475 4.66142e-07
368 2.50408e-22
475 1.11889e-21
475 3.76603e-05
475 1.41279e-05
475 4.72814e-06
475 1.13736e-05
475 1.5448e-05
475 7.9713e-06
475 6.46102e-07
398 2.09217e-22
475 1.11889e-21
475 5.86953e-05
475 1.19162e-05
475 1.10182e-06
475 1.27241e-05
475 3.62083e-06
475 7.67692e-06
475 1.53674e-08
187 1.94507e-22
475 1.11889e-21
475 2.61877e-05
475 2.10252e-05
475 1.88794e-06
475 2.46068e-05
475 2.5567e-06
475 1.46713e-05
475 1.54181e-07
384 1.87665e-22
475 1.11889e-21
475 4.74459e-05
475 9.43581e-06
475 2.38307e-05
475 1.23599e-05
475 1.12787e-07
0 3.29702e-22
475 1.11889e-21
475 4.6319e-05
475 2.08942e-06
475 5.31042e-06
475 1.09215e-05
475 1.94914e-05
475 3.93901e-06
475 8.00181e-07
475 4.00503e-06
475 7.12405e-06
475 1.11889e-21
475 2.21738e-05
475 2.79759e-05
475 2.18013e-05
475 1.03992e-05
475 1.08658e-05
475 1.95281e-09
98 2.7799e-22
475 1.11889e-21
475 4.10592e-05
475 3.55342e-05
475 4.42423e-06
475 5.74968e-06
475 1.33228e-06
475 1.2428e-06
475 1.47092e-06
475 7.33962e-08
293 2.61748e-22
475 1.11889e-21
475 4.96673e-05
475 9.02473e-07
475 2.13181e-05
475 5.85103e-06
475 7.2699e-06
475 9.79867e-06
475 6.01231e-08
216 1.94872e-22
475 1.11889e-21
475 5.1219e-05
475 5.69031e-06
475 1.81057e-05
475 1.54208e-05
475 1.31456e-07
0 3.70668e-22
475 1.11889e-21
475 4.42267e-05
475 3.29264e-06
475 2.46116e-05
475 3.49042e-06
475 1.18597e-05
475 2.55938e-06
475 3.55703e-07
245 2.80592e-22
475 1.11889e-21
475 2.24446e-05
475 3.12394e-05
475 1.21094e-05
475 5.11732e-06
475 1.63746e-05
475 6.985e-06
475 3.24447e-07
137 2.61943e-22
475 1.11889e-21
475 6.8936e-05
475 2.06037e-05
475 3.86412e-06
475 6.59622e-06
475 1.11889e-21
475 3.02284e-05
475 1.0486e-05
475 3.52337e-05
475 1.67693e-05
475 8.76978e-08
269 2.05382e-22
475 1.11889e-21
475 1.3608e-05
475 5.01196e-05
475 1.86256e-06
475 1.15833e-05
475 3.80314e-06
475 2.69493e-06
475 2.96068e-06
475 5.62281e-06
475 1.51558e-07
393 1.78558e-22
475 1.11889e-21
475 7.17811e-05
475 7.70039e-06
475 1.35786e-05
475 2.4253e-07
183 2.77246e-22
475 1.11889e-21
475 1.64272e-05
475 2.0893e-06
475 4.18246e-05
475 2.7255e-05
475 8.69823e-06
475 3.08283e-08
0 2.22899e-22
475 1.11889e-21
475 1.29236e-05
475 5.26207e-05
475 1.67143e-05
475 1.17353e-05
475 6.00613e-06
475 1.11889e-21
475 3.15418e-05
475 2.75973e-05
475 2.43019e-05
475 5.24238e-06
475 6.42666e-06
475 1.92479e-07
120 2.22797e-22
475 1.11889e-21
475 5.21971e-05
475 1.6769e-06
475 1.23265e-05
475 1.99619e-05
475 3.47735e-07
475 3.59451e-06
475 5.35959e-08
0 3.65949e-22
475 1.11889e-21
475 2.00717e-05
475 5.45108e-05
475 7.26036e-06
475 9.79354e-06
475 5.96087e-08
0 3.74071e-22
475 1.11889e-21
475 1.38024e-05
475 2.93346e-05
475 3.07922e-06
475 2.49422e-05
475 8.01728e-06
475 3.80084e-06
475 1.13585e-05
475 5.6649e-06
475 1.11889e-21
475 6.85598e-05
475 1.61294e-05
475 6.2031e-06
475 2.427e-08
69 3.46815e-22
475 1.11889e-21
475 1.68835e-05
475 1.18021e-05
475 8.64911e-06
475 2.69481e-06
475 3.447e-05
475 2.71932e-06
475 6.42721e-06
475 4.84601e-07
475 9.31543e-06
475 1.42923e-06
429 1.79175e-22
475 1.11889e-21
475 1.82835e-05
475 2.48937e-05
475 2.33056e-05
475 2.01619e-05
475 1.2792e-06
475 8.46324e-06
475 3.61291e-06
475 1.11889e-21
475 5.63674e-05
475 2.08322e-05
475 1.36236e-05
475 9.17684e-06
475 1.11889e-21
475 4.9089e-05
475 2.63203e-05
475 1.20775e-05
475 6.76345e-06
475 5.75056e-07
400 1.91626e-22
475 1.11889e-21
475 3.48352e-05
475 6.34223e-06
475 2.10378e-05
475 2.42026e-06
475 3.81746e-06
475 1.17533e-05
475 9.08185e-06
475 8.63282e-07
475 9.84865e-06
475 1.11889e-21
475 6.64151e-05
475 1.19829e-05
475 1.42406e-05
475 7.36134e-06
475 1.11889e-21
475 3.22939e-05
475 1.74549e-05
475 9.76193e-07
475 8.03562e-06
475 1.06742e-05
475 7.99973e-06
475 8.46511e-06
475 1.55046e-06
475 5.90108e-06
475 2.71354e-07
239 2.1068e-22
475 1.11889e-21
475 6.84622e-05
475 3.87091e-06
475 1.11626e-05
475 1.07623e-05
475 7.89516e-08
414 1.5137e-22
475 1.11889e-21
475 6.36268e-05
475 2.36456e-05
475 6.85922e-06
475 5.86839e-06
475 1.11889e-21
475 4.35491e-05
475 1.25159e-05
475 7.07452e-06
475 1.5395e-05
475 3.20808e-06
475 1.23718e-05
475 5.88556e-06
475 1.11889e-21
475 6.98876e-05
475 1.14667e-05
475 2.11154e-06
475 1.138e-05
475 5.15411e-06
475 1.11889e-21
475 1.37918e-05
475 4.49811e-05
475 2.57306e-05
475 2.36949e-06
475 5.74324e-06
475 8.87262e-08
446 1.64044e-22
475 1.11889e-21
475 3.51453e-05
475 3.9161e-05
475 1.304e-05
475 7.91006e-06
475 3.66366e-08
0 2.58869e-22
475 1.11889e-21
475 1.41538e-05
475 4.57955e-05
475 2.60775e-05
475 7.85008e-06
475 4.73319e-07
444 1.43192e-22
475 1.11889e-21
475 7.11011e-05
475 4.16903e-06
475 7.14728e-06
475 7.40703e-06
475 2.83425e-06
475 2.75604e-07
283 2.12434e-22
475 1.11889e-21
475 4.17007e-05
475 3.9634e-05
475 6.2563e-06
475 5.86554e-06
475 1.61229e-07
0 3.23675e-22
475 1.11889e-21
475 3.91931e-05
475 8.15351e-06
475 1.86097e-05
475 1.68216e-05
475 8.51975e-06
475 8.70232e-06
475 1.11889e-21
475 4.17757e-05
475 3.50364e-05
475 8.93785e-06
475 5.20757e-07
475 8.94433e-06
475 2.8046e-07
227 1.88025e-22
475 1.11889e-21
475 2.75594e-05
475 2.0569e-05
475 1.45292e-05
475 1.29785e-05
475 1.17445e-05
475 4.41335e-06
475 7.47193e-08
309 2.06131e-22
475 1.11889e-21
475 3.92725e-05
475 3.1865e-05
475 7.6305e-07
475 1.89734e-05
475 8.19674e-08
271 2.30404e-22
475 1.11889e-21
475 1.80036e-05
475 9.35871e-06
475 3.73322e-05
475 3.49688e-06
475 1.47899e-05
475 3.65677e-06
475 7.05859e-07
475 7.73837e-06
475 4.91772e-06
475 1.11889e-21
475 3.5404e-05
475 8.7373e-06
475 3.06067e-05
475 5.3883e-06
475 1.29874e-05
475 6.87625e-06
475 1.11889e-21
475 7.05322e-05
475 1.17066e-06
475 6.31687e-06
475 5.64097e-06
475 1.10669e-05
475 5.27244e-06
475 1.11889e-21
475 6.05251e-05
475 1.89957e-05
475 9.02551e-06
475 4.67606e-06
475 6.77761e-06
475 1.11889e-21
475 6.99589e-05
475 1.73563e-05
475 4.15481e-06
475 4.88435e-08
0 3.51241e-22
475 1.11889e-21
475 2.63812e-05
475 3.27626e-05
475 2.7729e-05
475 2.11905e-06
475 5.51252e-06
475 6.8416e-08
105 2.56282e-22
475 1.11889e-21
475 1.20862e-05
475 2.91274e-06
475 4.70537e-07
0 1.06856e-21
475 1.11889e-21
475 2.75734e-05
475 4.57078e-05
475 1.48151e-05
475 5.27281e-06
475 1.92157e-07
336 1.98835e-22
475 1.11889e-21
475 1.11353e-05
475 5.70179e-05
475 1.50025e-05
475 5.39072e-06
475 2.67674e-06
475 3.29227e-08
303 2.13495e-22
475 1.11889e-21
475 6.43773e-05
475 1.98675e-05
475 7.44987e-06
475 3.36284e-07
335 1.96024e-22
475 1.11889e-21
475 3.07215e-05
475 2.7342e-05
475 9.87695e-06
475 8.78585e-07
475 1.15885e-05
475 9.53958e-06
475 5.05446e-06
475 4.99839e-06
475 1.11889e-21
475 2.02597e-05
475 3.56922e-05
475 3.10574e-05
475 2.08644e-06
475 5.43913e-06
475 1.89313e-07
108 2.40513e-22
475 1.11889e-21
475 4.73095e-05
475 1.01554e-05
475 1.96243e-05
475 4.34482e-06
475 7.31424e-06
475 6.89178e-07
475 1.89439e-06
475 8.66814e-06
475 1.11889e-21
475 3.0279e-05
475 3.12891e-05
475 9.92735e-06
475 3.29175e-07
475 1.90577e-05
475 2.95046e-07
375 2.19131e-22
475 1.11889e-21
475 4.09097e-05
475 1.65866e-06
475 1.1588e-05
475 6.64274e-06
475 2.60961e-05
475 4.11767e-06
475 8.98707e-06
475 1.11889e-21
475 6.28328e-05
475 4.96876e-06
475 3.20705e-06
475 1.53698e-05
475 8.01958e-06
475 2.15453e-08
143 2.33849e-22
475 1.11889e-21
475 1.5697e-05
475 5.30236e-05
475 2.12191e-05
475 1.46366e-06
475 8.5967e-06
475 1.11889e-21
475 1.75248e-05
475 2.20496e-05
475 4.07148e-05
475 7.49463e-06
475 1.07029e-06
475 4.10561e-06
475 3.16412e-07
0 3.01009e-22
475 1.11889e-21
475 5.402e-05
475 3.03323e-05
475 4.93503e-06
475 4.01026e-06
475 6.70236e-06
475 1.11889e-21
475 3.62848e-06
475 2.73896e-05
475 3.05369e-05
475 1.28148e-05
475 1.05696e-05
475 8.11735e-06
475 6.94325e-06
475 1.11889e-21
475 2.28468e-05
475 4.69774e-05
475 4.38321e-06
475 9.22803e-06
475 1.05472e-05
475 1.47744e-06
459 1.64813e-22
