487 -13
487 13
482 -13
482 13
524 -10
524 10
524 -1
524 1
524 -1
524 1
524 -1
981 1
907 1
907 -1
524 1
759 -1
524 1
524 -1
522 1
522 -1
498 1
498 -1
510 1
510 -1
513 1
513 -1
514 1
514 -1
488 -13
488 13
512 -13
512 13
514 1
514 -1
515 1
515 -1
505 1
505 -1
505 1
505 -1
520 1
530 -1
524 1
524 -1
523 1
524 -1
524 1
524 -1
524 1
524 -1
523 1
523 -1
521 1
521 -1
521 1
521 -1
520 1
520 -1
518 1
518 -1
521 1
521 -1
522 1
522 -1
524 1
524 -1
523 1
523 -1
524 1
524 -1
483 -13
483 13
509 -13
509 13
500 -13
500 13
521 -13
521 13
503 -12
503 12
503 -1
710 1
523 1
523 -1
523 1
523 -1
522 1
522 -1
522 1
522 -1
522 1
522 -1
521 1
521 -1
521 1
521 -1
520 1
520 -1
520 1
520 -1
520 1
520 -1
519 1
519 -1
519 1
519 -1
519 1
519 -1
518 1
518 -1
518 1
518 -1
518 1
518 -1
518 1
518 -1
517 1
517 -1
517 1
517 -1
517 1
517 -1
516 1
516 -1
516 1
516 -1
516 1
516 -1
515 1
515 -1
515 1
515 -1
514 1
514 -1
514 1
514 -1
514 1
514 -1
513 1
513 -1
513 1
513 -1
511 1
511 -1
511 1
511 -1
511 1
511 -1
511 1
511 -1
510 1
510 -1
510 1
510 -1
510 1
510 -1
509 1
509 -1
509 1
509 -1
509 1
509 -1
508 1
508 -1
507 1
507 -1
507 1
507 -1
506 1
506 -1
506 1
506 -1
506 1
506 -1
506 1
506 -1
506 1
506 -1
506 1
506 -1
506 1
506 -1
505 1
505 -1
505 1
505 -1
505 1
505 -1
504 1
504 -1
504 1
504 -1
504 1
504 -1
516 1
516 -1
519 1
519 -1
485 1
485 -1
505 1
505 -1
498 -13
498 13
489 -12
489 12
489 -1
728 1
509 1
509 -1
508 1
508 -1
508 1
508 -1
508 1
508 -1
508 1
508 -1
508 1
508 -1
508 1
508 -1
508 1
508 -1
508 1
508 -1
508 1
508 -1
507 1
507 -1
507 1
507 -1
507 1
507 -1
507 1
507 -1
507 1
507 -1
507 1
507 -1
507 1
507 -1
506 1
506 -1
506 1
506 -1
506 1
506 -1
506 1
506 -1
506 1
506 -1
506 1
506 -1
506 1
506 -1
506 1
506 -1
506 1
506 -1
505 1
505 -1
505 1
505 -1
505 1
505 -1
505 1
505 -1
505 1
505 -1
505 1
505 -1
505 1
505 -1
504 1
504 -1
504 1
504 -1
504 1
504 -1
504 1
504 -1
504 1
504 -1
504 1
504 -1
504 1
504 -1
504 1
504 -1
503 1
503 -1
503 1
503 -1
503 1
503 -1
502 1
502 -1
502 1
502 -1
502 1
502 -1
502 1
502 -1
502 1
502 -1
502 1
502 -1
501 1
501 -1
501 1
501 -1
501 1
501 -1
501 1
501 -1
501 1
501 -1
501 1
501 -1
501 1
501 -1
500 1
500 -1
500 1
500 -1
500 1
500 -1
500 1
500 -1
500 1
500 -1
499 1
499 -1
499 1
499 -1
499 1
499 -1
499 1
499 -1
499 1
499 -1
499 1
499 -1
499 1
499 -1
499 1
499 -1
499 1
499 -1
499 1
499 -1
499 1
499 -1
498 1
498 -1
498 1
498 -1
497 1
497 -1
497 1
497 -1
497 1
497 -1
497 1
497 -1
497 1
497 -1
497 1
497 -1
496 1
496 -1
496 1
496 -1
496 1
496 -1
496 1
496 -1
496 1
496 -1
495 1
495 -1
495 1
495 -1
495 1
495 -1
495 1
495 -1
495 1
495 -1
495 1
495 -1
494 1
494 -1
494 1
494 -1
494 1
494 -1
494 1
494 -1
494 1
494 -1
494 1
494 -1
494 1
494 -1
493 1
493 -1
493 1
493 -1
493 1
493 -1
493 1
493 -1
493 1
493 -1
492 1
492 -1
492 1
492 -1
492 1
492 -1
491 1
491 -1
491 1
491 -1
491 1
491 -1
491 1
491 -1
491 1
491 -1
490 1
490 -1
490 1
490 -1
490 1
490 -1
490 1
490 -1
490 1
490 -1
489 1
489 -1
489 1
489 -1
488 1
488 -1
483 1
483 -1
483 1
483 -1
483 1
483 -1
479 1
479 -1
490 1
490 -1
503 1
503 -1
500 1
500 -1
491 1
491 -1
491 1
491 -1
491 1
491 -1
491 1
491 -1
491 1
491 -1
475 -10
475 10
475 -1
444 1
475 -1
371 1
475 -1
475 1
489 -13
489 13
513 -13
513 13
510 -12
510 12
510 -1
510 1
495 1
488 -1
488 1
488 -1
488 1
488 -1
490 1
490 -1
490 1
490 -1
491 1
491 -1
493 1
493 -1
494 1
494 -1
488 1
488 -1
488 1
488 -1
504 -8
504 8
504 -2
504 2
504 -1
504 1
504 -1
506 1
504 1
504 -1
504 1
504 -1
504 1
504 -1
504 1
504 -1
504 1
504 -1
504 1
504 -1
504 -1
521 1
520 1
520 -1
520 1
520 -1
519 1
519 -1
519 1
519 -1
519 1
519 -1
519 1
519 -1
519 1
519 -1
519 1
519 -1
519 1
519 -1
519 1
519 -1
518 1
518 -1
518 1
518 -1
518 1
518 -1
518 1
518 -1
518 1
518 -1
517 1
517 -1
517 1
517 -1
517 1
517 -1
517 1
517 -1
517 1
517 -1
517 1
517 -1
516 1
516 -1
516 1
516 -1
516 1
516 -1
516 1
516 -1
516 1
516 -1
516 1
516 -1
516 1
516 -1
515 1
515 -1
515 1
515 -1
515 1
515 -1
515 1
515 -1
515 1
515 -1
515 1
515 -1
514 1
514 -1
514 1
514 -1
514 1
514 -1
514 1
514 -1
514 1
514 -1
513 1
513 -1
513 1
513 -1
513 1
513 -1
513 1
513 -1
513 1
513 -1
513 1
513 -1
512 1
512 -1
512 1
512 -1
512 1
512 -1
512 1
512 -1
512 1
512 -1
512 1
512 -1
512 1
512 -1
512 1
512 -1
512 1
512 -1
511 1
511 -1
511 1
511 -1
511 1
511 -1
511 1
511 -1
511 1
511 -1
510 1
510 -1
510 1
510 -1
509 1
509 -1
509 1
509 -1
509 1
509 -1
509 1
509 -1
508 1
508 -1
508 1
508 -1
508 1
508 -1
508 1
508 -1
508 1
508 -1
508 1
508 -1
508 1
508 -1
508 1
508 -1
508 1
508 -1
508 1
508 -1
507 1
507 -1
507 1
507 -1
507 1
507 -1
506 1
506 -1
506 1
506 -1
506 1
506 -1
506 1
506 -1
506 1
506 -1
506 1
506 -1
506 1
506 -1
505 1
505 -1
505 1
505 -1
504 1
504 -1
504 1
504 -1
504 -13
504 13
522 -12
522 12
522 -1
523 1
506 1
506 -1
520 -9
520 9
520 -1
520 1
520 -1
890 1
883 1
883 -1
524 1
524 -1
524 1
524 -1
524 1
524 -1
524 1
524 -1
523 1
523 -1
523 1
523 -1
523 1
523 -1
522 1
522 -1
522 1
522 -1
522 1
522 -1
522 1
522 -1
521 1
521 -1
521 1
521 -1
521 1
521 -1
520 -1
320 1
501 1
501 -1
502 1
502 -1
502 1
502 -1
502 1
502 -1
502 1
502 -1
502 1
502 -1
502 1
502 -1
502 1
502 -1
503 1
502 -1
503 1
503 -1
503 1
503 -1
503 1
503 -1
503 1
503 -1
503 1
503 -1
503 1
503 -1
503 1
503 -1
504 1
504 -1
504 1
504 -1
504 1
504 -1
505 1
505 -1
506 1
506 -1
506 1
506 -1
506 1
506 -1
506 1
506 -1
507 1
507 -1
507 1
507 -1
507 1
507 -1
507 1
507 -1
507 1
507 -1
508 1
508 -1
508 1
508 -1
508 1
508 -1
508 1
508 -1
508 1
508 -1
508 1
508 -1
509 1
509 -1
509 1
509 -1
509 1
509 -1
509 1
509 -1
510 1
510 -1
510 1
510 -1
510 1
510 -1
510 1
510 -1
510 1
510 -1
511 1
511 -1
511 1
511 -1
511 1
511 -1
511 1
511 -1
512 1
512 -1
512 1
512 -1
512 1
512 -1
512 1
512 -1
512 1
512 -1
512 1
512 -1
514 1
514 -1
514 1
514 -1
514 1
514 -1
514 1
514 -1
514 1
514 -1
515 1
515 -1
515 1
515 -1
515 1
515 -1
515 1
515 -1
515 1
515 -1
515 1
515 -1
516 1
516 -1
516 1
516 -1
517 1
517 -1
517 1
517 -1
517 1
517 -1
517 1
517 -1
517 1
517 -1
518 1
518 -1
518 1
518 -1
519 1
518 -1
519 1
519 -1
519 1
519 -1
520 -1
1149 1
949 1
949 -1
524 1
524 -1
523 1
523 -1
523 1
523 -1
523 1
523 -1
522 1
522 -1
522 1
522 -1
522 1
522 -1
522 1
522 -1
521 1
521 -1
521 1
521 -1
515 1
515 -1
522 -13
522 13
502 -12
502 12
502 -1
1149 1
894 1
894 -1
523 1
523 -1
522 1
523 -1
523 1
523 -1
522 1
522 -1
520 1
520 -1
519 1
519 -1
519 1
519 -1
518 1
518 -1
516 1
516 -1
516 1
516 -1
515 1
515 -1
513 1
513 -1
513 1
513 -1
513 1
513 -1
511 1
511 -1
511 1
511 -1
510 1
510 -1
510 1
510 -1
509 1
509 -1
509 1
509 -1
509 1
509 -1
508 1
508 -1
507 1
507 -1
504 1
504 -1
504 1
504 -1
504 1
504 -1
509 1
509 -1
501 -10
501 10
501 -1
501 1
501 -1
516 1
515 1
515 -1
514 1
515 -1
514 1
514 -1
514 1
514 -1
514 1
514 -1
514 1
514 -1
514 1
514 -1
514 1
514 -1
514 1
514 -1
514 1
514 -1
514 1
514 -1
514 1
514 -1
514 1
514 -1
513 1
513 -1
513 1
513 -1
513 1
513 -1
513 1
513 -1
513 1
513 -1
513 1
513 -1
513 1
513 -1
513 1
513 -1
513 1
513 -1
512 1
512 -1
512 1
512 -1
512 1
512 -1
512 1
512 -1
511 1
511 -1
511 1
511 -1
511 1
511 -1
511 1
511 -1
511 1
511 -1
511 1
511 -1
511 1
511 -1
510 1
510 -1
510 1
510 -1
510 1
510 -1
510 1
510 -1
510 1
510 -1
509 1
510 -1
509 1
509 -1
509 1
509 -1
509 1
509 -1
509 1
509 -1
508 1
508 -1
508 1
508 -1
508 1
508 -1
508 1
508 -1
507 1
507 -1
507 1
507 -1
507 1
507 -1
507 1
507 -1
506 1
506 -1
506 1
506 -1
506 1
506 -1
506 1
506 -1
506 1
506 -1
506 1
506 -1
506 1
506 -1
505 1
505 -1
505 1
505 -1
505 1
505 -1
505 1
505 -1
505 1
505 -1
504 1
504 -1
504 1
504 -1
504 1
504 -1
504 1
504 -1
504 1
504 -1
504 1
504 -1
504 1
504 -1
503 1
503 -1
503 1
503 -1
503 1
503 -1
503 1
503 -1
502 1
502 -1
502 1
502 -1
502 1
502 -1
502 1
502 -1
501 1
501 -1
501 1
501 -1
501 1
501 -1
501 1
501 -1
501 1
501 -1
483 1
483 -1
484 1
484 -1
495 1
495 -1
498 1
498 -1
501 -1
510 1
510 -12
510 12
510 -1
510 1
510 -1
517 1
516 1
516 -1
516 1
516 -1
515 1
515 -1
515 1
515 -1
515 1
515 -1
515 1
515 -1
515 1
515 -1
515 1
515 -1
515 1
515 -1
515 1
515 -1
515 1
515 -1
515 1
515 -1
515 1
515 -1
514 1
514 -1
514 1
514 -1
514 1
514 -1
514 1
514 -1
514 1
514 -1
514 1
514 -1
514 1
514 -1
514 1
514 -1
513 1
514 -1
513 1
513 -1
513 1
513 -1
513 1
513 -1
513 1
513 -1
512 1
512 -1
512 1
512 -1
512 1
512 -1
512 1
512 -1
512 1
512 -1
511 1
511 -1
511 1
511 -1
511 1
511 -1
511 1
511 -1
511 1
511 -1
511 1
511 -1
511 1
511 -1
511 1
511 -1
511 1
511 -1
510 1
510 -1
510 1
510 -1
510 1
510 -1
510 1
510 -1
509 1
509 -1
509 1
509 -1
509 1
509 -1
509 1
509 -1
509 1
509 -1
509 1
509 -1
508 1
508 -1
508 1
508 -1
508 1
508 -1
508 1
508 -1
507 1
507 -1
507 1
507 -1
507 1
507 -1
506 1
506 -1
506 1
506 -1
506 1
506 -1
506 1
506 -1
506 1
506 -1
505 1
505 -1
505 1
505 -1
505 1
505 -1
505 1
505 -1
504 1
504 -1
504 1
504 -1
503 1
503 -1
503 1
503 -1
503 1
503 -1
503 1
503 -1
503 1
503 -1
503 1
503 -1
502 1
502 -1
502 1
502 -1
502 1
502 -1
502 1
502 -1
501 1
501 -1
511 1
511 -1
