0 -1
475 1
0 -1
475 1
0 -1
201 1
0 -1
475 1
0 -1
313 1
0 -1
475 1
0 -1
475 1
0 -1
475 1
0 -1
475 1
0 -1
269 1
0 -1
396 1
0 -1
475 1
0 -1
475 1
0 -1
475 1
0 -1
239 1
0 -1
475 1
0 -1
475 1
0 -1
0 1
0 -1
0 1
0 -1
317 1
0 -1
459 1
0 -1
475 1
0 -1
475 1
0 -1
380 1
0 -1
475 1
0 -1
475 1
0 -1
475 1
0 -1
475 1
0 -1
137 1
0 -1
475 1
0 -1
0 1
0 -1
475 1
0 -1
133 1
0 -1
475 1
0 -1
0 1
0 -1
475 1
0 -1
475 1
0 -1
475 1
0 -1
77 1
0 -1
475 1
0 -1
237 1
0 -1
0 1
0 -1
355 1
0 -1
475 1
0 -1
436 1
0 -1
475 1
0 -1
475 1
0 -1
475 1
0 -1
475 1
0 -1
469 1
0 -1
410 1
0 -1
475 1
0 -1
475 1
0 -1
475 1
0 -1
475 1
0 -1
475 1
0 -1
430 1
0 -1
180 1
0 -1
0 1
0 -1
404 1
0 -1
79 1
0 -1
352 1
0 -1
234 1
0 -1
0 1
0 -1
475 1
0 -1
475 1
0 -1
410 1
0 -1
6 1
0 -1
475 1
0 -1
205 1
0 -1
475 1
0 -1
475 1
0 -1
113 1
0 -1
475 1
0 -1
475 1
0 -1
0 1
0 -1
475 1
0 -1
475 1
0 -1
218 1
0 -1
382 1
0 -1
475 1
0 -1
0 1
0 -1
463 1
0 -1
464 1
0 -1
269 1
0 -1
475 1
0 -1
0 1
0 -1
96 1
0 -1
324 1
0 -1
301 1
0 -1
475 1
0 -1
475 1
0 -1
475 1
0 -1
359 1
0 -1
475 1
0 -1
475 1
0 -1
475 1
0 -1
475 1
0 -1
475 1
0 -1
0 1
