475 1.65295e-20
475 0.1
475 1.65295e-20
475 0.1
475 1.65295e-20
475 0.1
475 1.65295e-20
475 0.0945007
475 0.00549929
475 1.65295e-20
475 0.1
475 1.65295e-20
475 0.0920317
475 0.00796827
475 1.65295e-20
475 0.1
475 1.65295e-20
475 0.1
475 1.65295e-20
475 0.1
475 1.65295e-20
475 0.1
475 1.65295e-20
475 0.0727476
475 0.00357357
475 0.0236789
475 1.65295e-20
475 0.1
475 1.65295e-20
475 0.0689584
475 0.0194372
475 0.0116044
475 1.65295e-20
475 0.092513
475 0.00748695
475 1.65295e-20
475 0.1
475 1.65295e-20
475 0.1
475 1.65295e-20
475 0.1
475 1.65295e-20
475 0.0671854
475 0.00600432
475 0.0206382
475 0.00617204
475 1.65295e-20
475 0.0862606
475 0.0137394
475 1.65295e-20
475 0.1
475 1.65295e-20
475 0.1
475 1.65295e-20
475 0.0777248
475 0.0169774
475 0.00529783
475 1.65295e-20
475 0.1
475 1.65295e-20
475 0.0960296
475 0.00397037
475 1.65295e-20
475 0.1
475 1.65295e-20
475 0.1
475 1.65295e-20
475 0.0967583
475 0.00324167
475 1.65295e-20
475 0.1
475 1.65295e-20
475 0.1
475 1.65295e-20
475 0.1
475 1.65295e-20
475 0.089821
475 0.010179
475 1.65295e-20
475 0.1
475 1.65295e-20
475 0.0889683
475 0.0110317
475 1.65295e-20
475 0.0912491
475 0.00875092
475 1.65295e-20
475 0.0735858
475 0.0243823
475 0.00203194
475 1.65295e-20
475 0.1
475 1.65295e-20
475 0.1
475 1.65295e-20
475 0.1
475 1.65295e-20
475 0.1
475 1.65295e-20
475 0.1
475 1.65295e-20
475 0.0975127
475 0.00248734
475 1.65295e-20
475 0.0917663
475 0.00823367
475 1.65295e-20
475 0.0965977
475 0.00340227
475 1.65295e-20
475 0.0947309
475 0.00526912
475 1.65295e-20
475 0.0951079
475 0.00489214
475 1.65295e-20
475 0.0879385
475 0.0120615
475 1.65295e-20
475 0.1
475 1.65295e-20
475 0.0829612
475 0.0170388
475 1.65295e-20
475 0.1
475 1.65295e-20
475 0.1
475 1.65295e-20
475 0.0634499
475 0.0365501
475 1.65295e-20
475 0.0709217
475 0.00886124
475 0.00160485
475 0.0126173
475 0.00599486
475 1.65295e-20
475 0.1
475 1.65295e-20
475 0.1
475 1.65295e-20
475 0.1
475 1.65295e-20
475 0.1
475 1.65295e-20
475 0.0957422
475 0.00425776
475 1.65295e-20
475 0.1
475 1.65295e-20
475 0.099452
475 0.000547963
475 1.65295e-20
475 0.1
475 1.65295e-20
475 0.0781771
475 0.0131722
475 0.00865071
475 1.65295e-20
475 0.0389609
475 0.0493416
475 0.0116975
475 1.65295e-20
475 0.0765268
475 0.0234732
475 1.65295e-20
475 0.1
475 1.65295e-20
475 0.0965754
475 0.00342457
475 1.65295e-20
475 0.1
475 1.65295e-20
475 0.0710632
475 0.0168116
475 0.0121252
475 1.65295e-20
475 0.1
475 1.65295e-20
475 0.0479451
475 0.0372256
475 0.0148293
475 1.65295e-20
475 0.1
475 1.65295e-20
475 0.1
475 1.65295e-20
475 0.1
475 1.65295e-20
475 0.1
475 1.65295e-20
475 0.0962216
475 0.00377844
475 1.65295e-20
475 0.0919677
475 0.00803231
475 1.65295e-20
475 0.0788861
475 0.00501214
475 0.0161017
475 1.65295e-20
475 0.1
475 1.65295e-20
475 0.1
475 1.65295e-20
475 0.1
475 1.65295e-20
475 0.1
475 1.65295e-20
475 0.1
475 1.65295e-20
475 0.1
475 1.65295e-20
475 0.1
475 1.65295e-20
475 0.1
475 1.65295e-20
475 0.0529201
475 0.018548
475 0.0285319
475 1.65295e-20
475 0.1
475 1.65295e-20
475 0.1
475 1.65295e-20
475 0.0650563
475 0.00417828
475 0.00725099
475 0.0235144
475 1.65295e-20
475 0.0708851
475 0.0164519
475 0.012663
475 1.65295e-20
475 0.0449395
475 0.0550605
475 1.65295e-20
475 0.1
475 1.65295e-20
475 0.0855639
475 0.0144361
475 1.65295e-20
475 0.0878791
475 0.0121209
475 1.65295e-20
475 0.1
475 1.65295e-20
475 0.1
475 1.65295e-20
475 0.1
475 1.65295e-20
475 0.0945145
475 0.00548547
475 1.65295e-20
475 0.1
475 1.65295e-20
475 0.0616624
475 0.0261245
475 0.0122131
475 1.65295e-20
475 0.0855678
475 0.0144322
475 1.65295e-20
475 0.0854867
475 0.0145133
475 1.65295e-20
475 0.1
475 1.65295e-20
475 0.1
475 1.65295e-20
475 0.0623057
475 0.00626951
475 0.0314248
475 1.65295e-20
475 0.1
475 1.65295e-20
475 0.0789875
475 0.0210125
475 1.65295e-20
475 0.1
475 1.65295e-20
475 0.0798948
475 0.0201052
475 1.65295e-20
475 0.1
475 1.65295e-20
475 0.1
475 1.65295e-20
475 0.1
475 1.65295e-20
475 0.1
475 1.65295e-20
475 0.0511567
475 0.0266801
475 0.0221632
475 1.65295e-20
475 0.1
475 1.65295e-20
475 0.1
475 1.65295e-20
475 0.0683225
475 0.0155964
475 0.0160811
475 1.65295e-20
475 0.1
475 1.65295e-20
475 0.1
475 1.65295e-20
475 0.0969727
475 0.00302728
475 1.65295e-20
475 0.1
475 1.65295e-20
475 0.1
475 1.65295e-20
475 0.1
475 1.65295e-20
475 0.0471099
475 0.0528901
475 1.65295e-20
475 0.1
475 1.65295e-20
475 0.0742887
475 0.0096166
475 0.0160947
475 1.65295e-20
475 0.1
475 1.65295e-20
475 0.1
475 1.65295e-20
475 0.0804735
475 0.0195265
475 1.65295e-20
475 0.0445026
475 0.0317338
475 0.0237636
475 1.65295e-20
475 0.04875
475 0.0489484
475 0.00230152
475 1.65295e-20
475 0.0706421
475 0.0293579
475 1.65295e-20
475 0.1
475 1.65295e-20
475 0.0506072
475 0.0493928
475 1.65295e-20
475 0.1
475 1.65295e-20
475 0.0672173
475 0.00745058
475 0.0159248
475 0.00940736
475 1.65295e-20
475 0.1
475 1.65295e-20
475 0.1
475 1.65295e-20
475 0.0904242
475 0.00957576
475 1.65295e-20
475 0.0688022
475 0.0311978
475 1.65295e-20
475 0.1
475 1.65295e-20
475 0.1
475 1.65295e-20
475 0.1
475 1.65295e-20
475 0.1
475 1.65295e-20
475 0.1
475 1.65295e-20
475 0.0701408
475 0.0243305
475 0.00552874
475 1.65295e-20
475 0.1
475 1.65295e-20
475 0.1
475 1.65295e-20
475 0.1
475 1.65295e-20
475 0.1
475 1.65295e-20
475 0.1
475 1.65295e-20
475 0.1
475 1.65295e-20
475 0.0692882
475 0.0214893
475 0.00922247
475 1.65295e-20
475 0.1
475 1.65295e-20
475 0.036718
475 0.0589367
475 0.00434525
475 1.65295e-20
475 0.1
475 1.65295e-20
475 0.0943936
475 0.00560638
475 1.65295e-20
475 0.0870712
475 0.0129288
475 1.65295e-20
475 0.1
475 1.65295e-20
475 0.0886818
475 0.0113182
475 1.65295e-20
475 0.0737477
475 0.0148852
475 0.0113671
475 1.65295e-20
475 0.1
475 1.65295e-20
475 0.091422
475 0.00857799
475 1.65295e-20
475 0.0786562
475 0.0167775
475 0.00456631
475 1.65295e-20
475 0.1
475 1.65295e-20
475 0.1
475 1.65295e-20
475 0.1
475 1.65295e-20
475 0.1
475 1.65295e-20
475 0.1
475 1.65295e-20
475 0.0904276
475 0.0095724
475 1.65295e-20
475 0.0651495
475 0.0294423
475 0.00540819
475 1.65295e-20
475 0.1
475 1.65295e-20
475 0.1
475 1.65295e-20
475 0.0849976
475 0.0150024
475 1.65295e-20
475 0.1
475 1.65295e-20
475 0.0305379
475 0.0663734
475 0.00308874
475 1.65295e-20
475 0.1
475 1.65295e-20
475 0.0493622
475 0.0506378
475 1.65295e-20
475 0.1
475 1.65295e-20
475 0.1
475 1.65295e-20
475 0.0937513
475 0.00624868
475 1.65295e-20
475 0.0901644
475 0.00983558
475 1.65295e-20
475 0.1
475 1.65295e-20
475 0.1
475 1.65295e-20
475 0.1
475 1.65295e-20
475 0.1
475 1.65295e-20
475 0.1
475 1.65295e-20
475 0.0789102
475 0.0210898
475 1.65295e-20
475 0.0764962
475 0.0234796
475 2.41984e-05
475 1.65295e-20
475 0.1
475 1.65295e-20
475 0.1
475 1.65295e-20
475 0.1
475 1.65295e-20
475 0.1
475 1.65295e-20
475 0.1
475 1.65295e-20
475 0.0918814
475 0.00811856
475 1.65295e-20
475 0.1
475 1.65295e-20
475 0.0651511
475 0.0338452
475 0.00100367
475 1.65295e-20
475 0.0994117
475 0.000588325
475 1.65295e-20
475 0.0420432
475 0.0579568
475 1.65295e-20
475 0.1
475 1.65295e-20
475 0.0902402
475 0.00975975
475 1.65295e-20
475 0.1
475 1.65295e-20
475 0.1
475 1.65295e-20
475 0.0524537
475 0.0371778
475 0.0103685
475 1.65295e-20
475 0.0743898
475 0.00534177
475 0.00648852
475 0.0137799
475 1.65295e-20
475 0.0607107
475 0.0281789
475 0.0111103
475 1.65295e-20
475 0.097032
475 0.00296802
475 1.65295e-20
475 0.1
475 1.65295e-20
475 0.1
475 1.65295e-20
475 0.1
475 1.65295e-20
475 0.0793092
475 0.0206908
475 1.65295e-20
475 0.1
475 1.65295e-20
475 0.0578548
475 0.0280185
475 0.0141267
475 1.65295e-20
475 0.0805383
475 0.0194617
475 1.65295e-20
475 0.1
475 1.65295e-20
475 0.1
475 1.65295e-20
475 0.1
475 1.65295e-20
475 0.088218
475 0.011782
475 1.65295e-20
475 0.0957769
475 0.00422314
475 1.65295e-20
475 0.1
475 1.65295e-20
475 0.0953359
475 0.00466407
475 1.65295e-20
475 0.1
475 1.65295e-20
475 0.0978955
475 0.00210445
475 1.65295e-20
475 0.1
475 1.65295e-20
475 0.0747613
475 0.0171109
475 0.00812777
475 1.65295e-20
475 0.0365313
475 0.0634687
475 1.65295e-20
475 0.1
475 1.65295e-20
475 0.0506227
475 0.0375203
475 0.011857
475 1.65295e-20
475 0.1
475 1.65295e-20
475 0.0392216
475 0.0414486
475 0.0136447
475 0.00568499
475 1.65295e-20
475 0.1
475 1.65295e-20
475 0.1
475 1.65295e-20
475 0.1
475 1.65295e-20
475 0.0282123
475 0.0717877
475 1.65295e-20
475 0.1
475 1.65295e-20
475 0.1
475 1.65295e-20
475 0.0847618
475 0.0152382
475 1.65295e-20
475 0.0837801
475 0.0162199
475 1.65295e-20
475 0.0587756
475 0.0228957
475 0.0183287
475 1.65295e-20
475 0.0527646
475 0.0472354
475 1.65295e-20
475 0.0683491
475 0.0116331
475 0.0167504
475 0.00326737
475 1.65295e-20
475 0.1
475 1.65295e-20
475 0.0997537
475 0.00024629
475 1.65295e-20
475 0.0752066
475 0.0247934
475 1.65295e-20
475 0.0918386
475 0.00816145
475 1.65295e-20
475 0.0690012
475 0.0309988
475 1.65295e-20
475 0.1
475 1.65295e-20
475 0.1
475 1.65295e-20
475 0.1
475 1.65295e-20
475 0.1
475 1.65295e-20
475 0.0741979
475 0.0258021
475 1.65295e-20
475 0.1
475 1.65295e-20
475 0.1
475 1.65295e-20
475 0.1
475 1.65295e-20
475 0.0766543
475 0.00029678
475 0.00445799
475 0.018591
475 1.65295e-20
475 0.0553092
475 0.0446908
475 1.65295e-20
475 0.1
475 1.65295e-20
475 0.0899891
475 0.0100109
475 1.65295e-20
475 0.1
475 1.65295e-20
475 0.0563914
475 0.0374377
475 0.0061709
475 1.65295e-20
475 0.077817
475 0.00923889
475 0.0129441
475 1.65295e-20
475 0.1
475 1.65295e-20
475 0.1
475 1.65295e-20
475 0.0800771
475 0.0163922
475 0.00353068
475 1.65295e-20
475 0.1
475 1.65295e-20
475 0.1
475 1.65295e-20
475 0.0989672
475 0.00103279
475 1.65295e-20
475 0.0506624
475 0.0483819
475 0.000955685
475 1.65295e-20
475 0.0735726
475 0.0264274
475 1.65295e-20
475 0.1
475 1.65295e-20
475 0.0593649
475 0.0406351
475 1.65295e-20
475 0.1
475 1.65295e-20
475 0.0802981
475 0.00523452
475 0.0144674
475 1.65295e-20
475 0.1
475 1.65295e-20
475 0.1
475 1.65295e-20
475 0.1
475 1.65295e-20
475 0.0958981
475 0.00410191
475 1.65295e-20
475 0.0219328
475 0.0780672
475 1.65295e-20
475 0.0644209
475 0.0355791
475 1.65295e-20
475 0.1
475 1.65295e-20
475 0.0711224
475 0.00547642
475 0.0144497
475 0.00895141
475 1.65295e-20
475 0.1
475 1.65295e-20
475 0.1
475 1.65295e-20
475 0.1
475 1.65295e-20
475 0.076928
475 0.0206921
475 0.00237988
475 1.65295e-20
475 0.0903829
475 0.0096171
475 1.65295e-20
475 0.1
475 1.65295e-20
475 0.1
475 1.65295e-20
475 0.0576041
475 0.0292765
475 0.0131194
475 1.65295e-20
475 0.1
475 1.65295e-20
475 0.0868133
475 0.0131867
475 1.65295e-20
475 0.097
475 0.00299996
475 1.65295e-20
475 0.0826439
475 0.0173561
475 1.65295e-20
475 0.0504739
475 0.0364691
475 0.013057
475 1.65295e-20
475 0.0945202
475 0.00547977
475 1.65295e-20
475 0.0684868
475 0.0284454
475 0.00306774
475 1.65295e-20
475 0.0939206
475 0.00607941
475 1.65295e-20
475 0.0451623
475 0.0439439
475 0.0108938
475 1.65295e-20
475 0.0673739
475 0.010303
475 0.00163078
475 0.0206923
475 1.65295e-20
475 0.1
475 1.65295e-20
475 0.1
475 1.65295e-20
475 0.1
475 1.65295e-20
475 0.0955453
475 0.00445467
475 1.65295e-20
475 0.05611
475 0.0210907
475 0.0227994
475 1.65295e-20
475 0.0330878
475 0.0669122
475 1.65295e-20
475 0.1
475 1.65295e-20
475 0.1
475 1.65295e-20
475 0.1
475 1.65295e-20
475 0.1
475 1.65295e-20
475 0.1
475 1.65295e-20
475 0.0836896
475 0.0163104
475 1.65295e-20
475 0.1
475 1.65295e-20
475 0.1
475 1.65295e-20
475 0.0660947
475 0.0339053
475 1.65295e-20
475 0.0530082
475 0.0384327
475 0.00855903
475 1.65295e-20
475 0.1
475 1.65295e-20
475 0.0562821
475 0.0437179
475 1.65295e-20
475 0.0818562
475 0.0181438
475 1.65295e-20
475 0.0408186
475 0.031183
475 0.0279984
475 1.65295e-20
475 0.1
475 1.65295e-20
475 0.1
475 1.65295e-20
475 0.0427382
475 0.0572618
475 1.65295e-20
475 0.1
475 1.65295e-20
475 0.1
475 1.65295e-20
475 0.1
475 1.65295e-20
475 0.0212539
475 0.0460578
475 0.0326883
475 1.65295e-20
475 0.1
475 1.65295e-20
475 0.1
475 1.65295e-20
475 0.1
475 1.65295e-20
475 0.0692765
475 0.0255159
475 0.00520769
475 1.65295e-20
475 0.1
475 1.65295e-20
475 0.0348319
475 0.0651681
475 1.65295e-20
475 0.0883945
475 0.0116055
475 1.65295e-20
475 0.0519943
475 0.0480057
475 1.65295e-20
475 0.1
475 1.65295e-20
475 0.1
475 1.65295e-20
475 0.0907424
475 0.0092576
475 1.65295e-20
475 0.0818785
475 0.0181215
475 1.65295e-20
475 0.0992492
475 0.00075076
475 1.65295e-20
475 0.1
475 1.65295e-20
475 0.1
475 1.65295e-20
475 0.0778299
475 0.0163123
475 0.00585783
475 1.65295e-20
475 0.0775025
475 0.00796296
475 0.0145346
475 1.65295e-20
475 0.0421781
475 0.0526861
475 0.00513578
475 1.65295e-20
475 0.1
475 1.65295e-20
475 0.1
475 1.65295e-20
475 0.0697999
475 0.0254257
475 0.00477433
475 1.65295e-20
475 0.1
475 1.65295e-20
475 0.0743413
475 0.0256587
475 1.65295e-20
475 0.1
475 1.65295e-20
475 0.1
475 1.65295e-20
475 0.0823463
475 0.0176537
475 1.65295e-20
475 0.1
475 1.65295e-20
475 0.0902504
475 0.00974957
475 1.65295e-20
475 0.1
475 1.65295e-20
475 0.0831622
475 0.0168378
475 1.65295e-20
475 0.1
475 1.65295e-20
475 0.0837281
475 0.0162719
475 1.65295e-20
475 0.1
475 1.65295e-20
475 0.0940008
475 0.00599922
475 1.65295e-20
475 0.1
475 1.65295e-20
475 0.1
475 1.65295e-20
475 0.0757707
475 0.0173152
475 0.00691411
475 1.65295e-20
475 0.1
475 1.65295e-20
475 0.1
475 1.65295e-20
475 0.0871124
475 0.0128876
475 1.65295e-20
475 0.1
475 1.65295e-20
475 0.1
475 1.65295e-20
475 0.1
475 1.65295e-20
475 0.1
475 1.65295e-20
475 0.1
475 1.65295e-20
475 0.0357869
475 0.0616334
475 0.00257965
475 1.65295e-20
475 0.1
475 1.65295e-20
475 0.1
475 1.65295e-20
475 0.1
475 1.65295e-20
475 0.0870921
475 0.0129079
475 1.65295e-20
475 0.1
475 1.65295e-20
475 0.0902659
475 0.00973415
475 1.65295e-20
475 0.0924831
475 0.00751693
475 1.65295e-20
475 0.1
475 1.65295e-20
475 0.0303993
475 0.0696007
475 1.65295e-20
475 0.1
475 1.65295e-20
475 0.1
475 1.65295e-20
475 0.0736139
475 0.0263861
475 1.65295e-20
475 0.1
475 1.65295e-20
475 0.0772051
475 0.0227949
475 1.65295e-20
475 0.1
475 1.65295e-20
475 0.0475018
475 0.0524982
475 1.65295e-20
475 0.0753921
475 0.0246079
475 1.65295e-20
475 0.1
475 1.65295e-20
475 0.1
475 1.65295e-20
475 0.1
475 1.65295e-20
475 0.1
475 1.65295e-20
475 0.1
475 1.65295e-20
475 0.0944243
475 0.00557571
475 1.65295e-20
475 0.0571562
475 0.0294522
475 0.0133916
475 1.65295e-20
475 0.1
475 1.65295e-20
475 0.0840461
475 0.0159539
475 1.65295e-20
475 0.1
475 1.65295e-20
475 0.0595277
475 0.0283234
475 0.0121489
475 1.65295e-20
475 0.1
475 1.65295e-20
475 0.0842728
475 0.0157272
475 1.65295e-20
475 0.0994363
475 0.00056373
475 1.65295e-20
475 0.0656631
475 0.0343369
475 1.65295e-20
475 0.0867012
475 0.0132988
475 1.65295e-20
475 0.1
475 1.65295e-20
475 0.1
475 1.65295e-20
475 0.1
475 1.65295e-20
475 0.1
475 1.65295e-20
475 0.0923376
475 0.00766242
475 1.65295e-20
475 0.0606382
475 0.0255251
475 0.0138366
475 1.65295e-20
475 0.0700582
475 0.0063575
475 0.0235843
475 1.65295e-20
475 0.1
475 1.65295e-20
475 0.1
475 1.65295e-20
475 0.1
475 1.65295e-20
475 0.0487341
475 0.0512659
475 1.65295e-20
475 0.1
475 1.65295e-20
475 0.0511797
475 0.038708
475 0.0101123
475 1.65295e-20
475 0.1
475 1.65295e-20
475 0.0549258
475 0.0358966
475 0.00917766
475 1.65295e-20
475 0.0100926
475 0.0899074
475 1.65295e-20
475 0.0952526
475 0.00474743
475 1.65295e-20
475 0.1
475 1.65295e-20
475 0.1
475 1.65295e-20
475 0.1
475 1.65295e-20
475 0.1
475 1.65295e-20
475 0.0555795
475 0.0325596
475 0.0118609
475 1.65295e-20
475 0.0388557
475 0.0580006
475 0.00314369
475 1.65295e-20
475 0.0834263
475 0.0165737
475 1.65295e-20
475 0.0902152
475 0.00978481
475 1.65295e-20
475 0.0780116
475 0.0219884
475 1.65295e-20
475 0.0906983
475 0.0093017
475 1.65295e-20
475 0.0870178
475 0.0129822
475 1.65295e-20
475 0.0636262
475 0.0363738
475 1.65295e-20
475 0.0886572
475 0.0113428
475 1.65295e-20
475 0.0919798
475 0.00802018
475 1.65295e-20
475 0.1
475 1.65295e-20
475 0.0736645
475 0.0263355
475 1.65295e-20
475 0.1
475 1.65295e-20
475 0.1
475 1.65295e-20
475 0.1
475 1.65295e-20
475 0.1
475 1.65295e-20
475 0.1
475 1.65295e-20
475 0.0960741
475 0.00392587
475 1.65295e-20
475 0.1
475 1.65295e-20
475 0.1
475 1.65295e-20
475 0.0860826
475 0.0139174
475 1.65295e-20
475 0.1
475 1.65295e-20
475 0.0946366
475 0.00536339
475 1.65295e-20
475 0.1
475 1.65295e-20
475 0.1
475 1.65295e-20
475 0.1
475 1.65295e-20
475 0.0997532
475 0.000246771
475 1.65295e-20
475 0.042244
475 0.057756
475 1.65295e-20
475 0.1
475 1.65295e-20
475 0.0400663
475 0.0599337
475 1.65295e-20
475 0.1
475 1.65295e-20
475 0.1
475 1.65295e-20
475 0.1
475 1.65295e-20
475 0.1
475 1.65295e-20
475 0.1
475 1.65295e-20
475 0.1
475 1.65295e-20
475 0.1
475 1.65295e-20
475 0.1
475 1.65295e-20
475 0.079684
475 0.0104762
475 0.00983972
475 1.65295e-20
475 0.1
475 1.65295e-20
475 0.1
475 1.65295e-20
475 0.1
475 1.65295e-20
475 0.1
475 1.65295e-20
475 0.1
475 1.65295e-20
475 0.071899
475 0.028101
475 1.65295e-20
475 0.0788508
475 0.0211492
475 1.65295e-20
475 0.0661787
475 0.0338213
475 1.65295e-20
475 0.1
475 1.65295e-20
475 0.1
475 1.65295e-20
475 0.1
475 1.65295e-20
475 0.0377232
475 0.0622768
475 1.65295e-20
475 0.1
475 1.65295e-20
475 0.0999292
475 7.07625e-05
475 1.65295e-20
475 0.0723048
475 0.0276952
475 1.65295e-20
475 0.1
475 1.65295e-20
475 0.0791336
475 0.0174801
475 0.00338629
475 1.65295e-20
475 0.1
475 1.65295e-20
475 0.0980348
475 0.0019652
475 1.65295e-20
475 0.0646831
475 0.00713698
475 0.0195984
475 0.00858159
475 1.65295e-20
475 0.1
475 1.65295e-20
475 0.0610957
475 0.0354953
475 0.00340904
475 1.65295e-20
475 0.0511292
475 0.0488708
475 1.65295e-20
475 0.090495
475 0.009505
475 1.65295e-20
475 0.1
475 1.65295e-20
475 0.0886492
475 0.0113508
475 1.65295e-20
475 0.1
475 1.65295e-20
475 0.1
475 1.65295e-20
475 0.0485041
475 0.0514959
475 1.65295e-20
475 0.1
475 1.65295e-20
475 0.1
475 1.65295e-20
475 0.1
475 1.65295e-20
475 0.0948271
475 0.00517285
475 1.65295e-20
475 0.0995221
475 0.000477926
475 1.65295e-20
475 0.0701056
475 0.0298944
475 1.65295e-20
475 0.1
475 1.65295e-20
475 0.1
475 1.65295e-20
475 0.1
475 1.65295e-20
475 0.1
475 1.65295e-20
475 0.1
475 1.65295e-20
475 0.1
475 1.65295e-20
475 0.1
475 1.65295e-20
475 0.1
475 1.65295e-20
475 0.0723635
475 0.0217659
475 0.00587065
475 1.65295e-20
475 0.1
475 1.65295e-20
475 0.1
475 1.65295e-20
475 0.0954407
475 0.00455932
475 1.65295e-20
475 0.0651226
475 0.0213004
475 0.013577
475 1.65295e-20
475 0.0688886
475 0.0166567
475 0.0144547
475 1.65295e-20
475 0.0877714
475 0.0122286
475 1.65295e-20
475 0.0969714
475 0.00302858
475 1.65295e-20
475 0.0811395
475 0.00110515
475 0.0177553
475 1.65295e-20
475 0.1
475 1.65295e-20
475 0.1
475 1.65295e-20
475 0.1
475 1.65295e-20
475 0.0812493
475 0.00549091
475 0.0132597
475 1.65295e-20
475 0.0758677
475 0.0241323
475 1.65295e-20
475 0.1
475 1.65295e-20
475 0.0597835
475 0.0217757
475 0.0184408
475 1.65295e-20
475 0.1
475 1.65295e-20
475 0.0790606
475 0.0154589
475 0.00548041
475 1.65295e-20
475 0.1
475 1.65295e-20
475 0.0651071
475 0.0226943
475 0.0121986
475 1.65295e-20
475 0.1
475 1.65295e-20
475 0.1
475 1.65295e-20
475 0.0872526
475 0.0127474
475 1.65295e-20
475 0.0579158
475 0.0420842
475 1.65295e-20
475 0.0844261
475 0.0155739
475 1.65295e-20
475 0.0903423
475 0.00965771
475 1.65295e-20
475 0.1
475 1.65295e-20
475 0.0865832
475 0.0134168
475 1.65295e-20
475 0.0701696
475 0.0226996
475 0.00713085
475 1.65295e-20
475 0.0338135
475 0.0399715
475 0.0235901
475 0.00262487
475 1.65295e-20
475 0.1
475 1.65295e-20
475 0.0970906
475 0.00290942
475 1.65295e-20
475 0.1
475 1.65295e-20
475 0.1
475 1.65295e-20
475 0.0755925
475 0.0202454
475 0.00416217
475 1.65295e-20
475 0.1
475 1.65295e-20
475 0.1
475 1.65295e-20
475 0.0274791
475 0.0278811
475 0.0446399
475 1.65295e-20
475 0.0594773
475 0.0347765
475 0.00574624
475 1.65295e-20
475 0.1
475 1.65295e-20
475 0.0853204
475 0.0146796
475 1.65295e-20
475 0.1
475 1.65295e-20
475 0.0903122
475 0.00968775
475 1.65295e-20
475 0.0847536
475 0.0152464
475 1.65295e-20
475 0.1
475 1.65295e-20
475 0.0928758
475 0.00712421
475 1.65295e-20
475 0.1
475 1.65295e-20
475 0.061199
475 0.038801
475 1.65295e-20
475 0.0982959
475 0.00170413
475 1.65295e-20
475 0.1
475 1.65295e-20
475 0.0879913
475 0.0120087
475 1.65295e-20
475 0.0953125
475 0.00468752
475 1.65295e-20
475 0.0800688
475 0.011438
475 0.00849317
475 1.65295e-20
475 0.1
475 1.65295e-20
475 0.0784491
475 0.0104072
475 0.0111437
475 1.65295e-20
475 0.1
475 1.65295e-20
475 0.1
475 1.65295e-20
475 0.1
475 1.65295e-20
475 0.0853615
475 0.0146385
475 1.65295e-20
475 0.1
475 1.65295e-20
475 0.1
475 1.65295e-20
475 0.0948777
475 0.00512231
475 1.65295e-20
475 0.0912802
475 0.00871979
475 1.65295e-20
475 0.1
475 1.65295e-20
475 0.1
475 1.65295e-20
475 0.0984772
475 0.00152279
475 1.65295e-20
475 0.1
475 1.65295e-20
475 0.0668497
475 0.0331503
475 1.65295e-20
475 0.059375
475 0.0306886
475 0.00993638
475 1.65295e-20
475 0.1
475 1.65295e-20
475 0.0490852
475 0.0509148
475 1.65295e-20
475 0.1
475 1.65295e-20
475 0.0915872
475 0.00841276
475 1.65295e-20
475 0.1
475 1.65295e-20
475 0.0718501
475 0.0281499
475 1.65295e-20
475 0.0869532
475 0.0130468
475 1.65295e-20
475 0.1
475 1.65295e-20
475 0.1
475 1.65295e-20
475 0.1
475 1.65295e-20
475 0.0895828
475 0.0104172
475 1.65295e-20
475 0.1
475 1.65295e-20
475 0.1
475 1.65295e-20
475 0.1
475 1.65295e-20
475 0.1
475 1.65295e-20
475 0.0894956
475 0.0105044
475 1.65295e-20
475 0.1
475 1.65295e-20
475 0.0802399
475 0.0197601
475 1.65295e-20
475 0.0954921
475 0.0045079
475 1.65295e-20
475 0.1
475 1.65295e-20
475 0.1
475 1.65295e-20
475 0.1
475 1.65295e-20
475 0.1
475 1.65295e-20
475 0.0694648
475 0.0305352
475 1.65295e-20
475 0.0769617
475 0.0230383
475 1.65295e-20
475 0.1
475 1.65295e-20
475 0.0903785
475 0.00962149
475 1.65295e-20
475 0.078004
475 0.00894473
475 0.0130513
475 1.65295e-20
475 0.0453839
475 0.0231074
475 0.0048386
475 0.0266702
475 1.65295e-20
475 0.0683635
475 0.0316365
475 1.65295e-20
475 0.1
475 1.65295e-20
475 0.1
475 1.65295e-20
475 0.1
475 1.65295e-20
475 0.0947366
475 0.00526338
475 1.65295e-20
475 0.0444206
475 0.0403025
475 0.0152769
475 1.65295e-20
475 0.0691889
475 0.0298492
475 0.000961976
475 1.65295e-20
475 0.0820507
475 0.0179493
475 1.65295e-20
475 0.1
475 1.65295e-20
475 0.1
475 1.65295e-20
475 0.1
475 1.65295e-20
475 0.1
475 1.65295e-20
475 0.0970104
475 0.0029896
475 1.65295e-20
475 0.1
475 1.65295e-20
475 0.1
475 1.65295e-20
475 0.1
475 1.65295e-20
475 0.1
475 1.65295e-20
475 0.0967351
475 0.0032649
475 1.65295e-20
475 0.0735323
475 0.0180523
475 0.00841537
475 1.65295e-20
475 0.1
475 1.65295e-20
475 0.0666353
475 0.0190825
475 0.0142822
475 1.65295e-20
475 0.0356379
475 0.0350503
475 0.0293118
475 1.65295e-20
475 0.0486146
475 0.0513854
475 1.65295e-20
475 0.1
475 1.65295e-20
475 0.0726858
475 0.0273142
475 1.65295e-20
475 0.0752522
475 0.023899
475 0.000848793
475 1.65295e-20
475 0.0693725
475 0.0195154
475 0.0111121
475 1.65295e-20
475 0.0676136
475 0.0323864
475 1.65295e-20
475 0.097642
475 0.00235802
475 1.65295e-20
475 0.0653242
475 0.0285977
475 0.00607816
475 1.65295e-20
475 0.1
475 1.65295e-20
475 0.1
475 1.65295e-20
475 0.0383381
475 0.0616619
475 1.65295e-20
475 0.0930979
475 0.00690213
475 1.65295e-20
475 0.0776224
475 0.0223776
475 1.65295e-20
475 0.1
475 1.65295e-20
475 0.0794148
475 0.0205852
475 1.65295e-20
475 0.1
475 1.65295e-20
475 0.0445069
475 0.0164204
475 0.0390727
475 1.65295e-20
475 0.0831059
475 0.0168941
475 1.65295e-20
475 0.1
475 1.65295e-20
475 0.1
475 1.65295e-20
475 0.0861625
475 0.0138375
475 1.65295e-20
475 0.1
475 1.65295e-20
475 0.0834445
475 0.0165555
475 1.65295e-20
475 0.0687068
475 0.0161815
475 0.0151117
475 1.65295e-20
475 0.1
475 1.65295e-20
475 0.1
475 1.65295e-20
475 0.1
475 1.65295e-20
475 0.1
475 1.65295e-20
475 0.0985747
475 0.00142529
475 1.65295e-20
475 0.1
475 1.65295e-20
475 0.0924764
475 0.00752359
475 1.65295e-20
475 0.1
475 1.65295e-20
475 0.1
475 1.65295e-20
475 0.0849288
475 0.0150712
475 1.65295e-20
475 0.1
475 1.65295e-20
475 0.0926854
475 0.00731456
475 1.65295e-20
475 0.1
475 1.65295e-20
475 0.1
475 1.65295e-20
475 0.0453047
475 0.033763
475 0.00187169
475 0.0190606
475 1.65295e-20
475 0.0909982
475 0.00900179
475 1.65295e-20
475 0.0948411
475 0.00515891
475 1.65295e-20
475 0.0585738
475 0.0414262
475 1.65295e-20
475 0.0437401
475 0.0389683
475 0.0172917
475 1.65295e-20
475 0.054927
475 0.045073
475 1.65295e-20
475 0.1
475 1.65295e-20
475 0.1
475 1.65295e-20
475 0.1
475 1.65295e-20
475 0.1
475 1.65295e-20
475 0.1
475 1.65295e-20
475 0.1
475 1.65295e-20
475 0.0906952
475 0.00930481
475 1.65295e-20
475 0.1
475 1.65295e-20
475 0.0817741
475 0.0182259
475 1.65295e-20
475 0.1
475 1.65295e-20
475 0.0752811
475 0.0247189
475 1.65295e-20
475 0.0943653
475 0.00563472
475 1.65295e-20
475 0.1
475 1.65295e-20
475 0.0879177
475 0.0120823
475 1.65295e-20
475 0.0911336
475 0.00886641
475 1.65295e-20
475 0.0958866
475 0.00411339
475 1.65295e-20
475 0.1
475 1.65295e-20
475 0.1
475 1.65295e-20
475 0.0956158
475 0.00438418
475 1.65295e-20
475 0.1
475 1.65295e-20
475 0.1
475 1.65295e-20
475 0.0886839
475 0.0113161
475 1.65295e-20
475 0.0870053
475 0.0129947
475 1.65295e-20
475 0.0704908
475 0.0295092
475 1.65295e-20
475 0.1
475 1.65295e-20
475 0.1
475 1.65295e-20
475 0.1
475 1.65295e-20
475 0.0781531
475 0.0218469
475 1.65295e-20
475 0.1
475 1.65295e-20
475 0.0692082
475 0.0307918
475 1.65295e-20
475 0.0835173
475 0.0164827
475 1.65295e-20
475 0.0821834
475 0.0178166
475 1.65295e-20
475 0.1
475 1.65295e-20
475 0.1
475 1.65295e-20
475 0.0821632
475 0.0178368
475 1.65295e-20
475 0.0951944
475 0.0048056
475 1.65295e-20
475 0.0429587
475 0.00721738
475 0.0203435
475 0.0294285
475 5.19328e-05
475 1.65295e-20
475 0.1
475 1.65295e-20
475 0.0656924
475 0.0343076
475 1.65295e-20
475 0.0742208
475 0.0257792
475 1.65295e-20
475 0.1
475 1.65295e-20
475 0.0707118
475 0.0292882
475 1.65295e-20
475 0.1
475 1.65295e-20
475 0.0989729
475 0.0010271
475 1.65295e-20
475 0.0643827
475 0.0102246
475 0.0253927
475 1.65295e-20
475 0.0482537
475 0.0355392
475 0.0162071
475 1.65295e-20
475 0.079897
475 0.020103
475 1.65295e-20
475 0.0924386
475 0.00756143
475 1.65295e-20
475 0.1
475 1.65295e-20
475 0.0904064
475 0.00959364
475 1.65295e-20
475 0.1
475 1.65295e-20
475 0.0755562
475 0.0125716
475 0.0118722
475 1.65295e-20
475 0.1
475 1.65295e-20
475 0.0690631
475 0.0160893
475 0.0148476
475 1.65295e-20
475 0.1
475 1.65295e-20
475 0.1
475 1.65295e-20
475 0.0599265
475 0.0400735
475 1.65295e-20
475 0.0979082
475 0.00209179
475 1.65295e-20
475 0.1
475 1.65295e-20
475 0.1
475 1.65295e-20
475 0.1
475 1.65295e-20
475 0.1
475 1.65295e-20
475 0.0960678
475 0.00393221
475 1.65295e-20
475 0.1
475 1.65295e-20
475 0.0794908
475 0.0205092
475 1.65295e-20
475 0.0804094
475 0.00664936
475 0.0129413
475 1.65295e-20
475 0.1
475 1.65295e-20
475 0.0937891
475 0.00621092
475 1.65295e-20
475 0.1
475 1.65295e-20
475 0.1
475 1.65295e-20
475 0.089069
475 0.010931
475 1.65295e-20
475 0.0982022
475 0.0017978
475 1.65295e-20
475 0.0472024
475 0.0527976
475 1.65295e-20
475 0.0824418
475 0.0175582
475 1.65295e-20
475 0.1
475 1.65295e-20
475 0.1
475 1.65295e-20
475 0.0198243
475 0.0544067
475 0.025769
475 1.65295e-20
475 0.1
475 1.65295e-20
475 0.0706009
475 0.0207262
475 0.00867296
475 1.65295e-20
475 0.0790359
475 0.0203163
475 0.000647821
475 1.65295e-20
475 0.1
475 1.65295e-20
475 0.1
475 1.65295e-20
475 0.0685582
475 0.0314418
475 1.65295e-20
475 0.0826955
475 0.0173045
475 1.65295e-20
475 0.0638874
475 0.0185194
475 0.0175932
475 1.65295e-20
475 0.0934064
475 0.00659358
475 1.65295e-20
475 0.1
475 1.65295e-20
475 0.0786839
475 0.0089042
475 0.0124119
475 1.65295e-20
475 0.0726176
475 0.0273824
475 1.65295e-20
475 0.1
475 1.65295e-20
475 0.0728504
475 0.00965908
475 0.0174905
475 1.65295e-20
475 0.1
475 1.65295e-20
475 0.1
475 1.65295e-20
475 0.1
475 1.65295e-20
475 0.0886524
475 0.0113476
475 1.65295e-20
475 0.0806554
475 0.0193446
475 1.65295e-20
475 0.0904911
475 0.00950891
475 1.65295e-20
475 0.0634702
475 0.0365298
475 1.65295e-20
475 0.1
475 1.65295e-20
475 0.0294834
475 0.0705166
475 1.65295e-20
475 0.0781132
475 0.00720814
475 0.0146787
475 1.65295e-20
475 0.1
475 1.65295e-20
475 0.1
475 1.65295e-20
475 0.1
475 1.65295e-20
475 0.1
475 1.65295e-20
475 0.0886623
475 0.0113377
475 1.65295e-20
475 0.1
475 1.65295e-20
475 0.1
475 1.65295e-20
475 0.1
475 1.65295e-20
475 0.1
475 1.65295e-20
475 0.0196525
475 0.0803475
475 1.65295e-20
475 0.1
475 1.65295e-20
475 0.1
475 1.65295e-20
475 0.1
475 1.65295e-20
475 0.0924097
475 0.00759032
475 1.65295e-20
475 0.0690176
475 0.025969
475 0.00501337
475 1.65295e-20
475 0.0341165
475 0.0209603
475 0.0449232
475 1.65295e-20
475 0.0625464
475 0.0147758
475 0.0155707
475 0.00710705
475 1.65295e-20
475 0.1
475 1.65295e-20
475 0.0957368
475 0.00426318
475 1.65295e-20
475 0.1
475 1.65295e-20
475 0.1
475 1.65295e-20
475 0.0864965
475 0.0135035
475 1.65295e-20
475 0.0739313
475 0.0260687
475 1.65295e-20
475 0.0918183
475 0.00818169
475 1.65295e-20
475 0.0939906
475 0.00600944
475 1.65295e-20
475 0.1
475 1.65295e-20
475 0.1
475 1.65295e-20
475 0.0622493
475 0.0354021
475 0.00234862
475 1.65295e-20
475 0.0708197
475 0.0291803
475 1.65295e-20
475 0.1
475 1.65295e-20
475 0.1
475 1.65295e-20
475 0.1
475 1.65295e-20
475 0.0962754
475 0.00372462
475 1.65295e-20
475 0.1
475 1.65295e-20
475 0.1
475 1.65295e-20
475 0.0829359
475 0.0170641
475 1.65295e-20
475 0.1
475 1.65295e-20
475 0.1
475 1.65295e-20
475 0.1
475 1.65295e-20
475 0.1
475 1.65295e-20
475 0.1
475 1.65295e-20
475 0.0880384
475 0.0119616
475 1.65295e-20
475 0.0977224
475 0.00227761
475 1.65295e-20
475 0.1
475 1.65295e-20
475 0.092864
475 0.00713596
475 1.65295e-20
475 0.1
475 1.65295e-20
475 0.0681791
475 0.0100459
475 0.00366046
475 0.0181145
475 1.65295e-20
475 0.1
475 1.65295e-20
475 0.0835569
475 0.0164431
475 1.65295e-20
475 0.0757015
475 0.00920274
475 0.0150958
475 1.65295e-20
475 0.1
475 1.65295e-20
475 0.0475699
475 0.0436875
475 0.00874257
475 1.65295e-20
475 0.1
475 1.65295e-20
475 0.0979403
475 0.00205966
475 1.65295e-20
475 0.0890414
475 0.0109586
475 1.65295e-20
475 0.1
475 1.65295e-20
475 0.045264
475 0.042898
475 0.011838
475 1.65295e-20
475 0.1
475 1.65295e-20
475 0.0705932
475 0.0257229
475 0.0036839
475 1.65295e-20
475 0.1
475 1.65295e-20
475 0.0732451
475 0.012549
475 0.0142059
475 1.65295e-20
475 0.0910762
475 0.00892379
475 1.65295e-20
475 0.1
475 1.65295e-20
475 0.0145104
475 0.0854896
475 1.65295e-20
475 0.1
475 1.65295e-20
475 0.1
475 1.65295e-20
475 0.068491
475 0.00329321
475 0.0195279
475 0.00868789
475 1.65295e-20
475 0.085437
475 0.014563
475 1.65295e-20
475 0.048747
475 0.051253
475 1.65295e-20
475 0.0870342
475 0.0129658
475 1.65295e-20
475 0.1
475 1.65295e-20
475 0.0639861
475 0.018085
475 0.0179289
475 1.65295e-20
475 0.1
475 1.65295e-20
475 0.1
475 1.65295e-20
475 0.0689541
475 0.0109195
475 0.00270578
475 0.0174206
475 1.65295e-20
475 0.0545455
475 0.0269927
475 0.0184618
475 1.65295e-20
475 0.0291716
475 0.0482927
475 0.0137174
475 0.00881828
475 1.65295e-20
475 0.0585887
475 0.0260464
475 0.0153649
475 1.65295e-20
475 0.0841376
475 0.0158624
475 1.65295e-20
475 0.1
475 1.65295e-20
475 0.0727095
475 0.0272905
475 1.65295e-20
475 0.1
475 1.65295e-20
475 0.1
475 1.65295e-20
475 0.1
475 1.65295e-20
475 0.0830941
475 0.0169059
475 1.65295e-20
475 0.059439
475 0.040561
475 1.65295e-20
475 0.0626258
475 0.0170793
475 0.0202949
475 1.65295e-20
475 0.061475
475 0.0149516
475 0.0235733
475 1.65295e-20
475 0.0794761
475 0.0205239
475 1.65295e-20
475 0.1
475 1.65295e-20
475 0.1
475 1.65295e-20
475 0.0652186
475 0.03022
475 0.00456137
475 1.65295e-20
475 0.1
475 1.65295e-20
475 0.1
475 1.65295e-20
475 0.0814872
475 0.0185128
475 1.65295e-20
475 0.1
475 1.65295e-20
475 0.0750066
475 0.00527639
475 0.00439179
475 0.0153252
475 1.65295e-20
475 0.1
475 1.65295e-20
475 0.1
475 1.65295e-20
475 0.1
475 1.65295e-20
475 0.0992707
475 0.000729282
475 1.65295e-20
475 0.0752822
475 0.0247178
475 1.65295e-20
475 0.1
475 1.65295e-20
475 0.1
475 1.65295e-20
475 0.0740138
475 0.0259862
475 1.65295e-20
475 0.1
475 1.65295e-20
475 0.1
475 1.65295e-20
475 0.0937662
475 0.00623378
475 1.65295e-20
475 0.0623091
475 0.037357
475 0.000333842
475 1.65295e-20
475 0.0981976
475 0.00180245
475 1.65295e-20
475 0.097309
475 0.00269102
475 1.65295e-20
475 0.1
475 1.65295e-20
475 0.0813945
475 0.0186055
475 1.65295e-20
475 0.1
475 1.65295e-20
475 0.0662096
475 0.0186897
475 0.0151007
475 1.65295e-20
475 0.1
475 1.65295e-20
475 0.0869111
475 0.0130889
475 1.65295e-20
475 0.1
475 1.65295e-20
475 0.0460676
475 0.0446667
475 0.00926575
475 1.65295e-20
475 0.1
475 1.65295e-20
475 0.0787075
475 0.00831198
475 0.0129805
475 1.65295e-20
475 0.0903746
475 0.00962538
475 1.65295e-20
475 0.0584111
475 0.0415889
475 1.65295e-20
475 0.089477
475 0.010523
475 1.65295e-20
475 0.1
475 1.65295e-20
475 0.0816114
475 0.0183886
475 1.65295e-20
475 0.1
475 1.65295e-20
475 0.0914397
475 0.00856027
475 1.65295e-20
475 0.1
475 1.65295e-20
475 0.068857
475 0.0226764
475 0.00846653
475 1.65295e-20
475 0.083448
475 0.016552
475 1.65295e-20
475 0.0749796
475 0.0250204
475 1.65295e-20
475 0.0807415
475 0.0192585
475 1.65295e-20
475 0.0849646
475 0.0150354
475 1.65295e-20
475 0.0996213
475 0.000378705
475 1.65295e-20
475 0.1
475 1.65295e-20
475 0.1
475 1.65295e-20
475 0.1
475 1.65295e-20
475 0.1
475 1.65295e-20
475 0.087979
475 0.012021
475 1.65295e-20
475 0.0731262
475 0.0055016
475 0.00477737
475 0.0165949
475 1.65295e-20
475 0.092614
475 0.00738596
475 1.65295e-20
475 0.0763713
475 0.0236287
475 1.65295e-20
475 0.0819594
475 0.0180406
475 1.65295e-20
475 0.0951741
475 0.00482587
475 1.65295e-20
475 0.1
475 1.65295e-20
475 0.1
475 1.65295e-20
475 0.0994028
475 0.000597198
475 1.65295e-20
475 0.0918818
475 0.0081182
475 1.65295e-20
475 0.0446174
475 0.0428702
475 0.0125124
475 1.65295e-20
475 0.081228
475 0.018772
475 1.65295e-20
475 0.0580761
475 0.0419239
475 1.65295e-20
475 0.1
475 1.65295e-20
475 0.0656609
475 0.00589179
475 0.0165151
475 0.0119322
475 1.65295e-20
475 0.1
475 1.65295e-20
475 0.1
475 1.65295e-20
475 0.0469068
475 0.033405
475 0.00275296
475 0.0169353
475 1.65295e-20
475 0.1
475 1.65295e-20
475 0.0793555
475 0.0061752
475 0.0144693
475 1.65295e-20
475 0.0768603
475 0.0226429
475 0.000496873
475 1.65295e-20
475 0.0688441
475 0.0131298
475 0.0180261
475 1.65295e-20
475 0.1
475 1.65295e-20
475 0.1
475 1.65295e-20
475 0.1
475 1.65295e-20
475 0.1
475 1.65295e-20
475 0.0396004
475 0.0551204
475 0.00527923
475 1.65295e-20
475 0.1
475 1.65295e-20
475 0.1
475 1.65295e-20
475 0.1
475 1.65295e-20
475 0.1
475 1.65295e-20
475 0.1
475 1.65295e-20
475 0.0458612
475 0.0541388
475 1.65295e-20
475 0.0859443
475 0.0140557
475 1.65295e-20
475 0.1
475 1.65295e-20
475 0.1
475 1.65295e-20
475 0.1
475 1.65295e-20
475 0.1
475 1.65295e-20
475 0.1
475 1.65295e-20
475 0.1
475 1.65295e-20
475 0.0346067
475 0.0653933
475 1.65295e-20
475 0.1
475 1.65295e-20
475 0.0756672
475 0.0243328
475 1.65295e-20
475 0.1
475 1.65295e-20
475 0.0848028
475 0.0151972
475 1.65295e-20
475 0.1
475 1.65295e-20
475 0.0896197
475 0.0103803
475 1.65295e-20
475 0.0647641
475 0.0170368
475 0.0181991
475 1.65295e-20
475 0.1
475 1.65295e-20
475 0.1
475 1.65295e-20
475 0.0670231
475 0.0114104
475 0.0125136
475 0.00905294
475 1.65295e-20
475 0.0578105
475 0.0197726
475 0.0216647
475 0.000752123
475 1.65295e-20
475 0.1
475 1.65295e-20
475 0.1
475 1.65295e-20
475 0.1
475 1.65295e-20
475 0.0607428
475 0.0392572
475 1.65295e-20
475 0.1
475 1.65295e-20
475 0.0742872
475 0.00617254
475 0.0195402
475 1.65295e-20
475 0.1
475 1.65295e-20
475 0.1
475 1.65295e-20
475 0.1
475 1.65295e-20
475 0.1
475 1.65295e-20
475 0.0867824
475 0.0132176
475 1.65295e-20
475 0.0673254
475 0.0138138
475 0.00232966
475 0.0165311
475 1.65295e-20
475 0.1
475 1.65295e-20
475 0.1
475 1.65295e-20
475 0.0887192
475 0.0112808
475 1.65295e-20
475 0.0721597
475 0.00731131
475 0.020529
475 1.65295e-20
475 0.1
475 1.65295e-20
475 0.0759329
475 0.0220356
475 0.00203143
475 1.65295e-20
475 0.1
475 1.65295e-20
475 0.1
475 1.65295e-20
475 0.1
475 1.65295e-20
475 0.07516
475 0.0108112
475 0.0140287
475 1.65295e-20
475 0.0679797
475 0.0119014
475 0.0201189
475 1.65295e-20
475 0.1
475 1.65295e-20
475 0.1
475 1.65295e-20
475 0.086898
475 0.013102
475 1.65295e-20
475 0.0415267
475 0.0401192
475 0.0183541
475 1.65295e-20
475 0.1
475 1.65295e-20
475 0.0520561
475 0.0446948
475 0.00324903
475 1.65295e-20
475 0.1
475 1.65295e-20
475 0.0881226
475 0.0118774
475 1.65295e-20
475 0.1
475 1.65295e-20
475 0.0782997
475 0.00329948
475 0.0184008
475 1.65295e-20
475 0.0470566
475 0.0529434
475 1.65295e-20
475 0.0664393
475 0.0335607
475 1.65295e-20
475 0.0485359
475 0.0514641
475 1.65295e-20
475 0.1
