0.0450955
0.0366705
0.0424399
0.0358031
0.0415942
0.0412774
0.045137
0.037156
0.0528447
0.039743
0.0493588
0.034563
0.0374867
0.0476267
0.035544
0.0456339
0.0495024
0.0366183
0.0346227
0.0437787
0.0490405
0.0362543
0.047209
0.0406633
0.035433
0.0381613
0.0555452
0.0350335
0.0486673
0.0436455
0.0444855
0.0402553
0.047316
0.0414225
0.0409905
0.0456142
0.0554686
0.041474
0.0558235
0.0347401
0.0439523
0.0449089
0.0347302
0.040079
0.0513566
0.0458271
0.0363833
0.0421693
0.0384651
0.037229
0.0375536
0.0504897
