475 1.83112e-23
475 0.0508558
475 0.219595
475 0.0494416
475 0.0197543
479 1.75698
479 0.0389136
480 0.247946
482 0.887886
482 0.44587
482 0.00683224
482 0.0228853
483 0.0525794
484 0.62503
485 0.361969
486 0.830268
487 0.189159
487 0.161699
487 0.0846292
487 0.0123034
488 0.195229
488 0.208016
489 0.444046
490 0.407478
491 0.35354
492 0.586366
493 0.415218
493 0.121578
493 0.167718
494 0.223897
495 0.663801
496 0.44315
497 0.327729
497 0.0267343
498 0.342794
498 0.362334
499 0.450178
500 0.274114
500 0.208281
501 0.0546659
501 0.00447743
502 0.931408
504 0.559984
505 0.776408
505 0.0138058
507 0.701538
507 0.196745
508 0.759282
510 0.719105
510 0.0012102
511 0.559919
512 0.374907
513 0.384183
514 0.345972
514 0.457734
516 0.589212
516 0.113029
517 0.389672
518 0.479058
518 0.342772
520 0.58745
520 0.0843206
520 0.0913803
522 1.12578
525 1.04397
850 1.29075e-23
854 2.4523e-05
1149 0.00730541
1149 4.50754e-27
857 0.00206373
862 0.0030536
866 0.00220013
873 0.00244764
878 0.00128248
880 0.00153773
882 0.00132066
884 0.00187056
886 0.00122091
887 0.00114504
888 0.00219336
888 0.00078625
878 0.00106328
522 0.048424
521 0.640317
521 0.212362
520 0.447182
520 0.178162
519 0.0423037
518 0.115481
517 0.0933932
514 0.06078
513 0.26067
512 0.106371
511 0.0542025
510 0.0406062
510 0.100956
507 0.0411564
507 0.24406
505 0.0443894
505 0.0407179
504 0.0578354
502 0.0425412
501 0.0360631
501 0.0387799
500 0.159574
500 0.115846
499 0.0521089
498 0.0413688
498 0.0718182
497 0.0367674
497 0.290138
497 0.0555843
497 0.0322818
497 0.109994
497 0.0436054
497 0.0372397
497 0.141946
496 0.0565099
495 0.0614788
494 0.0410698
493 0.072346
493 0.0351077
493 0.0354684
492 0.140898
491 0.0452421
490 0.0899091
489 0.0481234
488 0.0942991
488 0.060547
487 0.0532774
487 0.146023
487 0.070021
487 0.0588379
486 0.0497138
485 0.173608
483 0.583392
483 0.139999
482 0.092363
482 0.0749951
482 0.0385681
482 0.0383511
480 0.155902
479 0.0712466
479 0.045756
475 0.068728
475 0.361054
475 0.0902867
475 0.0412494
475 1.83112e-23
479 1.96125
481 1.34385
482 0.183582
482 0.0211598
483 0.543348
484 0.411247
485 0.296643
485 0.0270898
486 0.896341
487 0.135353
488 0.538907
488 0.0689374
489 0.260961
489 0.516854
491 0.905135
492 0.385027
492 0.014549
492 3.70969
493 1.86157
493 0.039099
493 0.369628
493 2.41058
493 0.39154
494 2.98957
494 2.89037
494 2.76398
494 2.83555
495 3.07757
495 2.3421
495 0.000297531
493 0.0356376
493 0.0363988
493 0.0369511
493 0.043828
493 0.0369099
492 0.0947042
491 0.0493469
489 0.0731824
489 0.128416
489 0.076392
489 0.0549939
488 0.0343105
486 0.0368045
485 0.0430491
485 0.0453572
484 0.0749667
483 0.0830186
482 0.0424704
482 0.0446857
481 0.239436
479 0.0978212
487 0
487 0
475 0
167 0
487 0.00547525
487 0.00634439
495 0
516 0
475 0
297 0
492 0.242617
492 0.496973
492 0.365926
493 0.679327
493 0.0621307
493 0.487182
493 0.137028
493 1.33511
493 0.100926
493 0.0286321
493 0.327934
493 0.544679
493 0.268554
493 0.202733
493 0.239507
494 0.796106
494 0.0988953
494 0.0308446
494 0.412095
494 0.382039
494 0.2578
494 0.0745403
494 0.696872
494 0.645534
494 1.35166
494 0.913852
494 0.296575
494 0.807611
494 0.102141
495 0.075331
495 0.256353
495 0.129071
495 0.269376
495 0.61052
495 0.503345
495 0.244309
495 1.1035
495 0.628866
495 1.58006
495 0.609536
495 0.75323
495 0.321918
495 0.161751
495 0.176084
495 0.044943
495 1.16557
495 0.709887
495 1.38088
495 0.734687
495 0.791544
495 1.20315
495 0.152968
495 0.722166
495 0.880425
495 0.00508693
495 0.713575
495 1.07475
495 1.57484
495 0.126388
495 0
495 0.04561
495 0.0445048
495 0.0516885
495 0.0613761
495 0.0894185
495 0.0356475
495 0.0695569
495 0.0567353
495 0.0922083
495 0.0363558
495 0.119605
495 0.0794128
495 0.0553176
495 0.0491057
495 0.146262
495 0.036947
495 0.0409132
495 0.0418586
495 0.19867
495 0.0355909
495 0.0733817
495 0.126425
495 0.100199
494 0.0716955
494 0.0545654
494 0.0663161
494 0.0349548
494 0.0766443
494 0.0451714
494 0.0890063
494 0.0528946
494 0.0461113
494 0.199688
493 0.0660458
493 0.0389689
493 0.0429484
493 0.0388823
493 0.0470092
493 0.100918
493 0.120104
493 0.0389642
493 0.0400869
493 0.0347235
493 0.298423
493 0.0275548
493 0.0507516
492 0.0554726
492 0.257702
493 0.001564
495 2.70995
495 1.40986
495 0
513 0
861 0
969 0
475 0
77 0
475 0
0 0
492 0.362927
493 1.38326
493 0.890158
493 0.487214
494 0.36784
494 0.00528474
494 1.35209
494 0.00468786
494 0.622384
495 1.17167
495 0.0380514
495 0.00295642
495 1.7222
496 2.11965
496 1.46046
496 0.599578
497 0.78601
497 0.10185
497 0.537856
497 0.857772
497 0.324875
497 0.705024
498 3.81894
498 0.0725385
499 2.1292
499 0.0929713
499 0.625071
499 0.318905
499 0.689429
499 0.182357
499 0.893212
500 1.28757
500 0.275569
500 1.7236
500 0.923035
500 0.191168
500 0.0772825
501 2.19283
501 0.423566
501 2.01955
501 0.706632
502 2.90586
502 2.78928
502 2.759
503 2.76009
503 2.92294
503 3.42633
503 0.505545
503 0.0201289
503 0.00661723
499 0
564 0
514 0
711 0
508 0
651 0
501 0.0376001
501 0.0349973
501 0.0409884
500 0.0425891
500 0.0366443
500 0.0427488
500 0.037742
500 0.0387908
500 0.0562872
499 0.0449027
499 0.060984
499 0.0419607
499 0.0619319
499 0.0383661
499 0.0376648
499 0.0383925
498 0.0467229
498 0.0376338
497 0.0369878
497 0.0533319
497 0.0579956
497 0.0804992
497 0.0394617
497 0.0406299
496 0.0402849
496 0.0773961
495 0.0668351
495 0.0809426
495 0.0609549
495 0.0615869
494 0.049107
494 0.0614951
494 0.0609695
494 0.043297
494 0.040234
493 0.0490659
493 0.0482353
493 0.068755
492 0.0884389
493 0.00076815
496 0.105918
497 1.42825
498 0.244597
498 0.284363
500 0.981067
609 8.45105e-24
498 0.297034
498 0.0737473
497 0.0841216
500 0
652 0
475 1.83112e-23
475 0.0216693
475 0.356176
477 0.623689
478 0.644011
480 0.827664
480 0.186914
481 0.627634
483 0.701599
484 0.53943
485 0.62775
485 0.0365452
486 0.0737378
486 0.22145
486 0.0191251
487 0.284908
487 0.0635221
487 0.0103808
488 0.460863
490 0.76199
490 0.278782
491 0.288867
491 0.0725788
492 0.187456
500 4.03224
500 0.0162093
501 0.237561
501 0.070816
501 0.107735
503 1.04586
508 2.27157
508 0.0284861
511 1.36935
513 1.27884
514 0.107766
515 0.750427
516 0.0889806
516 0.0342702
516 0.0297016
516 0.202681
518 0.733044
519 0.417276
519 0.244481
519 0.172224
520 0.10398
522 0.953505
522 0.0952369
523 0.720488
525 0.517829
850 1.28689e-23
1149 0.00979202
1149 1.65011e-29
523 0.0397138
522 0.119404
522 0.0729213
522 0.0933958
519 0.0383854
519 0.0750601
518 0.245005
516 0.10824
516 0.0870489
516 0.200964
516 0.0458873
515 0.112917
515 0.167823
515 0.0375456
514 0.10533
513 0.0905045
511 0.0838285
508 0.221955
508 0.148152
503 0.0342955
501 0.175477
500 0.0563236
492 0.0733525
491 0.192445
490 0.0484014
490 0.0869367
488 0.118998
487 0.104927
487 0.050761
487 0.0440874
486 0.157595
486 0.0129538
486 0.356991
486 0.0412334
486 0.0529737
485 0.0385355
485 0.115991
484 0.0914943
484 0.045916
483 0.158119
481 0.109592
481 0.123994
481 0.0500277
478 0.0378974
477 0.0232599
477 0.106554
477 0.0411537
475 0.0359232
475 0.0352448
522 0.001564
522 0.00353106
475 1.83112e-23
476 0.815982
477 0.673835
478 0.324138
479 0.190627
480 0.435419
480 0.0469904
480 0.00924651
480 0.305586
480 0.0610536
481 0.337741
481 0.180506
484 1.05521
485 0.484219
485 0.262695
486 0.239092
487 0.414128
488 0.663785
489 0.503707
490 0.413714
490 0.0240661
490 0.095298
491 0.191283
491 0.0585876
492 0.480429
493 0.69712
495 0.786436
495 0.129036
496 0.490812
498 0.981011
498 0.0132761
498 0.00625566
498 0.132032
499 0.19644
500 0.418086
500 0.267626
504 2.05329
505 0.238603
506 0.293281
506 0.0867589
506 0.0307372
507 0.718237
508 0.277812
510 1.0706
511 0.587361
512 0.503158
514 0.66358
516 0.959197
516 0.283017
518 0.545786
519 0.712875
519 0.00992259
521 0.982819
522 0.38508
523 0.48901
523 0.0421109
523 0.00839711
523 0.22019
525 0.463228
850 1.29603e-23
1147 0.0104044
1149 1.15162e-25
523 0.0623516
523 0.0362664
523 0.0472969
522 0.186399
521 0.550382
521 0.0299058
519 0.0363182
519 0.10266
518 0.0499765
518 0.0229758
516 0.566473
516 0.121948
514 0.0676379
512 0.197761
510 0.0599555
508 0.123078
506 0.0368339
506 0.14551
505 0.101614
505 0.186196
505 0.0116938
505 0.121066
505 0.101969
505 0.035962
505 0.0421781
500 0.04377
500 0.112139
499 0.0427236
498 0.0562041
498 0.187767
498 0.20361
496 0.0398748
495 0.0452842
495 0.181679
493 0.0357011
492 0.122968
492 0.48924
492 0.0144664
492 0.152576
492 0.0441072
491 0.0573464
491 0.112683
490 0.0372019
490 0.079581
490 0.0555444
489 0.163096
488 0.0352317
487 0.0503177
486 0.0501469
485 0.0440347
484 0.135171
481 0.0452384
481 0.174422
480 0.0464698
480 0.00481647
480 0.276632
480 0.0606671
480 0.0391448
480 0.10167
479 0.044673
478 0.301075
477 0.0565328
476 0.0849749
485 0.001564
522 0
668 0
518 0.001564
480 0.0563646
518 0.0014016
485 0.0576994
475 1.83112e-23
475 0.00292708
476 0.715754
478 0.693473
479 0.68559
480 0.479323
480 0.0338927
480 0.148981
481 0.529112
483 0.949094
484 0.415091
485 0.531617
487 0.638711
487 0.275885
487 0.0507784
489 0.715795
489 0.334875
489 0.100594
490 0.191532
491 0.644855
493 0.786084
495 0.812492
495 0.337785
496 0.432014
498 1.08657
499 0.228717
499 0.246302
500 0.0466666
501 0.714189
502 0.235836
502 0.224697
502 0.111422
505 1.03977
506 0.490675
506 0.23239
507 0.511023
507 0.020588
507 0.166209
508 0.127215
508 0.121529
507 0.0653344
507 0.0863482
506 0.123599
506 0.0452375
505 0.0647533
502 0.0742006
502 0.0669986
502 0.158215
501 0.106799
500 0.0452891
499 0.0368367
499 0.0711393
498 0.063789
495 0.0584542
496 0.209926
496 0.256405
496 0.139811
496 0.141891
495 0.0374535
495 0.12667
493 0.159111
491 0.0439822
490 0.0382238
490 0.34695
489 0.10628
489 0.0463722
487 0.0665848
487 0.081838
487 0.0422862
485 0.158547
484 0.0779452
483 0.0629207
481 0.298396
480 0.117383
480 0.191208
480 0.0389943
479 0.191756
478 0.107322
476 0.448162
475 0.00211383
475 0.00593945
475 0.00215534
475 0.0050938
475 0.0303185
496 0.001564
508 9.18145
508 4.44174
508 2.05235
508 4.59036
509 4.51924
509 3.90744
509 3.89373
510 3.77165
510 3.99158
510 4.63092
510 1.38165
508 3.41471
508 0.9275
508 0.108524
508 0.00123551
508 3.16597
508 2.16524
508 2.73908
507 2.9102
507 3.28996
507 1.4089
507 1.85179
507 0.0431121
507 0.14151
507 0.47402
507 1.03358
507 3.54108
507 1.46072
506 3.12289
506 2.94437
506 2.89464
506 2.80807
505 3.06795
505 2.80741
505 0.0103769
507 0.0351019
507 0.0368613
507 0.0508601
507 0.0494772
507 0.0474656
507 0.0433703
496 0.00293736
508 0.558035
509 0.898571
509 0.142636
509 0.0528144
509 0.0255185
509 0.564098
509 0.162375
510 0.425585
510 1.08938
510 0.247506
511 0.308176
511 0.0431949
511 0.217049
512 1.52277
512 0.189404
512 0.476819
512 0.136051
513 0.66423
513 0.147833
513 0.488816
513 0.144486
514 0.520599
514 0.2322
514 0.817844
515 1.00075
515 0.0190789
515 0.572155
516 1.51043
517 0.305556
517 0.486549
517 0.794911
517 0.0760424
518 0.678041
518 0.838821
518 0.194355
519 0.517433
519 0.610615
519 0.302015
519 0.279851
519 0.150815
520 0.0477747
520 0.281266
520 0.983403
520 0.309671
520 0.0290849
521 1.1064
521 0.185085
521 0.396865
521 0.0770676
521 0.187126
522 0.444496
523 2.28929
523 0.139097
524 1.11974
524 0.479113
524 0.453023
524 0.067908
524 0.0714044
524 0.0181659
525 0.116113
797 4.07375e-23
524 0.0578692
524 0.0525519
524 0.106578
524 0.0239032
524 0.148524
524 0.0379318
524 0.0964055
523 0.0548609
522 0.044401
522 0.121919
521 0.0522891
521 0.058384
521 0.0617029
520 0.0529147
520 0.108927
520 0.0461234
520 0.112149
519 0.0416929
519 0.0725115
519 0.230626
519 0.00121021
519 0.0382438
518 0.0704135
518 0.0485234
518 0.0516813
517 0.0432578
517 0.0631582
516 0.0352467
515 0.0448148
515 0.0424002
514 0.0377519
514 0.193824
514 0.0367223
514 0.0682547
513 0.0832524
513 0.0368052
513 0.0741134
513 0.06246
512 0.180579
512 0.253195
512 0.11248
511 0.0391755
511 0.0370764
511 0.180346
510 0.0994429
510 0.112684
509 0.043793
509 0.0995741
509 0.0683416
509 0.052252
509 0.199764
509 0.0879127
509 0.0401997
508 0.0486161
519 0.001564
496 0.345811
502 0
487 0
367 0
525 0
710 0
509 0
525 0
855 0
1132 0
1149 0
519 0.0136526
509 0.460155
502 0.0594629
475 1.83112e-23
477 1.25721
477 0.0775076
480 1.13522
483 1.65164
483 0.0929909
485 0.754464
485 0.0263219
485 0.11085
486 0.39922
487 0.454113
487 0.145488
488 0.0750546
489 0.627062
489 0.0495294
489 0.106019
491 0.999798
492 0.458857
495 1.45105
496 0.53582
497 0.177926
501 2.12364
502 0.335597
504 1.10909
505 0.44006
505 0.15201
506 0.374123
506 0.073813
508 0.97151
508 0.0577182
509 0.326687
510 0.662006
511 0.507175
512 0.37582
512 0.153219
513 0.455445
513 0.0665629
513 0.0486387
514 0.469282
515 0.5791
515 0.0914002
515 0.0275793
516 0.0908399
516 0.406389
519 1.34591
519 0.0747338
520 0.314314
520 0.309142
521 0.225813
522 0.770871
523 0.0627707
523 0.171922
524 0.701103
525 0.0592882
850 1.29001e-23
1149 0.0101231
1149 1.24143e-26
524 0.0378327
523 0.119174
523 0.157202
523 0.0420151
523 0.365265
521 0.158616
520 0.0375435
520 0.17754
519 0.219083
516 0.142852
516 0.000811236
516 0.0797687
516 0.0696756
516 0.0440688
515 0.145877
515 0.135569
515 0.0476895
514 0.453253
513 0.0946525
513 0.0439802
513 0.225379
512 0.0836737
512 0.0583459
511 0.0550196
510 0.159725
509 0.0438959
508 0.0369694
508 0.166665
506 0.0649904
506 0.084179
506 0.0966611
507 0.551218
507 0.127316
506 0.0839951
505 0.151693
505 0.045283
504 0.16122
502 0.157969
501 0.089541
497 0.0468189
489 0.0783701
489 0.0817774
489 0.0578027
487 0.127879
487 0.0732506
485 0.0631373
485 0.0636952
485 0.0634804
483 0.0509603
480 0.0425881
477 0.111759
477 0.0465834
506 0.001564
516 0.000121
516 0.00126475
506 0.00157259
475 1.83112e-23
475 0.128783
475 0.381021
477 0.668087
477 0.126263
480 1.23963
480 0.204818
480 0.0668692
481 0.339332
481 0.191151
482 0.546102
485 1.37149
486 0.389349
487 0.713658
488 0.256306
489 0.276742
489 0.134647
490 0.590943
492 0.852558
493 0.358747
493 0.354059
498 2.24929
499 0.166671
499 0.297091
503 1.6261
503 0.0750666
503 0.139791
503 0.188941
506 1.20897
508 1.01276
509 0.727438
510 0.336166
511 0.380191
511 0.0226162
514 1.49603
515 0.554502
516 0.54185
516 0.167196
519 1.32873
520 0.269797
522 1.14783
522 0.049929
522 0.127721
525 1.23279
850 1.28844e-23
1149 0.00887312
1149 2.40754e-28
522 0.0953707
522 0.196165
522 0.00562548
522 0.0364989
522 0.0524006
522 0.433738
522 0.0671961
522 0.0415608
522 0.0743887
520 0.0405609
519 0.0459367
516 0.0424619
516 0.0857085
516 0.122904
515 0.0710827
514 0.0601567
511 0.0841251
511 0.0658473
510 0.0543408
508 0.0396519
503 0.0350714
503 0.0515448
503 0.0491751
503 0.0767144
499 0.0359393
499 0.202309
498 0.0548313
498 0.0860405
498 0.0462212
493 0.197606
493 0.0622749
492 0.0499502
490 0.0345148
489 0.0501152
489 0.459121
490 0.531111
490 0.0190353
490 0.061736
489 0.0437135
488 0.0355704
487 0.0352251
487 0.187216
486 0.0401875
485 0.247442
482 0.0918102
481 0.0800197
481 0.0414994
480 0.138702
480 0.0639448
480 0.0407779
477 0.0380309
477 0.040688
475 0.083195
475 0.0523652
487 0.000121
490 0.001564
490 0.000313687
487 0.00130805
475 1.83112e-23
475 0.304028
475 0.136058
476 0.494489
477 0.453374
478 0.461633
479 0.233991
481 1.11526
483 0.650899
484 0.498489
484 0.282229
488 1.53484
488 0.265455
490 0.641218
491 0.52483
492 0.546652
492 0.242947
494 0.956082
495 0.34844
496 0.719941
497 0.174194
497 0.00958755
498 0.42819
498 0.0303706
499 0.652406
499 0.0546973
501 0.791711
501 0.111852
503 0.822206
503 0.0172931
504 0.493693
504 0.169001
504 0.0186937
505 0.471774
507 0.795268
508 0.670444
509 0.104055
510 0.719214
512 0.861434
514 0.971936
515 0.369617
515 0.372336
516 0.427028
517 0.361305
517 0.165007
518 0.106912
519 0.460547
519 0.153588
520 0.316625
520 0.16781
520 0.17798
523 1.38314
523 0.153212
524 0.320082
524 0.189482
525 0.107936
850 1.28904e-23
932 0.00252518
1149 0.00569302
1149 1.94026e-27
932 0.00121459
524 0.0369664
524 0.200362
523 0.0529832
523 0.0885069
520 0.0349831
520 0.0642204
520 0.0624036
519 0.0790231
519 0.123785
518 0.158917
517 0.132461
517 0.0758582
516 0.0402472
516 0.30966
516 0.0641579
516 0.0462505
515 0.0344344
514 0.069352
512 0.0450776
510 0.103286
509 0.0661633
507 0.0377272
505 0.0764926
504 0.00667586
504 0.0998098
504 0.0473304
504 0.0576745
503 0.000159205
503 0.0700456
503 0.0388471
501 0.0492937
501 0.0450947
499 0.0307248
499 0.124066
499 0.101894
498 0.098458
498 0.0512767
497 0.169321
497 0.088712
497 0.21392
497 0.173717
497 0.0445184
495 0.0579587
494 0.0730306
494 0.0677489
494 0.03771
493 0.530989
493 0.128598
492 0.126075
490 0.0348724
489 0.0808491
489 0.219832
489 0.0792107
488 0.066569
484 0.0385549
484 0.156663
483 0.0404172
481 0.0640546
479 0.0543295
478 0.035002
477 0.211357
476 0.0464004
475 0.0825
475 0.115827
499 0.000121
503 0.001564
509 0.001564
509 0.0526507
503 0.0032133
499 0.00140913
475 1.83112e-23
476 0.524647
476 0.0158392
476 0.183782
477 0.592704
479 0.930232
479 0.100629
482 1.26946
483 0.266508
483 0.335082
484 0.107098
484 0.212659
485 0.556196
485 0.130157
487 1.02109
488 0.285523
488 0.204624
489 0.514532
490 0.457657
490 0.031131
491 0.195576
492 0.499879
493 0.52342
493 0.316514
497 2.02357
498 0.158092
501 1.43291
501 0.10223
502 0.300808
502 0.0332565
503 0.412751
503 0.0516324
503 0.274317
505 0.621635
507 1.45993
509 0.671602
511 1.26455
512 0.0913487
512 0.179583
512 0.0417016
512 0.168644
513 0.203476
515 0.759677
516 0.489066
516 0.242513
518 1.12946
519 0.329711
520 0.517875
523 1.3646
523 0.157704
523 0.0181069
524 0.331715
525 0.199638
850 1.28713e-23
1149 0.008376
1149 6.03991e-27
524 0.111893
523 0.0386343
523 0.0389783
523 0.0805987
520 0.0660074
516 0.0927684
516 0.0435363
515 0.0459867
513 0.0976392
512 0.0537555
512 0.0495043
512 0.066277
511 0.0665832
509 0.0963248
507 0.0370872
505 0.0565411
503 0.088129
503 0.0966652
502 0.0861032
501 0.0399568
498 0.0749649
498 0.103414
493 0.0376564
493 0.0510315
492 0.142956
491 0.0412235
490 0.0831698
490 0.0512206
489 0.0359646
488 0.485937
488 0.379908
487 0.0847624
485 0.316566
485 0.0411943
484 0.0459981
484 0.0821513
483 0.0657523
483 0.120419
479 0.0429476
479 0.0750661
477 0.132868
476 0.165117
476 0.0388059
475 1.83112e-23
476 0.844376
478 0.96463
479 0.139879
480 0.910972
482 0.611487
483 0.448154
485 1.09794
485 0.0772952
486 0.528153
488 0.677257
491 1.35787
491 0.0178768
492 0.859754
493 0.146512
495 1.0061
495 0.040009
496 0.597795
497 0.30357
497 0.172892
498 0.525
499 0.321704
500 0.334134
501 0.630751
501 0.132133
502 0.254596
502 0.338101
503 0.192732
504 0.359991
504 0.268151
505 0.238336
506 0.393466
506 0.0377352
507 0.612773
508 0.424656
508 0.0596803
509 0.461627
509 0.0347081
509 0.0541009
510 0.35532
510 0.196575
511 0.216438
512 0.570513
512 0.231329
513 0.488726
514 0.178624
514 0.353885
516 0.915542
517 0.396112
518 0.187611
518 0.0320475
518 0.298291
520 0.803065
522 0.923564
524 0.795629
524 0.27007
525 0.141364
850 1.28792e-23
1126 0.0125154
1149 0.000949266
1149 8.49532e-29
524 0.0438956
524 0.0469419
522 0.204656
520 0.0663144
518 0.0760966
518 0.0824766
518 0.104295
517 0.076349
516 0.0629181
514 0.0719722
514 0.0355135
513 0.0384239
512 0.0940778
512 0.0482079
511 0.0563548
511 0.184409
511 0.64802
511 0.265734
511 0.0348794
510 0.0427386
509 0.0395436
509 0.0444622
509 0.133168
508 0.0417288
508 0.0502308
507 0.0870415
506 0.0606905
506 0.0722146
505 0.0533141
504 0.0351525
503 0.0799917
502 0.251764
503 0.0976236
503 0.0415589
502 0.0387695
501 0.0658023
501 0.0446673
500 0.095445
499 0.181776
498 0.186609
497 0.0671652
497 0.00882071
497 0.0841367
496 0.283902
495 0.037699
495 0.0348476
492 0.103212
492 0.0642648
492 0.047154
491 0.0445176
491 0.0500403
488 0.16988
486 0.0476486
485 0.109382
485 0.110588
482 0.0352574
480 0.0373498
479 0.0462484
478 0.0385728
