475 3.10141e-23
475 0.00157926
476 1.29453
476 0.0626404
477 0.257391
477 0.22722
478 0.555471
478 0.446789
478 0.079853
478 0.123089
479 0.324902
480 1.37199
481 0.411291
483 1.72506
483 0.338962
484 0.198623
484 0.629278
485 0.182795
485 0.17723
485 0.320833
485 0.145253
485 0.0756854
486 0.358635
486 0.0287554
486 0.101216
486 0.228482
486 0.0496203
487 0.253244
487 0.0683834
487 0.135595
488 0.766584
488 0.412919
488 0.0998745
489 0.211615
489 0.0089327
490 0.684171
490 0.109221
490 0.270652
490 0.0970759
491 0.827334
491 0.114999
492 0.289364
492 0.17888
492 0.442819
493 0.833491
496 1.95792
496 0.101276
496 0.117033
496 0.0524955
496 0.209789
497 0.331481
497 0.562245
497 0.0126428
498 0.248726
498 0.358403
498 0.143944
499 0.275299
499 0.281917
500 1.35658
502 1.73338
502 0.0744137
504 0.941205
504 0.285261
504 0.0206084
504 0.0593816
504 0.197735
504 0.0287428
505 0.934727
506 0.453187
506 0.777912
508 1.616
508 0.150181
509 0.0522017
509 0.317785
510 1.02877
511 0.817624
512 0.616578
512 0.209539
512 0.3317
513 0.514038
513 0.319026
513 0.0767017
514 0.369135
514 0.0441339
515 1.24378
516 0.883778
516 0.387403
518 1.17923
518 0.111733
518 0.412289
519 0.498376
519 0.665673
520 0.189701
520 0.764693
521 0.351926
521 0.0802142
521 0.054184
521 0.330669
522 0.339663
522 0.139905
522 0.0296029
523 1.01771
523 0.157298
524 0.931383
524 0.196192
525 0.342711
850 2.61776e-23
884 0.00293844
1149 0.0155562
1149 2.60954e-27
885 0.00305168
885 0.000183988
524 0.0567951
523 0.0453616
523 0.0409789
522 0.0904935
522 0.0563984
522 0.102171
521 0.0381587
521 0.0388009
521 0.0492029
521 0.0398163
520 0.158075
520 0.0396906
519 0.041708
518 0.0754751
518 0.0520567
518 0.240583
516 0.107441
516 0.0485923
515 0.0392826
514 0.0467596
514 0.0496556
512 0.036858
512 0.0668276
512 0.040386
511 0.0389948
510 0.115809
509 0.165209
508 0.0420558
508 0.0690391
506 0.0979304
506 0.177412
505 0.128831
504 0.0401988
504 0.0516555
504 0.0360884
504 0.0629784
504 0.0848894
504 0.34393
502 0.048222
500 0.0427537
499 0.31854
499 0.0380469
498 0.180058
498 0.115474
497 0.0782067
497 0.128179
497 0.0356724
496 0.0452024
496 0.0346232
496 0.0475863
496 0.292678
496 0.0514543
493 0.0443003
492 0.0414755
492 0.0520211
491 0.0740811
490 0.0426756
490 0.0370149
490 0.0367971
490 0.0984419
489 0.0521946
489 0.0510198
488 0.15519
488 0.0602048
488 0.157327
487 0.0477983
487 0.0357814
487 0.0419428
486 0.0856717
486 0.0850123
486 0.0665643
486 0.038542
486 0.167325
485 0.0357076
485 0.0494157
485 0.235359
485 0.0530629
484 0.0365692
484 0.0592031
483 0.0751825
481 0.05117
480 0.0533855
479 0.151057
478 0.0414346
478 0.097898
477 0.0463002
477 0.0382812
476 0.0386038
476 0.0383988
475 0.00677893
475 0.00466662
475 0.00729665
475 0.0049362
475 0.00687362
475 0.00675163
475 0.00972923
475 0.0101864
475 0.00633062
475 0.00798253
475 0.00751173
475 0.01276
475 0.00792805
475 0.0110747
475 0.0188258
475 0.0121256
475 0.0138426
475 0.0166607
475 0.0644253
475 0.0657076
478 0.0040254
475 3.10141e-23
475 0.186743
475 0.279232
475 0.0767724
476 0.745898
477 0.542809
477 0.0473243
477 0.0666489
477 0.143825
479 1.18068
479 0.764497
480 0.0423717
480 0.14962
480 0.356692
480 0.211561
480 0.0454419
481 0.100193
481 0.436911
481 0.0712266
481 0.177063
482 0.416135
482 0.886199
482 2.42617
482 0.00391151
482 0.0321718
482 2.90006
482 3.37337
482 0.0112449
482 2.91017
482 2.86611
483 2.74513
483 3.13723
483 2.33761
483 0.0775488
482 0.580519
483 1.03268
484 1.06086
484 0.0834624
484 0.474132
485 2.79151
486 0.132175
486 0.676869
486 0.438281
486 0.214677
486 0.147865
486 0.233969
487 0.110231
487 0.525945
487 0.319558
488 1.09694
488 0.0430592
488 0.0898974
488 0.598566
489 1.3593
489 0.256671
489 0.277725
489 0.142629
489 0.967811
490 0.640792
491 3.72503
492 0.189243
492 0.802702
492 0.322769
492 0.194214
492 0.018439
493 0.802757
493 0.50398
493 0.671883
493 0.137891
494 1.40436
494 0.150775
494 0.576226
494 0.383957
494 0.0530013
494 0.118521
494 0.227539
495 1.4193
496 2.01414
496 0.136295
496 0.396191
496 0.377527
496 0.589482
497 0.349484
497 0.131042
497 0.949761
497 0.39424
497 0.0114191
497 0.73228
497 0.218169
498 1.01382
498 0.412503
498 0.656672
499 1.02993
499 1.33915
499 0.0136558
499 0.114814
499 0.0321393
500 1.56331
500 1.61956
500 0.094023
500 0.1343
500 0.0294686
501 0.646641
501 1.2889
501 0.173987
501 0.109103
501 0.214985
501 0.724727
501 0.337803
501 0.238555
502 0.45236
502 0.988095
502 0.0280762
502 0.359674
502 1.10304
503 3.24753
503 0.119721
503 0.429548
503 0.186623
504 1.07112
504 0.172914
504 0.452266
504 0.832614
504 2.78345
505 0.696932
505 0.704314
505 1.3146
505 1.11436
505 0.698184
505 0.203987
506 1.58565
506 0.0432695
506 3.08396
506 2.90904
507 2.86273
507 2.72511
507 2.96863
507 3.44464
507 0.0327918
507 0.0212269
506 0.0348043
506 0.0358359
505 0.0361996
505 0.0384805
505 0.0393457
505 0.0456612
505 0.0470014
505 0.0422212
504 0.0389424
504 0.0596787
504 0.0448073
504 0.0377805
504 0.0532907
503 0.0368718
503 0.0472038
503 0.0481864
503 0.0343719
502 0.0429248
502 0.0449623
502 0.0403666
502 0.0745251
502 0.0398206
501 0.0515716
501 0.0567866
501 0.0501671
501 0.0775671
501 0.0739499
501 0.0369127
501 0.0710611
501 0.0854421
500 0.040435
500 0.0447917
500 0.0489111
500 0.0457827
500 0.0353554
499 0.0736987
499 0.0721785
499 0.044223
499 0.0466452
499 0.0715806
498 0.0367652
498 0.0347636
498 0.0360654
497 0.0410451
497 0.0419847
497 0.0350136
497 0.0547147
497 0.0906221
497 0.0408765
496 0.050887
496 0.0946861
496 0.0422382
496 0.0976343
496 0.0737029
495 0.0369235
494 0.037722
494 0.0500165
494 0.0367567
494 0.0592007
494 0.0602173
494 0.0701554
494 0.0406938
494 0.0596027
493 0.0575656
493 0.0622199
493 0.0885221
493 0.066761
492 0.050071
492 0.144895
492 0.062569
492 0.036354
491 0.0975624
490 0.0409393
489 0.112496
489 0.0768121
489 0.159281
489 0.0556361
488 0.0511511
488 0.0851296
488 0.059856
488 0.0433568
487 0.0353479
487 0.117071
486 0.0794916
486 0.0909624
486 0.0893159
486 0.0362768
486 0.0440983
485 0.0391328
484 0.052138
484 0.0390429
484 0.0455802
483 0.0389549
481 0.039841
481 0.204487
481 0.108472
481 0.0787078
480 0.0697287
480 0.0620798
480 0.0419072
480 0.137744
480 0.0737866
480 0.0510279
480 0.0473426
479 0.124308
479 0.0533675
477 0.0444669
477 0.0545642
477 0.138831
477 0.0697533
476 0.0704607
475 0.132443
475 0.153348
475 0.0835158
475 0.0766061
494 0.001564
494 0.00438849
475 0
387 0
525 0
873 0
1085 0
1149 0
478 0
525 0
850 0
1149 0
1149 0
475 0
334 0
485 0
509 0
478 0.123972
475 3.10141e-23
475 0.03643
475 0.127634
475 0.655619
476 0.222679
477 0.662981
477 0.157154
478 0.57937
478 0.258566
478 0.0268468
478 0.143627
478 0.000419867
478 0.143697
478 0.000691504
479 0.159842
480 1.71077
481 0.284021
481 0.0178903
481 0.0623844
481 0.195164
482 0.474954
482 0.3482
483 0.717954
484 0.635878
484 0.0508539
484 0.48117
484 0.0536967
485 0.173557
485 0.0573715
485 0.0801807
485 0.38895
485 0.0724545
486 0.508366
486 0.127532
487 0.329382
487 0.403533
487 0.0538751
488 0.388298
488 0.60931
489 0.269648
490 1.53599
491 0.255594
491 0.201447
491 0.0407048
493 1.79924
493 0.0567942
494 0.514229
495 0.700652
495 0.0524656
495 0.311242
495 0.371264
496 0.288674
496 0.107577
497 1.22817
498 0.303545
498 0.219152
498 0.0382354
499 0.605511
500 1.12784
500 0.0430126
501 0.775361
501 0.244805
501 0.152602
502 0.274326
502 0.201557
503 1.56332
504 0.7317
505 0.327396
505 0.031485
506 0.723986
506 0.0997532
506 0.613145
507 0.861663
508 0.383521
509 1.15069
511 1.94091
511 0.177457
511 0.10144
513 1.15862
513 0.135824
513 0.124854
513 0.0471789
514 1.18435
515 0.535946
515 0.133477
515 0.413156
516 0.833146
517 0.568727
517 0.433957
517 0.0701053
518 0.295619
518 0.224547
518 0.101123
518 0.189449
518 0.0431878
519 0.745865
519 0.247929
520 0.389114
520 0.366534
520 0.231096
520 0.0790447
521 0.183876
521 0.45022
521 0.263824
523 1.064
523 0.394699
523 0.577482
524 0.227326
524 0.0932392
524 0.315696
525 0.373956
850 2.63598e-23
1147 0.0196099
1149 1.68328e-25
524 0.0564674
524 0.0407743
523 0.0609111
523 0.0473611
523 0.0648553
521 0.0738507
521 0.083736
521 0.115482
520 0.0760197
520 0.036195
520 0.0677587
519 0.142235
518 0.05347
518 0.0392482
518 0.0349742
518 0.0727324
518 0.0571702
517 0.0430174
517 0.0378655
517 0.0802827
516 0.0431396
515 0.155361
515 0.0502751
514 0.0350468
513 0.086526
513 0.0433077
513 0.0414047
513 0.0454079
511 0.10869
511 0.343792
507 0.14595
506 0.124051
506 0.140525
506 0.0721961
506 0.0257345
505 0.0573943
505 0.12673
504 0.149057
503 0.0602735
502 0.0627701
502 0.113943
501 0.187713
501 0.0474366
501 0.0635614
500 0.0385895
500 0.0591965
499 0.0465843
498 0.0518953
498 0.0480216
497 0.0379181
496 0.0365221
496 0.116156
495 0.045396
495 0.0533189
495 0.0724803
494 0.214092
493 0.161058
493 0.067575
491 0.130544
491 0.0352834
491 0.0405003
491 0.0669286
489 0.0699232
488 0.0426252
488 0.0539584
487 0.0816588
487 0.0454413
487 0.0507968
486 0.118062
486 0.037035
485 0.0411181
485 0.0491312
485 0.106785
485 0.0383282
485 0.0399206
484 0.0407029
484 0.0494296
483 0.0622022
482 0.0542894
481 0.0996367
481 0.0782507
481 0.0639028
481 0.0644323
479 0.0395397
478 0.0467262
478 0.0827703
478 0.0481903
478 0.042246
478 0.0432559
478 0.0475982
477 0.340425
477 0.0445134
476 0.415925
475 0.0669094
475 0.0393067
475 0.039006
475 3.10141e-23
475 0.522903
475 0.0627511
476 0.958642
477 0.550466
478 0.506295
479 0.618207
479 0.0935731
479 0.184809
480 0.677284
480 0.096042
480 0.0182711
480 0.0278366
480 0.0450819
480 0.343802
483 2.23586
483 0.0152523
484 0.560453
484 0.386913
485 0.645687
486 0.908641
487 0.55634
488 0.679406
489 0.919097
491 1.71017
491 0.125338
491 0.0411801
491 0.150678
491 0.0858713
491 0.20699
493 1.50824
494 0.449471
495 0.739301
495 0.521012
495 0.0339762
497 1.50985
498 0.619679
499 0.828487
500 0.730087
500 0.223471
500 0.554802
501 0.604767
502 0.60932
502 0.449299
503 0.221781
503 0.757129
504 0.664952
504 0.15526
505 0.351149
505 0.184984
505 0.149921
506 0.992069
507 0.661956
507 0.453936
508 0.622182
508 0.462841
509 0.0960445
509 0.135747
509 0.703958
510 0.377312
510 0.221658
511 0.473007
513 1.79108
513 0.239092
513 0.134752
513 0.121814
513 0.035775
513 0.00704833
514 0.701332
515 0.473445
515 0.188223
516 1.07431
516 0.156945
517 0.811084
517 0.323498
518 0.654734
518 0.170523
519 1.02093
519 0.0261411
519 0.0556134
520 0.57745
520 0.220375
520 0.0598727
520 0.343975
521 0.580662
521 0.373453
522 0.138594
522 0.2084
523 0.745333
523 0.745582
523 0.0897219
523 0.045371
523 0.0359962
523 0.00155176
524 0.354278
524 0.287859
525 0.345477
850 2.61431e-23
851 1.94536e-05
930 0.00603368
1117 0.0112611
1146 0.00141495
1149 2.49031e-25
1117 0.00167266
851 0.0016737
851 0.0017344
524 0.0345485
524 0.0346463
524 0.164302
524 0.0686905
523 0.0945683
523 0.065353
523 0.0426926
522 0.0431356
522 0.0570985
521 0.0350701
521 0.0430275
520 0.0641974
520 0.132021
520 0.0473213
520 0.0396906
519 0.0605406
519 0.0776915
519 0.052861
518 0.0565228
518 0.0535673
517 0.0455401
517 0.0430623
516 0.067535
516 0.0390363
515 0.0436573
515 0.0838945
514 0.0287052
514 0.0426084
514 0.0386133
513 0.0426519
513 0.0366337
513 0.175398
513 0.0417924
513 0.0461785
513 0.0833463
510 0.117816
510 0.0593014
509 0.0403772
509 0.15017
509 0.0529714
508 0.116384
508 0.0754241
507 0.0631682
507 0.0613483
506 0.0580168
505 0.190604
505 0.103054
505 0.0556708
504 0.0365941
503 0.0447644
503 0.0536456
502 0.149565
502 0.316588
501 0.0512871
500 0.0404601
500 0.0381512
500 0.048059
499 0.0364489
498 0.0486758
495 0.0374887
495 0.0766332
495 0.0683803
494 0.0994009
493 0.0661691
491 0.0644295
491 0.0430464
491 0.0478828
491 0.0540428
491 0.0342937
491 0.101204
489 0.0884458
488 0.0351825
487 0.0817493
485 0.0776093
484 0.0345432
484 0.0981496
483 0.0648487
480 0.105449
480 0.0618384
479 0.0488092
479 0.0493994
479 0.0395032
478 0.0350191
477 0.0433586
476 0.113187
475 0.0589987
475 0.118491
475 3.10141e-23
475 0.0358662
475 0.377853
475 0.0122282
475 0.148395
476 0.569549
476 0.0755057
476 0.384102
478 1.23621
479 0.521557
479 0.471887
479 0.289736
480 0.105041
480 0.515475
481 0.76073
482 0.468435
482 0.385037
482 0.306772
483 0.195766
484 0.90473
484 0.423275
484 0.0618392
485 0.462346
485 0.213469
486 0.438836
486 0.57984
487 0.183322
487 0.435353
487 0.149934
488 0.217806
488 0.176956
488 0.262194
488 0.288108
490 1.19294
490 0.507931
491 0.399937
491 0.274109
492 0.357943
492 0.62335
494 1.11294
495 0.587561
495 0.51613
495 0.237968
496 0.154069
496 0.0193377
496 0.457674
496 0.195618
497 0.107189
497 0.684382
498 0.206977
498 0.0629432
498 0.578003
499 0.240529
499 0.520287
499 0.0655141
499 0.104588
500 1.00588
501 0.17854
501 0.676365
503 1.38119
503 0.409772
504 0.652369
505 0.856738
506 0.713688
506 0.0147828
506 0.0760275
507 0.500251
507 0.0731297
507 0.114465
507 0.425213
507 0.0234934
507 0.0248706
508 0.320608
508 0.131001
508 0.0338481
508 0.0822805
508 0.378145
509 1.09562
509 0.0750574
510 0.516247
510 0.401603
511 0.684259
511 0.218243
512 0.196044
512 0.735309
513 0.0883739
514 0.83924
514 0.0275089
514 0.477158
515 0.849418
515 0.197177
515 0.133532
515 0.0230637
516 0.083927
517 1.43914
517 0.00110733
518 0.884977
518 0.480813
519 0.333927
519 0.630065
520 1.03957
521 0.858546
522 0.401411
522 0.233977
522 0.344137
523 0.244453
524 1.04331
524 0.539424
524 0.00358626
525 0.155928
850 2.62284e-23
851 7.37422e-05
924 0.00413448
1149 0.0112661
1149 1.6771e-26
924 0.00108618
851 0.0011059
524 0.059108
524 0.0363582
524 0.0345255
523 0.0464224
522 0.0346634
522 0.0414578
522 0.038162
521 0.0613095
521 0.128422
519 0.104268
519 0.112899
518 0.0442713
518 0.0910085
517 0.043496
517 0.128335
516 0.0408859
515 0.0652926
515 0.0441135
515 0.116028
515 0.105918
514 0.112536
514 0.296215
514 0.0471177
513 0.156888
512 0.049905
512 0.038388
511 0.0562605
511 0.0384817
510 0.036086
510 0.0423146
509 0.0351769
508 0.0620172
508 0.0679727
508 0.0556939
508 0.0382956
508 0.0493507
507 0.148699
507 0.084062
507 0.0708062
507 0.0410206
507 0.0349105
507 0.0859693
507 0.0520217
506 0.0373687
506 0.105464
506 0.0396903
505 0.0795959
504 0.0474059
503 0.0839697
503 0.053593
501 0.0679055
501 0.101667
500 0.0356367
499 0.0378899
499 0.037508
499 0.0428374
499 0.26517
498 0.035063
498 0.25352
497 0.147388
497 0.0652962
496 0.0417548
496 0.0559185
496 0.0404434
495 0.0461659
495 0.0827528
495 0.0808318
494 0.0720367
492 0.0480782
491 0.0605068
490 0.0373136
490 0.0440171
488 0.196066
488 0.0708813
488 0.0423867
488 0.0892812
487 0.0775914
487 0.0355269
486 0.0993447
486 0.0780771
485 0.0396318
484 0.0483431
484 0.0436425
484 0.0404745
483 0.0439339
482 0.0402055
482 0.0341958
482 0.0438536
481 0.0543222
480 0.106222
480 0.0849057
479 0.0467872
479 0.08345
479 0.191468
479 0.0688122
478 0.0885006
476 0.0344031
476 0.0909319
476 0.0502339
475 0.0461099
475 0.0369641
475 0.0907565
475 0.0342505
475 3.10141e-23
475 0.546947
475 0.125034
476 0.162063
476 0.172776
476 0.175944
476 0.120676
476 0.118287
477 0.297907
478 0.793042
478 0.0439373
478 0.105701
478 0.0733553
479 0.515803
479 0.304687
479 0.284428
480 0.187518
480 0.131004
481 0.843726
481 0.256624
481 0.0620904
481 0.0787655
481 0.0688833
481 0.0393377
481 0.0191395
482 0.444951
482 0.0824317
482 0.0204081
482 0.219981
483 0.331747
483 0.19498
483 0.150885
483 0.00365354
483 0.086868
485 1.23492
485 0.44841
485 0.114889
485 0.130836
485 0.0376838
486 0.673773
486 0.115272
487 0.445994
488 0.573466
489 0.888135
489 0.808794
490 0.416268
491 1.18407
492 0.221974
492 0.173914
492 0.0229156
492 0.258807
492 0.104145
492 0.04836
493 0.255703
493 0.382544
493 0.340662
493 0.679879
494 0.23981
494 0.43107
494 0.209018
494 0.0382619
494 0.0639795
494 0.00639088
494 0.266999
494 0.672719
495 1.16617
495 0.407403
495 0.00209054
495 0.0451154
495 0.713433
495 0.0196561
495 0.0525162
495 0.10201
496 1.02173
496 0.187081
496 0.255735
496 0.76551
496 0.0505171
496 0.630464
497 0.700654
497 0.593802
497 0.0284266
497 0.59238
497 0.529032
497 0.78706
498 0.58272
498 0.933884
498 0.114535
498 0.518358
498 0.0643466
498 0.317958
499 1.52177
499 0.604684
499 0.189909
499 0.264606
499 0.23805
499 0.00200771
499 0.0343086
499 0.536451
499 0.0646647
500 0.827326
501 2.6017
501 0.808027
501 1.52247
501 0.763211
502 0.23451
502 0.326181
502 1.05966
502 0.226748
502 0.964452
502 0.267963
502 0.274439
503 1.14298
503 0.43569
503 0.00041831
503 1.02856
503 0.242736
503 0.638965
504 0.859994
504 1.53252
504 0.239583
504 0.357042
504 0.00593908
504 0.339495
504 0.00760393
504 0.0677924
504 0.416445
504 0.304601
504 0.119904
504 0.408568
505 2.00521
505 1.24213
505 0.717943
506 3.74257
506 1.03541
507 3.05461
507 2.96011
507 2.83737
507 2.81065
508 2.89499
508 3.50431
508 0.216091
505 0.0420342
505 0.0462401
505 0.0402521
504 0.0433064
504 0.0441837
504 0.0383467
504 0.050871
504 0.0365891
504 0.0437872
504 0.0428289
504 0.0392025
504 0.0467734
504 0.0419228
504 0.0498519
504 0.0617039
503 0.0444455
503 0.0419671
503 0.0603372
503 0.0425356
503 0.0670036
503 0.071222
502 0.0681573
502 0.0496822
502 0.050213
502 0.0719043
502 0.0534519
502 0.0565237
502 0.0409009
501 0.0420404
501 0.0760135
501 0.0354689
501 0.0375022
500 0.0384167
499 0.0576142
499 0.0490747
499 0.0356862
499 0.0628813
499 0.0685115
499 0.0620796
499 0.0430506
499 0.0879951
499 0.0419838
498 0.0354591
498 0.0363597
498 0.0497317
498 0.0551156
498 0.0537476
498 0.0358205
497 0.061285
497 0.11369
497 0.036257
497 0.0400027
497 0.0417569
497 0.0496616
496 0.0359012
496 0.055963
496 0.0360762
496 0.0438927
496 0.050948
495 0.0465193
495 0.042059
495 0.0390001
495 0.127885
495 0.0540745
495 0.0362038
495 0.0382066
494 0.101433
494 0.0678791
494 0.110711
494 0.0426398
494 0.039452
494 0.134624
494 0.0897409
493 0.150113
493 0.0750416
493 0.0678146
492 0.0441917
492 0.0373717
492 0.120076
490 0.0496653
490 0.0406256
487 0.0488658
486 0.0848743
485 0.0596882
485 0.102355
485 0.0810754
485 0.0758978
485 0.0944874
485 0.0342593
485 0.111067
483 0.0520418
483 0.0691815
483 0.177719
483 0.0405219
483 0.0500696
482 0.104346
482 0.0936633
482 0.0348814
481 0.147761
481 0.198623
481 0.0881937
481 0.0585406
481 0.0273136
481 0.0950627
481 0.047835
481 0.0358529
480 0.0917788
480 0.0853335
479 0.0380908
479 0.129775
479 0.0395816
478 0.0429378
478 0.043887
478 0.0762961
478 0.116025
478 0.038984
478 0.0422416
477 0.040276
476 0.0389574
476 0.0487165
476 0.0955282
476 0.0908091
475 0.0350856
475 0.0567823
481 0.001564
481 0.0196009
525 0
1092 0
491 0
469 0
525 0
1149 0
475 3.10141e-23
475 0.278026
475 0.1729
475 0.293378
476 0.387647
476 0.381835
477 0.113198
478 0.737031
478 0.349051
478 0.0119168
479 1.20823
480 0.255347
480 0.111523
480 0.168441
481 0.392644
481 0.0795872
481 0.0119939
481 0.0925678
482 0.656997
482 0.0614037
482 0.531242
483 0.612397
483 0.233469
484 0.315109
485 0.72404
486 1.03019
486 0.321441
487 0.452647
487 0.185354
489 1.58215
489 0.0704709
490 0.411651
490 0.124433
490 0.172266
490 0.195943
490 0.139492
491 0.460535
491 0.412876
491 0.062581
491 0.0640581
492 0.861535
493 0.866126
494 0.326275
494 0.2824
494 0.116149
494 0.10602
494 0.199482
495 0.109401
495 0.227498
495 0.34101
496 0.388596
496 0.424674
497 0.847583
498 0.590058
499 1.02248
499 0.407114
500 0.42824
500 0.147941
500 0.358324
500 0.168378
503 1.82869
503 0.170946
503 0.0476115
503 0.323662
504 1.15509
505 0.835569
506 0.226772
506 0.324605
506 0.361138
507 0.277946
507 0.146846
507 0.0386444
508 1.08957
508 0.0981437
509 0.987307
510 0.171301
510 0.368819
512 1.66361
512 0.489375
512 0.105846
513 0.24391
513 0.0079661
513 0.20805
515 1.95396
516 0.667696
516 0.0824862
516 0.0942885
517 0.522611
517 0.393626
517 0.00169526
517 0.0650843
517 0.327191
518 0.161097
518 0.393341
519 0.70186
519 0.142302
519 0.402763
519 0.0526863
520 0.232697
520 0.0143301
520 0.225859
520 0.56758
520 0.00559283
521 0.464469
521 0.121515
521 0.456917
522 0.220526
522 0.8984
523 0.300801
523 0.024926
523 0.0525184
523 0.32303
523 0.0330569
523 0.152342
523 0.09884
525 1.09339
850 2.63553e-23
988 0.00840668
1148 0.00767853
1149 1.3379e-25
989 0.00127095
989 0.00119395
990 0.00205516
990 0.00187041
523 0.0409155
523 0.0519425
523 0.0457977
523 0.119807
523 0.034556
522 0.0158203
522 0.110116
522 0.091651
522 0.0484929
521 0.0581615
521 0.0568653
521 0.0425418
520 0.0701558
520 0.0868317
520 0.0565668
520 0.0377562
519 0.0599636
519 0.0620035
519 0.0661483
518 0.0468106
517 0.0470115
517 0.0502718
517 0.0697875
517 0.0365027
517 0.0406846
516 0.0611282
516 0.0528855
515 0.0347882
513 0.0528489
513 0.0368325
512 0.0465434
512 0.119376
510 0.047561
510 0.0408632
508 0.0538575
508 0.127537
507 0.0370023
507 0.0563317
506 0.121653
506 0.0492147
506 0.322095
505 0.105055
504 0.0368831
503 0.155312
503 0.062172
503 0.0666017
501 0.122083
500 0.11177
500 0.0702755
500 0.0429591
499 0.0464426
499 0.0488546
498 0.0679447
497 0.06304
496 0.068
496 0.0363353
495 0.223786
495 0.0718401
494 0.0357527
494 0.0521869
494 0.072625
492 0.106183
491 0.0365172
491 0.0710618
491 0.0399986
491 0.0993427
490 0.0423824
490 0.0988261
489 0.0534338
489 0.0305481
489 0.1609
487 0.0752766
487 0.0822362
486 0.0536677
486 0.125377
485 0.0406299
484 0.0551237
483 0.109691
483 0.0630725
482 0.0349796
482 0.118615
482 0.0618085
481 0.055002
481 0.0885366
481 0.244865
481 0.120197
480 0.0553554
480 0.0583191
480 0.101284
479 0.0393284
478 0.068786
478 0.0474657
478 0.0706069
477 0.0511783
476 0.105124
476 0.0934554
476 0.0368427
476 0.0637007
475 0.0693964
475 0.0341037
475 0.13816
475 0.034975
475 0.0547209
475 3.10141e-23
475 0.609081
476 0.180411
476 0.425745
476 0.0060876
476 0.0424254
477 0.543055
477 0.463364
478 0.388526
478 0.594062
479 0.0829809
479 0.274169
479 0.0818211
479 0.0524997
479 0.27646
482 2.05737
482 0.409786
483 0.594709
483 0.0206535
484 0.596535
484 0.172333
484 0.0952498
485 0.492816
485 0.055569
485 0.108315
486 1.18729
486 0.0712324
488 0.815953
488 0.0467192
488 0.0683808
488 0.387395
489 0.59459
489 0.145755
490 0.41813
490 0.330471
490 0.288989
491 0.912905
492 0.553125
492 0.0650107
493 0.24277
494 1.26849
494 0.300433
494 0.0535108
494 0.0291005
495 0.445118
496 1.0371
496 0.233996
496 0.0195192
496 0.0412797
497 0.681265
497 0.200488
498 0.85856
499 0.137511
499 0.133955
499 0.35902
499 0.0346836
499 0.181534
499 0.178671
500 0.0790317
500 0.275985
500 0.713972
502 1.02027
502 0.11063
502 0.0810526
502 0.504772
503 0.296175
503 0.166131
504 0.804866
504 0.0160226
505 1.08974
505 0.0180482
505 0.0605738
505 0.166488
506 0.21353
506 0.328956
507 1.06785
507 0.173396
507 0.12455
507 0.126637
508 0.296484
508 0.0370045
509 1.104
509 0.457692
510 0.232587
510 0.527828
510 0.00702964
510 0.0616035
511 0.535941
512 0.829479
512 0.00998654
512 0.0116956
512 0.327414
512 0.00386455
512 0.301566
514 1.12413
514 0.416005
515 1.07567
516 0.159057
516 0.726606
516 0.0344462
516 0.00515027
517 0.603372
517 0.265196
518 0.239206
518 0.211024
518 0.297439
518 0.0426794
519 0.604039
519 0.17544
520 0.779024
520 0.0434165
520 0.169609
520 0.234323
520 0.29103
521 0.560951
522 1.01781
522 0.383178
523 0.14788
523 0.228076
523 0.565956
524 0.0895184
525 0.978969
850 2.63191e-23
1103 0.0140226
1149 0.00293606
1149 2.57052e-26
1103 0.00138836
524 0.0733737
523 0.0499126
523 0.0474219
523 0.03823
522 0.053364
522 0.0405621
521 0.158561
520 0.0399152
520 0.208382
520 0.0910857
520 0.0647616
520 0.0838871
519 0.0524189
519 0.0427725
518 0.0547357
518 0.0642389
518 0.0121675
518 0.066952
518 0.0472649
517 0.0915742
516 0.0640321
516 0.0452677
516 0.0402828
516 0.0403159
515 0.0476183
514 0.0527663
514 0.0550906
512 0.0898313
512 0.0404961
512 0.176586
512 0.0415558
512 0.0494664
511 0.0371075
510 0.0584781
510 0.0443853
510 0.122379
509 0.208676
508 0.0373546
507 0.0554927
507 0.0353197
507 0.0579139
507 0.0350283
506 0.034652
505 0.0457271
505 0.170318
505 0.343169
504 0.0486546
503 0.0453815
503 0.0860957
502 0.047339
502 0.149712
502 0.0413349
502 0.134391
500 0.0462931
500 0.035808
500 0.0700929
500 0.0648205
500 0.257478
500 0.0346126
499 0.0375647
499 0.143457
499 0.0506081
499 0.0688864
498 0.0384301
497 0.0608154
496 0.0536332
496 0.0387906
496 0.0529886
496 0.0463186
495 0.0538125
494 0.0605635
494 0.0536433
493 0.04458
492 0.0503164
490 0.0382579
490 0.0540494
490 0.0386049
489 0.0347044
489 0.0779612
488 0.0386848
488 0.0531281
487 0.180041
487 0.296456
485 0.0706962
485 0.0366806
484 0.082879
484 0.0793214
484 0.0476232
482 0.054031
482 0.120055
479 0.107426
479 0.039593
479 0.0376561
479 0.034353
479 0.157607
478 0.0642477
478 0.134313
477 0.0998017
477 0.0384408
476 0.0355819
476 0.0403429
476 0.0342286
476 0.0394048
475 0.146783
475 3.10141e-23
475 0.014063
476 1.21874
476 0.260384
477 0.155246
477 0.0573794
477 0.154248
478 0.519054
479 0.998258
479 0.155107
479 0.340267
479 0.0137658
480 0.413311
481 0.510938
481 0.133768
481 0.0804343
481 0.329149
482 0.245144
483 1.12342
487 3.22989
487 0.255634
488 0.987706
489 0.832394
489 0.0590059
490 0.109482
490 0.321091
490 0.252695
491 0.736948
491 0.0411039
492 0.843825
492 0.0682336
492 0.0140428
492 0.161572
493 0.514377
493 0.0495303
493 0.0786564
494 0.3968
494 0.0308477
494 0.0599801
494 0.00862649
495 0.580461
495 0.37886
496 0.4463
497 0.851504
498 1.24298
499 0.767234
499 0.149626
500 0.449296
500 0.143838
500 0.0087084
500 0.279674
500 0.091004
500 0.107651
501 0.78076
502 0.237008
502 0.281022
503 0.548977
503 0.307308
503 0.497282
504 0.411794
504 0.0667745
504 0.164701
505 0.697651
505 0.283935
505 0.130792
506 0.29439
507 1.09412
507 0.47339
507 0.00210714
508 0.640717
508 0.300644
509 0.427129
509 0.134117
510 0.905287
511 0.475117
511 0.0539861
511 0.158696
511 0.451617
511 0.0459141
512 0.0924378
512 0.883481
513 0.682227
514 1.02163
514 0.0153851
514 0.0822476
515 0.42803
515 0.190302
515 0.0403401
516 0.525367
516 0.520197
516 0.0336401
516 0.087313
516 0.308177
517 0.556786
517 0.222666
518 0.336725
518 0.0300346
518 0.425878
518 0.147413
519 1.03127
520 0.200194
521 1.13505
521 0.0501875
522 1.65232
523 0.528156
524 0.546295
524 0.0946263
525 0.865632
850 2.63984e-23
914 0.00322748
918 0.000196888
1147 0.0106048
1149 1.95245e-25
914 0.00152912
524 0.10701
524 0.23688
523 0.0616361
522 0.0468156
521 0.039519
521 0.147956
519 0.0471037
518 0.0380856
518 0.0841454
518 0.282414
517 0.127706
517 0.0371925
517 0.289813
516 0.0574785
516 0.195195
516 0.0359865
516 0.0718195
515 0.129421
515 0.0389231
514 0.0696777
514 0.034994
514 0.107417
512 0.0667699
511 0.0432023
511 0.0373639
511 0.0701202
510 0.0589981
509 0.0360466
509 0.0708455
509 0.235054
508 0.0390716
507 0.0370782
507 0.0588007
507 0.0766322
506 0.102811
505 0.0702238
505 0.00904251
505 0.0524302
505 0.0343202
505 0.0704772
504 0.059144
504 0.0587503
504 0.174411
503 0.16015
503 0.0473429
502 0.114936
502 0.0422043
501 0.0552438
500 0.0405285
500 0.0370186
500 0.0537124
500 0.0564075
500 0.0715389
499 0.0479933
499 0.0619423
498 0.0793819
497 0.0935307
496 0.0480737
495 0.0137144
495 0.0757538
495 0.0481251
494 0.0393941
494 0.0468257
494 0.268876
494 0.139572
493 0.12845
493 0.088425
493 0.0729657
492 0.0449045
492 0.185827
492 0.0436137
492 0.060575
491 0.125886
491 0.0442498
490 0.102501
490 0.2319
490 0.0382442
490 0.0677806
490 0.0500778
489 0.061125
489 0.182231
488 0.0920652
487 0.0616912
487 0.0630245
483 0.0826241
482 0.0547759
481 0.0370848
481 0.0569105
481 0.0753049
480 0.0343052
480 0.0429419
479 0.128354
479 0.0532704
479 0.077587
478 0.105157
477 0.196245
477 0.0537921
477 0.0910063
476 0.0634133
476 0.0391102
475 0.00745032
475 0.00166261
475 0.00177891
475 0.00208303
475 0.00330672
475 0.00365454
475 0.00223137
475 0.00248194
475 0.00780403
475 0.0029034
475 0.0146335
475 0.00613044
475 0.00212552
475 0.00213595
475 0.00334085
475 0.0064297
475 0.00406714
475 0.00504188
475 0.0337019
475 3.10141e-23
475 0.290884
475 0.418635
475 0.195438
476 0.174111
476 0.575943
477 0.220211
478 0.920604
479 0.967785
479 0.30208
479 0.0689053
480 0.582819
481 0.474079
481 0.295164
482 0.303965
483 1.5739
484 0.920875
485 0.451812
485 0.160864
486 1.07562
487 0.69043
488 0.462128
488 0.303111
489 0.543003
491 1.63063
491 0.269901
492 0.681944
492 0.192585
492 0.455474
493 0.464251
494 0.611432
494 0.140843
494 0.0228805
494 0.4889
495 0.619392
496 1.04507
496 0.00754218
496 0.0273516
497 0.772066
498 0.741069
498 0.179894
499 0.237139
499 0.0672241
499 0.0977888
500 1.02914
500 0.17934
502 1.1732
502 0.443603
502 0.0178526
503 0.325451
503 0.125921
503 0.0100649
504 0.675262
505 0.959536
505 0.599955
506 0.315607
506 0.347354
506 0.417138
507 0.159412
507 0.227246
507 0.33722
510 2.13134
510 0.482714
511 0.598106
512 0.717131
513 1.20854
513 0.220209
514 0.439653
514 0.128597
514 0.627027
515 0.220557
515 0.415222
515 0.158615
515 0.0148732
516 0.257859
516 0.22668
516 0.371811
516 0.188087
517 0.325942
517 0.429858
517 0.146511
517 0.358268
518 0.0446876
518 0.250898
518 0.332339
518 0.0814454
518 0.234558
518 0.0784881
519 0.0337977
519 0.133036
519 0.0782859
519 0.291374
519 0.092883
520 0.404362
520 0.238612
520 0.185386
521 1.1508
521 0.101565
521 0.0182459
522 0.596508
522 0.212618
522 0.0914028
522 0.00335967
523 0.713702
523 0.051161
523 0.200921
524 1.04375
525 0.0671751
850 2.61879e-23
1148 0.0166117
1149 1.18966e-25
523 0.217765
523 0.134101
523 0.0346297
522 0.0364202
522 0.0414539
522 0.0472394
522 0.0436052
521 0.0421654
520 0.0790916
520 0.0382043
520 0.0906322
519 0.0487016
519 0.0608175
519 0.0602989
519 0.167845
518 0.0699325
518 0.0851622
518 0.0615051
518 0.0984014
518 0.0506157
518 0.0368103
517 0.0796331
517 0.127735
517 0.0511284
517 0.0912707
516 0.117322
516 0.0570911
516 0.0488364
516 0.122291
515 0.0655481
515 0.0478817
515 0.0401169
514 0.137222
514 0.0749882
514 0.0372305
513 0.142167
512 0.118586
511 0.0508906
510 0.0615066
510 0.0493912
507 0.0514379
506 0.0747658
506 0.0620254
506 0.0353846
505 0.0431604
505 0.0349067
504 0.0493512
503 0.0540288
503 0.0553859
503 0.07439
502 0.130088
502 0.0401071
502 0.119813
500 0.0463916
500 0.0423079
499 0.0428667
498 0.0603983
497 0.0616929
496 0.0754625
496 0.0669455
496 0.0419421
495 0.0564599
494 0.0593385
494 0.0363063
494 0.0623005
494 0.0357219
493 0.0402938
492 0.0413838
492 0.125253
492 0.0786735
491 0.0415813
491 0.0429335
489 0.057582
488 0.0570013
487 0.043144
486 0.0549883
485 0.0564414
485 0.0775197
484 0.061663
483 0.0877326
482 0.00443672
482 0.0691856
481 0.0462494
481 0.0658966
480 0.0954927
479 0.0538348
479 0.064862
479 0.0763717
478 0.044811
477 0.0348558
477 0.28446
476 0.0386321
475 0.0579229
475 0.0648393
482 0.000121
482 0.00144093
