476 -13
476 13
488 -13
488 13
492 -13
492 13
478 -13
478 13
499 -13
499 13
479 -13
479 13
516 -13
516 13
505 -13
505 13
501 -13
501 13
508 -13
508 13
479 -13
479 13
505 -13
505 13
483 -13
483 13
488 -13
488 13
488 -13
488 13
484 -13
484 13
478 -13
478 13
481 -13
481 13
488 -13
488 13
494 -13
494 13
475 -13
475 13
508 -13
508 13
508 -13
508 13
507 -13
507 13
487 -13
487 13
522 -13
522 13
510 -13
510 13
508 -13
508 13
505 -13
505 13
505 -13
505 13
475 -13
475 13
487 -13
487 13
488 -13
488 13
495 -13
495 13
492 -13
492 13
491 -13
491 13
489 -13
489 13
490 -13
490 13
488 -13
488 13
487 -13
487 13
491 -13
491 13
513 -13
513 13
512 -13
512 13
519 -13
519 13
494 -13
494 13
480 -13
480 13
481 -13
481 13
486 -13
486 13
507 -13
507 13
509 -13
509 13
515 -13
515 13
477 -13
477 13
489 -13
489 13
483 -13
483 13
481 -13
481 13
498 -13
498 13
495 -13
495 13
493 -13
493 13
504 -13
504 13
476 -13
476 13
480 -13
480 13
478 -13
478 13
479 -13
479 13
482 -13
482 13
501 -13
501 13
499 -13
499 13
500 -13
500 13
499 -13
499 13
506 -13
506 13
506 -13
506 13
512 -13
512 13
496 -13
496 13
496 -13
496 13
500 -13
500 13
476 -13
476 13
517 -13
517 13
485 -13
485 13
486 -13
486 13
504 -13
504 13
493 -13
493 13
516 -13
516 13
516 -13
516 13
498 -13
498 13
498 -13
498 13
487 -13
487 13
491 -13
491 13
481 -13
481 13
501 -13
501 13
494 -13
494 13
498 -13
498 13
498 -13
498 13
498 -13
498 13
515 -13
515 13
478 -13
478 13
490 -13
490 13
483 -13
483 13
509 -13
509 13
483 -13
483 13
514 -13
514 13
515 -13
515 13
485 -13
485 13
515 -13
515 13
513 -13
513 13
514 -13
514 13
477 -13
477 13
492 -13
492 13
490 -13
490 13
491 -13
491 13
490 -13
490 13
481 -13
481 13
509 -13
509 13
509 -13
509 13
491 -13
491 13
493 -13
493 13
494 -13
494 13
494 -13
494 13
491 -13
491 13
481 -13
481 13
479 -13
479 13
480 -13
480 13
491 -13
491 13
481 -13
481 13
496 -13
496 13
498 -13
498 13
475 -13
475 13
477 -13
477 13
480 -13
480 13
