475 0
508 0
508 0
509 0
508 0.00143787
475 0
501 0
505 0
501 0
399 0
505 0.00156902
501 0.00128392
475 0
476 0
478 0.000180471
475 0
344 0
476 0.00129606
475 0
484 0
488 0
488 0
475 0
284 0
488 0.00122767
488 0.00140553
484 0.00107879
475 0
505 0
506 0
509 0
505 0.00142232
475 0
493 0.000380251
502 0.000638942
500 0
474 0
475 0
479 0
475 0
0 0
479 0.00264154
475 0
494 0
475 0
103 0
494 0.00244505
475 0
525 0
850 0
1149 0
475 0
525 0
850 0
1149 0
475 0
492 0
488 0
491 0.000242981
489 0
451 0
488 0.00227276
492 0.00210777
475 0
483 0
478 0
431 0
483 0.00171307
475 0
492 0.000479003
509 0.000970642
508 0
493 0
352 0
508 0.00141363
475 0
479 0
475 0
261 0
479 0.00228275
475 0
525 0
850 0
1149 0
475 0
499 0
478 0
475 0
266 0
478 0.0012708
499 0.00234138
475 0
525 0
850 0
1149 0
475 0
525 0
850 0
1149 0
475 0
487 0
475 0
147 0
487 0.00250924
475 0
525 0
850 0
1149 0
475 0
509 0.00058387
516 0
525 0
744 0
516 0.00183791
475 0
506 0.000996264
514 0
595 0
475 0
500 0.000430645
507 0
508 0
509 0
510 0
508 0.00212638
507 0.00181286
475 0
508 0
510 0
493 0.000695207
493 0.000605119
476 0
54 0
510 0.00109168
508 0.00104295
475 0
525 0
850 0
1149 0
475 0
494 7.59712e-05
517 0.000505079
525 0
934 0
475 0
488 0
481 0
478 0
475 0
404 0
478 0.00195253
481 0.00124407
488 0.00213752
475 0
502 0.000481293
522 0
519 3.21532e-05
513 0.000804652
521 0.00039711
521 0
536 0
522 0.00245958
475 0
525 0
850 0
1149 0
475 0
490 0
489 0
491 0
492 3.4251e-05
492 0
495 0
488 0
487 0
475 0
237 0
487 0.00123585
488 0.00132794
495 0.00127449
492 0.00197816
491 0.00129906
489 0.00127906
490 0.00243624
475 0
475 0
475 0
456 0
475 0.00153753
475 0
525 0
850 0
1149 0
475 0
489 0.00085364
497 0.000923293
505 0
505 0
502 0
467 0
505 0.0010649
505 0.00133611
475 0
476 0.00080823
480 0
475 0
405 0
480 0.00136505
475 0
487 0
488 0
525 0
850 0
1149 0
1149 0
488 0.00115273
487 0.00120112
475 0
491 0
475 0
0 0
491 0.00268145
475 0
489 0.000111789
525 0
912 0
1008 0
1149 0
475 0
525 0
850 0
1149 0
475 0
475 0
475 0
400 0
475 0.00183617
475 0
486 0.000847776
486 0
481 0
507 0
752 0
481 0.00198953
486 0.00210246
475 0
525 0
850 0
1149 0
475 0
481 0
483 0
475 0
86 0
483 0.00114314
481 0.0010952
475 0
519 0
512 0
513 0
525 0
871 0
882 0
513 0.00115084
512 0.00173149
519 0.00198299
475 0
494 0
491 0
469 0
494 0.00156234
475 0
495 0
498 0
488 0.000795744
475 0
0 0
498 0.00124197
495 0.00105185
475 0
501 0.000437071
525 0
848 0
475 0
493 0
498 0
538 0
493 0.00126026
475 0
496 0
483 0.000575345
483 0.000664391
492 0.000606717
493 0.000527316
494 0
554 0
496 0.00269628
475 0
504 0
479 0
255 0
504 0.00234929
475 0
506 0.000417875
515 0
509 0
507 0
525 0
948 0
507 0.00186905
509 0.00114183
515 0.00137022
475 0
525 0
850 0
1149 0
475 0
506 0
506 0
507 0.000828275
499 0
500 0.000298069
503 0
538 0
499 0.00122702
506 0.00244044
506 0.00151933
475 0
476 0
478 0.000812177
475 0
0 0
476 0.00123385
475 0
479 0
478 0
480 0
488 0.000549819
488 0.000671838
517 0
1149 0
480 0.00147822
478 0.00174645
479 0.00164033
475 0
516 0
516 0
493 0
501 0
582 0
493 0.00153629
516 0.00202706
516 0.00139035
475 0
482 0
475 0
0 0
482 0.00272271
475 0
499 0.000552304
501 0.00035866
502 0.000259069
512 0
511 0.000628158
510 0
500 0
512 0.00112239
475 0
493 0.000267412
525 0
868 0
475 0
500 0
499 0
501 0
514 0.000805072
524 0
771 0
501 0.00111686
499 0.00103732
500 0.0023467
475 0
494 0.000891327
500 0
475 0
0 0
500 0.00201215
475 0
489 0
481 0.000312968
477 0
477 0.000540878
475 0
428 0
477 0.00103093
489 0.00231063
475 0
485 0.000974083
494 0
574 0
475 0
481 0.000721607
496 0
489 0
100 0
496 0.00127971
475 0
515 8.33865e-05
517 0
513 0.000779922
480 0
0 0
517 0.00220776
475 0
486 0
485 0
488 0
518 0
485 0.0023983
486 0.00179334
475 0
476 0
475 0
57 0
476 0.00258745
475 0
481 0
475 0
123 0
481 0.00251854
475 0
525 0
850 0
1149 0
475 0
475 7.02239e-06
482 0.000978054
483 0
475 0
228 0
483 0.00245007
475 0
525 0
850 0
1149 0
475 0
504 0
487 0
328 0
504 0.00222477
475 0
485 0
475 0
363 0
485 0.00204064
475 0
500 0.000577432
513 6.67995e-05
520 0
711 0
475 0
498 0
498 0
498 0
494 0
475 0
323 0
494 0.00135298
498 0.00164081
498 0.00178144
498 0.00152936
475 0
515 0
514 0
475 0
60 0
514 0.00170162
515 0.00164215
475 0
515 0
524 0
603 0
515 0.00101217
475 0
488 0.000757586
491 0
487 0
498 0
498 0
496 0
439 0
498 0.00165144
498 0.00153421
487 0.00173244
491 0.00213621
475 0
478 0
475 0
230 0
478 0.00233533
475 0
490 0
489 8.64489e-05
487 0
470 0
490 0.00176872
475 0
514 0
514 3.77738e-05
513 0
515 0
510 0.000819877
525 0
872 0
515 0.0013207
513 0.00225485
514 0.00169007
475 0
483 9.35742e-05
501 0
492 0.000473282
475 0
215 0
501 0.00273106
475 0
483 0
475 0
348 0
483 0.00208998
475 0
525 0
850 0
1149 0
475 0
492 0
477 0
475 0
0 0
477 0.0010781
492 0.00210186
475 0
490 0
478 0.000723962
476 0
457 0
490 0.0025458
475 0
501 0.000252557
508 0.000533996
509 0
505 0.000603586
503 0
485 0
509 0.00198631
475 0
498 0
496 0
525 0
849 0
496 0.00189251
498 0.00271378
475 0
489 0.000989753
491 0
495 0.000194216
496 0.000700323
525 0
916 0
1009 0
1149 0
491 0.00132836
475 0
509 0
509 0
487 0
299 0
509 0.00161246
509 0.00155491
475 0
476 0.000795357
477 0.000799494
477 0
484 0
475 0
491 0
490 0
525 0
856 0
1129 0
1149 0
490 0.00167873
491 0.00173695
475 0
491 0
475 0
147 0
491 0.00251646
475 0
477 0
475 0
475 0
469 0
475 0.00208845
477 0.0020492
475 0
481 0
488 0
551 0
481 0.00106661
475 0
521 2.42137e-06
525 0
850 0
1149 0
1149 0
475 0
525 0
850 0
1149 0
475 0
479 0.00050935
480 0.000516042
480 0
479 0
481 0.000624039
481 0
491 0
494 0
494 0
475 0
152 0
494 0.00127346
494 0.00137912
491 0.00126406
481 0.0010592
479 0.00230457
480 0.00165103
475 0
480 0
475 0
275 0
480 0.00213745
475 0
493 0
493 0.000582631
508 0
666 0
493 0.0015885
475 0
481 0
475 0
305 0
481 0.00213199
