475 1.93786e-21
475 2.10636e-19
475 4.71301e-06
475 4.95213e-67
475 8.09187e-10
475 8.35545e-28
475 1.05921e-17
475 5.40703e-20
475 1.07563e-11
475 3.97038e-19
475 2.01347e-27
475 5.21146e-19
475 7.74267e-12
475 3.43062e-23
475 7.15601e-17
475 5.54747e-14
475 3.2792e-17
475 1.18574e-05
475 9.81578e-07
475 7.21225e-05
475 4.98518e-21
475 1.9688e-20
475 6.06584e-26
475 3.03674e-51
475 5.33284e-37
475 4.7599e-06
475 8.03046e-46
475 3.8687e-138
475 1.04628e-24
475 0.000151515
475 6.47534e-06
475 4.7502e-07
475 2.42309e-05
475 7.56428e-06
475 5.11298e-06
475 3.94904e-06
475 6.24203e-06
