475 2.23784e-21
475 3.13782e-06
475 4.31676e-16
475 0.000215506
475 8.13586e-33
475 8.42841e-137
475 5.80564e-43
475 2.40319e-44
475 3.47957e-92
475 1.27566e-158
475 1.87899e-48
475 2.71412e-16
475 1.17071e-29
475 6.51167e-17
475 1.50246e-80
475 1.91283e-53
475 1.01403e-23
475 8.104e-97
475 1.62689e-20
475 1.17924e-07
475 0
475 1.48713e-11
475 8.91919e-50
475 1.34465e-49
475 1.30016e-19
475 5.95702e-42
475 2.48918e-74
475 5.52862e-51
475 4.78842e-63
475 2.17337e-05
475 2.80522e-05
475 8.3668e-05
475 2.88094e-05
475 8.38395e-06
475 7.34126e-06
475 1.13082e-06
246 1.24666e-22
