475 7.91206e-21
475 0.005
475 7.91206e-21
475 0.00224958
475 0.0012452
475 0.000656636
475 2.7821e-08
475 5.68947e-05
475 0.000190177
475 0
475 0.000601492
475 7.91206e-21
475 0.005
475 7.91206e-21
475 0.005
475 7.91206e-21
475 2.9684e-05
475 0.000373253
198 6.08679e-21
475 7.91206e-21
475 0.005
475 7.91206e-21
475 0.005
475 7.91206e-21
475 3.60367e-08
475 0.00222099
475 0.000461653
475 0.00019512
475 2.66548e-07
475 0.000100277
475 2.8156e-06
475 0.000353124
475 0.000111275
475 3.75061e-06
475 3.66643e-05
475 0.00151402
475 7.91206e-21
475 7.63777e-05
475 3.33924e-06
262 5.50291e-21
475 7.91206e-21
475 4.43585e-07
475 0.00107202
308 5.49369e-21
