0 -1
475 1
0 -1
475 1
0 -1
75 1
0 -1
475 1
0 -1
475 1
0 -1
475 1
0 -1
475 1
0 -1
475 1
0 -1
475 1
0 -1
130 1
0 -1
475 1
0 -1
475 1
0 -1
475 1
0 -1
200 1
0 -1
475 1
0 -1
475 1
0 -1
283 1
0 -1
448 1
0 -1
475 1
0 -1
475 1
0 -1
475 1
0 -1
475 1
0 -1
294 1
0 -1
475 1
0 -1
141 1
0 -1
475 1
0 -1
279 1
0 -1
0 1
0 -1
0 1
0 -1
288 1
0 -1
475 1
0 -1
0 1
0 -1
475 1
0 -1
475 1
0 -1
475 1
0 -1
475 1
0 -1
475 1
0 -1
475 1
0 -1
475 1
0 -1
333 1
0 -1
475 1
0 -1
475 1
0 -1
0 1
0 -1
475 1
0 -1
475 1
0 -1
395 1
0 -1
292 1
0 -1
475 1
0 -1
475 1
0 -1
475 1
0 -1
475 1
0 -1
330 1
0 -1
475 1
0 -1
475 1
0 -1
475 1
0 -1
72 1
0 -1
475 1
0 -1
475 1
0 -1
475 1
0 -1
475 1
0 -1
468 1
0 -1
131 1
0 -1
475 1
0 -1
475 1
0 -1
475 1
0 -1
475 1
0 -1
475 1
0 -1
331 1
0 -1
112 1
0 -1
475 1
0 -1
475 1
0 -1
475 1
0 -1
475 1
0 -1
263 1
0 -1
475 1
0 -1
475 1
0 -1
0 1
0 -1
475 1
0 -1
475 1
0 -1
475 1
0 -1
172 1
0 -1
216 1
0 -1
475 1
0 -1
475 1
0 -1
413 1
0 -1
475 1
0 -1
189 1
0 -1
475 1
0 -1
475 1
0 -1
475 1
0 -1
475 1
0 -1
475 1
0 -1
475 1
0 -1
475 1
0 -1
475 1
0 -1
217 1
0 -1
0 1
0 -1
92 1
0 -1
385 1
0 -1
475 1
