475 2.23784e-21
475 0.0004
475 2.23784e-21
475 6.06023e-06
475 2.41495e-07
475 6.11477e-12
475 6.9884e-18
475 2.66992e-26
475 5.99194e-05
475 0.000333779
475 2.23784e-21
475 6.58039e-07
475 9.14279e-07
475 2.95145e-06
475 0
475 9.23914e-09
475 7.38532e-08
475 1.67165e-16
475 5.18743e-06
475 1.15187e-21
475 1.36683e-05
475 5.72985e-06
75 2.14486e-21
475 2.23784e-21
475 1.90955e-14
475 7.92435e-27
475 1.1756e-07
475 6.10702e-46
475 2.02054e-05
475 1.311e-16
475 0.000379677
475 2.23784e-21
475 1.0883e-09
475 0.000399999
475 2.23784e-21
475 4.13372e-34
475 0.0004
475 2.23784e-21
475 2.55519e-06
475 3.01679e-10
475 7.72351e-08
475 2.166e-28
475 3.55615e-06
475 1.67948e-09
475 1.50691e-11
475 1.28736e-13
475 4.87726e-21
475 7.28154e-06
475 1.30948e-14
475 8.30917e-12
475 2.51168e-20
475 1.10473e-15
475 6.21155e-14
475 3.91189e-08
475 4.1307e-09
475 2.80023e-06
475 5.57398e-06
475 0.00037811
475 2.23784e-21
475 9.98407e-26
475 2.27666e-09
475 2.23841e-06
475 0
475 1.2439e-06
475 6.23742e-06
475 9.17489e-42
475 0.000390278
475 2.23784e-21
475 1.49993e-11
475 1.07112e-08
475 8.98018e-10
475 2.16933e-20
475 4.26771e-12
475 5.4839e-23
475 3.79834e-07
475 4.0366e-12
475 1.21688e-32
475 5.1884e-13
475 1.39196e-20
475 1.88987e-21
475 0.000141625
475 6.07419e-32
475 1.99518e-19
475 5.83401e-08
475 1.61506e-05
475 0.000241775
475 2.23784e-21
475 1.04306e-29
475 1.1564e-06
475 4.24581e-41
475 4.12338e-06
130 2.09234e-21
475 2.23784e-21
475 1.02105e-25
475 5.83067e-07
475 1.66059e-32
475 2.07133e-05
475 1.24193e-08
475 7.31268e-28
475 4.43971e-16
475 0.000378691
475 2.23784e-21
475 4.11056e-12
475 5.11168e-09
475 1.92355e-35
475 1.52489e-22
475 1.15208e-43
475 0.000384066
475 5.24357e-06
475 5.6464e-06
475 5.03917e-06
475 2.23784e-21
475 3.27638e-16
475 3.28647e-08
475 5.22844e-10
475 2.11055e-36
475 0.000256641
475 3.0545e-05
475 3.98578e-05
475 9.26476e-06
475 1.0401e-05
475 2.88419e-05
475 3.24658e-06
475 1.02038e-05
475 5.95681e-06
475 5.00808e-06
475 2.23784e-21
475 3.72723e-10
475 3.86817e-22
475 2.48481e-12
475 1.30326e-08
475 7.36597e-14
475 2.17304e-43
475 1.96367e-51
475 8.41123e-06
475 0
475 6.74001e-14
475 1.20407e-07
475 8.46443e-05
475 1.20063e-05
200 1.56416e-21
475 2.23784e-21
475 2.58005e-13
475 0.0004
475 2.23784e-21
475 1.73618e-23
475 1.35707e-06
475 1.90925e-05
475 3.9811e-07
475 3.03474e-10
475 1.18734e-08
475 1.25799e-09
475 0.000379139
475 2.23784e-21
475 8.43619e-23
475 7.98584e-05
475 7.4456e-22
475 8.96434e-17
475 9.64071e-28
475 2.24938e-11
475 2.41947e-14
475 1.65747e-10
475 1.05033e-10
475 7.27979e-06
283 1.3189e-21
475 2.23784e-21
475 6.53306e-09
475 5.69256e-06
475 2.41401e-24
475 3.41187e-11
475 4.66238e-06
475 1.8951e-06
475 2.68658e-20
475 3.22099e-23
475 1.74563e-47
475 7.80607e-15
475 2.48894e-26
475 1.38282e-10
475 1.16557e-05
475 9.46754e-07
448 1.42349e-21
475 2.23784e-21
475 2.24986e-31
475 1.18947e-16
475 0.0004
475 2.23784e-21
475 8.61809e-21
475 0.0004
475 2.23784e-21
475 7.29439e-06
475 4.52153e-13
475 1.48946e-27
475 2.08341e-22
475 1.62157e-11
475 7.86553e-22
475 3.59926e-11
475 1.5028e-27
475 1.22595e-06
475 2.0528e-11
475 1.62211e-20
475 1.18982e-30
475 1.41766e-27
475 4.85107e-17
475 0.00039148
475 2.23784e-21
475 0.0004
475 2.23784e-21
475 1.08339e-22
475 3.58941e-10
475 7.31492e-08
475 3.95195e-16
475 1.51803e-05
294 1.56618e-21
475 2.23784e-21
475 1.34693e-08
475 1.48313e-30
475 2.92055e-11
475 6.30002e-44
475 0.000399987
475 2.23784e-21
475 3.16094e-08
475 2.96633e-13
475 2.73962e-05
141 1.89849e-21
475 2.23784e-21
475 1.13309e-06
475 2.42092e-07
475 0.000398625
475 2.23784e-21
475 9.73026e-18
475 8.49153e-24
475 6.93554e-07
279 1.49758e-21
475 2.23784e-21
475 9.83653e-10
475 4.26126e-10
475 1.36237e-05
475 1.82459e-13
475 8.78111e-06
475 0
475 8.93324e-14
475 6.35836e-17
475 0.000158272
475 8.6636e-17
475 4.91332e-06
475 1.16611e-41
475 1.22299e-06
475 4.44749e-12
475 8.41074e-12
475 2.41395e-58
475 9.29267e-06
475 5.25865e-28
475 5.65944e-09
475 2.45337e-13
475 7.74138e-35
475 1.17855e-09
475 4.22344e-07
475 9.94902e-13
475 1.27863e-26
475 1.76102e-30
475 1.70015e-78
475 1.4911e-12
475 2.42038e-88
475 1.76117e-06
475 9.4771e-14
475 1.64023e-41
475 8.28671e-76
475 2.07195e-35
475 3.38874e-39
475 7.65639e-18
475 2.20349e-34
475 1.57102e-30
475 4.01844e-11
475 0.000107034
475 1.20292e-05
475 2.91558e-05
475 1.91579e-05
475 2.20549e-05
475 1.39299e-08
475 8.07913e-06
475 1.14444e-06
0 2.00786e-22
475 2.23784e-21
475 1.22525e-10
475 2.17383e-09
475 9.9078e-46
475 1.00351e-17
475 5.49795e-18
475 1.23744e-10
475 4.26423e-14
475 3.18707e-07
475 6.80175e-06
0 2.49315e-21
475 2.23784e-21
475 1.5242e-33
475 2.67762e-14
475 8.38948e-10
475 5.18552e-06
288 1.51669e-21
475 2.23784e-21
475 3.59336e-18
475 2.67643e-11
475 1.95241e-05
475 8.8591e-23
475 9.23398e-12
475 4.36603e-28
475 5.36842e-05
475 6.44256e-06
475 1.0874e-08
475 1.16027e-08
475 7.30736e-33
475 0.000110188
475 2.71473e-13
475 1.10528e-39
475 6.72278e-27
475 0.000210138
475 2.23784e-21
475 5.51027e-11
475 1.72153e-08
475 2.32055e-05
0 2.21678e-21
475 2.23784e-21
475 3.94483e-11
475 9.46951e-20
475 0.000118469
475 4.42224e-08
475 2.72611e-24
475 2.35333e-09
475 1.71947e-59
475 3.83427e-14
475 3.12061e-28
475 6.53344e-66
475 2.06124e-10
475 1.07656e-10
475 2.83173e-40
475 3.99629e-39
475 1.21225e-28
475 1.29416e-07
475 1.12378e-06
475 2.51503e-30
475 6.47235e-56
475 7.75733e-71
475 5.53636e-05
475 1.7856e-21
475 4.35958e-13
475 3.49309e-48
475 4.41266e-48
475 9.96518e-06
475 5.12204e-25
475 5.92653e-64
475 4.5793e-65
475 2.08762e-07
475 3.50199e-23
475 1.45464e-36
475 8.1166e-38
475 5.1778e-24
475 3.03423e-41
475 4.31262e-59
475 8.01661e-40
475 6.54472e-114
475 2.63454e-17
475 1.63505e-38
475 8.32125e-23
475 8.52879e-07
475 1.1957e-21
475 6.45684e-40
475 6.83372e-19
475 5.95988e-13
475 2.59304e-55
475 4.83316e-15
475 9.18717e-09
475 1.0489e-06
475 5.96602e-28
475 1.11281e-38
475 4.84911e-20
475 3.83377e-10
475 5.74442e-09
475 1.76108e-30
475 8.84239e-27
475 4.75881e-11
475 1.14997e-46
475 1.52432e-22
475 1.47205e-16
475 7.20271e-42
475 1.30402e-15
475 1.92013e-43
475 4.1333e-56
475 1.08097e-200
475 2.52543e-46
475 4.60933e-12
475 2.07006e-28
475 9.14174e-43
475 2.00096e-70
475 0.000212776
475 2.23784e-21
475 3.98326e-28
475 3.35653e-14
475 9.85621e-10
475 4.12807e-16
475 3.98007e-09
475 1.51394e-15
475 3.48753e-46
475 0.000399995
475 2.23784e-21
475 1.56643e-30
475 4.54184e-16
475 0.0004
475 2.23784e-21
475 1.04318e-26
475 6.63252e-08
475 7.62841e-28
475 0.000399934
475 2.23784e-21
475 2.13848e-09
475 9.14604e-06
475 3.95078e-15
475 7.72986e-13
475 2.56137e-18
475 1.55427e-08
475 0.000390836
475 2.23784e-21
475 3.70999e-05
475 1.47879e-12
475 9.19024e-17
475 1.75161e-08
475 1.47571e-10
475 1.06118e-14
475 0.000362882
475 2.23784e-21
475 1.21614e-10
475 6.58925e-06
475 5.90153e-13
475 0.000113432
475 4.77179e-09
475 0.000279973
475 2.23784e-21
475 5.94126e-14
475 1.02549e-21
475 2.14063e-10
475 5.62045e-19
475 3.86243e-07
475 2.62047e-35
475 5.53082e-12
475 5.97355e-10
475 2.48502e-15
475 4.56191e-07
475 7.86394e-23
475 1.29445e-05
333 1.33001e-21
475 2.23784e-21
475 2.12744e-20
475 3.06046e-08
475 3.36144e-33
475 8.14172e-08
475 6.27363e-43
475 0.000399888
475 2.23784e-21
475 7.48704e-20
475 1.6493e-05
475 1.64884e-16
475 1.52201e-08
475 2.13574e-21
475 3.91579e-09
475 7.05057e-08
475 1.0796e-05
475 9.72184e-16
475 6.22227e-10
475 3.00543e-22
475 1.13183e-32
475 2.00891e-05
475 0.000352532
475 2.23784e-21
475 1.258e-14
475 6.29008e-11
475 3.82945e-08
475 1.32842e-22
475 7.62189e-17
475 1.68466e-22
475 3.2755e-12
475 9.96151e-26
475 2.8597e-08
475 4.64259e-14
475 1.09694e-21
475 3.01528e-07
0 2.56742e-21
475 2.23784e-21
475 1.30214e-08
475 0.000399987
475 2.23784e-21
475 5.88087e-12
475 1.79891e-18
475 1.75313e-17
475 5.44048e-05
475 7.43473e-39
475 1.18951e-25
475 3.02698e-14
475 1.87597e-17
475 1.32565e-08
475 1.55311e-10
475 0.000345582
475 2.23784e-21
475 2.59804e-09
475 1.83026e-38
475 4.6694e-06
475 0
475 5.28894e-09
475 5.19229e-11
475 1.73775e-05
395 1.2866e-21
475 2.23784e-21
475 1.44509e-11
475 3.73852e-06
475 3.46112e-15
475 2.96277e-29
475 1.47569e-05
475 0
475 2.83797e-25
475 2.68306e-24
475 1.78588e-08
475 4.49786e-07
292 1.467e-21
475 2.23784e-21
475 0.0004
475 2.23784e-21
475 1.14573e-28
475 3.67697e-11
475 3.79535e-09
475 3.1475e-29
475 1.56465e-11
475 2.80616e-06
475 3.75218e-07
475 0.00030364
475 1.76809e-05
475 7.85947e-06
475 2.8142e-05
475 3.9514e-06
475 1.05322e-05
475 1.21843e-05
475 3.12775e-06
475 9.69677e-06
475 2.23784e-21
475 9.39718e-35
475 0.0004
475 2.23784e-21
475 2.10661e-18
475 1.81298e-11
475 1.53962e-78
475 1.45716e-20
475 0.0004
475 2.23784e-21
475 6.32884e-17
475 9.57014e-20
475 1.39856e-06
475 0
475 1.94094e-07
475 2.58511e-07
330 1.40138e-21
475 2.23784e-21
475 6.48757e-39
475 0.0004
475 2.23784e-21
475 7.61145e-11
475 5.46245e-19
475 9.81968e-15
475 8.283e-06
475 5.60039e-10
475 0.000391716
475 2.23784e-21
475 1.47853e-15
475 2.13592e-16
475 1.46355e-15
475 1.07465e-14
475 4.93087e-22
475 0.0004
475 2.23784e-21
475 1.314e-13
475 7.64437e-05
475 2.96938e-12
475 1.28667e-20
475 1.2728e-07
475 1.01283e-30
475 2.17418e-08
475 7.0613e-10
475 5.7115e-09
475 2.19494e-56
475 6.85221e-06
72 2.09349e-21
475 2.23784e-21
475 4.68196e-13
475 0.0004
475 2.23784e-21
475 1.80064e-08
475 9.44571e-08
475 0.000399888
475 2.23784e-21
475 6.23123e-09
475 1.14037e-07
475 8.68696e-05
475 4.13149e-06
475 0
475 8.12478e-11
475 1.91599e-23
475 9.4992e-09
475 6.21931e-34
475 4.06652e-08
475 1.86386e-15
475 2.56029e-15
475 3.56318e-16
475 3.57809e-07
475 0.000152783
475 5.02652e-05
475 1.29604e-05
475 3.72169e-05
475 3.51935e-05
475 5.66686e-06
475 8.79206e-06
475 5.59314e-06
475 2.23784e-21
475 1.22854e-22
475 0.000239074
475 4.41935e-05
475 8.13272e-05
475 1.26696e-05
475 8.1033e-06
475 1.59018e-06
475 2.33638e-06
475 2.38652e-06
475 8.3193e-06
475 2.23784e-21
475 5.14544e-20
475 2.74797e-35
475 5.38353e-06
468 1.26475e-21
475 2.23784e-21
475 2.52524e-08
475 8.05242e-06
475 3.90205e-06
131 2.06364e-21
475 2.23784e-21
475 1.76097e-21
475 2.09324e-15
475 4.94131e-52
475 4.56681e-14
475 4.85285e-19
475 0.0004
475 2.23784e-21
475 0.0004
475 2.23784e-21
475 2.76028e-05
475 9.16235e-26
475 9.76604e-13
475 2.76643e-06
475 6.79215e-19
475 1.14874e-31
475 1.24976e-33
475 2.92229e-37
475 1.13183e-69
475 8.02533e-24
475 8.72394e-18
475 2.564e-20
475 1.54347e-29
475 6.47075e-47
475 1.01418e-05
475 3.4804e-07
475 1.08397e-16
475 0.000359141
475 2.23784e-21
475 7.71291e-08
475 7.40338e-17
475 8.4763e-06
475 5.23849e-10
475 8.3171e-26
475 2.62437e-29
475 3.22711e-07
475 1.3232e-06
475 2.74311e-06
475 4.44948e-16
475 1.27538e-08
475 0.000305945
475 2.24372e-05
475 1.90374e-07
475 3.41671e-05
475 5.08384e-06
475 4.38594e-06
475 2.4509e-06
475 1.76158e-06
475 3.36074e-07
475 4.33436e-06
475 5.95166e-06
475 2.23784e-21
475 2.28974e-16
475 2.64179e-05
475 1.57061e-10
475 0.000245935
475 4.45247e-05
475 3.47754e-05
475 1.54434e-05
475 7.21173e-06
475 1.32541e-05
475 5.69339e-06
475 6.74419e-06
475 2.23784e-21
475 0.000137016
475 3.57315e-23
475 5.32202e-18
475 2.02581e-17
475 2.21891e-06
475 2.05363e-13
475 2.77878e-22
475 1.11456e-39
475 5.32098e-29
475 3.72691e-16
475 1.74818e-36
475 8.48223e-15
475 4.85327e-15
475 2.80967e-18
475 2.02451e-05
475 9.36391e-09
475 1.40972e-09
475 7.62692e-14
475 2.73419e-18
475 1.74449e-16
475 0.000139411
475 5.12314e-05
475 1.75401e-05
475 2.31534e-05
475 5.44283e-06
331 1.52674e-22
475 2.23784e-21
475 1.66879e-32
475 2.53634e-14
475 3.14633e-06
112 2.13219e-21
475 2.23784e-21
475 1.72602e-58
475 8.89803e-14
475 3.26057e-32
475 2.59068e-05
475 1.18729e-07
475 2.0707e-13
475 1.09461e-10
475 5.60771e-06
475 1.46575e-10
475 5.47491e-09
475 2.08476e-05
475 1.67494e-14
475 9.90018e-22
475 1.19617e-06
475 1.38025e-05
475 1.05322e-22
475 6.39821e-11
475 5.00231e-06
475 1.22738e-06
475 6.73098e-34
475 0.000326285
475 2.23784e-21
475 9.65579e-11
475 3.17806e-05
475 0.000368219
475 2.23784e-21
475 4.50477e-42
475 4.11965e-13
475 3.09135e-15
475 7.94136e-41
475 1.86369e-23
475 6.50752e-10
475 0.000269731
475 8.06546e-05
475 2.13892e-05
475 1.39198e-05
475 7.90248e-06
475 6.40217e-06
475 2.23784e-21
475 2.17963e-09
475 1.12434e-12
475 3.23016e-21
475 0.000399998
475 2.23784e-21
475 2.41228e-16
475 8.84942e-13
475 3.48472e-15
475 0.000316251
475 4.98514e-05
475 6.90067e-06
475 3.81628e-06
475 4.83538e-06
475 5.22419e-07
475 7.40623e-06
475 7.10494e-07
475 3.92856e-06
263 1.87745e-22
475 2.23784e-21
475 3.24079e-28
475 2.24557e-12
475 4.15241e-45
475 1.69919e-05
475 2.65742e-11
475 1.27955e-14
475 8.07629e-16
475 8.63193e-17
475 4.6096e-09
475 3.65067e-28
475 7.58704e-07
475 3.34809e-08
475 4.87294e-26
475 6.56606e-11
475 7.00307e-25
475 2.74516e-06
475 0.000145934
475 9.945e-37
475 1.34028e-45
475 1.51249e-67
475 6.99825e-07
475 3.95304e-05
475 1.23839e-24
475 7.23479e-15
475 1.20177e-64
475 1.81481e-27
475 9.76152e-33
475 2.31945e-40
475 1.79196e-172
475 4.43629e-15
475 1.38368e-35
475 5.89156e-66
475 2.93005e-23
475 1.13605e-22
475 7.47206e-154
475 0.000193302
475 2.23784e-21
475 1.7891e-25
475 9.17002e-09
475 0.000399991
475 2.23784e-21
475 1.98907e-42
475 1.20309e-30
475 7.3225e-07
0 2.25416e-21
475 2.23784e-21
475 1.25917e-11
475 1.27128e-07
475 4.66828e-11
475 3.26653e-23
475 1.24541e-07
475 4.11387e-06
475 2.5543e-06
475 2.12174e-08
475 1.05385e-18
475 3.62685e-05
475 7.02037e-14
475 1.19809e-32
475 5.16273e-11
475 8.89899e-22
475 1.2601e-16
475 8.49022e-09
475 0.000356782
475 2.23784e-21
475 9.65999e-06
475 2.13562e-14
475 5.0004e-14
475 3.96749e-10
475 1.04565e-05
475 9.9843e-17
475 1.05709e-17
475 9.57035e-07
475 2.58793e-19
475 0.000378926
475 2.23784e-21
475 0.0004
475 2.23784e-21
475 3.39141e-11
475 1.83367e-14
475 5.45313e-06
172 1.88812e-21
475 2.23784e-21
475 2.76798e-10
475 0.000302966
475 4.59938e-05
475 2.72281e-05
475 5.35098e-08
475 1.50691e-05
475 6.39202e-07
216 2.42623e-22
475 2.23784e-21
475 4.86555e-05
475 1.50978e-15
475 5.83202e-35
475 6.2007e-07
475 0.000350724
475 2.23784e-21
475 4.55491e-12
475 9.5933e-16
475 5.84853e-13
475 6.13199e-12
475 8.67395e-23
475 0.0004
475 2.23784e-21
475 1.5409e-07
475 2.08194e-30
475 0.00024338
475 7.97291e-05
475 2.36952e-05
475 2.155e-05
475 9.24004e-06
475 1.15037e-05
475 1.73922e-06
475 2.15495e-06
413 1.59104e-22
475 2.23784e-21
475 0.0004
475 2.23784e-21
475 1.25478e-05
475 3.73416e-07
475 1.48181e-27
475 1.37279e-09
475 7.62581e-26
475 4.36021e-13
475 6.06157e-38
475 1.09265e-05
189 1.79043e-21
475 2.23784e-21
475 6.59705e-06
475 4.43834e-11
475 6.87167e-07
475 5.8497e-09
475 3.22754e-08
475 1.30697e-05
475 1.85588e-43
475 1.65782e-12
475 0.000379608
475 2.23784e-21
475 5.53843e-08
475 4.06941e-31
475 1.7882e-06
475 0
475 2.87753e-13
475 6.35292e-05
475 2.70712e-40
475 2.01673e-28
475 7.8521e-10
475 2.57695e-16
475 3.48081e-06
475 7.22285e-60
475 1.22453e-13
475 3.3011e-12
475 0.000331146
475 2.23784e-21
475 1.16485e-07
475 5.08421e-13
475 2.81205e-25
475 8.9365e-11
475 2.23121e-78
475 7.37193e-11
475 3.36794e-06
475 5.16228e-21
475 2.94086e-08
475 0.000396486
475 2.23784e-21
475 1.35809e-06
475 2.11553e-19
475 8.86749e-23
475 6.3252e-28
475 1.45777e-15
475 8.91667e-07
475 5.54879e-25
475 1.83329e-22
475 3.94058e-23
475 1.52176e-06
475 0.000396228
475 2.23784e-21
475 8.95067e-05
475 1.07538e-08
475 1.03771e-12
475 6.05562e-14
475 2.40538e-33
475 2.1479e-20
475 1.26244e-07
475 1.1266e-21
475 2.55008e-70
475 3.0829e-15
475 2.99183e-53
475 8.10802e-18
475 8.75007e-07
475 3.63793e-71
475 3.948e-18
475 0.000309481
475 2.23784e-21
475 0.0004
475 2.23784e-21
475 0.000169573
475 3.28492e-08
475 1.57742e-28
475 2.03212e-07
475 1.84394e-12
475 2.89682e-06
475 1.81912e-26
475 2.86627e-47
475 1.34822e-41
475 2.03018e-121
475 1.12489e-62
475 1.32997e-40
475 5.74555e-07
475 3.33628e-10
475 6.47781e-36
475 1.01992e-07
475 0.000226617
475 2.23784e-21
475 4.88304e-08
475 2.82561e-09
475 2.35089e-11
475 2.68997e-20
475 0.000399948
475 2.23784e-21
475 1.2189e-07
475 6.02436e-20
475 4.39307e-36
475 6.99962e-11
475 3.20875e-45
475 1.87731e-09
475 2.91608e-32
475 5.16104e-11
475 1.02322e-05
475 3.54732e-15
475 4.35048e-42
475 9.16612e-11
475 1.17839e-24
475 3.6007e-33
475 4.79649e-15
475 2.31949e-57
475 6.96145e-18
475 4.03546e-16
475 5.10143e-12
475 1.69631e-17
475 9.84982e-08
475 1.82279e-11
475 6.93968e-05
475 6.06487e-08
475 3.62592e-27
475 1.40426e-07
475 9.32741e-67
475 7.25082e-12
475 8.75435e-09
475 8.80151e-15
475 4.58812e-09
475 5.97748e-46
475 5.3189e-30
475 3.27738e-08
475 2.61963e-29
475 1.08197e-27
475 4.21692e-17
475 2.9341e-09
475 1.20768e-22
475 8.51188e-17
475 0.000264601
475 9.81268e-06
475 2.79763e-05
475 5.61885e-06
475 8.35601e-06
475 1.01459e-06
217 1.55424e-22
475 2.23784e-21
475 9.22162e-11
475 2.22605e-19
475 1.48684e-09
475 7.39786e-13
475 2.11152e-05
475 2.909e-15
475 3.14118e-12
475 4.63769e-05
475 1.86232e-10
475 3.22464e-16
475 4.22868e-17
475 4.48582e-06
475 0
475 1.48021e-18
475 4.32733e-14
475 1.49928e-06
475 1.65421e-21
475 1.35883e-06
475 0
475 3.30123e-15
475 4.3545e-05
475 3.96328e-28
475 9.40662e-09
475 8.90697e-46
475 7.16364e-18
475 4.99102e-30
475 1.71995e-10
475 2.28196e-08
475 4.11599e-42
475 4.36967e-104
475 7.38999e-16
475 4.36116e-13
475 1.43766e-35
475 1.8517e-58
475 4.05845e-23
475 9.11896e-06
475 1.06693e-38
475 3.21637e-15
475 3.88971e-34
475 5.746e-20
475 1.00029e-12
475 2.42666e-06
475 1.21374e-31
475 1.06248e-06
0 2.06736e-21
475 2.23784e-21
475 2.56407e-09
475 1.42406e-11
475 2.19177e-14
475 1.01434e-16
475 4.13685e-08
92 2.2172e-21
475 2.23784e-21
475 0.000376601
475 5.65793e-06
475 1.22944e-05
475 2.86056e-06
385 1.06057e-22
475 2.23784e-21
475 2.30516e-18
475 0.0004
