475 1.58242e-21
475 5.57931e-09
475 9.2682e-16
475 1.54122e-26
475 5.33809e-06
475 0
475 1.40116e-30
475 1.14062e-72
475 1.89033e-07
173 1.28737e-21
475 1.58242e-21
475 1.71689e-30
475 2.22947e-07
450 8.50709e-22
475 1.58242e-21
475 1.14763e-153
475 3.87477e-33
475 2.59493e-13
475 5.75671e-60
475 2.22402e-05
475 1.33608e-35
475 1.78702e-41
475 5.60277e-24
475 0.000139842
475 2.41986e-05
475 8.5884e-06
475 1.32987e-07
392 1.84885e-22
475 1.58242e-21
475 0.000138499
475 3.80101e-05
475 1.42474e-05
475 1.25983e-07
287 2.30012e-22
475 1.58242e-21
475 4.88208e-46
475 5.69528e-07
245 1.39779e-21
475 1.58242e-21
475 4.95642e-09
475 2.30202e-34
475 2.47506e-06
475 0
475 2.29123e-08
475 3.95086e-33
475 4.28008e-40
475 4.30299e-10
475 1.2943e-27
475 2.03187e-08
475 4.04031e-06
280 1.05709e-21
475 1.58242e-21
475 2.24516e-11
475 5.89637e-07
111 1.47196e-21
475 1.58242e-21
475 8.1902e-10
475 5.89655e-67
475 2.85049e-07
0 1.58166e-21
475 1.58242e-21
475 1.53702e-11
475 3.90472e-22
475 4.6501e-07
473 1.15776e-21
475 1.58242e-21
475 1.66999e-10
475 2.46828e-19
475 3.29596e-14
475 1.23136e-19
475 7.14405e-37
475 4.42619e-10
475 2.44371e-16
475 2.17971e-52
475 2.83464e-07
475 0
475 2.1193e-58
475 7.48984e-05
475 1.43997e-07
197 1.04158e-21
