475 6.12847e-21
475 0.000403628
475 0.00259245
475 3.9274e-06
475 6.12847e-21
475 3.32396e-05
475 0.000259334
475 1.4065e-05
475 0.000535115
475 1.07957e-06
475 0.00215717
475 6.12847e-21
475 0.003
475 6.12847e-21
475 8.21799e-06
475 0.00105196
475 0.00146126
475 1.22728e-09
475 0.00047856
475 6.12847e-21
475 0.00147021
475 4.36405e-23
475 0
475 7.54454e-05
475 6.97232e-08
475 0.000494997
475 2.87355e-12
475 0
475 0.000449409
475 3.53916e-08
475 9.53641e-06
272 1.73369e-21
475 6.12847e-21
475 0.00234187
475 4.89406e-08
475 2.71663e-11
475 1.18392e-19
475 3.3891e-06
475 1.0666e-24
475 2.11127e-06
475 0.000311085
475 2.11567e-15
475 1.63212e-07
475 1.20856e-34
475 2.76091e-11
475 0.000238073
475 7.32582e-05
475 1.86991e-05
475 1.13034e-05
475 6.12847e-21
475 0.000706051
475 8.54859e-05
89 5.10637e-21
475 6.12847e-21
475 0.00021761
475 7.35214e-05
475 0.000265812
473 3.49971e-21
475 6.12847e-21
475 0.000434309
475 0.00256569
475 6.12847e-21
475 0.003
