515 -12
515 12
515 -1
515 1
512 -13
512 13
486 1
486 -1
485 1
485 -1
489 1
489 -1
483 -13
483 13
519 -13
519 13
480 -13
480 13
498 -12
498 12
498 -1
497 1
487 1
487 -1
510 1
509 -1
509 1
509 -1
510 1
510 -1
510 1
510 -1
510 1
510 -1
501 -12
501 12
501 -1
501 1
518 1
518 -1
516 1
516 -1
506 1
506 -1
501 1
501 -1
505 1
505 -1
489 1
488 -1
497 1
497 -1
498 1
498 -1
501 1
501 -1
501 -13
501 13
502 -13
502 13
502 -13
502 13
501 -13
501 13
515 -13
515 13
516 -13
516 13
506 -13
506 13
485 -13
485 13
498 -13
498 13
500 1
500 -1
500 1
500 -1
487 -13
487 13
524 -12
524 12
524 -1
524 1
522 1
522 -1
491 -13
491 13
480 -12
480 12
480 -1
480 1
522 -13
522 13
478 -13
478 13
475 -13
475 13
509 -12
509 12
509 -1
508 1
511 1
511 -1
510 -13
510 13
491 1
491 -1
477 1
391 -1
500 -12
500 12
500 -1
500 1
490 -13
490 13
509 1
509 -1
505 1
505 -1
504 1
504 -1
500 -13
500 13
498 -13
498 13
475 -12
475 12
475 -1
475 1
477 -1
479 1
477 -1
479 1
478 1
477 -1
477 1
477 -1
477 1
477 -1
477 1
477 -1
477 1
477 -1
477 1
477 -1
477 1
477 -1
477 1
477 -1
477 1
477 -1
478 1
478 -1
478 1
478 -1
484 1
484 -1
495 1
495 -1
487 1
487 -1
489 1
489 -1
483 1
483 -1
479 1
479 -1
498 -12
498 12
498 -1
498 1
495 1
495 -1
522 1
522 -1
498 1
499 -1
499 1
499 -1
500 1
500 -1
500 1
500 -1
499 1
499 -1
498 1
498 -1
483 -13
483 13
499 -13
499 13
481 -13
481 13
503 1
509 -1
510 1
510 -1
510 1
510 -1
507 1
507 -1
507 1
507 -1
506 1
506 -1
505 1
505 -1
505 1
505 -1
503 1
503 -1
509 1
509 -1
490 -13
490 13
487 -13
487 13
523 -12
523 12
523 -1
523 1
494 -13
494 13
520 -13
520 13
508 -13
508 13
511 -13
511 13
510 -12
510 12
510 -1
510 1
519 -13
519 13
509 -13
509 13
523 -12
523 12
523 -1
523 1
481 1
481 -1
489 1
489 -1
497 1
497 -1
507 1
507 -1
511 1
511 -1
504 -12
504 12
504 -1
504 1
495 -13
495 13
506 -12
506 12
506 -1
506 1
488 1
488 -1
485 -13
485 13
486 -13
486 13
492 -13
492 13
503 -11
503 11
503 -2
503 2
511 1
511 -1
508 1
508 -1
502 -13
502 13
494 -12
494 12
494 -1
494 1
522 -13
522 13
481 -13
481 13
475 -13
475 13
475 -13
475 13
490 -13
490 13
496 -12
496 12
496 -1
496 1
480 1
480 -1
491 1
491 -1
484 1
484 -1
501 1
501 -1
501 1
501 -1
501 1
501 -1
501 -1
501 1
501 -1
501 1
524 -13
524 13
523 -13
523 13
501 1
501 -1
512 1
512 -1
500 1
500 -1
503 1
503 -1
503 1
503 -1
495 -13
495 13
488 -13
488 13
495 -13
495 13
488 -13
488 13
484 -13
484 13
508 -12
508 12
508 -1
508 1
495 1
495 -1
509 -13
509 13
493 -13
493 13
495 -13
495 13
523 -13
523 13
504 -13
504 13
