475 0
525 0
850 0
1149 0
475 0
483 0
525 0
888 0
1051 0
1149 0
483 0.186915
475 0
515 0
515 1.53364
515 2.72424
515 0.0363132
515 0.00220484
512 0
512 0
544 0
489 0
485 0
486 0
492 0
600 0
525 0
756 0
512 0.0508903
486 0.00293869
485 0.0545105
489 0.133956
475 0
525 0
850 0
1149 0
475 0
519 0
525 0
870 0
1072 0
519 0.240625
475 0
525 0
850 0
1149 0
475 0
480 0
525 0
919 0
1000 0
1149 0
480 0.181078
475 0
498 0
498 3.38518
497 2.87889
497 3.37493
497 0.934736
475 0
161 0
487 0
475 0
201 0
487 0.0102663
510 0
525 0
695 0
510 0.0944287
510 0.161406
510 0.85911
509 0.803533
509 0.212057
509 0.544865
509 0.0723722
509 0.143532
510 0.0819081
510 0.0412679
510 0.001564
510 0.00227738
525 0
1079 0
475 0
501 0
501 2.55432
501 2.98233
501 3.10512
501 0.0192906
498 0
485 0
525 0
913 0
506 0
516 0
515 0
501 0
502 0
502 0
501 0
490 0
384 0
516 0
518 0
517 0
502 0
518 0.000635744
516 0.0110532
501 0
498 0
497 0
489 0
505 0
501 0
506 0.001564
506 0.0905744
501 0.0209989
505 0.0391077
488 0.214601
497 0.00622327
498 0.0169454
501 0.106507
500 0
478 0
274 0
501 0.00267476
502 0.0156879
502 0.0252915
501 0.028402
515 0.0245932
516 0.00782111
506 0.0335631
485 0.017481
498 0.0153862
500 0.000393642
500 0.212816
500 0.0542925
475 0
525 0
850 0
1149 0
475 0
525 0
850 0
1149 0
475 0
525 0
850 0
1149 0
475 0
487 0
525 0
851 0
906 0
487 0.323167
475 0
491 0
516 0
738 0
491 0.769722
475 0
524 0
524 0.625173
524 1.73812
524 0.0237775
525 0
641 0
525 0
727 0
522 0
525 0
643 0
522 0.071637
522 0
499 0
475 0
478 0
522 0
525 0
887 0
1041 0
1149 0
522 0.17136
478 0.14292
475 0
525 0
850 0
1149 0
475 0
480 0
480 1.65735
480 1.34932
477 0
452 0
490 0
585 0
481 0
492 0
475 0
525 0
850 0
1149 0
475 0
525 0
850 0
1149 0
475 0
475 0
525 0
1149 0
475 0.137281
475 0
525 0
850 0
1149 0
475 0
509 0
509 3.30777
509 2.9198
509 2.88698
508 2.84851
508 3.24425
508 1.53077
508 0.0967885
508 0.00321003
510 0
502 0
441 0
511 0
504 0
445 0
511 0.420179
477 0
491 0
488 0
424 0
510 0.153325
491 0.0944134
476 0.243752
476 0.17302
475 0.176689
475 0.162151
475 0.135716
391 6.78124e-24
475 0
525 0
850 0
1149 0
475 0
525 0
850 0
1149 0
475 0
525 0
850 0
1149 0
475 0
490 0
500 0
500 1.12836
500 3.25977
500 1.41293
490 0.153742
500 0
475 0
171 0
505 0
509 0
515 0
700 0
509 0.0130402
505 0.00901468
496 0
452 0
525 0
902 0
1023 0
1149 0
504 0
521 0
737 0
504 0.0154004
498 0
483 0
492 0
412 0
500 0.205786
475 0
525 0
850 0
1149 0
475 0
498 0
525 0
897 0
1031 0
1149 0
498 0.143336
475 0
525 0
850 0
1149 0
475 0
475 0
475 1.22355
475 2.92795
475 3.47191
475 0.584027
475 0.0426071
475 0.013421
475 0.0127998
475 0
294 0
475 0
0 0
490 0
633 0
477 0
477 0.0174028
477 0.0652929
477 0.29006
477 0.126601
478 0.0482232
478 0.238549
478 0.286755
479 0.456587
479 0.554466
479 0.0605603
479 0
477 0.126922
477 0.0605563
477 0.0600829
477 0.00658606
477 0.0168223
477 0.047736
477 0.235205
477 0.011848
477 0.207607
477 0.165824
477 0.257653
477 0.535612
477 0.134933
477 0.244686
477 0.0899017
477 0.0412028
477 0.001564
477 0.0044085
478 0.001564
478 0.010792
493 0
679 0
479 0
483 0
489 0
525 0
820 0
487 0
495 0
484 0.001564
478 0.001564
478 0.0202111
484 0.0800681
495 0.0320216
487 0.0726415
489 0.0439453
483 0.010159
479 0.322383
475 0
498 0
498 3.07687
498 3.31519
498 0.0792205
475 0
0 0
498 0
522 0
495 0
495 0
495 0
495 0.022831
522 0.173405
498 1.56523
499 0.159295
500 0.821397
500 0.987737
499 0.679692
499 0.54722
499 0.23722
499 0.0385392
500 0.0946428
500 0.308694
500 0.0550198
499 0.0580306
498 0.0619624
475 0
525 0
850 0
1149 0
475 0
525 0
850 0
1149 0
475 0
483 0
525 0
850 0
1148 0
1149 0
483 0.11805
475 0
481 0
481 2.13098
484 0
513 0
475 0
56 0
503 0
505 0
618 0
503 0.0181984
505 0.905911
505 0.0969437
506 0.509608
507 0.30973
507 0.180898
510 0.754204
510 0.242226
510 0.896341
510 0.0404975
509 0.554968
509 0.0941926
509 0.222999
510 0.0990216
510 0.0443533
507 0.0366594
507 0.0742467
506 0.0935172
505 0.0433798
505 0.0595053
503 0.039239
509 0.001564
509 0
442 0
509 0.0134077
475 0
499 0
525 0
860 0
1015 0
499 0.245612
475 0
525 0
850 0
1149 0
475 0
525 0
850 0
1149 0
475 0
487 0
490 0
498 0
599 0
490 0.0671777
487 1.21123
475 0
525 0
850 0
1149 0
475 0
525 0
850 0
1149 0
475 0
525 0
850 0
1149 0
475 0
525 0
850 0
1149 0
475 0
525 0
850 0
1149 0
475 0
523 0
523 1.50112
523 3.26719
523 1.79926
525 0
683 0
525 0
874 0
1074 0
1149 0
523 0
528 0
475 0
525 0
850 0
1149 0
475 0
525 0
850 0
1149 0
475 0
525 0
850 0
1149 0
475 0
494 0
525 0
1149 0
494 0.106402
475 0
520 0
520 1.60194
511 0
508 0
502 0
410 0
525 0
584 0
477 0
89 0
525 0
634 0
508 0.074344
511 0.0398733
475 0
510 0
510 0.984586
510 2.96699
510 2.82942
510 2.88408
510 2.8641
510 3.54488
510 0.14467
501 0
423 0
500 0
415 0
524 0
654 0
475 0
525 0
850 0
1149 0
475 0
525 0
850 0
1149 0
475 0
519 0
525 0
866 0
1061 0
519 0.241272
475 0
509 0
525 0
901 0
509 0.361055
475 0
525 0
850 0
1149 0
475 0
525 0
850 0
1149 0
475 0
523 0
523 0.0218685
523 2.29989
525 0
854 0
1134 0
1149 0
511 0
507 0
497 0
489 0
481 0.001564
481 0.0833645
489 0.0139676
497 0.0183779
507 0.00466319
511 0.00340896
525 0
607 0
475 0
525 0
850 0
1149 0
475 0
525 0
850 0
1149 0
475 0
525 0
850 0
1149 0
475 0
504 0
504 1.79558
504 3.42884
504 0.54428
495 0
496 0
502 0
498 0
447 0
496 0
430 0
525 0
850 0
963 0
495 0.075227
475 0
506 0
506 2.22561
506 2.50921
492 0
486 0
485 0
485 0
509 0
481 0
430 0
488 0
484 0
401 0
488 0.0821624
525 0
899 0
476 0
355 0
525 0
791 0
525 0
703 0
485 0.0947563
486 0.127295
492 0.359097
475 0
525 0
850 0
1149 0
475 0
525 0
850 0
1149 0
475 0
525 0
850 0
1149 0
475 0
525 0
850 0
1149 0
475 0
525 0
850 0
1149 0
475 0
525 0
850 0
1149 0
475 0
525 0
850 0
1149 0
475 0
525 0
850 0
1149 0
475 0
525 0
850 0
1149 0
475 0
503 0
503 4.00136
503 2.86608
503 2.96827
502 0
521 0
690 0
508 0
511 0
511 0
489 0
511 0.0238865
508 0.000368384
503 0
501 0
501 0
483 0
502 0.0707581
475 0
525 0
850 0
1149 0
475 0
494 0
494 2.71295
494 2.37848
477 0
319 0
491 0
457 0
475 0
0 0
495 0
506 0
475 0
525 0
850 0
1149 0
475 0
481 0
490 0
563 0
481 1.5614
475 0
522 0
525 0
853 0
1136 0
1149 0
522 0.0305439
475 0
475 0
475 0
482 0
547 0
475 0.218741
475 2.08596
475 0
525 0
850 0
1149 0
475 0
525 0
850 0
1149 0
475 0
496 0
496 0.468078
496 3.04427
496 2.98719
523 0
524 0
521 0
472 0
525 0
669 0
525 0
706 0
525 0
672 0
484 0
491 0
480 0
475 0
381 0
480 0.0063014
491 0.055375
484 0.109422
501 0
501 0.00342006
501 0.000818717
501 0.487609
501 0.167889
501 0.0408583
475 0
0 0
501 0.143976
501 0.312174
501 0
524 0.12107
523 0.0780044
501 0.042608
503 0
504 0
542 0
500 0
512 0
511 0
409 0
512 0.158993
500 0.131924
503 0.104052
503 0.0703469
503 0.0500009
475 0
490 0
525 0
1149 0
490 0.19619
475 0
525 0
850 0
1149 0
475 0
488 0
495 0
525 0
995 0
495 0.290696
488 0.0723025
475 0
525 0
850 0
1149 0
475 0
488 0
503 0
631 0
488 1.29461
475 0
495 0
495 0.47555
525 0
865 0
495 0
498 0
506 0
607 0
475 0
525 0
850 0
1149 0
475 0
484 0
525 0
880 0
1067 0
1149 0
484 0.0660711
475 0
523 0
525 0
850 0
1102 0
523 0.186319
475 0
508 0
508 0.887094
508 3.29531
508 1.08553
495 0
493 0
500 0
576 0
509 0
475 0
0 0
495 0
518 0
762 0
495 0.286097
475 0
44 0
509 0.127302
493 0.0104947
495 0.0976618
475 0
504 0
525 0
857 0
1125 0
1149 0
504 0.0194138
475 0
525 0
850 0
1149 0
475 0
525 0
850 0
1149 0
475 0
525 0
850 0
1149 0
475 0
525 0
850 0
1149 0
475 0
525 0
850 0
1149 0
475 0
525 0
850 0
1149 0
