475 8.62765e-22
475 3.49548
475 0.479893
475 0.0164319
475 0.00819521
475 8.62765e-22
475 3.35952
475 0.534395
475 0.0954507
475 0.0106389
475 8.62765e-22
475 3.34185
475 0.558758
475 0.0748333
475 0.0245562
475 8.62765e-22
475 3.44234
475 0.544207
475 0.0134563
475 8.62765e-22
475 3.41899
475 0.558361
475 0.0226443
475 8.62765e-22
475 3.44043
475 0.559572
475 8.62765e-22
475 3.40606
475 0.59394
475 8.62765e-22
475 3.47944
475 0.520563
475 8.62765e-22
475 3.4889
475 0.511098
475 8.62765e-22
475 3.46943
475 0.530565
