475 5.18281e-23
475 0.0201555
475 0.0095972
475 0.854869
475 0.0997155
476 0.359156
476 0.445283
476 0.419012
476 0.146392
476 0.0451446
477 0.646253
477 0.921083
478 0.768346
478 0.762975
479 0.279026
479 0.227606
479 0.0887773
479 0.461393
479 0.000858066
480 0.808616
480 0.159739
480 0.221187
480 0.00898687
480 0.0498722
480 0.00890183
481 1.23789
481 0.109986
481 0.244401
482 0.321525
482 0.00400025
482 0.520626
482 0.819337
483 0.132409
483 0.307132
483 0.197136
483 0.143642
483 0.309412
483 0.301617
484 0.195877
487 4.48616
487 0.192541
487 0.254707
487 0.00312908
487 0.24268
487 0.0324764
487 0.45195
487 0.0461092
488 0.323698
488 0.173627
488 0.547369
489 0.712287
489 0.164303
489 0.210978
489 0.296607
489 0.806358
490 0.149524
490 0.440386
490 0.490594
491 0.718045
491 0.225234
491 0.165007
491 0.115706
491 0.475353
491 0.0375259
492 1.83404
493 0.704873
493 0.185917
493 0.0313416
493 0.704165
494 1.10557
494 0.806872
494 0.0257729
494 0.0323446
494 0.276018
494 0.107101
495 0.0209747
495 0.317659
495 0.187065
495 0.377677
495 0.50647
496 0.828467
496 0.247165
496 0.393274
496 0.479334
496 0.116484
497 1.52154
497 0.136567
497 0.410122
497 0.132489
498 0.375045
498 0.669252
498 0.301431
498 0.153169
498 0.272769
499 1.00808
499 1.30764
500 0.850209
500 0.0322051
500 0.031341
500 0.0642519
500 0.330086
500 0.0900373
500 0.0438064
500 0.16589
500 0.19571
500 0.417297
500 0.15113
501 0.408157
501 0.246102
501 0.0448119
501 0.262284
501 0.516117
501 0.24865
502 1.27971
502 0.309907
503 2.41274
503 0.568933
503 0.198416
503 0.0599619
504 1.15736
504 0.104768
504 0.166328
504 0.0561256
504 1.03195
504 0.78196
505 0.606267
505 0.9239
505 0.488879
505 0.12813
505 1.00374
506 1.73759
506 0.0952426
506 1.20296
508 3.78257
508 1.1031
508 0.383287
508 0.191035
508 0.642305
508 0.141852
509 1.25538
509 0.0813759
509 0.244253
509 1.61315
510 2.74001
510 2.41101
511 3.14147
511 2.93471
511 3.02035
512 2.82105
512 3.00146
512 3.24074
512 1.17338
512 0.149545
512 0.0188759
510 0.0351574
510 0.035983
509 0.0420564
509 0.0537205
509 0.0447938
509 0.0383569
508 0.04258
508 0.0421152
508 0.0440394
508 0.0503718
508 0.039767
508 0.066487
506 0.0479513
506 0.0323013
506 0.0104809
506 0.0344686
505 0.0367427
505 0.0343849
505 0.0712094
505 0.0387001
505 0.044724
504 0.0660804
504 0.0413679
504 0.0745055
504 0.0594736
503 0.0794082
503 0.0574476
502 0.0436648
502 0.0403636
501 0.0773633
501 0.050832
501 0.0751824
501 0.0359396
501 0.0410232
501 0.071468
500 0.0510803
500 0.036163
500 0.0596856
500 0.0439181
500 0.0501858
500 0.0602999
500 0.0422919
500 0.0817696
500 0.0965149
500 0.11349
500 0.0366529
499 0.0382919
499 0.0775715
498 0.0353225
498 0.0430045
498 0.0390137
498 0.0584191
497 0.0370164
497 0.0566806
497 0.0719835
497 0.0629415
496 0.0481369
496 0.0512426
496 0.0399822
496 0.0418667
495 0.0390593
495 0.0345801
495 0.0931471
495 0.116976
494 0.0377964
494 0.118278
494 0.0347649
494 0.0538979
494 0.0413636
493 0.0506092
493 0.0610837
493 0.128033
493 0.0477196
492 0.127919
491 0.0356673
491 0.0421397
491 0.105674
491 0.0468133
491 0.045868
491 0.0388288
490 0.140294
490 0.0507497
490 0.050438
489 0.107155
489 0.0546028
489 0.0994776
489 0.0857382
489 0.0424042
488 0.0554544
488 0.104219
488 0.0560583
487 0.0358319
487 0.0649996
487 0.0649638
487 0.075314
487 0.0993114
487 0.0581656
487 0.0847874
483 0.0388838
483 0.0494722
483 0.116019
483 0.148584
483 0.0412661
483 0.0351742
482 0.183856
482 0.0561748
481 0.0717992
481 0.0433394
481 0.0353281
480 0.119203
480 0.0416909
480 0.092978
480 0.0517689
480 0.0438379
479 0.054741
479 0.0375172
479 0.0487067
479 0.0348922
479 0.0591482
477 0.0508971
476 0.0593541
476 0.0825429
476 0.0550725
475 0.0487759
475 0.0533228
475 0.0359707
506 0.001564
506 0.00305021
