475 5.18281e-23
475 0.0856469
475 0.422379
475 0.411758
476 0.454348
476 0.275425
476 0.761648
477 0.877128
477 0.235146
477 0.0362474
478 0.826595
478 0.105461
478 0.0623254
478 0.778975
478 0.00267679
478 0.032762
479 0.466307
479 0.392715
479 0.281913
479 0.00313663
479 0.00268222
479 0.0370395
479 0.0582739
479 0.00997588
481 2.09961
481 0.230566
481 0.129076
481 0.274828
481 0.0467394
481 0.177794
482 1.33063
482 0.0862333
482 0.326331
482 0.0519471
483 0.753488
484 1.03139
484 0.854797
484 0.136103
484 0.0210621
484 0.157531
485 0.158527
485 0.0841374
485 0.927577
485 0.169864
486 0.61339
486 0.639154
486 0.511186
486 0.006319
487 1.38707
488 1.00647
488 0.575576
489 0.417609
490 2.02974
490 1.34287
491 0.521863
491 0.502861
492 0.925384
492 0.164981
492 0.301307
492 0.270549
492 0.193114
492 0.277306
492 0.0609725
493 0.855944
493 0.0447564
493 0.320638
493 0.21191
493 0.335554
493 0.39891
494 0.310033
494 0.46721
494 0.729574
494 0.2318
494 0.123736
495 1.04686
495 0.84698
496 0.237373
496 0.309228
496 0.253378
496 0.10332
496 1.12497
497 1.13951
498 0.990344
498 0.178417
498 0.367092
498 0.175159
498 1.32539
498 0.0357624
499 0.843498
499 0.346296
499 0.364352
499 0.0233192
499 0.256462
500 1.33977
501 1.70571
501 0.0341974
501 1.00361
501 0.1787
502 1.13949
502 0.000879535
502 0.870625
502 0.773481
502 0.596919
503 0.534515
503 0.0409521
503 0.0889261
503 1.35685
503 0.291946
504 0.675664
504 0.295738
504 0.441802
504 1.18496
504 0.511929
504 0.140418
505 0.372662
505 0.928541
505 1.41166
505 0.187349
507 3.99193
507 3.14811
508 0.340895
508 1.03288
508 0.762108
509 3.62977
509 1.78826
510 2.51182
510 1.19007
510 2.98697
511 2.97996
511 2.82349
511 2.79996
511 3.24331
511 1.86407
510 0.0350184
509 0.0342499
508 0.0441528
508 0.0460715
508 0.0473588
507 0.0526129
507 0.0357998
505 0.0421083
505 0.0704799
505 0.0561713
505 0.0735169
504 0.0387557
504 0.0506393
504 0.0549121
504 0.0362138
504 0.0530412
503 0.0546989
503 0.0827364
503 0.0132127
503 0.047942
503 0.0486345
503 0.095562
502 0.0405739
502 0.082812
502 0.0874184
502 0.0437208
502 0.0529284
501 0.0483997
501 0.0403269
501 0.104911
501 0.0341736
500 0.0723971
499 0.045049
499 0.0479523
499 0.100341
499 0.0889199
498 0.0703743
498 0.046409
498 0.0366023
498 0.0440829
498 0.0343958
498 0.0468037
497 0.0465785
497 0.113094
496 0.0358158
496 0.0497347
496 0.0785646
495 0.048867
495 0.0435351
494 0.107771
494 0.059134
494 0.0704064
494 0.0416588
494 0.0534253
493 0.0547423
493 0.0480347
493 0.0430594
493 0.0391455
493 0.150153
492 0.0537936
492 0.11011
492 0.0499224
492 0.139994
492 0.0680091
492 0.151382
491 0.0401385
491 0.0695252
490 0.043845
490 0.0808025
489 0.113874
488 0.0785467
488 0.134684
487 0.0447779
486 0.0573338
486 0.0361019
486 0.0418399
486 0.0450137
485 0.0495815
485 0.113036
485 0.155785
485 0.0990942
484 0.00854446
484 0.0380944
484 0.1111
484 0.0689072
484 0.04012
483 0.0818896
482 0.0366296
482 0.0351806
482 0.0344976
481 0.0380283
481 0.0522031
481 0.0356065
481 0.136069
481 0.0436239
481 0.0643498
479 0.100394
479 0.0687886
479 0.154882
479 0.0917708
479 0.0402102
479 0.0501994
479 0.116046
478 0.0511877
478 0.0760761
478 0.136846
478 0.0581115
478 0.047358
477 0.0375396
477 0.139385
476 0.0520036
476 0.0424214
475 0.0379914
475 0.110615
484 0.000121
503 0.001564
503 0.00176349
484 0.00132303
