475 5.18281e-23
475 0.220446
475 0.890755
476 0.428828
476 0.719678
476 0.162806
477 0.432153
477 0.900988
479 1.74537
480 1.57461
481 2.6814
482 0.316602
482 0.74839
483 0.612067
483 0.0652005
483 0.0585149
483 0.231632
483 0.300167
483 0.483816
483 0.16719
484 0.275656
484 0.23204
484 0.100337
484 0.349217
484 0.515135
484 0.0432281
484 0.0347516
485 1.45655
486 0.883031
486 0.603392
486 0.0438535
487 1.17364
487 0.0224454
487 0.370718
488 0.434061
488 0.779364
488 0.574934
489 0.222094
489 0.0308787
489 0.265088
489 0.249895
489 0.113486
489 0.743575
489 0.155156
491 2.6659
491 0.366601
492 1.12999
492 0.184504
492 0.489043
492 0.0127094
492 0.129657
493 0.527268
493 0.367622
493 0.485245
493 0.319805
493 0.551515
494 0.136004
495 2.83609
495 0.0236958
495 0.00100252
495 0.500402
496 0.35563
496 0.0319203
496 0.324078
496 0.0788529
496 0.0765323
497 1.64342
497 0.158846
497 0.563166
497 0.390934
497 0.327496
498 0.629115
498 0.721722
498 0.800496
498 0.190614
499 1.03947
499 0.357907
499 0.0298396
499 0.455166
500 0.409326
500 1.16456
500 0.079023
501 1.34538
501 1.75938
502 0.565709
502 0.024597
502 1.05906
502 0.879095
503 0.875911
503 0.124576
503 0.051274
503 1.6341
504 0.425138
504 0.535428
504 0.127732
504 2.81594e-05
504 0.190579
504 0.239349
504 0.161674
504 0.726428
505 0.80579
505 0.492323
505 0.0922191
505 0.0223336
505 0.0144397
505 0.00411238
505 0.626208
505 0.536763
505 0.446475
506 2.0833
506 0.039823
506 0.148802
506 1.01933
508 4.19818
508 0.250399
508 2.91722
508 0.535572
509 2.52944
509 0.315856
510 2.9495
510 1.61177
510 0.237287
510 3.15609
511 2.88061
511 2.77144
511 2.90243
511 3.21031
511 1.74869
510 0.0342709
509 0.0418226
509 0.0438618
508 0.0390334
508 0.0502459
508 0.0428444
508 0.0342343
506 0.0672349
506 0.0596673
506 0.0653663
506 0.0451491
505 0.0426425
505 0.0633532
505 0.0456154
505 0.0819888
505 0.0440525
505 0.0394536
505 0.0383222
505 0.041658
505 0.0376493
504 0.0777319
504 0.0596237
504 0.0462183
504 0.0789863
504 0.07401
504 0.0749737
504 0.0401353
504 0.0589679
503 0.036292
503 0.0809669
503 0.0538577
503 0.0387045
502 0.0460765
502 0.0685712
502 0.0806878
501 0.0931258
501 0.079275
500 0.0696765
500 0.0482289
499 0.114365
499 0.0499854
499 0.0437068
499 0.0462803
498 0.0456066
498 0.0408613
498 0.0555054
498 0.0480854
497 0.0725726
497 0.0548549
497 0.0368415
497 0.0637339
496 0.0439305
496 0.0787515
496 0.0407485
496 0.0782698
496 0.107557
495 0.0647374
495 0.0377289
495 0.0358553
495 0.0494798
494 0.0374593
494 0.137731
493 0.0667157
493 0.0388946
493 0.0688318
492 0.050253
492 0.074256
492 0.0347792
492 0.0133217
492 0.084062
492 0.0452904
491 0.0722086
490 0.0384069
489 0.0353835
489 0.162183
489 0.119871
489 0.0919959
489 0.142935
489 0.150101
488 0.0392843
488 0.137688
488 0.0440186
487 0.0512232
487 0.102586
487 0.0870364
486 0.0478281
486 0.0760294
486 0.0700164
485 0.0647034
484 0.0738083
484 0.0715382
484 0.0419314
484 0.0770923
484 0.164924
484 0.0442849
484 0.155206
483 0.134557
483 0.0817185
483 0.0592008
483 0.0505842
483 0.0635458
483 0.0355921
483 0.090539
483 0.0593983
482 0.0729107
481 0.0548541
480 0.0776917
479 0.0579192
477 0.0404847
477 0.13807
477 0.038643
476 0.105653
476 0.0658436
476 0.123975
475 0.131256
475 0.089192
