475 5.18281e-23
475 0.0966651
475 0.755329
475 0.0891622
475 0.4347
476 0.157777
477 1.40203
477 0.291026
477 0.39869
477 0.366637
478 1.08551
478 0.335837
478 0.244355
479 0.244834
479 0.175516
480 1.40284
480 0.541935
480 0.228374
480 0.240068
481 0.77631
481 0.547283
482 0.745011
482 0.17481
483 1.1357
483 0.0448575
484 1.54964
484 0.647369
484 0.133661
484 0.469188
485 0.896765
485 0.192903
485 0.212728
485 0.0895338
485 0.221683
486 1.20491
487 1.89437
487 0.0599144
488 1.31026
488 0.532894
489 0.661721
489 0.266315
489 0.300561
489 0.20054
490 1.77909
491 1.60622
492 0.375786
492 0.141261
492 1.22118
492 0.239013
493 0.918851
493 0.120348
493 0.402233
494 0.46224
494 0.453659
494 0.487322
494 0.0164787
494 0.0684591
494 0.716771
494 0.0967083
496 2.30693
496 0.221448
496 0.440654
496 0.256318
497 0.767339
497 0.379258
497 0.147727
497 0.345231
498 1.53422
498 0.803204
499 1.05548
499 0.384071
499 0.144858
499 0.437615
499 0.462178
500 1.04698
500 0.398271
500 0.0992081
500 0.230993
501 1.27204
501 0.241687
501 1.60872
502 0.230746
502 0.391836
502 0.21619
502 0.585386
502 0.585314
502 0.0238961
502 0.0663434
502 0.107443
503 0.775737
503 0.962878
504 1.50422
504 0.302954
504 0.528484
504 0.889508
504 0.620432
505 1.4104
505 0.15768
505 0.999842
506 1.90076
506 0.40309
506 0.0665497
506 0.560623
507 2.95642
508 3.32749
508 0.52056
508 0.317476
509 1.67636
509 0.172157
509 1.28494
509 0.617505
509 0.072973
510 1.59349
510 2.4032
510 0.231698
511 3.03957
511 2.97762
511 2.8964
512 2.83401
512 2.84006
512 3.33977
512 0.871715
512 0.0500579
510 0.0415052
510 0.0370608
510 0.0378095
509 0.0479921
509 0.0351723
509 0.0385409
509 0.0377103
509 0.035218
508 0.0416935
508 0.0530842
508 0.0433632
507 0.0396693
506 0.0475892
506 0.0406838
506 0.0406413
506 0.0563778
505 0.0552215
505 0.0374576
505 0.0419843
504 0.0416878
504 0.0473545
504 0.0668439
504 0.0616849
504 0.0793362
503 0.0411836
503 0.000965152
503 0.0387472
503 0.0358092
502 0.0379646
502 0.0639915
502 0.0540309
502 0.0378683
502 0.0561313
502 0.0860022
502 0.0702524
502 0.0507735
501 0.0360875
501 0.102658
500 0.0619392
500 0.0349683
500 0.0501556
499 0.0956822
499 0.0451179
499 0.0533828
499 0.0750569
499 0.0596508
498 0.0484621
498 0.0374626
497 0.0358338
497 0.100798
497 0.0429056
496 0.0627809
496 0.0359696
496 0.0928345
496 0.0658389
494 0.0844366
494 0.0426784
494 0.0790332
494 0.0683957
494 0.0468508
494 0.0787623
494 0.0761674
493 0.099992
493 0.0387641
492 0.144356
492 0.0632918
492 0.0563447
492 0.034943
491 0.0945756
490 0.0386719
489 0.0444118
489 0.141301
489 0.0632887
489 0.0458128
488 0.0474065
488 0.0433967
487 0.0536867
485 0.164315
485 0.0409136
485 0.0648403
485 0.0361706
484 0.0965667
484 0.0389755
484 0.0473186
483 0.0447925
483 0.0516043
482 0.0533012
481 0.0466302
481 0.115966
480 0.0772796
480 0.0364524
480 0.133459
479 0.0534991
479 0.0554011
478 0.042445
478 0.0658397
478 0.0350546
477 0.0740774
477 0.0692603
477 0.0441076
476 0.102479
475 0.102889
475 0.0601962
475 0.0564699
475 0.0331354
475 0.0889498
