475 5.18281e-23
475 0.191922
475 0.0319391
476 1.86119
476 0.344516
478 2.37789
478 0.0205169
478 0.189424
478 0.269987
478 0.0146117
479 0.21462
479 0.352705
479 0.0615387
480 1.45473
480 0.310748
480 0.213172
481 0.290897
481 1.03178
481 0.0851447
482 0.375182
482 0.143296
482 0.00457867
482 0.728861
482 0.0759432
482 0.271787
483 0.998734
483 0.00294198
483 0.0563786
484 0.942231
484 0.982877
484 0.0187961
485 0.842385
485 0.808299
486 0.566519
487 2.14187
488 0.977371
488 0.196521
488 0.369964
488 0.333305
489 0.587236
489 0.811755
489 0.720479
489 0.0111126
490 0.0404612
490 0.315155
490 0.185157
490 1.0689
490 0.0516889
491 0.564574
491 1.11256
491 0.172682
492 0.0258317
492 0.00633471
492 0.691546
492 0.907376
493 0.262689
493 0.214241
493 0.90382
493 0.370799
494 0.696988
494 0.242116
494 0.146561
494 0.0302908
494 0.746913
495 1.92298
495 0.0984921
495 0.0136685
496 0.531673
496 0.562206
496 0.0673737
496 0.000609137
496 0.754053
496 0.0472728
497 0.780501
497 0.914979
498 2.4277
498 0.148178
499 1.42402
499 0.37817
499 0.291882
500 1.92812
501 2.19664
501 0.00811245
501 0.143231
502 0.728161
502 0.542883
502 0.0219922
502 0.697673
503 1.62968
503 1.65942
504 0.263755
505 4.8507
505 0.161677
505 0.0566725
506 0.744198
506 1.1265
506 0.138254
506 0.843322
506 0.48632
506 0.105326
507 0.285236
507 0.397673
507 0.314685
508 2.65739
508 0.503956
508 1.25467
508 1.81184
509 0.225775
509 2.21584
509 1.35417
510 2.52164
510 0.169836
510 0.393018
511 3.2533
511 2.89319
511 2.8616
512 2.79852
512 2.76172
512 3.0559
512 2.42431
510 0.0343478
510 0.0373253
509 0.0420107
509 0.0381367
509 0.0512909
508 0.044016
508 0.0624071
508 0.0440006
508 0.0565478
507 0.0446539
507 0.0564889
507 0.0344846
506 0.0602766
506 0.055049
506 0.0360122
506 0.060821
506 0.0366589
506 0.0394733
505 0.0524096
505 0.0489285
505 0.0366338
504 0.0419036
503 0.0684409
503 0.0568362
502 0.0751851
502 0.0711066
502 0.0658481
502 0.055068
501 0.0401503
501 0.0615972
501 0.0806154
500 0.0400142
499 0.0769594
499 0.0626299
499 0.0632784
498 0.0415414
498 0.0754296
497 0.0570303
496 0.0720214
496 0.0936532
496 0.038015
496 0.102707
496 0.036028
495 0.0479302
495 0.0994314
494 0.0409602
494 0.0343126
494 0.0417013
494 0.0468213
493 0.0382139
493 0.05177
493 0.0821326
493 0.0372223
492 0.050771
492 0.03873
492 0.0571207
492 0.0388644
492 0.139398
491 0.0422721
491 0.0706553
490 0.0570546
490 0.0106992
490 0.0652499
490 0.0347969
490 0.0647208
490 0.112998
490 0.169598
489 0.054665
489 0.0382767
489 0.039957
488 0.0467533
488 0.035618
488 0.0900377
488 0.0634073
487 0.0452776
485 0.0362594
485 0.0459912
484 0.0392996
484 0.0448619
483 0.0445458
483 0.0351133
483 0.0432225
482 0.063064
482 0.0386508
482 0.160927
482 0.0763065
482 0.0376543
482 0.0385495
481 0.0397747
481 0.0923732
480 0.149289
480 0.0598531
480 0.0612566
479 0.0543962
479 0.0448652
479 0.098417
479 0.0992947
478 0.08952
478 0.0655125
478 0.042005
478 0.0414967
476 0.046105
476 0.0593753
475 0.088459
475 0.0350173
