475 5.18281e-23
475 0.0309647
475 1.18917
476 0.50852
477 1.4438
477 0.090909
477 0.396966
477 0.316586
478 0.716509
478 0.245081
479 0.945981
479 0.579531
479 0.298722
479 0.243047
480 0.299774
480 0.593928
480 0.399017
481 0.325604
481 0.0609134
481 0.268275
481 0.0656284
481 0.112465
482 0.907878
482 0.480008
482 0.0798347
482 0.0514182
482 0.142583
482 0.170763
483 0.440926
483 0.148962
483 0.424421
483 0.451823
484 0.296938
485 2.40234
485 0.553315
486 0.843857
487 0.821171
487 0.416385
487 0.356813
488 0.939549
488 0.158689
488 0.135251
488 0.000379736
488 0.803287
489 0.912653
489 0.678111
489 0.287223
490 0.395505
490 0.0679809
490 0.250912
490 0.487343
490 0.425546
491 0.592787
491 0.0673875
491 0.22464
491 0.924437
492 1.17714
492 0.116053
493 0.622906
493 0.444004
493 0.489353
493 0.271747
493 0.309336
493 0.128565
494 0.176642
494 0.269644
494 1.06242
494 0.286271
494 0.0240746
495 0.377847
496 2.12104
496 0.261116
496 0.0160693
496 1.0212
496 0.205299
497 0.0282814
497 0.0978389
497 0.621181
497 0.312177
497 0.205228
497 0.10219
497 0.515851
498 0.400941
498 0.106245
498 0.0914846
498 0.558705
498 0.0259378
499 1.59241
499 0.163592
499 0.917927
499 0.644915
499 0.0732049
500 0.945778
500 0.252608
500 0.282492
500 0.044628
500 0.327388
501 1.65046
502 2.72086
502 0.544713
503 0.853568
503 0.424666
503 0.117
503 0.179806
503 0.0226511
503 0.44068
503 0.517325
503 0.593931
504 0.390795
504 1.34282
504 0.464718
504 0.149398
504 0.374231
505 2.18402
505 0.281866
505 0.580325
506 0.465622
506 1.95428
506 0.394531
506 0.218497
506 0.197114
506 0.216677
507 1.51417
507 0.0627497
507 1.1164
507 0.311458
507 0.663243
508 0.104999
508 0.229858
508 0.926188
508 2.27431
508 0.221001
509 0.700145
509 0.743558
509 1.34496
509 1.05584
510 2.31527
510 1.15553
510 2.99667
511 2.90771
511 2.70097
511 2.92471
512 3.11516
512 2.47486
512 0.0199138
510 0.0345986
509 0.040378
509 0.0359143
509 0.0451077
509 0.0445925
508 0.0358549
508 0.0439181
508 0.037045
508 0.0498657
508 0.0354803
507 0.0586199
507 0.0539732
507 0.0523965
507 0.0393971
507 0.0551371
506 0.0407276
506 0.0702618
506 0.0389604
506 0.037814
506 0.0518794
506 0.0360991
505 0.0567265
505 0.0571651
504 0.0455227
504 0.0709494
504 0.0485539
504 0.0446558
504 0.0587974
503 0.0409227
503 0.0357124
503 0.00751584
503 0.0437507
503 0.0734872
503 0.0818934
503 0.041537
503 0.0650069
503 0.0495407
502 0.0719147
502 0.0495075
501 0.0352774
500 0.0496257
500 0.0535678
500 0.0400548
500 0.0541674
500 0.0506201
499 0.0352927
499 0.0474422
499 0.038777
499 0.0391472
499 0.0419819
498 0.0345876
498 0.0442355
498 0.0395321
497 0.0508947
497 0.071075
497 0.104705
497 0.0598079
497 0.0842278
497 0.0697123
497 0.0425968
496 0.0567501
496 0.0378925
496 0.0740787
496 0.058889
496 0.114302
495 0.134857
494 0.038239
494 0.0369917
494 0.0563593
494 0.0499531
494 0.0753853
493 0.0986917
493 0.129979
493 0.0406405
493 0.152383
493 0.07341
493 0.0570233
492 0.0473972
492 0.0975397
491 0.133306
491 0.0599222
491 0.0706839
491 0.10266
490 0.0576919
490 0.0941419
490 0.0449986
490 0.0745618
489 0.0769608
489 0.0403935
488 0.0364457
488 0.0631109
488 0.147324
488 0.0352614
488 0.0378839
487 0.0783776
487 0.0548377
487 0.0495095
485 0.0598745
484 0.0441002
483 0.0471237
483 0.0630891
483 0.0358461
482 0.00149776
482 0.044382
482 0.0422711
482 0.0801869
482 0.102834
482 0.0646922
482 0.0891569
482 0.0427093
481 0.111626
481 0.0636308
481 0.0538555
481 0.050956
481 0.0448138
480 0.087439
480 0.0427632
480 0.192888
479 0.0443653
479 0.0397125
479 0.0348485
478 0.0523962
478 0.0491868
477 0.0715948
477 0.0486719
477 0.0471109
477 0.131683
476 0.0384553
475 0.0486842
475 0.0457657
