475 5.18281e-23
475 0.430381
475 0.0827041
475 0.057169
475 0.195155
475 0.371449
476 0.463414
476 0.72982
478 1.77161
478 0.442667
479 1.06417
479 0.423214
480 1.22265
480 0.0110969
480 0.0837449
480 0.489613
481 1.1843
481 0.527397
482 0.362008
482 1.12687
482 0.0122465
483 0.442516
483 1.25184
484 0.626768
485 1.39227
485 0.420588
486 2.27816
487 0.581643
487 0.0317136
487 1.18481
488 0.679213
488 0.32229
488 0.0323386
488 0.596731
489 0.631975
489 0.761912
489 0.0908389
489 0.0260404
490 0.561221
490 0.333901
490 0.312764
491 0.845102
491 0.97335
491 0.252695
491 0.0406762
492 0.539015
492 0.245253
492 0.475666
493 1.07314
493 0.0768079
493 0.619593
493 0.243734
493 0.339211
493 0.0137091
493 0.3316
493 0.0299541
494 0.754158
495 1.5932
495 0.90985
496 1.04341
496 0.739496
496 0.0302718
497 1.26556
497 0.0185805
497 0.0305358
497 0.0251058
497 0.0096698
497 0.868559
498 1.0956
498 0.314625
498 0.00716935
499 1.54365
499 1.66085
500 0.132473
500 0.835343
500 0.358942
500 0.0824596
501 1.14013
501 1.62785
501 0.389636
502 0.624263
502 0.311592
502 0.158336
502 0.333917
502 0.00990613
502 0.29572
502 0.956067
503 2.2633
503 0.27306
504 0.411744
504 0.00059843
504 0.636117
505 1.85676
505 0.169974
505 0.778099
505 0.186402
505 1.16774
505 0.173679
506 0.598765
506 0.939446
506 0.551333
506 1.13777
506 0.0515934
507 0.477207
507 0.80809
507 0.936457
507 0.66872
507 0.452272
508 2.06581
508 0.288299
508 0.30053
508 0.157989
508 0.0329333
509 2.01463
509 0.414567
509 0.561172
509 0.09824
509 0.972118
509 0.429954
509 0.0110086
509 0.80874
510 2.20428
510 0.295293
510 3.16267
511 2.90516
511 2.87994
511 2.80168
512 2.80423
512 3.20021
512 1.24096
510 0.0367188
510 0.0402574
509 0.0414862
509 0.043823
509 0.0459639
509 0.0447423
509 0.0383591
509 0.0491022
509 0.0425251
509 0.0430419
508 0.0363656
508 0.0461313
508 0.0343591
508 0.0430361
508 0.0525996
507 0.0364469
507 0.0459537
507 0.0391564
507 0.0347397
507 0.0693008
506 0.0356305
506 0.0399411
506 0.0643343
506 0.0568628
506 0.0400811
505 0.0493544
505 0.0442048
505 0.0434504
505 0.049255
505 0.0349393
505 0.0666266
504 0.0831833
504 0.0637927
504 0.0368483
503 0.0923622
503 0.0515529
502 0.0906107
502 0.0352734
502 0.0685232
502 0.0534453
502 0.0902309
502 0.00729305
502 0.0773454
502 0.0406947
501 0.0803757
501 0.0355112
501 0.0821698
500 0.0579278
500 0.0492225
500 0.0507809
499 0.041234
499 0.0413572
498 0.0474695
498 0.0344878
498 0.0426571
497 0.0957832
497 0.059734
497 0.104727
497 0.10249
497 0.124347
496 0.0519658
496 0.0349075
496 0.0382378
495 0.0436167
495 0.0546098
494 0.0742762
493 0.0369327
493 0.0465815
493 0.1052
493 0.0529328
493 0.0370683
493 0.0538076
492 0.0351062
492 0.133442
492 0.0760954
491 0.0527874
491 0.0515944
491 0.0443958
491 0.0479519
490 0.0379678
490 0.0699224
490 0.0881568
489 0.0461914
489 0.0627341
489 0.132778
488 0.0774586
488 0.0974
488 0.0436209
488 0.0675113
487 0.0347732
487 0.0429437
487 0.0364127
486 0.0509807
485 0.151045
485 0.0344858
484 0.0342944
483 0.0406331
482 0.0960191
482 0.0406214
482 0.0860759
481 0.0729823
481 0.203516
480 0.0381084
480 0.0797583
480 0.0394138
480 0.0769203
479 0.0514713
479 0.0348878
478 0.0436062
478 0.0612433
476 0.0614097
476 0.0945649
475 0.128173
475 0.0675577
475 0.0635235
475 0.0809894
475 0.0522134
502 0.001564
502 0.00716866
