475 5.18281e-23
475 0.265292
475 0.328382
475 0.094498
475 0.644248
476 0.23911
477 1.78845
477 0.0777781
478 1.52049
478 0.475375
479 0.50977
479 0.0600906
479 0.0203074
479 0.0174437
479 0.0277997
479 0.149728
480 0.915771
480 0.773431
480 0.0606815
481 0.484018
481 0.938029
481 0.271986
482 0.254974
482 0.17455
482 0.168281
482 0.00848507
482 0.85386
483 0.742287
484 1.60454
484 0.0253379
484 0.651414
485 0.489022
485 0.0354974
485 0.226794
485 0.186683
485 0.486324
485 0.110965
485 0.0394596
485 0.170603
486 0.473953
488 3.05691
488 0.11695
488 0.778005
488 0.0759387
488 0.13329
489 1.00591
489 0.696979
489 0.190997
490 0.383515
490 1.11712
491 0.848355
491 0.0933465
491 0.292027
491 0.353807
491 0.725961
492 0.260773
492 0.549096
492 0.700635
493 0.340225
493 0.691096
493 0.174653
494 0.935361
494 0.990902
495 1.74727
495 0.861772
496 0.905983
496 0.120896
496 0.587536
496 0.10458
497 0.558179
497 0.197162
497 0.032065
497 0.613528
497 0.509646
497 0.295704
497 0.0404005
498 0.997427
498 0.230656
498 0.587094
498 0.114819
499 0.585806
499 1.40121
499 0.264579
500 0.225077
500 0.0206078
500 0.586099
500 0.0116462
500 0.0671717
501 2.17257
501 0.701308
501 0.296553
501 0.120829
502 0.708202
502 0.756178
502 1.21904
503 1.24441
503 0.948663
503 0.273246
503 0.198288
503 0.00860729
504 0.593526
504 0.00359659
504 0.80337
504 0.137218
504 0.747221
505 0.739994
505 0.00926396
505 0.0305033
505 0.443637
505 1.15467
505 0.521325
505 0.135057
506 0.921165
506 0.170696
506 0.894202
506 0.0512371
506 1.1151
507 1.16222
507 0.86331
507 0.720377
508 0.906575
508 0.295413
508 3.46109
508 0.0839848
509 1.66284
509 0.364156
509 2.07469
510 0.778149
510 0.902094
510 0.245394
510 1.25258
511 3.12225
511 2.89471
511 2.8237
512 2.72519
512 2.87005
512 3.40424
512 0.815427
510 0.0381366
510 0.0429433
510 0.0406065
510 0.0433444
509 0.0366117
509 0.0392045
509 0.0341907
508 0.0375322
508 0.0343963
508 0.0464282
508 0.0513055
507 0.0577596
507 0.0436184
507 0.0402924
506 0.0514575
506 0.0733979
506 0.039234
506 0.0391597
506 0.0353253
505 0.0508878
505 0.044966
505 0.0493149
505 0.0489576
505 0.0401239
505 0.0422218
505 0.072876
504 0.0418279
504 0.0524785
504 0.0485912
504 0.0352569
504 0.054267
503 0.0358727
503 0.0510631
503 0.0582386
503 0.0378412
503 0.036965
502 0.09099
502 0.0376194
502 0.0583546
501 0.0736981
501 0.0542345
501 0.0378652
501 0.0347019
500 0.0526657
500 0.0430794
500 0.056005
500 0.0549404
500 0.0422707
499 0.0963276
499 0.0455758
499 0.0856331
498 0.0473292
498 0.0453569
498 0.0501147
498 0.0385841
497 0.0464521
497 0.0366281
497 0.0506131
497 0.044329
497 0.036619
496 0.0369341
496 0.0758854
496 0.044328
495 0.10689
495 0.036882
494 0.0399581
494 0.0648771
493 0.101842
493 0.0489832
493 0.0510714
492 0.0595283
492 0.0357744
492 0.134482
491 0.0521143
491 0.0374834
491 0.0400663
491 0.0573275
490 0.0497317
490 0.0757504
489 0.0575209
489 0.0822049
489 0.0562176
488 0.109435
488 0.0517621
488 0.0656637
488 0.0368501
486 0.0733443
485 0.0350882
485 0.0359512
485 0.0741458
485 0.0345068
485 0.0375191
485 0.0488976
485 0.045136
485 0.0436162
484 0.0496424
484 0.128108
484 0.0348704
483 0.0722614
482 0.0370694
482 0.0355379
482 0.0362227
481 0.100873
481 0.0426157
481 0.0512471
480 0.0584447
480 0.157907
480 0.0628966
479 0.059432
479 0.0518653
479 0.119388
479 0.0520694
478 0.0439069
478 0.0779092
477 0.140033
477 0.0720573
477 0.0625255
476 0.0606292
475 0.0426017
475 0.0954927
475 0.0434772
475 0.0237746
475 0.0249716
475 0.145123
