# Energy z_(mm) Energy_Dep Net_Charge
4e+07 0 0 0
4e+07 1 0 0
4e+07 2 0 0
4e+07 3 0 0
4e+07 4 0 0
4e+07 5 0 0
4e+07 6 0 0
4e+07 7 0 0
4e+07 8 0 0
4e+07 9 0 0
4e+07 10 0 0
4e+07 11 0 0
4e+07 12 0 0
4e+07 13 0 0
4e+07 14 0 0
4e+07 15 0 0
4e+07 16 0 0
4e+07 17 0 0
4e+07 18 0 0
4e+07 19 0 0
4e+07 20 0 0
4e+07 21 0 0
4e+07 22 0 0
4e+07 23 0 0
4e+07 24 0 0
4e+07 25 0 0
4e+07 26 0 0
4e+07 27 0 0
4e+07 28 0 0
4e+07 29 0 0
4e+07 30 0 0
4e+07 31 0 0
4e+07 32 0 0
4e+07 33 0 0
4e+07 34 0 0
4e+07 35 0 0
4e+07 36 0 0
4e+07 37 0 0
4e+07 38 0 0
4e+07 39 0 0
4e+07 40 0 0
4e+07 41 0 0
4e+07 42 0 0
4e+07 43 0 0
4e+07 44 0 0
4e+07 45 0 0
4e+07 46 0 0
4e+07 47 0 0
4e+07 48 0 0
4e+07 49 0 0
4e+07 50 0 0
4e+07 51 0 0
4e+07 52 0 0
4e+07 53 0 0
4e+07 54 0 0
4e+07 55 0 0
4e+07 56 0 0
4e+07 57 0 0
4e+07 58 0 0
4e+07 59 0 0
4e+07 60 0 0
4e+07 61 0 0
4e+07 62 0 0
4e+07 63 0 0
4e+07 64 0 0
4e+07 65 0 0
4e+07 66 0 0
4e+07 67 0 0
4e+07 68 0 0
4e+07 69 0 0
4e+07 70 0 0
4e+07 71 0 0
4e+07 72 0 0
4e+07 73 0 0
4e+07 74 0 0
4e+07 75 0 0
4e+07 76 0 0
4e+07 77 0 0
4e+07 78 0 0
4e+07 79 0 0
4e+07 80 0 0
4e+07 81 0 0
4e+07 82 0 0
4e+07 83 0 0
4e+07 84 0 0
4e+07 85 0 0
4e+07 86 0 0
4e+07 87 0 0
4e+07 88 0 0
4e+07 89 0 0
4e+07 90 0 0
4e+07 91 0 0
4e+07 92 0 0
4e+07 93 0 0
4e+07 94 0 0
4e+07 95 0 0
4e+07 96 0 0
4e+07 97 0 0
4e+07 98 0 0
4e+07 99 0 0
4e+07 100 0 0
4e+07 101 0 0
4e+07 102 0 0
4e+07 103 0 0
4e+07 104 0 0
4e+07 105 0 0
4e+07 106 0 0
4e+07 107 0 0
4e+07 108 0 0
4e+07 109 0 0
4e+07 110 0 0
4e+07 111 0 0
4e+07 112 0 0
4e+07 113 0 0
4e+07 114 0 0
4e+07 115 0 0
4e+07 116 0 0
4e+07 117 0 0
4e+07 118 0 0
4e+07 119 0 0
4e+07 120 0 0
4e+07 121 0 0
4e+07 122 0 0
4e+07 123 0 0
4e+07 124 0 0
4e+07 125 0 0
4e+07 126 0 0
4e+07 127 0 0
4e+07 128 0 0
4e+07 129 0 0
4e+07 130 0 0
4e+07 131 0 0
4e+07 132 0 0
4e+07 133 0 0
4e+07 134 0 0
4e+07 135 0 0
4e+07 136 0 0
4e+07 137 0 0
4e+07 138 0 0
4e+07 139 0 0
4e+07 140 0 0
4e+07 141 0 0
4e+07 142 0 0
4e+07 143 0 0
4e+07 144 0 0
4e+07 145 0 0
4e+07 146 0 0
4e+07 147 0 0
4e+07 148 0 0
4e+07 149 0 0
4e+07 150 0 0
4e+07 151 0 0
4e+07 152 0 0
4e+07 153 0 0
4e+07 154 0 0
4e+07 155 0 0
4e+07 156 0 0
4e+07 157 0 0
4e+07 158 0 0
4e+07 159 0 0
4e+07 160 0 0
4e+07 161 0 0
4e+07 162 0 0
4e+07 163 0 0
4e+07 164 0 0
4e+07 165 0 0
4e+07 166 0 0
4e+07 167 0 0
4e+07 168 0 0
4e+07 169 0 0
4e+07 170 0 0
4e+07 171 0 0
4e+07 172 0 0
4e+07 173 0 0
4e+07 174 0 0
4e+07 175 0 0
4e+07 176 0 0
4e+07 177 0 0
4e+07 178 0 0
4e+07 179 0 0
4e+07 180 0 0
4e+07 181 0 0
4e+07 182 0 0
4e+07 183 0 0
4e+07 184 0 0
4e+07 185 0 0
4e+07 186 0 0
4e+07 187 0 0
4e+07 188 0 0
4e+07 189 0 0
4e+07 190 0 0
4e+07 191 0 0
4e+07 192 0 0
4e+07 193 0 0
4e+07 194 0 0
4e+07 195 0 0
4e+07 196 0 0
4e+07 197 0 0
4e+07 198 0 0
4e+07 199 0 0
4e+07 200 0 0
4e+07 201 0 0
4e+07 202 0 0
4e+07 203 0 0
4e+07 204 0 0
4e+07 205 0 0
4e+07 206 0 0
4e+07 207 0 0
4e+07 208 0 0
4e+07 209 0 0
4e+07 210 0 0
4e+07 211 0 0
4e+07 212 0 0
4e+07 213 0 0
4e+07 214 0 0
4e+07 215 0 0
4e+07 216 0 0
4e+07 217 0 0
4e+07 218 0 0
4e+07 219 0 0
4e+07 220 0 0
4e+07 221 0 0
4e+07 222 0 0
4e+07 223 0 0
4e+07 224 0 0
4e+07 225 0 0
4e+07 226 0 0
4e+07 227 0 0
4e+07 228 0 0
4e+07 229 0 0
4e+07 230 0 0
4e+07 231 0 0
4e+07 232 0 0
4e+07 233 0 0
4e+07 234 0 0
4e+07 235 0 0
4e+07 236 0 0
4e+07 237 0 0
4e+07 238 0 0
4e+07 239 0 0
4e+07 240 0 0
4e+07 241 0 0
4e+07 242 0 0
4e+07 243 0 0
4e+07 244 0 0
4e+07 245 0 0
4e+07 246 0 0
4e+07 247 0 0
4e+07 248 0 0
4e+07 249 0 0
4e+07 250 0 0
4e+07 251 0 0
4e+07 252 0 0
4e+07 253 0 0
4e+07 254 0 0
4e+07 255 0 0
4e+07 256 0 0
4e+07 257 0 0
4e+07 258 0 0
4e+07 259 0 0
4e+07 260 0 0
4e+07 261 0 0
4e+07 262 0 0
4e+07 263 0 0
4e+07 264 0 0
4e+07 265 0 0
4e+07 266 0 0
4e+07 267 0 0
4e+07 268 0 0
4e+07 269 0 0
4e+07 270 0 0
4e+07 271 0 0
4e+07 272 0 0
4e+07 273 0 0
4e+07 274 0 0
4e+07 275 0 0
4e+07 276 0 0
4e+07 277 0 0
4e+07 278 0 0
4e+07 279 0 0
4e+07 280 0 0
4e+07 281 0 0
4e+07 282 0 0
4e+07 283 0 0
4e+07 284 0 0
4e+07 285 0 0
4e+07 286 0 0
4e+07 287 0 0
4e+07 288 0 0
4e+07 289 0 0
4e+07 290 0 0
4e+07 291 0 0
4e+07 292 0 0
4e+07 293 0 0
4e+07 294 0 0
4e+07 295 0 0
4e+07 296 0 0
4e+07 297 0 0
4e+07 298 0 0
4e+07 299 0 0
4e+07 300 0 0
4e+07 301 0 0
4e+07 302 0 0
4e+07 303 0 0
4e+07 304 0 0
4e+07 305 0 0
4e+07 306 0 0
4e+07 307 0 0
4e+07 308 0 0
4e+07 309 0 0
4e+07 310 0 0
4e+07 311 0 0
4e+07 312 0 0
4e+07 313 0 0
4e+07 314 0 0
4e+07 315 0 0
4e+07 316 0 0
4e+07 317 0 0
4e+07 318 0 0
4e+07 319 0 0
4e+07 320 0 0
4e+07 321 0 0
4e+07 322 0 0
4e+07 323 0 0
4e+07 324 0 0
4e+07 325 0 0
4e+07 326 0 0
4e+07 327 0 0
4e+07 328 0 0
4e+07 329 0 0
4e+07 330 0 0
4e+07 331 0 0
4e+07 332 0 0
4e+07 333 0 0
4e+07 334 0 0
4e+07 335 0 0
4e+07 336 0 0
4e+07 337 0 0
4e+07 338 0 0
4e+07 339 0 0
4e+07 340 0 0
4e+07 341 0 0
4e+07 342 0 0
4e+07 343 0 0
4e+07 344 0 0
4e+07 345 0 0
4e+07 346 0 0
4e+07 347 0 0
4e+07 348 0 0
4e+07 349 0 0
4e+07 350 0 0
4e+07 351 0 0
4e+07 352 0 0
4e+07 353 0 0
4e+07 354 0 0
4e+07 355 0 0
4e+07 356 0 0
4e+07 357 0 0
4e+07 358 0 0
4e+07 359 0 0
4e+07 360 0 0
4e+07 361 0 0
4e+07 362 0 0
4e+07 363 0 0
4e+07 364 0 0
4e+07 365 0 0
4e+07 366 0 0
4e+07 367 0 0
4e+07 368 0 0
4e+07 369 0 0
4e+07 370 0 0
4e+07 371 0 0
4e+07 372 0 0
4e+07 373 0 0
4e+07 374 0 0
4e+07 375 0 0
4e+07 376 0 0
4e+07 377 0 0
4e+07 378 0 0
4e+07 379 0 0
4e+07 380 0 0
4e+07 381 0 0
4e+07 382 0 0
4e+07 383 0 0
4e+07 384 0 0
4e+07 385 0 0
4e+07 386 0 0
4e+07 387 0 0
4e+07 388 0 0
4e+07 389 0 0
4e+07 390 0 0
4e+07 391 0 0
4e+07 392 0 0
4e+07 393 0 0
4e+07 394 0 0
4e+07 395 0 0
4e+07 396 0 0
4e+07 397 0 0
4e+07 398 0 0
4e+07 399 0 0
4e+07 400 0 0
4e+07 401 0 0
4e+07 402 0 0
4e+07 403 0 0
4e+07 404 0 0
4e+07 405 0 0
4e+07 406 0 0
4e+07 407 0 0
4e+07 408 0 0
4e+07 409 0 0
4e+07 410 0 0
4e+07 411 0 0
4e+07 412 0 0
4e+07 413 0 0
4e+07 414 0 0
4e+07 415 0 0
4e+07 416 0 0
4e+07 417 0 0
4e+07 418 0 0
4e+07 419 0 0
4e+07 420 0 0
4e+07 421 0 0
4e+07 422 0 0
4e+07 423 0 0
4e+07 424 0 0
4e+07 425 0 0
4e+07 426 0 0
4e+07 427 0 0
4e+07 428 0 0
4e+07 429 0 0
4e+07 430 0 0
4e+07 431 0 0
4e+07 432 0 0
4e+07 433 0 0
4e+07 434 0 0
4e+07 435 0 0
4e+07 436 0 0
4e+07 437 0 0
4e+07 438 0 0
4e+07 439 0 0
4e+07 440 0 0
4e+07 441 0 0
4e+07 442 0 0
4e+07 443 0 0
4e+07 444 0 0
4e+07 445 0 0
4e+07 446 0 0
4e+07 447 0 0
4e+07 448 0 0
4e+07 449 0 0
4e+07 450 0 0
4e+07 451 0 0
4e+07 452 0 0
4e+07 453 0 0
4e+07 454 0 0
4e+07 455 0 0
4e+07 456 0 0
4e+07 457 0 0
4e+07 458 0 0
4e+07 459 0 0
4e+07 460 0 0
4e+07 461 0 0
4e+07 462 0 0
4e+07 463 0 0
4e+07 464 0 0
4e+07 465 0 0
4e+07 466 0 0
4e+07 467 0 0
4e+07 468 0 0
4e+07 469 0 0
4e+07 470 0 0
4e+07 471 0 0
4e+07 472 0 0
4e+07 473 0 0
4e+07 474 0 0
4e+07 475 0.0292888 0
4e+07 476 0 0
4e+07 477 0.222109 0
4e+07 478 0 0
4e+07 479 0 0
4e+07 480 0.109797 -0.1
4e+07 481 0.601974 0
4e+07 482 1.03768 0.1
4e+07 483 0.000861299 0
4e+07 484 0 0
4e+07 485 0 0
4e+07 486 0.0158449 0
4e+07 487 0.435097 0
4e+07 488 0 0
4e+07 489 0.00651015 0
4e+07 490 0 0
4e+07 491 0 0
4e+07 492 0 0
4e+07 493 0.0246405 0
4e+07 494 0 0
4e+07 495 0 0
4e+07 496 0 0
4e+07 497 0.0421927 0
4e+07 498 0 0
4e+07 499 0 0
4e+07 500 0 0
4e+07 501 0 0
4e+07 502 0 0
4e+07 503 0 0
4e+07 504 0 0
4e+07 505 0 0
4e+07 506 0.706533 0
4e+07 507 0 0
4e+07 508 0 0
4e+07 509 0.0152798 0
4e+07 510 0 0
4e+07 511 0 0
4e+07 512 0 0
4e+07 513 0 0
4e+07 514 0 0
4e+07 515 0 0
4e+07 516 0 0
4e+07 517 0 0
4e+07 518 0 0
4e+07 519 0 0
4e+07 520 0 0
4e+07 521 0.264401 0
4e+07 522 0 0
4e+07 523 0 0
4e+07 524 0 0
4e+07 525 0 0
4e+07 526 0 0
4e+07 527 0 0
4e+07 528 0 0
4e+07 529 0 0
4e+07 530 0 0
4e+07 531 0 0
4e+07 532 0 0
4e+07 533 0 0
4e+07 534 0 0
4e+07 535 0 0
4e+07 536 0 0
4e+07 537 0 0
4e+07 538 0 0
4e+07 539 0 0
4e+07 540 0 0
4e+07 541 0 0
4e+07 542 0 0
4e+07 543 0 0
4e+07 544 0 0
4e+07 545 0 0
4e+07 546 0 0
4e+07 547 0 0
4e+07 548 0 0
4e+07 549 0 0
4e+07 550 0 0
4e+07 551 0 0
4e+07 552 0 0
4e+07 553 0 0
4e+07 554 0 0
4e+07 555 0 0
4e+07 556 0 0
4e+07 557 0 0
4e+07 558 0 0
4e+07 559 0 0
4e+07 560 0 0
4e+07 561 0 0
4e+07 562 0 0
4e+07 563 0 0
4e+07 564 0 0
4e+07 565 0 0
4e+07 566 0 0
4e+07 567 0 0
4e+07 568 0 0
4e+07 569 0 0
4e+07 570 0 0
4e+07 571 0 0
4e+07 572 0 0
4e+07 573 0 0
4e+07 574 0 0
4e+07 575 0 0
4e+07 576 0 0
4e+07 577 0 0
4e+07 578 0 0
4e+07 579 0 0
4e+07 580 0 0
4e+07 581 0 0
4e+07 582 0 0
4e+07 583 0 0
4e+07 584 0 0
4e+07 585 0 0
4e+07 586 0 0
4e+07 587 0 0
4e+07 588 0 0
4e+07 589 0 0
4e+07 590 0 0
4e+07 591 0 0
4e+07 592 0 0
4e+07 593 0 0
4e+07 594 0 0
4e+07 595 0 0
4e+07 596 0 0
4e+07 597 0 0
4e+07 598 0 0
4e+07 599 0 0
4e+07 600 0 0
4e+07 601 0 0
4e+07 602 0 0
4e+07 603 0 0
4e+07 604 0 0
4e+07 605 0 0
4e+07 606 0 0
4e+07 607 0 0
4e+07 608 0 0
4e+07 609 0 0
4e+07 610 0 0
4e+07 611 0 0
4e+07 612 0 0
4e+07 613 0 0
4e+07 614 0 0
4e+07 615 0 0
4e+07 616 0 0
4e+07 617 0 0
4e+07 618 0 0
4e+07 619 0 0
4e+07 620 0 0
4e+07 621 0 0
4e+07 622 0 0
4e+07 623 0 0
4e+07 624 0 0
4e+07 625 0 0
4e+07 626 0 0
4e+07 627 0 0
4e+07 628 0 0
4e+07 629 0 0
4e+07 630 0 0
4e+07 631 0 0
4e+07 632 0 0
4e+07 633 0 0
4e+07 634 0 0
4e+07 635 0 0
4e+07 636 0 0
4e+07 637 0 0
4e+07 638 0 0
4e+07 639 0 0
4e+07 640 0 0
4e+07 641 0 0
4e+07 642 0 0
4e+07 643 0 0
4e+07 644 0 0
4e+07 645 0 0
4e+07 646 0 0
4e+07 647 0 0
4e+07 648 0 0
4e+07 649 0 0
4e+07 650 0 0
4e+07 651 0 0
4e+07 652 0 0
4e+07 653 0 0
4e+07 654 0 0
4e+07 655 0 0
4e+07 656 0 0
4e+07 657 0 0
4e+07 658 0 0
4e+07 659 0 0
4e+07 660 0 0
4e+07 661 0 0
4e+07 662 0 0
4e+07 663 0 0
4e+07 664 0 0
4e+07 665 0 0
4e+07 666 0 0
4e+07 667 0 0
4e+07 668 0 0
4e+07 669 0 0
4e+07 670 0 0
4e+07 671 0 0
4e+07 672 0 0
4e+07 673 0 0
4e+07 674 0 0
4e+07 675 0 0
4e+07 676 0 0
4e+07 677 0 0
4e+07 678 0 0
4e+07 679 0 0
4e+07 680 0 0
4e+07 681 0 0
4e+07 682 0 0
4e+07 683 0 0
4e+07 684 0 0
4e+07 685 0 0
4e+07 686 0 0
4e+07 687 0 0
4e+07 688 0 0
4e+07 689 0 0
4e+07 690 0 0
4e+07 691 0 0
4e+07 692 0 0
4e+07 693 0 0
4e+07 694 0 0
4e+07 695 0 0
4e+07 696 0 0
4e+07 697 0 0
4e+07 698 0 0
4e+07 699 0 0
4e+07 700 0 0
4e+07 701 0 0
4e+07 702 0 0
4e+07 703 0 0
4e+07 704 0 0
4e+07 705 0 0
4e+07 706 0 0
4e+07 707 0 0
4e+07 708 0 0
4e+07 709 0 0
4e+07 710 0 0
4e+07 711 0 0
4e+07 712 0 0
4e+07 713 0 0
4e+07 714 0 0
4e+07 715 0 0
4e+07 716 0 0
4e+07 717 0 0
4e+07 718 0 0
4e+07 719 0 0
4e+07 720 0 0
4e+07 721 0 0
4e+07 722 0 0
4e+07 723 0 0
4e+07 724 0 0
4e+07 725 0 0
4e+07 726 0 0
4e+07 727 0 0
4e+07 728 0 0
4e+07 729 0 0
4e+07 730 0 0
4e+07 731 0 0
4e+07 732 0 0
4e+07 733 0 0
4e+07 734 0 0
4e+07 735 0 0
4e+07 736 0 0
4e+07 737 0 0
4e+07 738 0 0
4e+07 739 0 0
4e+07 740 0 0
4e+07 741 0 0
4e+07 742 0 0
4e+07 743 0 0
4e+07 744 0 0
4e+07 745 0 0
4e+07 746 0 0
4e+07 747 0 0
4e+07 748 0 0
4e+07 749 0 0
4e+07 750 0 0
4e+07 751 0 0
4e+07 752 0 0
4e+07 753 0 0
4e+07 754 0 0
4e+07 755 0 0
4e+07 756 0 0
4e+07 757 0 0
4e+07 758 0 0
4e+07 759 0 0
4e+07 760 0 0
4e+07 761 0 0
4e+07 762 0 0
4e+07 763 0 0
4e+07 764 0 0
4e+07 765 0 0
4e+07 766 0 0
4e+07 767 0 0
4e+07 768 0 0
4e+07 769 0 0
4e+07 770 0 0
4e+07 771 0 0
4e+07 772 0 0
4e+07 773 0 0
4e+07 774 0 0
4e+07 775 0 0
4e+07 776 0 0
4e+07 777 0 0
4e+07 778 0 0
4e+07 779 0 0
4e+07 780 0 0
4e+07 781 0 0
4e+07 782 0 0
4e+07 783 0 0
4e+07 784 0 0
4e+07 785 0 0
4e+07 786 0 0
4e+07 787 0 0
4e+07 788 0 0
4e+07 789 0 0
4e+07 790 0 0
4e+07 791 0 0
4e+07 792 0 0
4e+07 793 0 0
4e+07 794 0 0
4e+07 795 0 0
4e+07 796 0 0
4e+07 797 0 0
4e+07 798 0 0
4e+07 799 0 0
4e+07 800 0 0
4e+07 801 0 0
4e+07 802 0 0
4e+07 803 0 0
4e+07 804 0 0
4e+07 805 0 0
4e+07 806 0 0
4e+07 807 0 0
4e+07 808 0 0
4e+07 809 0 0
4e+07 810 0 0
4e+07 811 0 0
4e+07 812 0 0
4e+07 813 0 0
4e+07 814 0 0
4e+07 815 0 0
4e+07 816 0 0
4e+07 817 0 0
4e+07 818 0 0
4e+07 819 0 0
4e+07 820 0 0
4e+07 821 0 0
4e+07 822 0 0
4e+07 823 0 0
4e+07 824 0 0
4e+07 825 0 0
4e+07 826 0 0
4e+07 827 0 0
4e+07 828 0 0
4e+07 829 0 0
4e+07 830 0 0
4e+07 831 0 0
4e+07 832 0 0
4e+07 833 0 0
4e+07 834 0 0
4e+07 835 0 0
4e+07 836 0 0
4e+07 837 0 0
4e+07 838 0 0
4e+07 839 0 0
4e+07 840 0 0
4e+07 841 0 0
4e+07 842 0 0
4e+07 843 0 0
4e+07 844 0 0
4e+07 845 0 0
4e+07 846 0 0
4e+07 847 0 0
4e+07 848 0 0
4e+07 849 0 0
4e+07 850 0 0
4e+07 851 0 0
4e+07 852 0 0
4e+07 853 0 0
4e+07 854 0 0
4e+07 855 0 0
4e+07 856 0 0
4e+07 857 0 0
4e+07 858 0 0
4e+07 859 0 0
4e+07 860 0 0
4e+07 861 0 0
4e+07 862 0 0
4e+07 863 0 0
4e+07 864 0 0
4e+07 865 0 0
4e+07 866 0 0
4e+07 867 0 0
4e+07 868 0 0
4e+07 869 0 0
4e+07 870 0 0
4e+07 871 0 0
4e+07 872 0 0
4e+07 873 0 0
4e+07 874 0 0
4e+07 875 0 0
4e+07 876 0 0
4e+07 877 0 0
4e+07 878 0 0
4e+07 879 0 0
4e+07 880 0 0
4e+07 881 0 0
4e+07 882 0 0
4e+07 883 0 0
4e+07 884 0 0
4e+07 885 0 0
4e+07 886 0 0
4e+07 887 0 0
4e+07 888 0 0
4e+07 889 0 0
4e+07 890 0 0
4e+07 891 0 0
4e+07 892 0 0
4e+07 893 0 0
4e+07 894 0 0
4e+07 895 0 0
4e+07 896 0 0
4e+07 897 0 0
4e+07 898 0 0
4e+07 899 0 0
4e+07 900 0 0
4e+07 901 0 0
4e+07 902 0 0
4e+07 903 0 0
4e+07 904 0 0
4e+07 905 0 0
4e+07 906 0 0
4e+07 907 0 0
4e+07 908 0 0
4e+07 909 0 0
4e+07 910 0 0
4e+07 911 0 0
4e+07 912 0 0
4e+07 913 0 0
4e+07 914 0 0
4e+07 915 0 0
4e+07 916 0 0
4e+07 917 0 0
4e+07 918 0 0
4e+07 919 0 0
4e+07 920 0 0
4e+07 921 0 0
4e+07 922 0 0
4e+07 923 0 0
4e+07 924 0 0
4e+07 925 0 0
4e+07 926 0 0
4e+07 927 0 0
4e+07 928 0 0
4e+07 929 0 0
4e+07 930 0 0
4e+07 931 0 0
4e+07 932 0 0
4e+07 933 0 0
4e+07 934 0 0
4e+07 935 0 0
4e+07 936 0 0
4e+07 937 0 0
4e+07 938 0 0
4e+07 939 0 0
4e+07 940 0 0
4e+07 941 0 0
4e+07 942 0 0
4e+07 943 0 0
4e+07 944 0 0
4e+07 945 0 0
4e+07 946 0 0
4e+07 947 0 0
4e+07 948 0 0
4e+07 949 0 0
4e+07 950 0 0
4e+07 951 0 0
4e+07 952 0 0
4e+07 953 0 0
4e+07 954 0 0
4e+07 955 0 0
4e+07 956 0 0
4e+07 957 0 0
4e+07 958 0 0
4e+07 959 0 0
4e+07 960 0 0
4e+07 961 0 0
4e+07 962 0 0
4e+07 963 0 0
4e+07 964 0 0
4e+07 965 0 0
4e+07 966 0 0
4e+07 967 0 0
4e+07 968 0 0
4e+07 969 0 0
4e+07 970 0 0
4e+07 971 0 0
4e+07 972 0 0
4e+07 973 0 0
4e+07 974 0 0
4e+07 975 0 0
4e+07 976 0 0
4e+07 977 0 0
4e+07 978 0 0
4e+07 979 0 0
4e+07 980 0 0
4e+07 981 0 0
4e+07 982 0 0
4e+07 983 0 0
4e+07 984 0 0
4e+07 985 0 0
4e+07 986 0 0
4e+07 987 0 0
4e+07 988 0 0
4e+07 989 0 0
4e+07 990 0 0
4e+07 991 0 0
4e+07 992 0 0
4e+07 993 0 0
4e+07 994 0 0
4e+07 995 0 0
4e+07 996 0 0
4e+07 997 0 0
4e+07 998 0 0
4e+07 999 0 0
4e+07 1000 0 0
4e+07 1001 0 0
4e+07 1002 0 0
4e+07 1003 0 0
4e+07 1004 0 0
4e+07 1005 0 0
4e+07 1006 0 0
4e+07 1007 0 0
4e+07 1008 0 0
4e+07 1009 0 0
4e+07 1010 0 0
4e+07 1011 0 0
4e+07 1012 0 0
4e+07 1013 0 0
4e+07 1014 0 0
4e+07 1015 0 0
4e+07 1016 0 0
4e+07 1017 0 0
4e+07 1018 0 0
4e+07 1019 0 0
4e+07 1020 0 0
4e+07 1021 0 0
4e+07 1022 0 0
4e+07 1023 0 0
4e+07 1024 0 0
4e+07 1025 0 0
4e+07 1026 0 0
4e+07 1027 0 0
4e+07 1028 0 0
4e+07 1029 0 0
4e+07 1030 0 0
4e+07 1031 0 0
4e+07 1032 0 0
4e+07 1033 0 0
4e+07 1034 0 0
4e+07 1035 0 0
4e+07 1036 0 0
4e+07 1037 0 0
4e+07 1038 0 0
4e+07 1039 0 0
4e+07 1040 0 0
4e+07 1041 0 0
4e+07 1042 0 0
4e+07 1043 0 0
4e+07 1044 0 0
4e+07 1045 0 0
4e+07 1046 0 0
4e+07 1047 0 0
4e+07 1048 0 0
4e+07 1049 0 0
4e+07 1050 0 0
4e+07 1051 0 0
4e+07 1052 0 0
4e+07 1053 0 0
4e+07 1054 0 0
4e+07 1055 0 0
4e+07 1056 0 0
4e+07 1057 0 0
4e+07 1058 0 0
4e+07 1059 0 0
4e+07 1060 0 0
4e+07 1061 0 0
4e+07 1062 0 0
4e+07 1063 0 0
4e+07 1064 0 0
4e+07 1065 0 0
4e+07 1066 0 0
4e+07 1067 0 0
4e+07 1068 0 0
4e+07 1069 0 0
4e+07 1070 0 0
4e+07 1071 0 0
4e+07 1072 0 0
4e+07 1073 0 0
4e+07 1074 0 0
4e+07 1075 0 0
4e+07 1076 0 0
4e+07 1077 0 0
4e+07 1078 0 0
4e+07 1079 0 0
4e+07 1080 0 0
4e+07 1081 0 0
4e+07 1082 0 0
4e+07 1083 0 0
4e+07 1084 0 0
4e+07 1085 0 0
4e+07 1086 0 0
4e+07 1087 0 0
4e+07 1088 0 0
4e+07 1089 0 0
4e+07 1090 0 0
4e+07 1091 0 0
4e+07 1092 0 0
4e+07 1093 0 0
4e+07 1094 0 0
4e+07 1095 0 0
4e+07 1096 0 0
4e+07 1097 0 0
4e+07 1098 0 0
4e+07 1099 0 0
4e+07 1100 0 0
4e+07 1101 0 0
4e+07 1102 0 0
4e+07 1103 0 0
4e+07 1104 0 0
4e+07 1105 0 0
4e+07 1106 0 0
4e+07 1107 0 0
4e+07 1108 0 0
4e+07 1109 0 0
4e+07 1110 0 0
4e+07 1111 0 0
4e+07 1112 0 0
4e+07 1113 0 0
4e+07 1114 0 0
4e+07 1115 0 0
4e+07 1116 0 0
4e+07 1117 0 0
4e+07 1118 0 0
4e+07 1119 0 0
4e+07 1120 0 0
4e+07 1121 0 0
4e+07 1122 0 0
4e+07 1123 0 0
4e+07 1124 0 0
4e+07 1125 0 0
4e+07 1126 0 0
4e+07 1127 0 0
4e+07 1128 0 0
4e+07 1129 0 0
4e+07 1130 0 0
4e+07 1131 0 0
4e+07 1132 0 0
4e+07 1133 0 0
4e+07 1134 0 0
4e+07 1135 0 0
4e+07 1136 0 0
4e+07 1137 0 0
4e+07 1138 0 0
4e+07 1139 0 0
4e+07 1140 0 0
4e+07 1141 0 0
4e+07 1142 0 0
4e+07 1143 0 0
4e+07 1144 0 0
4e+07 1145 0 0
4e+07 1146 0 0
4e+07 1147 0 0
4e+07 1148 0 0
4e+07 1149 0 0
