0 -1
1149 1
957 1
957 -1
894 1
894 -1
524 1
524 -1
524 1
524 -1
523 1
523 -1
522 1
522 -1
521 1
521 -1
521 1
521 -1
520 1
520 -1
520 1
520 -1
520 1
520 -1
519 1
519 -1
519 1
519 -1
518 1
518 -1
518 1
518 -1
516 1
516 -1
515 1
515 -1
512 1
513 -1
512 1
512 -1
511 1
511 -1
511 1
511 -1
510 1
510 -1
509 1
509 -1
508 1
508 -1
508 1
508 -1
508 1
508 -1
508 1
508 -1
508 1
508 -1
507 1
507 -1
507 1
507 -1
506 1
506 -1
506 1
506 -1
506 1
506 -1
505 1
505 -1
505 1
505 -1
505 1
505 -1
503 1
503 -1
503 1
503 -1
501 1
501 -1
501 1
501 -1
501 1
501 -1
501 1
501 -1
499 1
499 -1
498 1
498 -1
498 1
498 -1
497 1
497 -1
496 1
496 -1
494 1
494 -1
489 1
489 -1
489 1
489 -1
489 1
489 -1
489 1
489 -1
488 1
488 -1
486 1
486 -1
485 1
485 -1
484 1
484 -1
484 1
484 -1
481 1
481 -1
481 1
481 -1
479 1
479 -1
478 1
478 -1
477 1
477 -1
477 1
477 -1
476 1
476 -1
475 1
475 -1
475 1
475 -1
0 -1
507 1
507 -12
507 12
507 -1
507 1
507 -1
1149 1
524 1
524 -1
522 1
522 -1
520 1
520 -1
519 1
519 -1
519 1
519 -1
517 1
517 -1
516 1
516 -1
515 1
515 -1
515 1
515 -1
514 1
514 -1
512 1
512 -1
512 1
512 -1
512 1
512 -1
512 1
512 -1
511 1
511 -1
510 1
510 -1
509 1
509 -1
509 1
509 -1
508 1
508 -1
508 1
508 -1
508 1
508 -1
507 1
507 -1
504 1
504 -1
503 1
503 -1
502 1
502 -1
500 1
500 -1
499 1
499 -1
499 1
499 -1
499 1
499 -1
496 1
496 -1
495 1
495 -1
495 1
495 -1
494 1
494 -1
491 1
491 -1
491 1
491 -1
490 1
490 -1
489 1
489 -1
489 1
489 -1
489 1
489 -1
489 1
489 -1
488 1
488 -1
488 1
488 -1
487 1
487 -1
487 1
487 -1
487 1
487 -1
485 1
485 -1
485 1
485 -1
484 1
484 -1
483 1
483 -1
483 1
483 -1
482 1
482 -1
481 1
481 -1
480 1
480 -1
480 1
480 -1
478 1
478 -1
478 1
478 -1
477 1
477 -1
477 1
477 -1
476 1
476 -1
476 1
476 -1
476 1
476 -1
475 1
475 -1
501 1
501 -1
523 1
523 -1
518 1
518 -1
491 1
491 -1
491 1
491 -1
0 -1
1149 1
1082 1
1082 -1
1062 1
1063 -1
524 1
1149 -1
524 1
524 -1
523 1
523 -1
519 1
519 -1
517 1
517 -1
517 1
517 -1
517 1
517 -1
516 1
516 -1
514 1
514 -1
513 1
513 -1
511 1
511 -1
511 1
511 -1
510 1
510 -1
510 1
510 -1
510 1
510 -1
509 1
509 -1
508 1
508 -1
508 1
508 -1
507 1
507 -1
507 1
507 -1
506 1
506 -1
505 1
505 -1
503 1
503 -1
502 1
502 -1
501 1
501 -1
500 1
501 -1
500 1
501 -1
501 1
501 -1
500 1
500 -1
499 1
499 -1
497 1
497 -1
497 1
497 -1
496 1
496 -1
494 1
494 -1
493 1
493 -1
491 1
491 -1
491 1
491 -1
491 1
491 -1
491 1
491 -1
490 1
490 -1
490 1
491 -1
488 1
489 -1
489 1
489 -1
488 1
488 -1
487 1
487 -1
487 1
487 -1
485 1
485 -1
485 1
485 -1
484 1
484 -1
483 1
483 -1
482 1
482 -1
482 1
482 -1
480 1
480 -1
480 1
480 -1
479 1
479 -1
477 1
477 -1
475 1
475 -1
0 -1
1149 1
941 1
941 -1
941 1
941 -1
524 1
524 -1
523 1
523 -1
523 1
523 -1
522 1
522 -1
521 1
521 -1
519 1
519 -1
519 1
519 -1
518 1
518 -1
517 1
517 -1
517 1
517 -1
517 1
517 -1
516 1
516 -1
515 1
515 -1
513 1
513 -1
512 1
512 -1
512 1
512 -1
512 1
512 -1
512 1
512 -1
511 1
511 -1
510 1
510 -1
510 1
510 -1
509 1
509 -1
509 1
509 -1
509 1
509 -1
508 1
508 -1
507 1
507 -1
506 1
506 -1
503 1
503 -1
504 1
504 -1
503 1
503 -1
501 1
501 -1
501 1
501 -1
497 1
497 -1
496 1
496 -1
494 1
494 -1
494 1
494 -1
494 1
494 -1
494 1
494 -1
493 1
493 -1
492 1
492 -1
492 1
492 -1
491 1
491 -1
491 1
491 -1
491 1
491 -1
490 1
490 -1
489 1
490 -1
490 1
490 -1
489 1
489 -1
489 1
489 -1
489 1
489 -1
488 1
488 -1
487 1
487 -1
487 1
487 -1
486 1
486 -1
486 1
486 -1
486 1
486 -1
485 1
485 -1
484 1
484 -1
483 1
483 -1
483 1
483 -1
482 1
482 -1
482 1
482 -1
482 1
482 -1
481 1
481 -1
481 1
481 -1
481 1
481 -1
480 1
480 -1
479 1
479 -1
479 1
479 -1
479 1
479 -1
479 1
479 -1
478 1
478 -1
477 1
477 -1
477 1
477 -1
476 1
476 -1
493 1
493 -1
0 -1
1149 1
524 1
524 -1
521 1
521 -1
518 1
518 -1
518 1
518 -1
517 1
517 -1
517 1
517 -1
516 1
516 -1
516 1
516 -1
516 1
516 -1
515 1
515 -1
515 1
515 -1
512 1
512 -1
512 1
512 -1
511 1
511 -1
510 1
510 -1
509 1
509 -1
509 1
509 -1
507 1
507 -1
503 1
503 -1
503 1
503 -1
500 1
500 -1
499 1
499 -1
499 1
499 -1
498 1
498 -1
498 1
498 -1
497 1
497 -1
495 1
495 -1
493 1
493 -1
493 1
493 -1
492 1
492 -1
492 1
492 -1
491 1
491 -1
491 1
491 -1
490 1
490 -1
490 1
490 -1
489 1
489 -1
488 1
488 -1
488 1
488 -1
487 1
487 -1
487 1
487 -1
487 1
487 -1
486 1
486 -1
482 1
482 -1
482 1
482 -1
482 1
482 -1
479 1
479 -1
479 1
479 -1
478 1
478 -1
477 1
477 -1
476 1
476 -1
506 1
506 -1
0 -1
1149 1
1136 1
1137 -1
523 1
523 -1
522 1
522 -1
520 1
520 -1
519 1
519 -1
519 1
519 -1
518 1
518 -1
518 1
518 -1
515 1
515 -1
514 1
514 -1
514 1
514 -1
514 1
514 -1
513 1
513 -1
511 1
511 -1
511 1
511 -1
507 1
507 -1
506 1
506 -1
505 1
505 -1
504 1
504 -1
501 1
502 -1
501 1
501 -1
500 1
500 -1
500 1
500 -1
499 1
499 -1
499 1
499 -1
498 1
498 -1
497 1
498 -1
498 1
498 -1
497 1
497 -1
497 1
497 -1
496 1
496 -1
495 1
495 -1
495 1
495 -1
494 1
494 -1
494 1
494 -1
493 1
493 -1
492 1
492 -1
492 1
492 -1
491 1
491 -1
491 1
491 -1
490 1
490 -1
488 1
489 -1
488 1
488 -1
487 1
487 -1
485 1
485 -1
485 1
485 -1
483 1
483 -1
482 1
482 -1
482 1
482 -1
476 1
476 -1
476 1
476 -1
500 1
500 -1
0 -1
1149 1
1074 1
1074 -1
984 1
981 -1
984 1
985 -1
984 1
983 -1
523 1
523 -1
520 1
520 -1
518 1
518 -1
517 1
517 -1
516 1
516 -1
515 1
515 -1
513 1
513 -1
512 1
512 -1
512 1
512 -1
512 1
512 -1
512 1
512 -1
511 1
511 -1
511 1
511 -1
510 1
510 -1
509 1
509 -1
509 1
509 -1
508 1
508 -1
507 1
507 -1
506 1
506 -1
505 1
505 -1
505 1
505 -1
503 1
503 -1
503 1
503 -1
501 1
501 -1
500 1
500 -1
499 1
499 -1
499 1
499 -1
498 1
498 -1
497 1
497 -1
497 1
497 -1
496 1
496 -1
495 1
495 -1
495 1
495 -1
493 1
493 -1
492 1
492 -1
492 1
492 -1
492 1
492 -1
491 1
491 -1
490 1
490 -1
489 1
489 -1
489 1
489 -1
489 1
489 -1
488 1
488 -1
487 1
487 -1
487 1
487 -1
485 1
485 -1
485 1
485 -1
484 1
484 -1
483 1
483 -1
482 1
482 -1
482 1
482 -1
482 1
482 -1
481 1
481 -1
481 1
481 -1
475 1
475 -1
520 1
520 -1
0 -1
1149 1
524 1
524 -1
523 1
523 -1
521 1
521 -1
521 1
521 -1
519 1
519 -1
519 1
519 -1
518 1
518 -1
518 1
518 -1
518 1
518 -1
518 1
518 -1
518 1
518 -1
517 1
517 -1
517 1
517 -1
516 1
516 -1
516 1
516 -1
516 1
516 -1
516 1
516 -1
514 1
514 -1
513 1
513 -1
513 1
513 -1
512 1
512 -1
511 1
511 -1
510 1
510 -1
510 1
510 -1
510 1
510 -1
509 1
509 -1
509 1
509 -1
509 1
509 -1
508 1
508 -1
507 1
507 -1
506 1
506 -1
505 1
505 -1
505 1
505 -1
504 1
504 -1
503 1
503 -1
502 1
502 -1
502 1
502 -1
502 1
502 -1
501 1
501 -1
501 1
501 -1
501 1
501 -1
500 1
500 -1
498 1
498 -1
498 1
498 -1
497 1
497 -1
496 1
496 -1
495 1
495 -1
492 1
492 -1
492 1
492 -1
491 1
491 -1
491 1
491 -1
490 1
490 -1
489 1
489 -1
488 1
488 -1
488 1
488 -1
487 1
487 -1
487 1
487 -1
487 1
487 -1
486 1
486 -1
485 1
485 -1
485 1
485 -1
483 1
483 -1
481 1
481 -1
480 1
480 -1
479 1
479 -1
478 1
478 -1
478 1
478 -1
517 1
517 -1
495 1
495 -1
0 -1
1149 1
1005 1
1005 -1
927 1
927 -1
523 1
523 -1
523 1
523 -1
523 1
523 -1
523 1
523 -1
523 1
523 -1
522 1
522 -1
521 1
521 -1
521 1
521 -1
520 1
520 -1
520 1
520 -1
520 1
520 -1
519 1
519 -1
517 1
517 -1
515 1
515 -1
514 1
514 -1
514 1
514 -1
514 1
514 -1
514 1
514 -1
513 1
513 -1
512 1
512 -1
511 1
511 -1
508 1
508 -1
507 1
507 -1
506 1
506 -1
506 1
506 -1
505 1
505 -1
503 1
503 -1
503 1
503 -1
501 1
501 -1
501 1
501 -1
499 1
499 -1
494 1
494 -1
490 1
490 -1
487 1
487 -1
486 1
486 -1
486 1
486 -1
486 1
486 -1
486 1
486 -1
485 1
485 -1
482 1
482 -1
481 1
481 -1
481 1
481 -1
480 1
480 -1
478 1
478 -1
478 1
478 -1
478 1
478 -1
477 1
477 -1
476 1
476 -1
476 1
476 -1
475 1
475 -1
485 1
485 -1
0 -1
1149 1
937 1
937 -1
882 1
882 -1
523 1
523 -1
523 1
523 -1
522 1
522 -1
522 1
522 -1
520 1
520 -1
518 1
518 -1
518 1
518 -1
517 1
517 -1
517 1
517 -1
517 1
517 -1
516 1
516 -1
516 1
516 -1
513 1
513 -1
513 1
513 -1
513 1
513 -1
513 1
513 -1
512 1
512 -1
511 1
511 -1
511 1
511 -1
509 1
509 -1
509 1
509 -1
509 1
509 -1
508 1
508 -1
508 1
508 -1
507 1
507 -1
507 1
507 -1
506 1
506 -1
506 1
506 -1
503 1
503 -1
503 1
503 -1
503 1
503 -1
503 1
503 -1
503 1
503 -1
502 1
502 -1
501 1
501 -1
501 1
501 -1
499 1
499 -1
498 1
498 -1
497 1
497 -1
497 1
497 -1
494 1
494 -1
494 1
494 -1
494 1
494 -1
493 1
493 -1
493 1
493 -1
492 1
492 -1
492 1
492 -1
491 1
491 -1
489 1
489 -1
489 1
489 -1
488 1
488 -1
487 1
487 -1
487 1
487 -1
487 1
487 -1
486 1
486 -1
484 1
484 -1
484 1
484 -1
484 1
484 -1
482 1
482 -1
482 1
482 -1
482 1
482 -1
479 1
479 -1
479 1
479 -1
479 1
479 -1
479 1
479 -1
478 1
479 -1
476 1
476 -1
475 1
475 -1
513 1
513 -1
