475 2.04024e-23
475 0.111911
475 0.141979
476 0.706184
477 0.294976
477 0.0546509
478 0.518611
478 0.0425756
479 0.244075
481 1.26516
481 0.115186
481 0.0309086
484 1.47122
484 0.0152907
485 0.731289
486 0.625849
488 0.978929
489 0.326248
489 0.1847
489 0.0994258
494 2.2942
494 0.259156
496 0.945118
497 0.955124
498 0.23437
498 0.0597277
499 0.792868
500 0.511839
501 0.218027
501 0.10761
501 0.16795
501 0.164374
503 0.679955
503 0.0755721
505 1.15545
505 0.187516
505 0.032105
506 0.280065
506 0.0267014
506 0.384925
507 0.2474
507 0.0158941
507 0.166321
508 0.144133
508 0.2203
508 0.172485
508 0.0242369
508 0.0445565
509 0.142403
510 0.623981
511 0.526421
511 0.239756
512 0.509499
512 0.118286
515 1.38747
516 0.547143
518 1.34816
518 0.13155
519 0.306585
519 0.303193
520 0.172738
520 0.333248
521 0.4451
521 0.17581
522 0.270624
523 0.439486
523 0.0275105
524 0.452227
524 0.20852
525 0.286309
850 1.46348e-23
894 0.00120321
957 0.00210799
1149 0.00738599
1149 9.79981e-27
957 0.00159562
894 0.00237772
894 0.000793122
524 0.0342352
524 0.0570729
523 0.0652136
522 0.0731492
521 0.0492953
521 0.0354346
520 0.0490353
520 0.144089
520 0.0740654
520 0.0662015
519 0.22362
519 0.159472
518 0.142751
518 0.0414751
516 0.0369905
515 0.0457345
513 0.079249
512 0.172044
511 0.0625579
511 0.0378743
510 0.0645696
509 0.151785
508 0.0381178
508 0.0377869
508 0.0348538
508 0.150568
508 0.0570585
507 0.0502519
507 0.0376442
506 0.0344274
506 0.0931008
506 0.15132
505 0.0704011
505 0.038904
505 0.0464551
503 0.164011
503 0.0381932
503 0.0771877
501 0.0983125
501 0.0473652
501 0.31645
501 0.0427665
499 0.19896
498 0.10483
498 0.0668369
497 0.0406068
496 0.257222
494 0.0627866
489 0.381963
489 0.0794319
489 0.0484932
489 0.10018
489 0.142324
488 0.0380592
486 0.0708042
485 0.0610412
484 0.147998
484 0.0572526
481 0.251188
481 0.084759
479 0.0350588
478 0.0458688
477 0.039401
477 0.0378319
476 0.0386447
475 0.0814388
475 0.0926637
475 2.04024e-23
475 0.299621
476 0.259594
476 0.191451
476 0.0210562
476 0.257763
477 0.164771
477 0.193183
478 0.676648
478 0.0569277
478 0.0704167
480 0.570197
480 0.266026
480 0.00446293
481 0.617661
481 0.159612
482 0.508804
483 0.469972
483 0.102527
484 0.449344
484 0.0645071
485 0.299413
487 0.834409
487 0.0688925
487 0.338205
488 0.431512
488 0.0445787
489 0.147831
489 0.0481877
489 0.241392
490 0.446941
491 0.484488
491 0.0553275
494 1.82347
495 0.271972
495 0.145584
496 0.257657
496 0.301426
499 1.24898
499 0.194652
499 0.242441
500 0.631464
502 0.874119
503 0.631272
504 0.613783
507 1.30911
507 0.0180949
507 1.2944
507 2.96652
507 2.74512
507 2.90416
507 3.36573
507 1.31149
508 0.69984
508 0.116673
508 0.142212
509 0.0655582
509 0.251764
510 0.518277
511 0.887597
512 0.234052
512 0.00694136
512 0.0475475
512 0.213473
512 0.107817
514 0.789957
514 0.180694
515 0.58112
515 0.00379492
516 0.38263
517 0.807291
519 0.634076
519 0.460156
520 0.653149
521 0.159242
522 1.01963
524 1.07283
525 0.229575
869 1.66219e-23
1092 0.00761508
1149 2.78655e-24
524 0.0403494
522 0.0404104
520 0.0625138
519 0.0399104
519 0.0381828
517 0.0505717
516 0.0384989
515 0.053774
515 0.0406246
514 0.0580434
512 0.399239
512 0.0864103
512 0.0399464
512 0.086618
511 0.0917662
510 0.0348965
509 0.0355669
509 0.0598138
508 0.0893276
508 0.0881771
508 0.0491383
507 0.0353204
504 0.0944678
503 0.0557135
502 0.0920148
500 0.0512796
499 0.0721145
499 0.0356487
499 0.0611283
496 0.0778257
495 0.0418061
495 0.147468
494 0.0917985
491 0.329455
491 0.0374448
490 0.0675498
489 0.0539178
489 0.154003
489 0.00898575
489 0.122422
489 0.0699222
488 0.122577
488 0.0751173
487 0.0458235
487 0.0578079
487 0.123861
485 0.1137
485 0.0882186
485 0.088189
484 0.0824159
483 0.0333677
483 0.0728134
483 0.551225
483 0.0489348
482 0.0712461
481 0.0347843
480 0.155625
480 0.0419191
478 0.117989
478 0.499736
478 0.219217
477 0.106959
477 0.19635
476 0.0726319
476 0.0367378
476 0.0515052
475 0.0722654
500 0
437 0
491 0
518 0
523 0
501 0
503 0
587 0
501 0.0267997
523 0.0397668
518 0.0494914
491 0.260564
491 0.464044
491 0.0431771
514 0
578 0
475 2.04024e-23
475 0.518199
477 0.838044
479 1.16015
480 0.292453
480 0.169819
481 0.375849
482 0.639137
482 0.0856045
483 0.179532
484 0.525088
485 0.357549
485 0.160359
487 1.13948
487 0.0822882
488 0.592534
488 0.109897
490 0.812457
490 0.0249859
491 0.270672
491 0.318322
491 0.0313793
491 0.0552408
493 1.03565
494 0.500875
496 0.785806
497 1.07377
497 0.0194522
498 0.600254
499 0.378886
500 0.791431
500 0.0475669
501 0.25479
502 0.527673
503 0.451048
505 1.24231
506 0.522873
507 0.465432
507 0.0676466
508 0.561603
508 0.323758
509 0.252504
510 0.631028
510 0.0435269
510 0.031283
511 0.585935
511 0.0193909
513 0.771866
514 0.488371
514 0.236709
514 0.118822
515 0.303879
516 0.72705
517 0.322032
517 0.113053
519 1.05575
523 2.07583
524 0.785257
524 0.218318
525 0.078321
850 1.46683e-23
1062 0.00580649
1082 0.000590393
1149 0.00307787
1149 2.60418e-26
1082 0.00109249
1063 0.001259
1062 0.00140092
1062 0.00244752
1063 0.000718378
524 0.00792787
524 0.00626918
524 0.0110932
524 0.010418
525 0.00717052
1149 2.30824e-23
524 0.188801
523 0.050332
519 0.0544182
517 0.105695
517 0.195136
517 0.066015
517 0.0521227
516 0.175093
514 0.0804691
513 0.0679552
511 0.0881253
511 0.0708335
510 0.230531
510 0.0420181
510 0.0732644
509 0.0843577
508 0.0464898
508 0.0364031
507 0.120452
507 0.0356029
506 0.0390524
505 0.0357807
503 0.193428
502 0.0648456
501 0.0385089
501 0.119861
500 0.0246495
501 0.0709914
501 0.249564
501 0.0599223
500 0.12394
499 0.372138
497 0.0382823
497 0.0795753
496 0.0615278
494 0.0877872
493 0.0447554
491 0.166486
491 0.218896
491 0.0399518
491 0.0594856
490 0.348714
491 0.574794
491 0.118407
489 0.0856533
489 0.233596
489 0.15656
488 0.0452343
487 0.0552115
487 0.0966086
485 0.0473922
485 0.043918
484 0.507715
483 0.0925391
482 0.0349068
482 0.0644008
480 0.0681871
480 0.237233
479 0.0426601
477 0.498284
475 0.0406863
475 2.04024e-23
476 0.901709
477 0.408708
477 0.0656397
477 0.0307611
478 0.269371
479 0.542923
479 0.0886352
479 0.0297741
479 0.161703
479 0.0224684
480 0.28101
481 0.534285
481 0.123292
481 0.0456119
482 0.399909
482 0.34685
483 0.201318
483 0.278953
484 0.243142
485 0.672143
486 0.385574
486 0.247639
486 0.079142
487 0.328858
487 0.063752
488 0.445399
489 0.510374
489 0.127285
489 0.354466
490 0.359601
491 0.336444
491 0.0947188
492 0.620217
492 0.0523373
493 0.401889
494 0.471801
494 0.0705141
494 0.0547703
494 0.152083
496 0.661694
496 0.474203
497 0.480284
500 1.56836
501 0.258187
501 0.119573
503 0.992656
503 0.37705
504 0.383973
504 0.165123
506 0.714716
506 0.0579691
506 0.0356146
507 0.539859
508 0.724882
509 0.275252
509 0.0958761
509 0.188302
510 0.174688
510 0.420747
511 0.201895
512 0.405729
512 0.0902797
512 0.32126
512 0.0231802
512 0.103664
513 0.566146
515 0.736297
516 0.783264
517 0.523871
517 0.0462169
517 0.0540483
518 0.192195
519 0.724241
519 0.0799944
521 0.830432
522 0.881915
523 0.160631
523 0.470829
524 0.531039
525 0.0565108
850 1.46414e-23
941 0.00295382
1149 0.00636199
1149 1.86584e-26
941 0.00106216
941 0.00104062
941 0.00169955
941 0.00169721
941 0.00136167
524 0.0592341
523 0.0944186
523 0.0630849
522 0.0709476
521 0.0755725
519 0.0498506
519 0.0453707
518 0.0573996
517 0.0490341
517 0.0373699
517 0.0581779
516 0.0444348
515 0.0462599
513 0.057985
512 0.0459396
512 0.0563256
512 0.0533459
512 0.0542069
511 0.0358762
510 0.044203
510 0.054138
509 0.182476
509 0.0926266
509 0.0499438
508 0.117187
507 0.0639798
506 0.205031
504 0.166466
503 0.195174
503 0.0707338
504 0.0833632
503 0.0441811
501 0.0803452
501 0.0585947
497 0.211329
496 0.0355773
494 0.0376697
494 0.1151
494 0.0499337
494 0.0712405
493 0.0358245
492 0.104173
492 0.0442612
491 0.085181
491 0.0282823
491 0.0653915
491 0.0360964
490 0.0633339
490 0.0373167
490 0.169694
490 0.0585424
489 0.100342
489 0.0806213
489 0.0396344
489 0.093855
488 0.0744977
487 0.3602
487 0.0677487
486 0.0369757
486 0.234107
486 0.0442706
485 0.0399344
485 0.0400665
484 0.0502749
483 0.0463579
483 0.0403105
482 0.00386195
482 0.10681
482 0.0449451
482 0.0358989
481 0.0552714
481 0.240955
481 0.116479
480 0.402037
479 0.0448928
479 0.237719
479 0.0345071
479 0.0561617
478 0.0434503
477 0.0419863
477 0.0640183
476 0.082235
493 0.001564
493 0.0303372
475 2.04024e-23
476 0.604598
476 0.125025
477 0.504793
478 0.478143
479 0.641023
479 0.14195
482 1.5362
482 0.0303347
482 0.202637
484 0.894997
486 1.20815
487 0.178907
487 0.0118544
487 0.156358
488 0.738138
488 0.090039
489 0.502332
490 0.164703
490 0.183369
491 0.36315
491 0.440518
492 0.0568914
492 0.0102438
493 0.568509
493 0.430013
495 0.813683
497 1.39299
498 0.180372
498 0.304829
499 0.283155
499 0.133972
500 0.291374
502 1.49516
503 0.0935354
503 0.48574
504 0.120325
505 0.50856
507 1.11458
508 0.782539
509 0.56255
509 0.12273
510 0.256502
511 0.710927
512 0.494381
512 0.354649
515 1.19379
515 0.267602
516 0.346305
516 0.0137722
516 0.284342
516 0.0458573
517 0.331263
517 0.128888
518 0.119943
518 0.00669043
521 1.7719
524 1.58223
525 0.520149
850 1.45945e-23
1149 0.00775408
1149 2.59513e-26
524 0.0735022
521 0.0628111
518 0.0858728
518 0.170721
517 0.0664776
517 0.113123
516 0.0341792
516 0.200956
516 0.0399441
515 0.141147
515 0.0387665
512 0.120229
512 0.0415878
511 0.0356906
510 0.107428
509 0.168547
509 0.0905332
507 0.0769113
507 0.120645
503 0.0360602
503 0.0376871
500 0.0752904
499 0.0558641
499 0.259148
498 0.0570217
498 0.0420095
497 0.036648
495 0.036199
493 0.0454058
493 0.150016
492 0.0789629
492 0.0489268
491 0.172345
491 0.120949
490 0.0546361
490 0.144366
489 0.0461698
488 0.142903
488 0.0654145
487 0.0887871
487 0.0444685
487 0.0661643
486 0.0754259
482 0.039745
482 0.0448867
482 0.0469204
479 0.0714588
479 0.0430974
478 0.0345995
477 0.232748
476 0.0424725
506 0.001564
506 0.0703905
475 2.04024e-23
476 0.638037
476 0.124791
476 0.0641745
482 2.93348
482 0.332678
483 0.43071
485 0.845176
485 0.203267
487 0.813405
488 0.786564
488 0.125936
488 0.0297326
490 0.809874
491 0.393175
491 0.30857
492 0.23626
492 0.0281997
493 0.90977
494 0.198401
494 0.089614
495 0.61239
495 0.258116
496 0.441953
497 0.368372
497 0.315107
497 0.0816926
498 0.459571
498 0.0949453
499 0.0609348
499 0.0728286
500 0.539911
500 0.0996398
501 0.460277
501 0.493148
504 1.58698
505 0.0644527
506 1.04657
507 0.435852
511 1.9798
511 0.179984
512 0.734852
513 0.649374
514 0.155234
514 0.147298
514 0.0619034
515 0.464875
515 0.0179415
516 0.681166
518 1.16242
518 0.0537817
519 0.424144
519 0.0258251
520 0.456242
521 0.629123
522 0.685532
523 0.0907421
525 1.06383
850 1.4619e-23
1136 0.00971502
1149 0.000540569
1149 3.45737e-26
1137 0.00104213
523 0.035167
522 0.113548
520 0.0441609
519 0.0800402
519 0.123815
518 0.101055
518 0.083158
515 0.175855
514 0.215947
514 0.0594483
514 0.0622793
513 0.179008
511 0.0538861
511 0.296807
507 0.136755
506 0.0566793
505 0.0422964
504 0.0912265
502 0.0359605
501 0.0342749
500 0.237826
500 0.0993024
500 0.344236
499 0.0568484
499 0.0415515
498 0.0379403
498 0.020572
498 0.0647712
498 0.0464882
497 0.0357508
497 0.250911
496 0.0672456
495 0.0387753
495 0.0936691
494 0.151679
494 0.0575845
493 0.038909
492 0.0563406
492 0.0841392
491 0.0448487
491 0.120708
490 0.0465892
489 0.397149
488 0.3086
487 0.0393416
485 0.064982
485 0.0662499
483 0.0795309
482 0.0589699
482 0.0406698
476 0.157151
476 0.0380047
500 0.001564
500 0.0272913
475 2.04024e-23
475 0.0694481
480 2.78692
480 0.107986
481 0.376707
481 0.274697
482 0.336601
482 0.13245
482 0.0365206
482 0.0644283
483 0.295958
484 0.767392
485 0.289717
485 0.303496
486 0.380002
487 0.225398
487 0.057481
488 0.48055
489 0.722069
489 0.064505
489 0.0310096
490 0.253971
491 0.513979
491 0.261801
492 0.368555
492 0.0698431
492 0.00878912
492 0.224794
493 0.266533
495 1.02728
495 0.174958
496 0.39528
497 0.557499
497 0.243057
498 0.702145
499 0.0941998
499 0.493109
500 0.694952
501 0.0283239
503 1.37544
503 0.209619
505 0.645321
506 0.922392
507 0.574139
508 0.639984
509 0.114528
509 0.0477755
509 0.0770761
510 0.717523
511 0.225018
511 0.408639
512 0.171555
512 0.0591184
512 0.0775132
512 0.0115666
512 0.165139
513 0.429071
515 1.23576
516 0.474275
517 0.270655
518 0.735132
519 0.107624
520 0.901597
520 0.0728721
523 1.62829
525 0.581062
850 1.46222e-23
984 0.00461443
1074 0.00366129
1148 0.00175791
1149 5.28297e-26
1074 0.00184567
984 0.00101512
984 2.40942e-05
984 0.00161295
982 0.00137898
981 0.00163441
981 0.0019445
985 0.00116038
983 0.00249106
523 0.0440027
520 0.030674
520 0.0197043
518 0.0952285
517 0.0566738
516 0.0522764
515 0.0402452
513 0.114335
512 0.0493208
512 0.0456247
512 0.0353134
512 0.0692901
511 0.035002
511 0.211865
510 0.0427383
509 0.122842
509 0.245655
508 0.0359226
507 0.0361789
506 0.0350369
505 0.0700584
505 0.194609
505 0.0395307
503 0.0421395
503 0.0757017
501 0.0857902
500 0.0540542
499 0.0398943
499 0.0667424
498 0.102114
497 0.0402281
497 0.0919195
496 0.169805
495 0.177013
495 0.17155
493 0.0617147
492 0.076057
492 0.103198
492 0.138008
491 0.386894
490 0.0581738
489 0.0384549
489 0.0878326
489 0.0374991
488 0.127447
487 0.303697
487 0.0382862
485 0.0362261
485 0.302776
485 0.0645653
484 0.0453443
483 0.264548
482 0.0529544
482 0.0563491
482 0.0488399
481 0.0969883
481 0.0402239
475 0.0351818
520 0.001564
520 0.000261636
475 2.04024e-23
477 1.23116
478 0.456462
478 0.242584
479 0.178115
479 0.132922
480 0.443973
481 0.659101
483 1.52762
485 0.690532
485 0.32601
486 0.464799
487 0.367314
487 0.234371
488 0.19693
488 0.0809341
488 0.0331017
489 0.484177
490 0.990694
491 0.008544
491 0.133115
492 0.783951
492 0.0317378
492 0.0331409
495 1.21615
496 0.640827
497 0.359737
497 0.18231
498 0.379206
498 0.359849
499 0.359955
500 0.611895
501 0.269175
501 0.0388641
501 0.12879
502 0.377295
502 0.0096943
502 0.0468337
503 0.875006
504 0.192079
505 0.844316
505 0.132594
506 0.177173
507 0.485606
508 0.542683
509 0.690868
509 0.34904
509 0.0436381
510 0.270655
510 0.177416
510 0.0918899
511 0.305477
512 0.234671
513 0.686326
513 0.112402
514 0.778917
516 0.821378
516 0.0953908
516 0.0689396
516 0.181669
517 0.197048
517 0.366245
518 0.275215
518 0.0539412
518 0.0201257
518 0.0502763
518 0.0785859
519 0.184327
519 0.147191
521 1.00689
521 0.0141704
521 0.368927
523 0.692586
524 0.902796
525 0.193451
850 1.46442e-23
1149 0.00914538
1149 1.57881e-27
524 0.146883
523 0.0588146
521 0.0591521
521 0.0559083
519 0.0409422
519 0.0425893
518 0.285803
518 0.0764639
518 0.0788297
518 0.101057
518 0.0674353
517 0.0405093
517 0.216041
517 0.0534471
516 0.0569398
516 0.275397
516 0.0538862
516 0.0456098
514 0.0380728
513 0.0500908
513 0.132088
512 0.0495271
511 0.0448206
510 0.0637441
510 0.042909
510 0.248066
509 0.107499
509 0.125808
509 0.24988
508 0.04121
507 0.0403603
506 0.0546502
505 0.0587945
505 0.0893957
504 0.0666598
503 0.177238
502 0.0354792
502 0.0455222
502 0.0725727
501 0.270855
501 0.0410126
501 0.0741457
500 0.435007
498 0.0418985
498 0.117737
497 0.0558209
496 0.0443914
495 0.129186
495 0.0453227
492 0.0428069
492 0.042937
491 0.23519
491 0.0620242
490 0.0559143
489 0.0773881
488 0.0358349
488 0.0514121
488 0.0633121
487 0.10444
487 0.122443
487 0.341612
487 0.0807621
486 0.0509813
485 0.131392
485 0.039334
483 0.123461
481 0.0349255
480 0.0707188
479 0.116459
478 0.0931292
478 0.148403
495 0.001564
517 0.001564
517 0.00189538
495 0.00901436
475 2.04024e-23
475 0.46485
476 0.0249128
476 0.0147791
477 0.816794
478 0.278861
478 0.104209
478 0.346896
479 0.315409
480 0.249972
481 0.935061
481 0.0432677
482 0.186394
485 1.80199
486 0.66922
486 0.0512333
486 0.0834524
486 0.0895109
487 0.567079
490 1.47
491 0.138882
494 2.12009
499 2.63496
501 0.826502
501 0.12473
501 0.233475
503 1.08147
503 0.0180215
505 0.622188
506 0.786576
506 0.0631084
507 0.565677
508 0.767086
510 1.1569
511 0.178415
512 0.70122
513 0.574986
514 0.248402
514 0.192665
514 0.0657982
514 0.200853
515 0.236719
517 1.42767
519 0.952134
520 0.402931
520 0.132454
520 0.145337
521 0.33575
522 0.257317
522 0.412786
523 0.186198
523 0.0475723
523 0.05314
523 0.0934819
523 0.0567053
525 0.906059
850 1.45962e-23
927 0.00156145
1005 0.00347607
1149 0.00426502
1149 5.09785e-27
1005 0.00200406
927 0.00161539
523 0.290094
523 0.172961
523 0.164539
523 0.0708512
523 0.061137
523 0.0501251
521 0.0266298
522 0.0345898
521 0.034548
521 0.0355422
520 0.0440917
520 0.0762302
520 0.0734725
519 0.0403007
517 0.0602802
515 0.0779918
514 0.0787092
514 0.0928366
514 0.10102
514 0.0500188
513 0.0481494
512 0.0507897
511 0.191256
508 0.0366637
507 0.0444179
506 0.0835689
506 0.0723675
505 0.07536
503 0.057798
503 0.0373158
501 0.0354705
501 0.0495734
499 0.155462
494 0.0566908
490 0.0731607
487 0.100384
486 0.204698
486 0.354213
486 0.0472781
486 0.0342552
486 0.297088
485 0.186039
485 0.174994
482 0.0589767
481 0.0540057
481 0.0366608
480 0.0838452
478 0.0727597
478 0.0579779
478 0.0508544
477 0.060777
476 0.106502
476 0.0641019
475 0.0633101
485 0.001564
485 0.0110353
475 2.04024e-23
475 0.134181
476 0.407278
478 1.46403
479 0.0604348
479 0.0537452
479 0.0126461
479 0.0215749
481 1.00546
482 0.505876
482 0.161569
484 0.889634
484 0.213773
484 0.298907
486 1.19524
487 0.359923
487 0.00405399
487 0.0220214
488 0.597239
489 0.287084
489 0.174483
491 0.847324
492 0.495454
492 0.199596
493 0.470828
494 0.293826
494 0.363599
494 0.000647525
497 1.58165
497 0.100168
498 0.151135
498 0.450904
499 0.440421
501 0.725149
501 0.436719
502 0.547906
503 0.0846641
503 0.095451
503 0.076183
503 0.0110824
503 0.11684
503 0.139655
506 1.31069
506 0.247283
507 0.375956
507 0.136417
508 0.617549
508 0.0184085
509 0.261233
509 0.0272229
509 0.199605
511 0.768712
511 0.166792
512 0.692232
513 0.193733
513 0.0812767
513 0.100551
513 0.0855804
516 1.67862
516 0.242231
517 0.0419469
517 0.12284
518 0.751516
518 0.00121454
520 1.12485
522 0.824514
522 0.180091
523 0.340272
523 0.396322
525 0.737734
850 1.46078e-23
882 0.00113014
937 0.00156087
1149 0.00634062
1149 2.07776e-27
937 0.00118684
882 0.00181795
523 0.078467
523 0.0414492
522 0.0492056
522 0.0768703
520 0.0462277
518 0.0392094
518 0.0498672
517 0.213554
517 0.371795
517 0.200006
517 0.0353571
516 0.071191
516 0.0760164
513 0.0345973
513 0.0359928
513 0.0739675
513 0.0421148
513 0.0818166
512 0.0596753
511 0.108298
511 0.0970389
509 0.0517823
509 0.0397764
509 0.0402064
508 0.0687878
508 0.040657
507 0.0365192
507 0.10467
506 0.0385337
506 0.0870393
503 0.0903027
503 0.0921519
503 0.0479341
503 0.0708776
503 0.090495
502 0.0358947
501 0.0425627
501 0.126331
499 0.0558531
498 0.0510241
497 0.109298
497 0.0374295
494 0.122562
494 0.066706
494 0.0457662
493 0.00271751
493 0.0597801
493 0.0444954
492 0.395453
492 0.0708045
491 0.0452323
489 0.0620184
489 0.0636953
488 0.0598921
487 0.0505973
487 0.0739426
487 0.139786
486 0.0649488
484 0.0399651
484 0.0405195
484 0.0748594
482 0.0427837
482 0.057957
482 0.115525
482 0.0711415
479 0.0552571
479 0.04119
479 0.066861
479 0.0657929
479 0.202963
476 0.0601589
475 0.101684
513 0.001564
513 0.000143762
