477 -13
477 13
496 -13
496 13
483 -13
483 13
478 -13
478 13
491 -13
491 13
490 -13
490 13
513 -13
513 13
513 -13
513 13
484 -13
484 13
492 -13
492 13
497 -13
497 13
489 -13
489 13
480 -13
480 13
486 -13
486 13
480 -13
480 13
495 -13
495 13
475 -13
475 13
487 -13
487 13
505 -13
505 13
508 -13
508 13
488 -13
488 13
485 -13
485 13
477 -13
477 13
475 -13
475 13
478 -13
478 13
487 -13
487 13
486 -13
486 13
477 -13
477 13
507 -13
507 13
481 -13
481 13
524 -13
524 13
511 -13
511 13
519 -13
519 13
475 -13
475 13
475 -13
475 13
490 -13
490 13
501 -13
501 13
509 -13
509 13
500 -13
500 13
492 -13
492 13
508 -13
508 13
518 -13
518 13
519 -13
519 13
503 -13
503 13
503 -13
503 13
490 -13
490 13
506 -13
506 13
504 -13
504 13
494 -13
494 13
487 -13
487 13
482 -13
482 13
478 -13
478 13
481 -13
481 13
483 -13
483 13
496 -13
496 13
493 -13
493 13
489 -13
489 13
505 -13
505 13
505 -13
505 13
516 -13
516 13
524 -13
524 13
520 -13
520 13
479 -13
479 13
480 -13
480 13
514 -13
514 13
489 -13
489 13
497 -13
497 13
492 -13
492 13
494 -13
494 13
500 -13
500 13
516 -13
516 13
524 -13
524 13
484 -13
484 13
485 -13
485 13
515 -13
515 13
476 -13
476 13
484 -13
484 13
483 -13
483 13
515 -13
515 13
501 -13
501 13
490 -13
490 13
496 -13
496 13
513 -13
513 13
501 -13
501 13
501 -13
501 13
478 -13
478 13
512 -13
512 13
512 -13
512 13
520 -13
520 13
512 -13
512 13
478 -13
478 13
509 -13
509 13
508 -13
508 13
488 -13
488 13
484 -13
484 13
492 -13
492 13
513 -13
513 13
509 -13
509 13
500 -13
500 13
500 -13
500 13
501 -13
501 13
501 -13
501 13
485 -13
485 13
501 -13
501 13
488 -13
488 13
488 -13
488 13
491 -13
491 13
504 -13
504 13
495 -13
495 13
524 -13
524 13
524 -13
524 13
516 -13
516 13
511 -13
511 13
511 -13
511 13
512 -13
512 13
504 -13
504 13
515 -13
515 13
489 -13
489 13
491 -13
491 13
483 -13
483 13
489 -13
489 13
489 -13
489 13
487 -13
487 13
496 -13
496 13
487 -13
487 13
482 -13
482 13
481 -13
481 13
505 -13
505 13
504 -13
504 13
499 -13
499 13
498 -13
498 13
519 -13
519 13
508 -13
508 13
509 -13
509 13
505 -13
505 13
485 -13
485 13
515 -13
515 13
518 -13
518 13
500 -13
500 13
476 -13
476 13
514 -13
514 13
523 -13
523 13
519 -13
519 13
497 -13
497 13
508 -13
508 13
478 -13
478 13
478 -13
478 13
496 -13
496 13
496 -13
496 13
492 -13
492 13
514 -13
514 13
494 -13
494 13
487 -13
487 13
495 -13
495 13
497 -13
497 13
498 -13
498 13
490 -13
490 13
483 -13
483 13
481 -13
481 13
478 -13
478 13
480 -13
480 13
495 -13
495 13
505 -13
505 13
490 -13
490 13
499 -13
499 13
508 -13
508 13
518 -13
518 13
519 -13
519 13
520 -13
520 13
523 -13
523 13
480 -13
480 13
475 -13
475 13
494 -13
494 13
495 -13
495 13
521 -13
521 13
485 -13
485 13
485 -13
485 13
497 -13
497 13
