0 -1
0 1
0 -1
475 1
0 -1
0 1
0 -1
475 1
0 -1
475 1
0 -1
138 1
0 -1
475 1
0 -1
314 1
0 -1
388 1
0 -1
475 1
0 -1
380 1
0 -1
475 1
0 -1
475 1
0 -1
0 1
0 -1
475 1
0 -1
475 1
0 -1
475 1
0 -1
0 1
0 -1
475 1
0 -1
475 1
0 -1
475 1
0 -1
415 1
0 -1
344 1
0 -1
0 1
0 -1
475 1
0 -1
475 1
0 -1
475 1
0 -1
310 1
0 -1
122 1
0 -1
475 1
0 -1
475 1
0 -1
53 1
0 -1
475 1
0 -1
0 1
0 -1
475 1
0 -1
444 1
0 -1
438 1
0 -1
475 1
0 -1
475 1
0 -1
475 1
0 -1
475 1
0 -1
475 1
0 -1
0 1
0 -1
475 1
0 -1
475 1
0 -1
391 1
0 -1
475 1
0 -1
475 1
0 -1
368 1
0 -1
333 1
0 -1
475 1
0 -1
475 1
0 -1
475 1
0 -1
475 1
0 -1
96 1
0 -1
475 1
0 -1
475 1
0 -1
475 1
0 -1
475 1
0 -1
274 1
0 -1
475 1
0 -1
378 1
0 -1
475 1
0 -1
475 1
0 -1
475 1
0 -1
396 1
0 -1
475 1
0 -1
475 1
0 -1
109 1
0 -1
475 1
0 -1
121 1
0 -1
475 1
0 -1
81 1
0 -1
475 1
0 -1
475 1
0 -1
475 1
0 -1
475 1
0 -1
0 1
0 -1
314 1
0 -1
475 1
0 -1
475 1
0 -1
0 1
0 -1
342 1
0 -1
142 1
0 -1
475 1
0 -1
475 1
0 -1
475 1
0 -1
475 1
0 -1
475 1
0 -1
475 1
0 -1
475 1
0 -1
475 1
0 -1
24 1
0 -1
5 1
0 -1
121 1
0 -1
475 1
0 -1
475 1
0 -1
0 1
0 -1
406 1
0 -1
475 1
