475 1.93786e-21
475 3.02957e-11
475 8.30623e-07
0 2.0772e-21
475 1.93786e-21
475 1.53402e-12
475 5.49649e-27
475 3.19385e-56
475 1.09009e-10
475 4.82222e-12
475 2.26714e-15
475 5.86367e-25
475 1.66658e-30
475 1.66317e-20
475 2.55162e-10
475 8.83982e-25
475 2.26029e-09
475 1.57735e-29
475 2.21252e-15
475 4.4932e-19
475 2.06566e-11
475 1.12554e-35
475 4.23533e-14
475 4.27907e-29
475 2.96923e-20
475 8.34237e-05
475 1.42579e-06
0 1.77424e-21
475 1.93786e-21
475 1.3335e-06
475 0.000298666
475 1.93786e-21
475 0.000150339
475 6.01081e-05
475 3.86085e-05
475 6.42096e-06
475 5.85064e-06
475 8.66552e-06
475 4.12309e-06
475 1.88931e-06
475 1.02084e-05
475 3.4625e-06
475 5.65174e-06
475 4.6718e-06
475 1.93786e-21
475 6.11494e-40
475 4.31287e-71
475 1.12238e-08
475 7.13704e-06
268 1.56905e-21
475 1.93786e-21
475 1.88573e-13
475 1.40728e-07
475 8.28802e-07
0 2.16755e-21
475 1.93786e-21
475 1.18941e-09
475 3.0316e-26
475 1.01288e-13
475 0.000276875
475 1.03305e-05
475 6.6749e-06
475 6.11803e-06
475 1.93786e-21
475 1.47788e-32
475 4.48583e-06
85 1.92554e-21
475 1.93786e-21
475 1.40054e-67
475 2.8568e-41
475 4.15245e-47
475 2.74022e-10
475 9.43191e-30
475 3.92033e-07
0 2.14029e-21
475 1.93786e-21
475 0.0003
