500 -13
500 13
489 -13
489 13
481 -13
481 13
477 -13
477 13
513 -13
513 13
508 -13
508 13
514 -13
514 13
511 -13
511 13
489 -13
489 13
479 -13
479 13
500 -13
500 13
506 -13
506 13
476 -13
476 13
498 -13
498 13
494 -13
494 13
490 -13
490 13
490 -13
490 13
484 -13
484 13
484 -13
484 13
478 -13
478 13
507 -13
507 13
510 -13
510 13
480 -13
480 13
510 -13
510 13
495 -13
495 13
500 -13
500 13
482 -13
482 13
479 -13
479 13
479 -13
479 13
479 -13
479 13
512 -13
512 13
480 -13
480 13
480 -13
480 13
483 -13
483 13
482 -13
482 13
492 -13
492 13
492 -13
492 13
481 -13
481 13
519 -13
519 13
517 -13
517 13
513 -13
513 13
485 -13
485 13
482 -13
482 13
521 -13
521 13
480 -13
480 13
511 -13
511 13
489 -13
489 13
489 -13
489 13
483 -13
483 13
483 -13
483 13
477 -13
477 13
476 -13
476 13
492 -13
492 13
483 -13
483 13
488 -13
488 13
490 -13
490 13
491 -13
491 13
513 -13
513 13
505 -13
505 13
501 -13
501 13
475 -13
475 13
475 -13
475 13
475 -13
475 13
502 -13
502 13
494 -13
494 13
478 -13
478 13
478 -13
478 13
477 -13
477 13
479 -13
479 13
498 -13
498 13
500 -13
500 13
506 -13
506 13
496 -13
496 13
493 -13
493 13
481 -13
481 13
499 -13
499 13
499 -13
499 13
488 -13
488 13
487 -13
487 13
476 -13
476 13
475 -13
475 13
518 -13
518 13
488 -13
488 13
488 -13
488 13
479 -13
479 13
480 -13
480 13
476 -13
476 13
480 -13
480 13
484 -13
484 13
484 -13
484 13
484 -13
484 13
489 -13
489 13
480 -13
480 13
480 -13
480 13
518 -13
518 13
501 -13
501 13
489 -13
489 13
483 -13
483 13
478 -13
478 13
480 -13
480 13
481 -13
481 13
483 -13
483 13
477 -13
477 13
475 -13
475 13
497 -13
497 13
497 -13
497 13
497 -13
497 13
491 -13
491 13
484 -13
484 13
504 -13
504 13
500 -13
500 13
506 -13
506 13
510 -13
510 13
487 -13
487 13
507 -13
507 13
506 -13
506 13
487 -13
487 13
486 -13
486 13
488 -13
488 13
483 -13
483 13
480 -13
480 13
490 -13
490 13
510 -13
510 13
491 -13
491 13
477 -13
477 13
497 -13
497 13
495 -13
495 13
493 -13
493 13
480 -13
480 13
479 -13
479 13
479 -13
479 13
493 -13
493 13
478 -13
478 13
501 -13
501 13
500 -13
500 13
487 -13
487 13
481 -13
481 13
495 -13
495 13
505 -13
505 13
506 -13
506 13
514 -13
514 13
478 -13
478 13
485 -13
485 13
490 -13
490 13
523 -13
523 13
478 -13
478 13
477 -13
477 13
481 -13
481 13
511 -13
511 13
514 -13
514 13
475 -13
475 13
516 -13
516 13
