0 -1
475 1
0 -1
475 1
0 -1
0 1
0 -1
475 1
0 -1
2 1
0 -1
106 1
0 -1
172 1
0 -1
475 1
0 -1
475 1
0 -1
475 1
0 -1
0 1
0 -1
475 1
0 -1
475 1
0 -1
475 1
0 -1
475 1
0 -1
475 1
0 -1
475 1
0 -1
475 1
0 -1
475 1
0 -1
475 1
0 -1
475 1
0 -1
475 1
0 -1
475 1
0 -1
475 1
0 -1
475 1
0 -1
475 1
0 -1
475 1
0 -1
475 1
0 -1
475 1
0 -1
405 1
0 -1
475 1
0 -1
298 1
0 -1
475 1
0 -1
475 1
0 -1
361 1
0 -1
373 1
0 -1
475 1
0 -1
262 1
0 -1
475 1
0 -1
343 1
0 -1
475 1
0 -1
445 1
0 -1
475 1
0 -1
475 1
0 -1
475 1
0 -1
475 1
0 -1
453 1
0 -1
129 1
0 -1
301 1
0 -1
475 1
0 -1
475 1
0 -1
475 1
0 -1
475 1
0 -1
475 1
0 -1
224 1
0 -1
475 1
0 -1
475 1
0 -1
6 1
0 -1
475 1
0 -1
475 1
0 -1
475 1
0 -1
349 1
0 -1
475 1
0 -1
475 1
0 -1
203 1
0 -1
475 1
0 -1
160 1
0 -1
99 1
0 -1
475 1
0 -1
475 1
0 -1
0 1
0 -1
16 1
0 -1
46 1
0 -1
0 1
0 -1
0 1
0 -1
475 1
0 -1
475 1
0 -1
343 1
0 -1
475 1
0 -1
475 1
0 -1
425 1
0 -1
475 1
0 -1
475 1
0 -1
475 1
0 -1
475 1
0 -1
475 1
0 -1
475 1
0 -1
475 1
0 -1
475 1
0 -1
475 1
0 -1
475 1
0 -1
475 1
0 -1
475 1
0 -1
475 1
0 -1
369 1
0 -1
475 1
0 -1
318 1
0 -1
475 1
0 -1
475 1
0 -1
475 1
0 -1
475 1
0 -1
475 1
0 -1
290 1
0 -1
475 1
0 -1
389 1
0 -1
475 1
0 -1
475 1
0 -1
475 1
0 -1
475 1
0 -1
182 1
0 -1
475 1
0 -1
475 1
0 -1
115 1
0 -1
475 1
0 -1
475 1
0 -1
378 1
0 -1
475 1
0 -1
293 1
0 -1
475 1
0 -1
475 1
0 -1
313 1
0 -1
475 1
0 -1
475 1
0 -1
213 1
0 -1
475 1
0 -1
475 1
0 -1
0 1
0 -1
475 1
0 -1
204 1
0 -1
301 1
0 -1
475 1
0 -1
475 1
0 -1
63 1
0 -1
475 1
0 -1
475 1
0 -1
0 1
0 -1
475 1
0 -1
144 1
0 -1
475 1
0 -1
475 1
0 -1
475 1
0 -1
475 1
0 -1
360 1
0 -1
475 1
0 -1
475 1
0 -1
475 1
0 -1
475 1
0 -1
475 1
0 -1
475 1
0 -1
475 1
0 -1
475 1
0 -1
475 1
0 -1
166 1
0 -1
475 1
0 -1
475 1
0 -1
475 1
0 -1
475 1
0 -1
475 1
0 -1
0 1
0 -1
475 1
0 -1
475 1
0 -1
475 1
0 -1
475 1
0 -1
475 1
0 -1
24 1
0 -1
475 1
0 -1
475 1
0 -1
78 1
0 -1
475 1
0 -1
475 1
0 -1
475 1
0 -1
475 1
0 -1
475 1
0 -1
475 1
0 -1
475 1
0 -1
475 1
0 -1
475 1
0 -1
475 1
0 -1
475 1
0 -1
40 1
0 -1
0 1
0 -1
475 1
0 -1
475 1
0 -1
475 1
0 -1
475 1
0 -1
136 1
0 -1
351 1
0 -1
475 1
0 -1
330 1
0 -1
314 1
0 -1
475 1
0 -1
475 1
0 -1
475 1
0 -1
452 1
0 -1
335 1
0 -1
475 1
0 -1
475 1
0 -1
64 1
0 -1
363 1
0 -1
475 1
0 -1
328 1
0 -1
322 1
0 -1
0 1
0 -1
475 1
0 -1
475 1
0 -1
475 1
0 -1
475 1
0 -1
475 1
0 -1
457 1
0 -1
475 1
0 -1
475 1
0 -1
386 1
0 -1
0 1
0 -1
368 1
0 -1
475 1
0 -1
475 1
0 -1
475 1
0 -1
475 1
0 -1
367 1
0 -1
475 1
0 -1
475 1
0 -1
0 1
0 -1
475 1
0 -1
475 1
0 -1
379 1
0 -1
475 1
0 -1
475 1
0 -1
475 1
0 -1
185 1
0 -1
475 1
0 -1
475 1
0 -1
475 1
0 -1
475 1
0 -1
94 1
0 -1
475 1
0 -1
475 1
0 -1
362 1
0 -1
475 1
0 -1
475 1
0 -1
266 1
0 -1
475 1
0 -1
475 1
0 -1
0 1
0 -1
475 1
0 -1
475 1
0 -1
454 1
0 -1
15 1
0 -1
475 1
0 -1
475 1
0 -1
475 1
0 -1
475 1
0 -1
0 1
0 -1
475 1
0 -1
475 1
0 -1
475 1
0 -1
475 1
0 -1
475 1
0 -1
475 1
0 -1
0 1
0 -1
475 1
0 -1
475 1
0 -1
255 1
0 -1
475 1
0 -1
182 1
0 -1
475 1
0 -1
475 1
0 -1
475 1
0 -1
0 1
0 -1
0 1
0 -1
475 1
0 -1
475 1
0 -1
475 1
0 -1
475 1
0 -1
242 1
0 -1
475 1
0 -1
115 1
0 -1
475 1
0 -1
475 1
0 -1
438 1
0 -1
475 1
0 -1
372 1
0 -1
475 1
0 -1
475 1
0 -1
475 1
0 -1
272 1
0 -1
0 1
0 -1
475 1
0 -1
475 1
0 -1
475 1
0 -1
475 1
0 -1
475 1
0 -1
475 1
0 -1
74 1
0 -1
0 1
0 -1
475 1
0 -1
475 1
0 -1
475 1
0 -1
475 1
0 -1
0 1
0 -1
475 1
0 -1
475 1
0 -1
475 1
0 -1
425 1
0 -1
475 1
0 -1
475 1
0 -1
475 1
0 -1
475 1
0 -1
475 1
0 -1
475 1
0 -1
475 1
0 -1
257 1
0 -1
475 1
0 -1
475 1
0 -1
475 1
0 -1
337 1
0 -1
475 1
0 -1
475 1
0 -1
475 1
0 -1
475 1
0 -1
475 1
0 -1
475 1
0 -1
475 1
0 -1
475 1
0 -1
0 1
0 -1
475 1
0 -1
475 1
0 -1
475 1
0 -1
475 1
0 -1
475 1
0 -1
475 1
0 -1
475 1
0 -1
475 1
0 -1
475 1
0 -1
475 1
0 -1
475 1
0 -1
475 1
0 -1
0 1
0 -1
475 1
0 -1
475 1
0 -1
188 1
0 -1
475 1
0 -1
173 1
0 -1
475 1
0 -1
401 1
0 -1
150 1
0 -1
475 1
0 -1
0 1
0 -1
423 1
0 -1
475 1
0 -1
475 1
0 -1
475 1
0 -1
475 1
0 -1
475 1
0 -1
351 1
0 -1
475 1
0 -1
0 1
0 -1
475 1
0 -1
475 1
0 -1
475 1
0 -1
149 1
0 -1
177 1
0 -1
20 1
0 -1
475 1
0 -1
475 1
0 -1
0 1
0 -1
475 1
0 -1
475 1
0 -1
475 1
0 -1
475 1
0 -1
475 1
0 -1
475 1
0 -1
475 1
0 -1
68 1
0 -1
80 1
0 -1
475 1
0 -1
398 1
0 -1
431 1
0 -1
475 1
0 -1
421 1
0 -1
475 1
0 -1
475 1
0 -1
475 1
0 -1
475 1
0 -1
124 1
0 -1
475 1
0 -1
475 1
0 -1
475 1
0 -1
221 1
0 -1
0 1
0 -1
475 1
0 -1
475 1
0 -1
475 1
0 -1
475 1
0 -1
475 1
0 -1
0 1
0 -1
475 1
0 -1
392 1
0 -1
475 1
0 -1
475 1
0 -1
269 1
0 -1
475 1
0 -1
475 1
0 -1
475 1
0 -1
454 1
0 -1
189 1
0 -1
0 1
0 -1
475 1
0 -1
475 1
0 -1
0 1
0 -1
475 1
0 -1
277 1
0 -1
475 1
0 -1
475 1
0 -1
475 1
0 -1
475 1
0 -1
475 1
0 -1
475 1
0 -1
475 1
0 -1
475 1
0 -1
475 1
0 -1
475 1
0 -1
475 1
0 -1
289 1
0 -1
475 1
0 -1
475 1
0 -1
192 1
0 -1
475 1
0 -1
475 1
0 -1
475 1
0 -1
475 1
0 -1
475 1
0 -1
475 1
0 -1
475 1
0 -1
475 1
0 -1
0 1
0 -1
475 1
0 -1
475 1
0 -1
475 1
0 -1
475 1
0 -1
475 1
0 -1
475 1
0 -1
0 1
0 -1
402 1
0 -1
475 1
0 -1
475 1
0 -1
475 1
0 -1
293 1
0 -1
236 1
0 -1
475 1
0 -1
0 1
0 -1
468 1
0 -1
475 1
0 -1
347 1
0 -1
363 1
0 -1
167 1
0 -1
347 1
0 -1
475 1
0 -1
475 1
0 -1
475 1
0 -1
475 1
0 -1
475 1
0 -1
0 1
0 -1
475 1
0 -1
475 1
0 -1
20 1
0 -1
475 1
0 -1
475 1
0 -1
307 1
0 -1
1 1
0 -1
475 1
0 -1
475 1
0 -1
475 1
0 -1
475 1
0 -1
475 1
0 -1
475 1
0 -1
0 1
0 -1
475 1
0 -1
475 1
0 -1
475 1
0 -1
475 1
0 -1
475 1
0 -1
475 1
0 -1
0 1
0 -1
475 1
0 -1
475 1
0 -1
309 1
0 -1
236 1
0 -1
475 1
0 -1
72 1
0 -1
475 1
0 -1
475 1
0 -1
475 1
0 -1
435 1
0 -1
475 1
0 -1
475 1
0 -1
475 1
0 -1
29 1
0 -1
475 1
0 -1
475 1
0 -1
0 1
0 -1
475 1
0 -1
235 1
0 -1
475 1
0 -1
475 1
0 -1
475 1
0 -1
475 1
0 -1
475 1
0 -1
258 1
0 -1
349 1
0 -1
0 1
0 -1
475 1
0 -1
463 1
0 -1
475 1
0 -1
475 1
0 -1
475 1
0 -1
475 1
0 -1
325 1
0 -1
475 1
0 -1
470 1
0 -1
473 1
0 -1
475 1
0 -1
268 1
0 -1
475 1
0 -1
475 1
0 -1
475 1
0 -1
475 1
0 -1
475 1
0 -1
0 1
0 -1
236 1
0 -1
475 1
0 -1
82 1
0 -1
475 1
0 -1
475 1
0 -1
475 1
0 -1
244 1
0 -1
475 1
0 -1
475 1
0 -1
475 1
0 -1
0 1
0 -1
475 1
0 -1
475 1
0 -1
475 1
0 -1
475 1
0 -1
197 1
0 -1
475 1
0 -1
475 1
0 -1
475 1
0 -1
129 1
0 -1
475 1
0 -1
475 1
0 -1
475 1
0 -1
475 1
0 -1
475 1
0 -1
475 1
0 -1
475 1
0 -1
200 1
0 -1
393 1
0 -1
475 1
0 -1
233 1
0 -1
475 1
0 -1
475 1
0 -1
475 1
0 -1
0 1
0 -1
475 1
0 -1
475 1
0 -1
475 1
0 -1
385 1
0 -1
475 1
0 -1
475 1
0 -1
135 1
0 -1
36 1
0 -1
475 1
0 -1
475 1
0 -1
475 1
0 -1
475 1
0 -1
475 1
0 -1
0 1
0 -1
475 1
0 -1
475 1
0 -1
475 1
0 -1
338 1
0 -1
475 1
0 -1
475 1
0 -1
475 1
0 -1
475 1
0 -1
475 1
0 -1
475 1
0 -1
475 1
0 -1
475 1
0 -1
252 1
0 -1
475 1
0 -1
206 1
0 -1
475 1
0 -1
475 1
0 -1
412 1
0 -1
420 1
0 -1
475 1
0 -1
475 1
0 -1
475 1
0 -1
208 1
0 -1
0 1
0 -1
475 1
0 -1
475 1
0 -1
475 1
0 -1
475 1
0 -1
475 1
0 -1
475 1
0 -1
475 1
0 -1
475 1
0 -1
475 1
0 -1
475 1
0 -1
0 1
0 -1
475 1
0 -1
344 1
0 -1
475 1
0 -1
475 1
0 -1
475 1
0 -1
475 1
0 -1
475 1
0 -1
162 1
0 -1
475 1
0 -1
475 1
0 -1
475 1
0 -1
281 1
0 -1
475 1
0 -1
475 1
0 -1
475 1
0 -1
475 1
0 -1
475 1
0 -1
0 1
0 -1
475 1
0 -1
475 1
0 -1
475 1
0 -1
475 1
0 -1
475 1
0 -1
475 1
0 -1
475 1
0 -1
475 1
0 -1
0 1
0 -1
61 1
0 -1
475 1
0 -1
475 1
0 -1
475 1
0 -1
475 1
0 -1
475 1
0 -1
475 1
0 -1
475 1
0 -1
475 1
0 -1
475 1
0 -1
293 1
0 -1
217 1
0 -1
475 1
0 -1
62 1
0 -1
475 1
0 -1
475 1
0 -1
475 1
0 -1
475 1
0 -1
341 1
0 -1
475 1
0 -1
475 1
0 -1
475 1
0 -1
475 1
0 -1
0 1
0 -1
475 1
0 -1
475 1
0 -1
366 1
0 -1
392 1
0 -1
475 1
0 -1
475 1
0 -1
475 1
0 -1
475 1
0 -1
149 1
0 -1
475 1
0 -1
101 1
0 -1
0 1
0 -1
475 1
0 -1
175 1
0 -1
475 1
0 -1
173 1
0 -1
475 1
0 -1
475 1
0 -1
475 1
0 -1
475 1
0 -1
475 1
0 -1
475 1
0 -1
475 1
0 -1
0 1
0 -1
475 1
0 -1
475 1
0 -1
397 1
0 -1
475 1
0 -1
475 1
0 -1
475 1
0 -1
470 1
0 -1
0 1
0 -1
475 1
0 -1
475 1
0 -1
0 1
0 -1
475 1
0 -1
0 1
0 -1
475 1
0 -1
369 1
0 -1
409 1
0 -1
475 1
0 -1
475 1
0 -1
309 1
0 -1
475 1
0 -1
475 1
0 -1
16 1
0 -1
108 1
0 -1
475 1
0 -1
379 1
0 -1
475 1
0 -1
475 1
0 -1
475 1
0 -1
208 1
0 -1
475 1
0 -1
475 1
0 -1
0 1
0 -1
475 1
0 -1
475 1
0 -1
475 1
0 -1
376 1
0 -1
455 1
0 -1
411 1
0 -1
475 1
0 -1
393 1
0 -1
475 1
0 -1
475 1
0 -1
0 1
0 -1
475 1
0 -1
475 1
0 -1
475 1
0 -1
213 1
0 -1
475 1
0 -1
475 1
0 -1
475 1
0 -1
81 1
0 -1
475 1
0 -1
475 1
0 -1
475 1
0 -1
475 1
0 -1
475 1
0 -1
475 1
0 -1
460 1
0 -1
475 1
0 -1
309 1
0 -1
475 1
0 -1
475 1
0 -1
421 1
0 -1
77 1
0 -1
475 1
0 -1
475 1
0 -1
475 1
0 -1
475 1
0 -1
0 1
0 -1
475 1
0 -1
475 1
0 -1
475 1
0 -1
475 1
0 -1
338 1
0 -1
474 1
0 -1
475 1
0 -1
475 1
0 -1
475 1
0 -1
475 1
0 -1
475 1
0 -1
475 1
0 -1
475 1
0 -1
253 1
0 -1
351 1
0 -1
475 1
0 -1
475 1
0 -1
475 1
0 -1
475 1
0 -1
475 1
0 -1
475 1
0 -1
475 1
0 -1
475 1
0 -1
253 1
0 -1
475 1
0 -1
475 1
0 -1
356 1
0 -1
475 1
0 -1
475 1
0 -1
475 1
0 -1
475 1
0 -1
475 1
0 -1
475 1
0 -1
475 1
0 -1
475 1
0 -1
475 1
0 -1
475 1
0 -1
475 1
0 -1
475 1
0 -1
0 1
0 -1
475 1
0 -1
0 1
0 -1
340 1
0 -1
475 1
0 -1
475 1
0 -1
475 1
0 -1
475 1
0 -1
475 1
0 -1
475 1
0 -1
475 1
0 -1
434 1
0 -1
475 1
0 -1
20 1
0 -1
475 1
0 -1
168 1
0 -1
475 1
0 -1
475 1
0 -1
475 1
0 -1
231 1
0 -1
475 1
0 -1
475 1
0 -1
475 1
0 -1
475 1
0 -1
475 1
0 -1
195 1
0 -1
475 1
0 -1
475 1
0 -1
475 1
0 -1
475 1
0 -1
391 1
0 -1
475 1
0 -1
180 1
0 -1
52 1
0 -1
475 1
0 -1
355 1
0 -1
406 1
0 -1
475 1
0 -1
475 1
0 -1
475 1
0 -1
475 1
0 -1
475 1
0 -1
475 1
0 -1
475 1
0 -1
440 1
0 -1
186 1
0 -1
475 1
0 -1
475 1
0 -1
0 1
0 -1
475 1
0 -1
475 1
0 -1
475 1
0 -1
475 1
0 -1
447 1
0 -1
475 1
0 -1
475 1
0 -1
475 1
0 -1
475 1
0 -1
475 1
0 -1
0 1
0 -1
475 1
0 -1
0 1
0 -1
475 1
0 -1
475 1
0 -1
475 1
0 -1
475 1
0 -1
475 1
0 -1
475 1
0 -1
217 1
0 -1
475 1
0 -1
475 1
0 -1
329 1
0 -1
475 1
0 -1
248 1
0 -1
475 1
0 -1
475 1
0 -1
462 1
0 -1
287 1
0 -1
475 1
0 -1
475 1
0 -1
475 1
0 -1
0 1
0 -1
475 1
0 -1
349 1
0 -1
475 1
0 -1
475 1
0 -1
475 1
0 -1
475 1
0 -1
475 1
0 -1
228 1
0 -1
475 1
0 -1
475 1
0 -1
475 1
0 -1
475 1
0 -1
475 1
0 -1
475 1
0 -1
475 1
0 -1
445 1
0 -1
475 1
0 -1
397 1
0 -1
475 1
0 -1
19 1
0 -1
475 1
0 -1
475 1
0 -1
475 1
0 -1
214 1
0 -1
475 1
0 -1
475 1
0 -1
475 1
0 -1
475 1
0 -1
475 1
0 -1
475 1
0 -1
475 1
0 -1
475 1
0 -1
475 1
0 -1
475 1
0 -1
475 1
0 -1
475 1
0 -1
475 1
0 -1
475 1
0 -1
475 1
0 -1
475 1
0 -1
475 1
0 -1
475 1
0 -1
475 1
0 -1
475 1
0 -1
475 1
0 -1
292 1
0 -1
475 1
0 -1
475 1
0 -1
400 1
0 -1
475 1
0 -1
78 1
0 -1
475 1
0 -1
475 1
0 -1
475 1
0 -1
475 1
0 -1
475 1
0 -1
475 1
0 -1
475 1
0 -1
475 1
0 -1
475 1
0 -1
475 1
0 -1
475 1
0 -1
356 1
0 -1
475 1
0 -1
122 1
0 -1
475 1
0 -1
475 1
0 -1
0 1
0 -1
475 1
0 -1
12 1
0 -1
475 1
0 -1
475 1
0 -1
475 1
0 -1
475 1
0 -1
475 1
0 -1
475 1
0 -1
475 1
0 -1
475 1
0 -1
475 1
0 -1
475 1
0 -1
475 1
0 -1
475 1
0 -1
475 1
0 -1
475 1
0 -1
475 1
0 -1
316 1
0 -1
475 1
0 -1
475 1
0 -1
425 1
0 -1
475 1
0 -1
0 1
0 -1
0 1
0 -1
475 1
0 -1
475 1
0 -1
391 1
0 -1
475 1
0 -1
475 1
0 -1
475 1
0 -1
134 1
0 -1
475 1
0 -1
113 1
0 -1
207 1
0 -1
475 1
0 -1
475 1
0 -1
475 1
0 -1
81 1
0 -1
394 1
0 -1
475 1
0 -1
359 1
0 -1
475 1
0 -1
446 1
0 -1
333 1
0 -1
475 1
0 -1
273 1
0 -1
475 1
0 -1
418 1
0 -1
364 1
0 -1
475 1
0 -1
475 1
0 -1
475 1
0 -1
343 1
0 -1
475 1
0 -1
222 1
