475 1.61269e-21
475 1.86516
475 0.134408
475 0.000432921
475 1.61269e-21
475 2
475 1.61269e-21
475 1.93513
475 0.0642831
475 0.000583089
475 1.61269e-21
475 1.6841
475 0.244234
475 0.071669
475 1.61269e-21
475 1.99098
475 0.00902131
475 1.61269e-21
475 1.98296
475 0.0170446
475 1.61269e-21
475 2
475 1.61269e-21
475 1.9097
475 0.0761936
475 0.014106
475 1.61269e-21
475 2
475 1.61269e-21
475 2
475 1.61269e-21
475 2
475 1.61269e-21
475 2
475 1.61269e-21
475 1.84383
475 0.136327
475 0.00483626
475 0.0150044
475 1.61269e-21
475 1.86989
475 0.130106
475 1.61269e-21
475 1.96595
475 0.0259843
475 0.00806144
475 1.61269e-21
475 2
475 1.61269e-21
475 2
475 1.61269e-21
475 2
475 1.61269e-21
475 2
475 1.61269e-21
475 1.83149
475 0.168508
475 1.61269e-21
475 2
475 1.61269e-21
475 1.85348
475 0.145964
475 0.000551699
475 1.61269e-21
475 1.97013
475 0.0131504
475 0.0167179
475 1.61269e-21
475 1.74685
475 0.179572
475 0.0513509
475 0.0112376
475 0.0109877
475 1.61269e-21
475 2
475 1.61269e-21
475 2
475 1.61269e-21
475 2
475 1.61269e-21
475 1.931
475 0.0690021
475 1.61269e-21
475 1.74062
475 0.223092
475 0.00174386
475 0.012098
475 0.00993207
475 0.0125113
475 1.61269e-21
475 2
475 1.61269e-21
475 1.86764
475 0.132362
475 1.61269e-21
475 1.65513
475 0.284414
475 0.0604552
475 1.61269e-21
475 1.90735
475 0.0500347
475 0.0426198
475 1.61269e-21
475 1.53283
475 0.467167
475 1.61269e-21
475 2
475 1.61269e-21
475 2
475 1.61269e-21
475 2
475 1.61269e-21
475 2
475 1.61269e-21
475 2
475 1.61269e-21
475 1.95863
475 0.0413743
475 1.61269e-21
475 1.71472
475 0.28528
475 1.61269e-21
475 2
475 1.61269e-21
475 1.83816
475 0.16184
475 1.61269e-21
475 1.9619
475 0.0380964
475 1.61269e-21
475 1.78592
475 0.203026
475 0.0110524
475 1.61269e-21
475 2
475 1.61269e-21
475 2
475 1.61269e-21
475 1.921
475 0.00801883
475 0.0709794
475 1.61269e-21
475 1.95358
475 0.0246407
475 0.00927827
475 0.0125016
475 1.61269e-21
475 2
475 1.61269e-21
475 2
475 1.61269e-21
475 1.72762
475 0.220836
475 0.0515487
475 1.61269e-21
475 2
475 1.61269e-21
475 1.89359
475 0.050199
475 0.0562101
475 1.61269e-21
475 1.95354
475 0.0421758
475 0.00428473
475 1.61269e-21
475 1.78219
475 0.217812
475 1.61269e-21
475 1.87532
475 0.12468
475 1.61269e-21
475 1.98574
475 0.0142635
475 1.61269e-21
475 1.99908
475 0.000923532
475 1.61269e-21
475 1.90791
475 0.092088
475 1.61269e-21
475 1.90852
475 0.0914771
475 1.61269e-21
475 1.88462
475 0.0523887
475 0.0571173
475 0.00587225
475 1.61269e-21
475 1.56144
475 0.438563
475 1.61269e-21
475 2
475 1.61269e-21
475 1.84471
475 0.155289
475 1.61269e-21
475 1.91692
475 0.0830821
475 1.61269e-21
475 1.75388
475 0.246119
475 1.61269e-21
475 2
475 1.61269e-21
475 2
475 1.61269e-21
475 1.88594
475 0.114064
475 1.61269e-21
475 1.91809
475 0.0538958
475 0.00818839
475 0.0198249
475 1.61269e-21
475 1.75025
475 0.246985
475 0.00276177
475 1.61269e-21
475 1.86727
475 0.0708341
475 0.0618933
475 1.61269e-21
475 1.96608
475 0.0339163
475 1.61269e-21
475 2
475 1.61269e-21
475 2
475 1.61269e-21
475 2
475 1.61269e-21
475 1.98647
475 0.013529
475 1.61269e-21
475 2
475 1.61269e-21
475 2
475 1.61269e-21
475 1.63171
475 0.322778
475 0.0455115
475 1.61269e-21
475 2
475 1.61269e-21
475 2
475 1.61269e-21
475 1.9834
475 0.0166026
475 1.61269e-21
475 2
475 1.61269e-21
475 1.94105
475 0.0333669
475 0.0252125
475 0.00037513
475 1.61269e-21
475 1.84262
475 0.157377
475 1.61269e-21
475 1.95946
475 0.0253888
475 0.0151472
475 1.61269e-21
475 2
475 1.61269e-21
475 1.77412
475 0.222136
475 0.00374038
475 1.61269e-21
475 2
475 1.61269e-21
475 2
475 1.61269e-21
475 1.98436
475 0.0156434
475 1.61269e-21
475 1.83022
475 0.169784
475 1.61269e-21
475 1.85719
475 0.14281
475 1.61269e-21
475 1.62253
475 0.308181
475 0.069287
475 1.61269e-21
475 2
475 1.61269e-21
475 2
475 1.61269e-21
475 2
475 1.61269e-21
475 2
