475 1.11889e-21
475 2.543e-05
475 2.41684e-05
475 3.46797e-05
475 5.36343e-06
475 6.39735e-06
475 3.9611e-06
475 1.11889e-21
475 2.42976e-05
475 5.0396e-05
475 8.19531e-06
475 5.75564e-06
475 1.61226e-06
475 1.23341e-07
256 2.42808e-22
475 1.11889e-21
475 7.07411e-05
475 2.8271e-06
475 5.57976e-06
475 5.54811e-06
475 6.87104e-06
475 2.0486e-07
211 2.61331e-22
475 1.11889e-21
475 4.48535e-05
475 4.33455e-06
475 1.05727e-05
475 2.37688e-05
475 1.0136e-05
475 6.33446e-06
475 1.11889e-21
475 1.69806e-05
475 5.92036e-06
475 1.76802e-05
475 2.13872e-05
475 2.33466e-05
475 1.75164e-06
475 2.77157e-07
475 3.78415e-06
475 1.71735e-07
378 1.88881e-22
475 1.11889e-21
475 6.95802e-05
475 2.1442e-05
475 8.97774e-06
475 1.11889e-21
475 5.4824e-05
475 3.13804e-05
475 5.79644e-06
475 1.7347e-07
365 1.90663e-22
475 1.11889e-21
475 5.09218e-05
475 3.02821e-05
475 6.84118e-06
475 5.72399e-06
475 3.03354e-07
294 1.93102e-22
475 1.11889e-21
475 4.5813e-05
475 1.98673e-05
475 2.4207e-05
475 7.1567e-06
475 3.34983e-07
411 1.10633e-22
475 1.11889e-21
475 4.58091e-05
475 2.0426e-05
475 2.2735e-05
475 4.4783e-06
475 3.8252e-07
377 1.67764e-22
