476 -13
476 13
484 -13
484 13
482 -13
482 13
476 -13
476 13
503 -13
503 13
487 -13
487 13
511 -13
511 13
485 -13
485 13
480 -13
480 13
481 -13
481 13
484 -13
484 13
488 -13
488 13
496 -13
496 13
501 -13
501 13
492 -13
492 13
510 -13
510 13
516 -13
516 13
496 -13
496 13
504 -13
504 13
499 -13
499 13
499 -13
499 13
497 -13
497 13
488 -13
488 13
504 -13
504 13
515 -13
515 13
492 -13
492 13
484 -13
484 13
517 -13
517 13
485 -13
485 13
475 -13
475 13
487 -13
487 13
513 -13
513 13
505 -13
505 13
503 -13
503 13
491 -13
491 13
521 -13
521 13
486 -13
486 13
508 -13
508 13
485 -13
485 13
477 -13
477 13
514 -13
514 13
522 -13
522 13
511 -13
511 13
502 -13
502 13
514 -13
514 13
515 -13
515 13
489 -13
489 13
486 -13
486 13
494 -13
494 13
482 -13
482 13
490 -13
490 13
475 -13
475 13
500 -13
500 13
497 -13
497 13
478 -13
478 13
505 -13
505 13
500 -13
500 13
494 -13
494 13
482 -13
482 13
488 -13
488 13
489 -13
489 13
524 -13
524 13
477 -13
477 13
494 -13
494 13
487 -13
487 13
509 -13
509 13
494 -13
494 13
509 -13
509 13
498 -13
498 13
504 -13
504 13
517 -13
517 13
509 -13
509 13
478 -13
478 13
518 -13
518 13
476 -13
476 13
486 -13
486 13
478 -13
478 13
495 -13
495 13
503 -13
503 13
496 -13
496 13
496 -13
496 13
494 -13
494 13
495 -13
495 13
505 -13
505 13
475 -13
475 13
512 -13
512 13
515 -13
515 13
511 -13
511 13
479 -13
479 13
484 -13
484 13
482 -13
482 13
501 -13
501 13
487 -13
487 13
499 -13
499 13
480 -13
480 13
521 -13
521 13
505 -13
505 13
489 -13
489 13
487 -13
487 13
481 -13
481 13
483 -13
483 13
507 -13
507 13
490 -13
490 13
502 -13
502 13
478 -13
478 13
478 -13
478 13
514 -13
514 13
511 -13
511 13
506 -13
506 13
494 -13
494 13
481 -13
481 13
482 -13
482 13
476 -13
476 13
482 -13
482 13
