475 0
476 0
475 0
334 0
476 0.105645
475 0
476 0
482 0
484 0
486 0
765 0
484 0.0218796
482 0.0438389
476 0.047513
475 0
525 0
850 0
1149 0
475 0
503 0
525 0
852 0
904 0
503 0.011425
475 0
487 0
489 0
508 0
487 0.0664258
475 0
485 0
511 0
525 0
761 0
511 0.0177008
485 0.00247969
475 0
525 0
850 0
1149 0
475 0
480 0
482 0
500 0
480 0.0667398
475 0
484 0
481 0
475 0
323 0
481 0.0749337
484 0.0848598
475 0
525 0
850 0
1149 0
475 0
488 0
512 0
732 0
488 0.024306
475 0
501 0
496 0
497 0
509 0
496 0.0548795
501 0.126556
475 0
492 0
525 0
900 0
1028 0
1149 0
492 0.00450854
475 0
525 0
850 0
1149 0
475 0
525 0
850 0
1149 0
475 0
525 0
850 0
1149 0
475 0
525 0
850 0
1149 0
475 0
516 0
510 0
521 0
590 0
510 0.0975539
516 0.099938
475 0
525 0
850 0
1149 0
475 0
504 0
496 0
525 0
855 0
1136 0
1149 0
496 0.0858336
504 0.0994199
475 0
525 0
850 0
1149 0
475 0
497 0
499 0
499 0
525 0
1047 0
499 0.0455374
499 0.123871
497 0.049402
475 0
488 0
475 0
305 0
488 0.109757
475 0
484 0
492 0
515 0
504 0
505 0
520 0
504 0.0138851
515 0.112198
492 0.0779185
484 0.0385559
475 0
525 0
850 0
1149 0
475 0
517 0
510 0
447 0
517 0.0907102
475 0
485 0
484 0
469 0
485 0.0763562
475 0
525 0
850 0
1149 0
475 0
525 0
850 0
1149 0
475 0
475 0
486 0
588 0
475 0.0431463
475 0
487 0
491 0
531 0
487 0.0605092
475 0
505 0
513 0
522 0
659 0
513 0.044948
505 0.0425978
475 0
491 0
503 0
480 0
289 0
503 0.125235
491 0.00258458
475 0
521 0
525 0
1079 0
521 0.00991049
475 0
486 0
525 0
1086 0
486 0.00650632
475 0
477 0
485 0
508 0
517 0
592 0
508 0.0793617
485 0.042733
477 0.0336434
475 0
522 0
514 0
484 0
285 0
514 0.0705271
522 0.101678
475 0
515 0
514 0
502 0
511 0
481 0
264 0
511 0.0785215
502 0.100506
514 0.0486639
515 0.0725155
475 0
525 0
850 0
1149 0
475 0
525 0
850 0
1149 0
475 0
486 0
489 0
488 0
472 0
489 0.0182775
486 0.0378249
475 0
525 0
850 0
1149 0
475 0
482 0
494 0
475 0
0 0
494 0.0945565
482 0.0302141
475 0
525 0
850 0
1149 0
475 0
475 0
490 0
485 0
394 0
490 0.0574196
475 0.0210474
475 0
497 0
500 0
485 0
347 0
500 0.0972301
497 0.00109407
475 0
505 0
478 0
481 0
581 0
478 0.0487808
505 0.125024
475 0
482 0
494 0
500 0
489 0.000376484
485 0
250 0
500 0.0435496
494 0.0710769
482 0.0378169
475 0
488 0
489 0
495 0
488 0.0701999
475 0
489 0
495 0.000382655
500 0
580 0
489 0.0481963
475 0
524 0
525 0
709 0
524 0.0305057
475 0
525 0
850 0
1149 0
475 0
477 0
479 0
495 0
477 0.0671251
475 0
525 0
850 0
1149 0
475 0
494 0
508 0.000855883
525 0
1149 0
494 0.0038994
475 0
487 0
491 0
532 0
487 0.0618167
475 0
509 0
494 0
509 0
503 0
475 0
509 0.0572355
494 0.101582
509 0.109762
475 0
497 0.000646473
498 0
483 0
357 0
498 0.101128
475 0
488 0.000265065
525 0
851 0
1144 0
1149 0
475 0
525 0
850 0
1149 0
475 0
504 0
497 0
433 0
504 0.0906812
475 0
525 0
850 0
1149 0
475 0
509 0
517 0
521 0
599 0
517 0.00362454
509 0.0410027
475 0
478 0
475 0
82 0
478 0.125653
475 0
525 0
850 0
1149 0
475 0
518 0
525 0
714 0
518 0.0323704
475 0
476 0
507 0
792 0
476 0.0160968
475 0
525 0
850 0
1149 0
475 0
525 0
850 0
1149 0
475 0
525 0
850 0
1149 0
475 0
525 0
850 0
1149 0
475 0
486 0
482 0
441 0
486 0.0833357
475 0
478 0
475 0
247 0
478 0.113534
475 0
525 0
850 0
1149 0
475 0
525 0
850 0
1149 0
475 0
495 0
500 0
542 0
495 0.0591725
475 0
525 0
850 0
1149 0
475 0
503 0
475 0
51 0
503 0.127475
475 0
525 0
850 0
1149 0
475 0
505 0
495 0
494 0
496 0
496 0
495 0
471 0
496 0.0270257
496 0.00500415
494 0.118563
495 0.0494915
505 0.0974789
475 0
475 0
475 0
0 0
475 0.138579
475 0
515 0
512 0
516 0
587 0
512 0.0321497
515 0.083712
475 0
511 0
516 0
568 0
511 0.0587224
475 0
479 0
475 0
422 0
479 0.0853705
475 0
482 0
484 0
475 0
0 0
484 0.0907676
482 0.0623902
475 0
487 0
501 0
512 0
623 0
501 0.0280368
487 0.0125301
475 0
499 0
523 0
745 0
499 0.0257751
475 0
480 0
475 0
72 0
480 0.129168
475 0
521 0
525 0
850 0
1149 0
1149 0
521 0.00105839
475 0
487 0
489 0
505 0
525 0
775 0
505 0.00660238
489 0.0789164
487 0.0634968
475 0
525 0
850 0
1149 0
475 0
525 0
850 0
1149 0
475 0
483 0
481 0
485 0
598 0
481 0.0129073
483 0.0772951
475 0
507 0
512 0
557 0
507 0.0584059
475 0
490 0
496 0
544 0
490 0.0574399
475 0
525 0
850 0
1149 0
475 0
525 0
850 0
1149 0
475 0
478 0
478 0
502 0
521 0
739 0
502 0.0130205
478 0.0139126
478 0.00592797
475 0
506 0
511 0
514 0
517 0
576 0
514 0.0406855
511 0.0676482
506 0.0515105
475 0
482 0
476 0
482 0
481 0
494 0
525 0
741 0
494 0.029559
481 0.0378289
482 0.0642301
476 0.0302633
482 0.108153
