0 -1
475 1
0 -1
475 1
0 -1
475 1
0 -1
210 1
0 -1
475 1
0 -1
475 1
0 -1
475 1
0 -1
475 1
0 -1
475 1
0 -1
475 1
0 -1
475 1
0 -1
475 1
0 -1
475 1
0 -1
475 1
0 -1
475 1
0 -1
475 1
0 -1
475 1
0 -1
293 1
0 -1
475 1
0 -1
0 1
0 -1
475 1
0 -1
475 1
0 -1
0 1
0 -1
475 1
0 -1
475 1
0 -1
475 1
0 -1
475 1
0 -1
475 1
0 -1
475 1
0 -1
346 1
0 -1
475 1
0 -1
475 1
0 -1
67 1
0 -1
475 1
0 -1
475 1
0 -1
443 1
0 -1
411 1
0 -1
475 1
0 -1
475 1
0 -1
475 1
0 -1
475 1
0 -1
253 1
0 -1
475 1
0 -1
475 1
0 -1
475 1
0 -1
475 1
0 -1
435 1
0 -1
475 1
0 -1
475 1
0 -1
475 1
0 -1
396 1
0 -1
475 1
0 -1
465 1
0 -1
475 1
0 -1
475 1
0 -1
475 1
0 -1
475 1
0 -1
475 1
0 -1
475 1
0 -1
475 1
0 -1
379 1
0 -1
396 1
0 -1
475 1
0 -1
475 1
0 -1
442 1
0 -1
475 1
0 -1
475 1
0 -1
475 1
0 -1
0 1
0 -1
198 1
0 -1
34 1
0 -1
0 1
0 -1
475 1
0 -1
475 1
0 -1
475 1
0 -1
475 1
0 -1
475 1
0 -1
475 1
0 -1
475 1
0 -1
475 1
0 -1
475 1
0 -1
341 1
0 -1
276 1
0 -1
475 1
0 -1
475 1
0 -1
475 1
0 -1
475 1
0 -1
475 1
0 -1
0 1
0 -1
475 1
0 -1
243 1
0 -1
475 1
0 -1
475 1
0 -1
475 1
0 -1
475 1
0 -1
295 1
0 -1
428 1
0 -1
395 1
0 -1
475 1
0 -1
475 1
0 -1
186 1
0 -1
475 1
0 -1
446 1
0 -1
475 1
0 -1
461 1
0 -1
475 1
0 -1
475 1
0 -1
355 1
0 -1
475 1
0 -1
475 1
0 -1
0 1
0 -1
475 1
0 -1
475 1
0 -1
163 1
0 -1
475 1
0 -1
475 1
0 -1
475 1
0 -1
475 1
0 -1
475 1
0 -1
475 1
0 -1
475 1
0 -1
475 1
0 -1
244 1
0 -1
475 1
0 -1
475 1
0 -1
275 1
0 -1
475 1
0 -1
475 1
0 -1
6 1
0 -1
475 1
0 -1
475 1
0 -1
362 1
0 -1
475 1
0 -1
475 1
0 -1
475 1
0 -1
371 1
0 -1
475 1
0 -1
475 1
0 -1
475 1
0 -1
475 1
0 -1
475 1
0 -1
475 1
0 -1
475 1
0 -1
131 1
0 -1
475 1
0 -1
346 1
0 -1
475 1
0 -1
475 1
0 -1
475 1
0 -1
0 1
0 -1
0 1
0 -1
475 1
0 -1
475 1
0 -1
475 1
0 -1
475 1
0 -1
0 1
0 -1
475 1
0 -1
475 1
0 -1
475 1
0 -1
233 1
0 -1
475 1
0 -1
475 1
0 -1
475 1
0 -1
0 1
0 -1
475 1
0 -1
475 1
0 -1
475 1
0 -1
475 1
0 -1
475 1
0 -1
475 1
0 -1
475 1
0 -1
475 1
0 -1
475 1
0 -1
475 1
0 -1
346 1
0 -1
32 1
0 -1
475 1
0 -1
475 1
0 -1
475 1
0 -1
475 1
0 -1
475 1
0 -1
0 1
0 -1
475 1
0 -1
14 1
0 -1
475 1
0 -1
475 1
0 -1
29 1
0 -1
475 1
0 -1
475 1
0 -1
475 1
0 -1
242 1
0 -1
475 1
0 -1
475 1
0 -1
475 1
0 -1
0 1
0 -1
475 1
0 -1
475 1
0 -1
475 1
0 -1
475 1
0 -1
475 1
0 -1
312 1
0 -1
475 1
0 -1
475 1
0 -1
387 1
0 -1
475 1
0 -1
475 1
0 -1
475 1
0 -1
0 1
0 -1
475 1
0 -1
475 1
0 -1
475 1
0 -1
475 1
0 -1
475 1
0 -1
475 1
0 -1
0 1
0 -1
0 1
0 -1
475 1
0 -1
475 1
0 -1
475 1
0 -1
475 1
0 -1
434 1
0 -1
475 1
0 -1
385 1
0 -1
475 1
0 -1
341 1
0 -1
475 1
0 -1
247 1
0 -1
475 1
0 -1
247 1
0 -1
475 1
0 -1
475 1
0 -1
475 1
0 -1
475 1
0 -1
258 1
0 -1
344 1
0 -1
475 1
0 -1
475 1
0 -1
475 1
0 -1
475 1
0 -1
475 1
0 -1
321 1
0 -1
475 1
0 -1
475 1
0 -1
437 1
0 -1
475 1
0 -1
475 1
0 -1
475 1
0 -1
475 1
0 -1
475 1
0 -1
475 1
0 -1
475 1
0 -1
429 1
0 -1
475 1
0 -1
475 1
0 -1
475 1
0 -1
439 1
0 -1
475 1
0 -1
475 1
0 -1
0 1
0 -1
431 1
0 -1
475 1
0 -1
475 1
0 -1
475 1
0 -1
309 1
0 -1
475 1
0 -1
429 1
0 -1
475 1
0 -1
475 1
0 -1
0 1
0 -1
475 1
0 -1
475 1
0 -1
475 1
0 -1
475 1
0 -1
475 1
0 -1
475 1
0 -1
475 1
0 -1
475 1
0 -1
475 1
0 -1
56 1
0 -1
475 1
0 -1
475 1
0 -1
475 1
0 -1
475 1
0 -1
475 1
0 -1
475 1
0 -1
475 1
0 -1
475 1
0 -1
0 1
0 -1
42 1
0 -1
0 1
0 -1
475 1
0 -1
463 1
0 -1
475 1
0 -1
475 1
0 -1
475 1
0 -1
475 1
0 -1
475 1
0 -1
475 1
0 -1
475 1
0 -1
475 1
0 -1
475 1
0 -1
0 1
0 -1
475 1
0 -1
83 1
0 -1
475 1
0 -1
396 1
0 -1
475 1
0 -1
475 1
0 -1
475 1
0 -1
475 1
0 -1
475 1
0 -1
475 1
0 -1
475 1
0 -1
70 1
0 -1
475 1
0 -1
475 1
0 -1
475 1
0 -1
475 1
0 -1
123 1
0 -1
475 1
0 -1
66 1
0 -1
423 1
0 -1
475 1
0 -1
475 1
0 -1
475 1
0 -1
475 1
0 -1
475 1
0 -1
390 1
0 -1
475 1
0 -1
475 1
0 -1
475 1
0 -1
426 1
0 -1
0 1
0 -1
428 1
0 -1
169 1
0 -1
475 1
0 -1
261 1
0 -1
475 1
0 -1
475 1
0 -1
475 1
0 -1
0 1
0 -1
475 1
0 -1
475 1
0 -1
0 1
0 -1
475 1
0 -1
475 1
0 -1
149 1
0 -1
475 1
0 -1
475 1
0 -1
475 1
0 -1
475 1
0 -1
475 1
0 -1
475 1
0 -1
356 1
0 -1
475 1
0 -1
475 1
0 -1
475 1
0 -1
475 1
0 -1
475 1
0 -1
308 1
0 -1
127 1
0 -1
465 1
0 -1
453 1
0 -1
475 1
0 -1
390 1
0 -1
475 1
0 -1
475 1
0 -1
475 1
0 -1
475 1
0 -1
475 1
0 -1
0 1
0 -1
78 1
0 -1
475 1
0 -1
475 1
0 -1
475 1
0 -1
475 1
0 -1
192 1
0 -1
475 1
0 -1
475 1
0 -1
351 1
0 -1
475 1
0 -1
475 1
0 -1
102 1
0 -1
475 1
0 -1
475 1
0 -1
475 1
0 -1
475 1
0 -1
475 1
0 -1
475 1
0 -1
475 1
0 -1
363 1
0 -1
475 1
0 -1
475 1
0 -1
475 1
0 -1
475 1
0 -1
475 1
0 -1
475 1
0 -1
475 1
0 -1
282 1
0 -1
475 1
0 -1
475 1
0 -1
475 1
0 -1
475 1
0 -1
475 1
0 -1
475 1
0 -1
0 1
0 -1
475 1
0 -1
475 1
0 -1
475 1
0 -1
475 1
0 -1
475 1
0 -1
366 1
0 -1
475 1
0 -1
63 1
0 -1
475 1
0 -1
475 1
0 -1
475 1
0 -1
475 1
0 -1
0 1
0 -1
1 1
0 -1
475 1
0 -1
475 1
0 -1
475 1
0 -1
475 1
0 -1
475 1
0 -1
475 1
0 -1
385 1
0 -1
475 1
0 -1
0 1
0 -1
294 1
0 -1
475 1
0 -1
475 1
0 -1
475 1
0 -1
475 1
0 -1
361 1
0 -1
304 1
0 -1
0 1
0 -1
475 1
0 -1
429 1
0 -1
475 1
0 -1
475 1
0 -1
475 1
0 -1
475 1
0 -1
475 1
0 -1
475 1
0 -1
475 1
0 -1
475 1
0 -1
475 1
0 -1
475 1
0 -1
475 1
0 -1
10 1
0 -1
475 1
0 -1
475 1
0 -1
17 1
0 -1
475 1
0 -1
475 1
0 -1
475 1
0 -1
475 1
0 -1
475 1
0 -1
475 1
0 -1
100 1
0 -1
475 1
0 -1
409 1
0 -1
475 1
0 -1
475 1
0 -1
475 1
0 -1
475 1
0 -1
47 1
0 -1
475 1
0 -1
475 1
0 -1
475 1
0 -1
475 1
0 -1
333 1
0 -1
175 1
0 -1
0 1
0 -1
475 1
0 -1
475 1
0 -1
81 1
0 -1
475 1
0 -1
475 1
0 -1
475 1
0 -1
475 1
0 -1
475 1
0 -1
475 1
0 -1
475 1
0 -1
475 1
0 -1
475 1
0 -1
0 1
0 -1
325 1
0 -1
475 1
0 -1
475 1
0 -1
475 1
0 -1
475 1
0 -1
352 1
0 -1
355 1
0 -1
475 1
0 -1
475 1
0 -1
475 1
0 -1
376 1
0 -1
475 1
0 -1
475 1
0 -1
459 1
0 -1
475 1
0 -1
475 1
0 -1
475 1
0 -1
475 1
0 -1
475 1
0 -1
475 1
0 -1
475 1
0 -1
475 1
0 -1
475 1
0 -1
475 1
0 -1
271 1
0 -1
475 1
0 -1
475 1
0 -1
375 1
0 -1
410 1
0 -1
475 1
0 -1
475 1
0 -1
475 1
0 -1
438 1
0 -1
282 1
0 -1
475 1
0 -1
475 1
0 -1
475 1
0 -1
475 1
0 -1
306 1
0 -1
475 1
0 -1
475 1
0 -1
475 1
0 -1
475 1
0 -1
475 1
0 -1
475 1
0 -1
475 1
0 -1
475 1
0 -1
475 1
0 -1
475 1
0 -1
229 1
0 -1
475 1
0 -1
475 1
0 -1
475 1
0 -1
358 1
0 -1
475 1
0 -1
475 1
0 -1
475 1
0 -1
475 1
0 -1
475 1
0 -1
475 1
0 -1
475 1
0 -1
236 1
0 -1
475 1
0 -1
475 1
0 -1
0 1
0 -1
475 1
0 -1
475 1
0 -1
475 1
0 -1
475 1
0 -1
0 1
0 -1
292 1
0 -1
0 1
0 -1
0 1
0 -1
475 1
0 -1
475 1
0 -1
475 1
0 -1
475 1
0 -1
168 1
0 -1
475 1
0 -1
258 1
0 -1
475 1
0 -1
475 1
0 -1
475 1
0 -1
78 1
0 -1
475 1
0 -1
0 1
0 -1
321 1
0 -1
475 1
0 -1
475 1
0 -1
475 1
0 -1
475 1
0 -1
475 1
0 -1
475 1
0 -1
475 1
0 -1
475 1
0 -1
475 1
0 -1
475 1
0 -1
475 1
0 -1
475 1
0 -1
141 1
0 -1
475 1
0 -1
475 1
0 -1
475 1
0 -1
475 1
0 -1
240 1
0 -1
475 1
0 -1
475 1
0 -1
475 1
0 -1
475 1
0 -1
0 1
0 -1
146 1
0 -1
475 1
0 -1
475 1
0 -1
372 1
0 -1
475 1
0 -1
245 1
0 -1
475 1
0 -1
475 1
0 -1
475 1
0 -1
91 1
0 -1
376 1
0 -1
475 1
0 -1
363 1
0 -1
216 1
0 -1
475 1
0 -1
475 1
0 -1
475 1
0 -1
436 1
0 -1
475 1
0 -1
112 1
0 -1
475 1
0 -1
475 1
0 -1
212 1
0 -1
475 1
0 -1
475 1
0 -1
475 1
0 -1
475 1
0 -1
475 1
0 -1
475 1
0 -1
475 1
0 -1
132 1
0 -1
133 1
0 -1
475 1
0 -1
110 1
0 -1
475 1
0 -1
475 1
0 -1
475 1
0 -1
475 1
0 -1
0 1
0 -1
475 1
0 -1
0 1
0 -1
475 1
0 -1
0 1
0 -1
475 1
0 -1
475 1
0 -1
475 1
0 -1
475 1
0 -1
475 1
0 -1
475 1
0 -1
253 1
0 -1
475 1
0 -1
475 1
0 -1
475 1
0 -1
475 1
0 -1
475 1
0 -1
475 1
0 -1
147 1
0 -1
475 1
0 -1
475 1
0 -1
475 1
0 -1
475 1
0 -1
475 1
0 -1
475 1
0 -1
475 1
0 -1
475 1
0 -1
475 1
0 -1
475 1
0 -1
475 1
0 -1
475 1
0 -1
398 1
0 -1
475 1
0 -1
475 1
0 -1
475 1
0 -1
358 1
0 -1
0 1
0 -1
475 1
0 -1
475 1
0 -1
475 1
0 -1
475 1
0 -1
475 1
0 -1
475 1
0 -1
475 1
0 -1
475 1
0 -1
475 1
0 -1
475 1
0 -1
122 1
0 -1
475 1
0 -1
475 1
0 -1
207 1
0 -1
475 1
0 -1
475 1
0 -1
0 1
0 -1
310 1
0 -1
356 1
0 -1
475 1
0 -1
141 1
0 -1
475 1
0 -1
171 1
0 -1
211 1
0 -1
303 1
0 -1
475 1
0 -1
475 1
0 -1
0 1
0 -1
475 1
0 -1
475 1
0 -1
475 1
0 -1
475 1
0 -1
430 1
0 -1
475 1
0 -1
475 1
0 -1
73 1
0 -1
475 1
0 -1
475 1
0 -1
467 1
0 -1
475 1
0 -1
475 1
0 -1
475 1
0 -1
475 1
0 -1
475 1
0 -1
475 1
0 -1
475 1
0 -1
475 1
0 -1
475 1
0 -1
451 1
0 -1
324 1
0 -1
475 1
0 -1
475 1
0 -1
45 1
0 -1
475 1
0 -1
475 1
0 -1
0 1
0 -1
0 1
0 -1
475 1
0 -1
475 1
0 -1
196 1
0 -1
45 1
0 -1
475 1
0 -1
475 1
0 -1
475 1
0 -1
475 1
0 -1
475 1
0 -1
475 1
0 -1
475 1
0 -1
458 1
0 -1
475 1
0 -1
347 1
0 -1
475 1
0 -1
475 1
0 -1
475 1
0 -1
391 1
0 -1
475 1
0 -1
475 1
0 -1
475 1
0 -1
475 1
0 -1
475 1
0 -1
475 1
0 -1
475 1
0 -1
475 1
0 -1
475 1
0 -1
475 1
0 -1
475 1
0 -1
475 1
0 -1
475 1
0 -1
101 1
0 -1
475 1
0 -1
475 1
0 -1
0 1
0 -1
0 1
0 -1
475 1
0 -1
295 1
0 -1
475 1
0 -1
475 1
0 -1
475 1
0 -1
475 1
0 -1
475 1
0 -1
475 1
0 -1
331 1
0 -1
475 1
0 -1
475 1
0 -1
301 1
0 -1
475 1
0 -1
286 1
0 -1
0 1
0 -1
475 1
0 -1
392 1
0 -1
0 1
0 -1
475 1
0 -1
475 1
0 -1
334 1
0 -1
475 1
0 -1
475 1
0 -1
475 1
0 -1
475 1
0 -1
145 1
0 -1
475 1
0 -1
475 1
0 -1
475 1
0 -1
475 1
0 -1
475 1
0 -1
475 1
0 -1
475 1
0 -1
67 1
0 -1
173 1
0 -1
0 1
0 -1
475 1
0 -1
475 1
0 -1
475 1
0 -1
475 1
0 -1
475 1
0 -1
475 1
0 -1
165 1
0 -1
475 1
0 -1
475 1
0 -1
475 1
0 -1
475 1
0 -1
0 1
0 -1
339 1
0 -1
262 1
0 -1
475 1
0 -1
475 1
0 -1
475 1
0 -1
475 1
0 -1
475 1
0 -1
475 1
0 -1
475 1
0 -1
0 1
0 -1
475 1
0 -1
475 1
0 -1
190 1
0 -1
415 1
0 -1
423 1
0 -1
475 1
0 -1
475 1
0 -1
0 1
0 -1
475 1
0 -1
475 1
0 -1
475 1
0 -1
475 1
0 -1
475 1
0 -1
475 1
0 -1
475 1
0 -1
475 1
0 -1
475 1
0 -1
314 1
0 -1
475 1
0 -1
475 1
0 -1
475 1
0 -1
475 1
0 -1
475 1
0 -1
475 1
0 -1
305 1
0 -1
260 1
0 -1
475 1
0 -1
475 1
0 -1
475 1
0 -1
475 1
0 -1
475 1
0 -1
0 1
0 -1
435 1
0 -1
475 1
0 -1
475 1
0 -1
475 1
0 -1
475 1
0 -1
104 1
0 -1
475 1
0 -1
475 1
0 -1
475 1
0 -1
475 1
0 -1
112 1
0 -1
0 1
0 -1
391 1
0 -1
475 1
0 -1
475 1
0 -1
475 1
0 -1
475 1
0 -1
475 1
0 -1
475 1
0 -1
60 1
0 -1
475 1
0 -1
475 1
0 -1
475 1
0 -1
218 1
0 -1
331 1
0 -1
475 1
0 -1
262 1
0 -1
475 1
0 -1
475 1
0 -1
475 1
0 -1
475 1
0 -1
475 1
0 -1
22 1
0 -1
475 1
0 -1
475 1
0 -1
475 1
0 -1
201 1
0 -1
475 1
0 -1
475 1
0 -1
475 1
0 -1
475 1
0 -1
475 1
0 -1
475 1
0 -1
475 1
0 -1
475 1
0 -1
475 1
0 -1
475 1
0 -1
0 1
0 -1
14 1
0 -1
475 1
0 -1
0 1
0 -1
475 1
0 -1
475 1
0 -1
227 1
0 -1
475 1
0 -1
475 1
0 -1
475 1
0 -1
475 1
0 -1
475 1
0 -1
475 1
0 -1
475 1
0 -1
475 1
0 -1
475 1
0 -1
475 1
0 -1
475 1
0 -1
475 1
0 -1
475 1
0 -1
475 1
0 -1
475 1
0 -1
0 1
0 -1
475 1
0 -1
475 1
0 -1
475 1
0 -1
475 1
0 -1
475 1
0 -1
475 1
0 -1
475 1
0 -1
475 1
0 -1
475 1
0 -1
475 1
0 -1
475 1
0 -1
352 1
0 -1
0 1
0 -1
475 1
0 -1
475 1
0 -1
475 1
0 -1
345 1
0 -1
475 1
0 -1
475 1
0 -1
475 1
0 -1
475 1
0 -1
475 1
0 -1
0 1
0 -1
475 1
0 -1
475 1
0 -1
475 1
0 -1
475 1
0 -1
395 1
0 -1
475 1
0 -1
5 1
0 -1
475 1
0 -1
475 1
0 -1
475 1
0 -1
475 1
0 -1
475 1
0 -1
475 1
0 -1
475 1
0 -1
475 1
0 -1
475 1
0 -1
0 1
0 -1
475 1
0 -1
424 1
0 -1
475 1
0 -1
475 1
0 -1
475 1
0 -1
475 1
0 -1
475 1
0 -1
0 1
0 -1
432 1
0 -1
475 1
0 -1
455 1
0 -1
475 1
0 -1
24 1
0 -1
475 1
0 -1
0 1
0 -1
0 1
0 -1
475 1
0 -1
475 1
0 -1
475 1
0 -1
475 1
0 -1
475 1
0 -1
475 1
0 -1
475 1
0 -1
475 1
0 -1
475 1
0 -1
475 1
0 -1
475 1
0 -1
269 1
0 -1
475 1
0 -1
429 1
0 -1
475 1
0 -1
191 1
0 -1
398 1
0 -1
475 1
