475 5.00382e-21
475 9.80659e-05
475 0.000205213
0 4.94659e-21
475 5.00382e-21
475 3.31059e-05
475 0.000606618
475 0.000611824
475 4.99825e-12
475 0.000748452
475 5.00382e-21
475 3.52315e-06
475 6.93799e-05
475 2.2015e-05
475 0.00187331
475 1.27572e-05
475 8.18861e-06
475 6.8337e-06
475 1.35635e-07
170 2.05232e-22
475 5.00382e-21
475 0.000137612
475 0.000372328
475 2.09838e-05
475 0.00146908
475 5.00382e-21
475 0.000101808
475 9.3681e-05
475 0.000256944
475 0.000239912
475 0.00128456
475 1.20917e-05
475 1.10077e-05
475 5.00382e-21
475 0.000726467
475 2.74115e-09
0 4.18127e-21
475 5.00382e-21
475 0.00032247
475 1.01689e-05
475 0.000600907
475 0.000582056
475 3.07106e-13
475 2.38415e-10
475 2.37509e-13
475 3.39782e-09
475 4.67161e-09
475 2.25824e-10
475 0.00013671
475 7.04575e-10
475 0.00034768
475 5.00382e-21
475 0.000143558
475 0.000460019
444 2.25061e-21
475 5.00382e-21
475 4.87975e-06
475 0.0014994
475 1.5326e-27
475 3.75224e-09
475 0.000495715
475 5.00382e-21
475 8.81017e-05
475 0.00101018
475 0.000212394
475 1.30699e-09
475 5.16491e-06
475 7.55294e-06
475 6.93164e-09
475 2.00047e-22
475 2.5219e-05
475 0.000651381
