475 2.03792e-22
475 3.23615
475 1.34589
476 2.9614
476 2.8957
476 2.77113
477 3.00312
477 3.40021
477 0.386397
475 2.03792e-22
475 0.100333
475 2.77853
476 3.11402
476 2.90955
476 2.64052
476 2.82733
477 3.13315
477 2.41349
477 0.0122227
475 0.0342215
475 0.0366337
475 2.03792e-22
475 1.3461
475 3.36134
476 2.86533
476 3.08712
476 2.80843
476 2.84544
477 3.52711
477 0.133994
477 0.00845746
477 0.0126792
477 0.00398108
475 2.03792e-22
475 0.244386
475 0.77729
475 2.58755
476 3.12515
476 3.03704
476 2.69745
476 2.95598
477 3.27343
477 1.10725
477 0.0796418
477 0.00665086
475 0.0356769
475 0.0351094
475 0.0373892
475 2.03792e-22
475 2.38883
475 0.897161
476 3.07677
476 2.92281
476 2.81114
476 2.84824
477 3.1992
477 1.81735
475 0.0385003
475 2.03792e-22
475 0.597173
475 3.44053
476 3.06024
476 2.77677
476 2.77735
476 2.99209
477 3.40905
477 0.906148
475 0.040653
475 2.03792e-22
475 3.15398
476 3.04757
476 2.85014
476 2.7227
476 2.8859
477 3.10889
477 2.22438
477 0.00644207
475 2.03792e-22
475 1.07603
475 0.681898
475 0.492008
475 3.20184
476 2.86501
476 2.75708
476 2.76193
477 3.03455
477 3.05709
475 0.037027
475 0.0355345
475 2.03792e-22
475 0.601461
475 0.46701
475 0.0181895
475 0.636659
475 3.23566
476 2.95216
476 2.71791
476 2.91556
476 2.9485
477 3.35131
475 0.0386038
475 0.0409087
475 0.0413727
475 0.0346935
475 2.03792e-22
475 1.51689
475 2.98221
476 3.00606
476 2.79484
476 2.84075
476 2.91566
477 3.50044
477 0.408572
475 0.0345703
