0 -1
134 1
0 -1
117 1
0 -1
475 1
0 -1
0 1
0 -1
475 1
0 -1
151 1
0 -1
11 1
0 -1
0 1
0 -1
0 1
0 -1
475 1
0 -1
0 1
0 -1
348 1
0 -1
475 1
0 -1
0 1
0 -1
0 1
0 -1
475 1
0 -1
317 1
0 -1
0 1
0 -1
282 1
0 -1
475 1
0 -1
186 1
0 -1
188 1
0 -1
405 1
0 -1
274 1
0 -1
345 1
0 -1
380 1
0 -1
475 1
0 -1
475 1
0 -1
207 1
0 -1
475 1
0 -1
475 1
0 -1
162 1
0 -1
417 1
0 -1
435 1
0 -1
0 1
0 -1
367 1
0 -1
0 1
0 -1
0 1
0 -1
475 1
0 -1
152 1
0 -1
319 1
0 -1
270 1
0 -1
399 1
0 -1
410 1
0 -1
149 1
0 -1
346 1
0 -1
475 1
0 -1
144 1
0 -1
475 1
0 -1
147 1
0 -1
475 1
0 -1
0 1
0 -1
475 1
0 -1
407 1
0 -1
475 1
0 -1
475 1
0 -1
376 1
0 -1
390 1
0 -1
38 1
0 -1
475 1
0 -1
0 1
0 -1
466 1
0 -1
274 1
0 -1
475 1
0 -1
216 1
0 -1
475 1
0 -1
373 1
0 -1
315 1
0 -1
234 1
0 -1
433 1
0 -1
475 1
0 -1
238 1
0 -1
321 1
0 -1
228 1
0 -1
0 1
0 -1
0 1
0 -1
448 1
0 -1
71 1
0 -1
475 1
0 -1
0 1
0 -1
475 1
0 -1
196 1
0 -1
290 1
0 -1
475 1
0 -1
0 1
0 -1
474 1
0 -1
475 1
0 -1
0 1
0 -1
0 1
0 -1
475 1
0 -1
341 1
0 -1
281 1
0 -1
252 1
0 -1
475 1
0 -1
475 1
0 -1
185 1
0 -1
475 1
0 -1
171 1
0 -1
475 1
0 -1
347 1
