475 1.58242e-21
475 5.7238e-75
475 3.4199e-06
134 1.45492e-21
475 1.58242e-21
475 2.94001e-24
475 1.91504e-43
475 3.15152e-05
475 5.59856e-49
475 6.1709e-43
475 5.65537e-31
475 1.06304e-07
117 1.50748e-21
475 1.58242e-21
475 8.74692e-10
475 4.08099e-50
475 7.54502e-12
475 7.38972e-36
475 4.33768e-76
475 0.000199999
475 1.58242e-21
475 1.01411e-21
475 2.5622e-12
475 5.5699e-06
475 0
475 8.2479e-121
475 3.26984e-45
475 3.47254e-07
475 0
475 0.00010196
475 2.58236e-05
475 2.37688e-05
475 6.28386e-06
475 1.19307e-05
475 2.03697e-06
475 1.44325e-05
475 7.2191e-08
0 3.61686e-22
475 1.58242e-21
475 0.0002
475 1.58242e-21
475 1.55522e-80
475 2.61811e-08
475 2.12382e-71
475 1.20256e-25
475 7.65745e-52
475 3.66756e-96
475 2.02772e-61
475 1.88858e-29
475 8.06609e-10
475 1.27859e-71
475 9.36425e-22
475 5.92542e-51
475 9.1352e-10
475 2.46535e-06
475 5.13019e-16
475 7.33372e-39
475 2.71311e-20
475 6.65341e-25
475 5.08798e-64
475 3.63395e-30
475 6.80979e-14
475 1.38088e-58
475 6.16942e-07
151 1.41672e-21
475 1.58242e-21
475 1.35649e-10
475 8.25233e-67
475 1.95658e-49
475 0.000102259
475 1.67663e-05
475 2.48863e-05
475 2.3037e-05
475 7.08216e-06
475 1.66489e-05
475 2.66822e-07
11 3.85115e-22
475 1.58242e-21
475 2.01369e-36
475 1.12927e-10
475 5.51884e-07
0 1.71746e-21
475 1.58242e-21
475 9.20105e-29
475 6.80734e-08
0 1.70288e-21
475 1.58242e-21
475 0.000100227
475 2.939e-07
475 5.3427e-05
475 7.3921e-06
475 2.43065e-05
475 8.71063e-06
475 5.64291e-06
475 1.58242e-21
475 7.67894e-28
475 5.02596e-07
0 1.82186e-21
475 1.58242e-21
475 1.8909e-21
475 1.06826e-12
475 1.49126e-07
348 9.84016e-22
475 1.58242e-21
475 7.2428e-83
475 2.42912e-78
475 6.2395e-10
475 0.000199999
475 1.58242e-21
475 4.89817e-40
475 6.6093e-06
0 1.61483e-21
475 1.58242e-21
475 8.59509e-16
475 5.67769e-74
475 1.20823e-19
475 7.57972e-28
475 3.21092e-07
0 1.67306e-21
475 1.58242e-21
475 1.66779e-85
475 9.26685e-122
475 0.0002
475 1.58242e-21
475 2.90358e-38
475 1.05e-06
475 0
475 1.26644e-09
475 3.05652e-122
475 4.3635e-06
475 0
475 1.77211e-116
475 8.94701e-67
475 4.19675e-08
317 1.03893e-21
475 1.58242e-21
475 1.56013e-50
475 5.94416e-07
0 1.7429e-21
475 1.58242e-21
475 3.58421e-17
475 1.5932e-07
282 1.15595e-21
475 1.58242e-21
475 5.03788e-06
475 5.10909e-43
475 6.84717e-18
475 8.47412e-10
475 2.36435e-150
475 2.65264e-31
475 9.09065e-09
475 1.42957e-07
475 5.51909e-11
475 1.09959e-22
475 6.75134e-46
475 1.63671e-68
475 5.2901e-30
475 7.82523e-07
475 2.62391e-26
475 6.79529e-12
475 4.19546e-92
475 1.90212e-64
475 2.22561e-35
475 1.05481e-66
475 1.31005e-23
475 4.42821e-52
475 6.24974e-84
475 4.5018e-61
475 1.08169e-26
475 1.97481e-90
475 2.6405e-31
475 5.47272e-08
475 1.5921e-21
475 6.9381e-17
475 2.69114e-16
475 2.5884e-109
475 9.10512e-40
475 9.29096e-17
475 5.02968e-73
475 4.96027e-31
475 1.81272e-29
475 1.36037e-24
475 2.09523e-28
475 2.47812e-14
475 1.16275e-38
475 4.86207e-43
475 1.0935e-60
475 1.44814e-11
475 2.84317e-56
475 2.21109e-38
475 2.71825e-06
475 1.50326e-21
475 4.65563e-77
475 1.49858e-85
475 7.20771e-33
475 6.17958e-10
475 4.42483e-15
475 8.21164e-18
475 2.70816e-10
475 6.16815e-10
475 1.1363e-06
475 1.27111e-06
475 1.94264e-11
475 1.58939e-34
475 5.95879e-12
475 3.67578e-35
475 1.43362e-64
475 5.61555e-71
475 1.14153e-91
475 1.86809e-11
475 5.34588e-18
475 1.06171e-21
475 2.23466e-21
475 1.23027e-24
475 0.000188845
475 1.58242e-21
475 1.00748e-16
475 4.07551e-07
186 1.34701e-21
475 1.58242e-21
475 5.03287e-07
475 1.20374e-48
475 3.19576e-06
475 1.18074e-07
188 1.26893e-21
475 1.58242e-21
475 2.36294e-92
475 3.18594e-07
405 1.01268e-21
475 1.58242e-21
475 2.70892e-78
475 6.58825e-32
475 4.98592e-09
475 4.04339e-55
475 8.51261e-16
475 3.47141e-16
475 1.29761e-07
475 0
475 4.62648e-21
475 2.03734e-07
274 1.17481e-21
475 1.58242e-21
475 1.08517e-90
475 1.88075e-59
475 9.76007e-06
475 2.1554e-44
475 6.29969e-09
475 1.55116e-58
475 3.17488e-34
475 2.94554e-26
475 1.45365e-07
475 0
475 1.50107e-17
475 1.26281e-68
475 6.30666e-07
345 9.35814e-22
475 1.58242e-21
475 8.27558e-113
475 8.64011e-34
475 3.67261e-07
475 1.34193e-52
475 8.53796e-12
475 8.82779e-07
380 8.90966e-22
475 1.58242e-21
475 2.47449e-18
475 5.1388e-05
475 1.74307e-05
475 4.63386e-05
475 5.02519e-05
475 1.25308e-05
475 1.37017e-05
475 8.35829e-06
475 1.58242e-21
475 7.81947e-106
475 0.0002
475 1.58242e-21
475 1.14388e-10
475 1.52793e-37
475 4.05073e-29
475 2.47447e-84
475 7.90703e-26
475 7.23517e-37
475 1.54135e-68
475 9.10909e-18
475 4.63297e-91
475 4.84294e-88
475 1.80427e-33
475 3.81685e-07
207 1.24939e-21
475 1.58242e-21
475 2.1298e-18
475 8.45276e-38
475 2.29689e-07
475 1.25003e-10
475 8.49705e-37
475 5.9713e-06
475 0
475 8.90389e-75
475 0.000193799
475 1.58242e-21
475 1.85736e-22
475 2.61786e-11
475 6.26937e-28
475 5.73181e-35
475 1.91513e-46
475 6.34433e-46
475 5.97443e-58
475 0.0002
475 1.58242e-21
475 1.29425e-59
475 1.49463e-06
475 0
475 6.34202e-63
475 3.94503e-52
475 1.32802e-69
475 1.55095e-07
162 1.35046e-21
475 1.58242e-21
475 2.55551e-58
475 2.39654e-06
417 1.16543e-21
475 1.58242e-21
475 2.70719e-20
475 8.59972e-47
475 2.31437e-22
475 1.08172e-21
475 5.33733e-52
475 2.70178e-06
435 1.04308e-21
475 1.58242e-21
475 2.61074e-33
475 3.38484e-08
0 1.60852e-21
475 1.58242e-21
475 2.12023e-06
475 5.80143e-45
475 2.13054e-14
475 4.92105e-95
475 1.09009e-25
475 1.60673e-05
475 2.71378e-68
475 7.97352e-16
475 2.82912e-07
367 8.75929e-22
475 1.58242e-21
475 2.56282e-05
475 3.07513e-07
0 1.51902e-21
475 1.58242e-21
475 1.84753e-27
475 2.89269e-28
475 1.25946e-23
475 4.60757e-06
475 1.60591e-07
0 1.66748e-21
475 1.58242e-21
475 8.63152e-10
475 7.98493e-06
475 1.19664e-06
475 8.26359e-14
475 7.6133e-06
475 4.02615e-22
475 1.09423e-06
475 3.0687e-14
475 0
475 2.03206e-06
475 8.52078e-99
475 6.40453e-43
475 2.83703e-74
475 4.96046e-77
475 8.9298e-31
475 1.54498e-19
475 2.98778e-75
475 5.88428e-55
475 1.10905e-14
475 1.58398e-18
475 4.06354e-70
475 1.60035e-08
475 9.39959e-14
475 1.16584e-49
475 1.2736e-85
475 5.41065e-63
475 2.91204e-09
475 0.000180059
475 1.58242e-21
475 8.55815e-23
475 6.46404e-62
475 1.24058e-09
475 4.27891e-07
152 1.528e-21
475 1.58242e-21
475 9.1756e-12
475 2.24032e-06
319 1.00008e-21
475 1.58242e-21
475 5.60685e-63
475 4.2771e-07
270 1.12384e-21
475 1.58242e-21
475 3.72415e-64
475 6.60089e-06
399 1.05986e-21
475 1.58242e-21
475 3.70093e-16
475 6.24307e-26
475 1.86302e-71
475 5.26083e-06
475 2.00914e-111
475 3.16208e-07
410 8.59897e-22
475 1.58242e-21
475 4.13687e-31
475 1.61754e-07
149 1.37974e-21
475 1.58242e-21
475 2.25013e-32
475 1.63769e-21
475 5.39308e-49
475 7.32426e-104
475 7.3344e-48
475 1.12236e-46
475 3.88927e-56
475 1.56223e-66
475 7.03035e-26
475 4.55535e-46
475 4.27023e-46
475 3.69546e-22
475 2.82271e-20
475 5.46138e-88
475 1.16726e-15
475 9.60704e-77
475 0
346 9.42335e-22
475 1.58242e-21
475 3.99176e-52
475 1.27102e-31
475 9.92265e-07
475 3.28989e-35
475 5.58772e-13
475 7.12477e-13
475 1.0492e-52
475 7.73463e-10
475 0.000199007
475 1.58242e-21
475 5.80309e-42
475 1.22377e-19
475 1.97037e-06
144 1.44663e-21
475 1.58242e-21
475 1.80028e-13
475 3.35794e-50
475 2.95142e-15
475 1.03543e-39
475 3.70663e-48
475 0.0002
475 1.58242e-21
475 1.26935e-07
475 8.70266e-25
475 4.67627e-05
475 9.81958e-05
475 1.39341e-05
475 1.9565e-05
475 1.56983e-06
475 6.61788e-06
475 8.44964e-06
475 1.75786e-07
147 2.10192e-22
475 1.58242e-21
475 4.4321e-09
475 1.45496e-06
475 0.000198541
475 1.58242e-21
475 2.30897e-23
475 6.2437e-94
475 9.26295e-07
475 0
475 2.33596e-05
475 1.32484e-07
0 1.73584e-21
475 1.58242e-21
475 2.57454e-81
475 2.9151e-06
475 0
475 8.94552e-09
475 0.000197076
475 1.58242e-21
475 1.43302e-33
475 5.37713e-19
475 7.78087e-07
475 1.28601e-07
407 8.70044e-22
475 1.58242e-21
475 1.59634e-19
475 1.03929e-08
475 7.34262e-144
475 2.90357e-17
475 1.7633e-44
475 7.35519e-38
475 1.18218e-110
475 7.93839e-18
475 1.60555e-23
475 0.00019999
475 1.58242e-21
475 2.37115e-22
475 2.58648e-143
475 0.0002
475 1.58242e-21
475 1.15961e-39
475 4.14458e-07
376 8.9993e-22
475 1.58242e-21
475 2.17379e-10
475 7.77192e-61
475 5.86961e-06
390 8.79254e-22
475 1.58242e-21
475 9.25666e-42
475 1.53566e-25
475 7.30073e-59
475 2.09916e-18
475 3.56044e-50
475 1.51611e-06
38 1.68807e-21
475 1.58242e-21
475 9.53848e-27
475 1.25643e-14
475 6.7192e-42
475 5.76776e-08
475 2.00958e-06
475 0.000197933
475 1.58242e-21
475 6.7586e-09
475 7.32463e-107
475 7.07232e-34
475 3.69149e-07
0 1.62706e-21
475 1.58242e-21
475 5.5156e-05
475 8.88338e-06
475 6.07726e-05
475 1.02877e-05
475 3.49164e-06
475 1.78059e-05
475 2.20009e-05
475 8.52455e-06
475 2.69559e-06
475 1.59707e-06
475 4.3042e-06
466 1.62679e-22
475 1.58242e-21
475 2.18184e-27
475 3.08367e-27
475 5.09103e-09
475 7.01356e-05
475 3.73953e-05
475 5.79179e-05
475 1.13079e-05
475 5.39181e-06
475 5.33124e-06
475 6.1388e-08
475 7.15132e-06
475 1.65257e-07
274 1.77457e-22
475 1.58242e-21
475 0.000137712
475 7.71069e-06
475 1.30419e-05
475 2.37013e-05
475 3.6443e-06
475 8.5603e-06
475 5.6296e-06
475 1.58242e-21
475 1.43369e-116
475 2.81153e-07
216 1.32657e-21
475 1.58242e-21
475 1.4739e-91
475 6.7335e-31
475 4.22479e-22
475 5.60411e-20
475 1.31195e-12
475 2.08562e-14
475 2.87452e-10
475 1.51498e-44
475 6.54916e-23
475 5.13937e-60
475 2.49049e-75
475 3.72618e-19
475 1.68852e-32
475 4.53179e-51
475 5.35042e-89
475 9.69941e-28
475 2.87863e-08
475 4.88015e-79
475 5.71729e-39
475 8.40397e-30
475 1.02589e-24
475 2.4047e-36
475 2.90759e-14
475 3.83323e-20
475 5.55905e-64
475 3.89426e-33
475 4.96523e-29
475 6.15595e-51
475 2.30576e-48
475 8.86558e-65
475 5.74648e-54
475 5.01842e-66
475 4.99116e-07
475 2.59089e-31
475 1.27126e-21
475 4.1267e-28
475 1.26728e-84
475 1.59196e-34
475 1.0303e-82
475 2.33394e-188
475 2.19653e-11
475 2.34679e-09
475 7.34756e-42
475 2.24889e-17
475 1.43391e-11
475 2.15139e-34
475 2.63051e-29
475 4.35961e-11
475 2.06847e-18
475 6.06946e-21
475 0.000160046
475 6.79637e-06
475 1.02279e-05
475 1.60332e-05
475 6.36595e-06
475 1.58242e-21
475 6.40762e-12
475 8.42472e-27
475 2.11459e-29
475 1.36056e-87
475 6.78725e-14
475 1.53332e-55
475 1.71334e-60
475 2.15361e-07
373 1.03404e-21
475 1.58242e-21
475 9.76337e-79
475 3.164e-18
475 1.18874e-29
475 6.99497e-07
315 1.00026e-21
475 1.58242e-21
475 3.51377e-16
475 1.12282e-25
475 3.77567e-07
234 1.22832e-21
475 1.58242e-21
475 1.37589e-34
475 1.07539e-06
433 9.2582e-22
475 1.58242e-21
475 1.50791e-11
475 3.11405e-12
475 7.04191e-06
475 1.47567e-42
475 1.05571e-23
475 1.70575e-78
475 4.4876e-07
475 0
475 3.63654e-82
475 1.3504e-14
475 6.33151e-57
475 2.55322e-78
475 1.52593e-06
475 0
475 4.43477e-37
475 9.90749e-22
475 1.07883e-47
475 1.23088e-08
475 2.56739e-24
475 3.16025e-35
475 8.03015e-106
475 2.81428e-35
475 1.18984e-34
475 1.82873e-05
475 0.000156272
475 4.75983e-06
475 6.78153e-06
475 4.87033e-06
475 1.58242e-21
475 7.71508e-06
475 1.81325e-27
475 3.67192e-06
475 1.34155e-46
475 4.12916e-06
475 0
475 2.23719e-38
475 7.59524e-68
475 9.45071e-07
238 1.11702e-21
475 1.58242e-21
475 1.50458e-25
475 3.08276e-07
321 1.11732e-21
475 1.58242e-21
475 6.98292e-29
475 5.18932e-21
475 8.96447e-44
475 1.96273e-06
228 1.40281e-21
475 1.58242e-21
475 2.60303e-92
475 3.74298e-06
475 0
475 9.1227e-29
475 5.02888e-42
475 6.36389e-06
475 1.52586e-32
475 4.33617e-06
475 0
475 1.20292e-25
475 1.1353e-06
0 1.69309e-21
475 1.58242e-21
475 4.69089e-30
475 6.5934e-07
0 1.63357e-21
475 1.58242e-21
475 1.51788e-07
475 2.10995e-09
475 1.42199e-32
475 2.79687e-44
475 7.95961e-08
448 8.53736e-22
475 1.58242e-21
475 8.97172e-59
475 1.7132e-17
475 1.28569e-21
475 2.16187e-100
475 5.27256e-09
475 6.92504e-06
475 4.59509e-08
71 1.62879e-21
475 1.58242e-21
475 3.62385e-21
475 2.18102e-61
475 1.14881e-47
475 4.3174e-19
475 3.63252e-19
475 5.58487e-06
475 9.22173e-51
475 2.13923e-106
475 2.98635e-29
475 1.08726e-13
475 4.62876e-07
475 2.92174e-34
475 2.28595e-21
475 6.56142e-29
475 2.63506e-35
475 2.0263e-19
475 4.26697e-12
475 1.31497e-40
475 1.17018e-66
475 8.5394e-55
475 2.96374e-82
475 3.27754e-18
475 1.16829e-05
475 4.04035e-43
475 3.77226e-68
475 6.56213e-56
475 1.70808e-34
475 1.1342e-65
475 1.06982e-95
475 7.80496e-66
475 1.98763e-65
475 2.19711e-07
475 3.47384e-09
475 8.59988e-29
475 2.42483e-38
475 7.55575e-78
475 3.38602e-07
475 2.40778e-06
475 1.69042e-21
475 3.15986e-07
475 1.06398e-28
475 3.96106e-82
475 3.38366e-30
475 2.28381e-08
475 4.33839e-30
475 8.83568e-25
475 1.48072e-51
475 1.99237e-160
475 5.93983e-36
475 1.71177e-115
475 1.31426e-21
475 1.99795e-15
475 7.07824e-12
475 1.91803e-54
475 4.80408e-118
475 9.557e-61
475 3.15873e-16
475 1.22547e-14
475 1.59196e-22
475 4.35574e-72
475 1.80226e-177
475 2.28138e-16
475 1.77247e-05
475 0.000107235
475 7.07657e-06
475 1.40432e-05
475 1.54982e-05
475 9.28261e-06
475 8.10105e-06
475 1.58242e-21
475 1.39835e-23
475 9.54806e-19
475 7.22896e-34
475 3.46454e-06
475 0
475 3.2465e-10
475 1.13731e-06
0 1.68453e-21
475 1.58242e-21
475 2.42927e-52
475 0.0002
475 1.58242e-21
475 1.82413e-06
475 1.93688e-82
475 4.29242e-07
196 1.24318e-21
475 1.58242e-21
475 4.47906e-63
475 3.36708e-25
475 5.05643e-29
475 3.10572e-12
475 1.26008e-30
475 6.79937e-86
475 1.77819e-06
290 1.09207e-21
475 1.58242e-21
475 1.28001e-28
475 9.90901e-05
475 1.7558e-05
475 1.01337e-05
475 4.92771e-05
475 1.07961e-05
475 9.381e-06
475 3.76394e-06
475 1.58242e-21
475 4.543e-22
475 1.51785e-129
475 8.98444e-59
475 1.68869e-58
475 3.19864e-59
475 4.37866e-08
475 2.00526e-05
475 2.63324e-131
475 7.48339e-107
475 7.82085e-44
475 1.31863e-59
475 2.71257e-08
475 3.18216e-13
475 4.71222e-44
475 1.29592e-49
475 1.94038e-38
475 6.16665e-39
475 5.37895e-35
475 5.41401e-130
475 8.06204e-07
0 1.51766e-21
475 1.58242e-21
475 1.64404e-38
475 3.23502e-06
474 8.46524e-22
475 1.58242e-21
475 1.80995e-05
475 4.12422e-09
475 1.71729e-22
475 1.26204e-132
475 0.000181896
475 1.58242e-21
475 4.22274e-08
475 3.18614e-06
475 0
475 2.12877e-55
475 8.47661e-07
475 6.71845e-07
475 9.10605e-07
475 0
475 3.51022e-27
475 2.05151e-07
0 1.79478e-21
475 1.58242e-21
475 9.20211e-58
475 1.83345e-117
475 2.67886e-37
475 6.20073e-06
475 1.61362e-90
475 4.90245e-70
475 2.45296e-52
475 3.41121e-32
475 2.62193e-34
475 1.65875e-40
475 9.53927e-62
475 2.05284e-21
475 2.22037e-11
475 1.01919e-09
475 2.98233e-36
475 5.18258e-07
0 1.63726e-21
475 1.58242e-21
475 1.32707e-12
475 2.74766e-10
475 2.62684e-20
475 1.04752e-15
475 0.0002
475 1.58242e-21
475 6.60383e-07
475 2.32165e-07
341 1.09686e-21
475 1.58242e-21
475 8.59816e-78
475 1.43096e-05
281 1.03566e-21
475 1.58242e-21
475 9.66633e-24
475 7.05043e-51
475 6.42007e-07
252 1.13377e-21
475 1.58242e-21
475 8.23983e-54
475 1.89903e-128
475 3.99909e-09
475 6.36853e-18
475 1.19441e-41
475 6.89563e-21
475 5.46534e-53
475 4.30373e-48
475 3.20275e-24
475 6.33267e-53
475 3.19672e-97
475 9.01858e-179
475 1.49094e-08
475 1.28469e-32
475 1.01592e-10
475 4.94007e-20
475 7.06669e-25
475 2.31857e-21
475 1.25825e-08
475 5.51113e-05
475 0.000103294
475 1.37168e-05
475 9.36044e-06
475 1.23239e-05
475 6.16245e-06
475 1.58242e-21
475 7.24952e-12
475 0.0002
475 1.58242e-21
475 2.99923e-67
475 1.29824e-105
475 2.97401e-11
475 7.97687e-16
475 8.95603e-08
185 1.2785e-21
475 1.58242e-21
475 8.11245e-05
475 1.0023e-05
475 6.37208e-06
475 1.53083e-05
475 2.6734e-05
475 1.56769e-05
475 3.04402e-06
475 2.16928e-05
475 1.2638e-05
475 7.3863e-06
475 1.58242e-21
475 3.12729e-46
475 4.13925e-06
171 1.39527e-21
475 1.58242e-21
475 1.38641e-46
475 1.88906e-08
475 0.000199981
475 1.58242e-21
475 7.36066e-08
475 6.16262e-08
347 1.10911e-21
