475 6.12847e-21
475 0.00104497
475 0.000464409
475 0.000484341
475 0.000201546
475 1.66944e-06
475 2.91577e-14
475 1.17994e-07
475 1.06956e-06
475 0.000514166
475 2.13607e-17
475 2.77226e-28
475 1.01311e-48
475 4.04274e-08
475 2.30372e-34
475 5.05684e-17
475 5.87397e-06
475 1.65646e-42
475 6.49975e-38
475 7.04502e-18
475 1.86759e-19
475 1.72472e-11
475 2.32712e-63
475 1.11634e-43
475 4.10208e-10
475 9.50896e-12
475 8.84365e-30
475 2.96999e-16
475 1.86336e-07
475 6.55154e-18
475 4.19896e-08
475 1.29063e-13
475 0.000264418
475 5.58661e-06
475 7.76827e-06
475 3.7931e-06
