475 1.65295e-20
475 0.1
475 1.65295e-20
475 0.0615536
475 0.0384464
475 1.65295e-20
475 0.093218
475 0.00678203
475 1.65295e-20
475 0.0961114
475 0.00388862
475 1.65295e-20
475 0.0842102
475 0.0157898
475 1.65295e-20
475 0.0718256
475 0.0281744
475 1.65295e-20
475 0.1
475 1.65295e-20
475 0.1
475 1.65295e-20
475 0.0912022
475 0.00879781
475 1.65295e-20
475 0.1
475 1.65295e-20
475 0.0909243
475 0.00907567
475 1.65295e-20
475 0.0962286
475 0.00377142
475 1.65295e-20
475 0.1
475 1.65295e-20
475 0.1
475 1.65295e-20
475 0.0720208
475 0.0191696
475 0.00880964
475 1.65295e-20
475 0.0914971
475 0.00850291
475 1.65295e-20
475 0.0487988
475 0.043233
475 0.00796816
475 1.65295e-20
475 0.0886511
475 0.0113489
475 1.65295e-20
475 0.0926608
475 0.00733916
475 1.65295e-20
475 0.1
475 1.65295e-20
475 0.1
475 1.65295e-20
475 0.0827109
475 0.0172891
475 1.65295e-20
475 0.0953831
475 0.00461686
475 1.65295e-20
475 0.0710563
475 0.0289437
475 1.65295e-20
475 0.1
475 1.65295e-20
475 0.1
475 1.65295e-20
475 0.1
475 1.65295e-20
475 0.1
475 1.65295e-20
475 0.1
475 1.65295e-20
475 0.1
475 1.65295e-20
475 0.0439072
475 0.0322001
475 0.00602172
475 0.017871
475 1.65295e-20
475 0.1
475 1.65295e-20
475 0.0486055
475 0.0368158
475 0.0145788
475 1.65295e-20
475 0.1
475 1.65295e-20
475 0.0333854
475 0.0666146
475 1.65295e-20
475 0.0514051
475 0.0485949
475 1.65295e-20
475 0.0613325
475 0.00805667
475 0.0306108
475 1.65295e-20
475 0.1
475 1.65295e-20
475 0.0343003
475 0.0656997
475 1.65295e-20
475 0.0585195
475 0.0414805
475 1.65295e-20
475 0.1
475 1.65295e-20
475 0.1
475 1.65295e-20
475 0.1
475 1.65295e-20
475 0.1
475 1.65295e-20
475 0.1
475 1.65295e-20
475 0.0277606
475 0.0671797
475 0.0050597
475 1.65295e-20
475 0.1
475 1.65295e-20
475 0.1
475 1.65295e-20
475 0.094714
475 0.00528596
475 1.65295e-20
475 0.1
475 1.65295e-20
475 0.1
475 1.65295e-20
475 0.1
475 1.65295e-20
475 0.1
475 1.65295e-20
475 0.0640643
475 0.0329031
475 0.00303257
475 1.65295e-20
475 0.1
475 1.65295e-20
475 0.0661866
475 0.0338134
475 1.65295e-20
475 0.0823042
475 0.0176958
475 1.65295e-20
475 0.0992387
475 0.000761347
475 1.65295e-20
475 0.1
475 1.65295e-20
475 0.1
475 1.65295e-20
475 0.1
475 1.65295e-20
475 0.1
475 1.65295e-20
475 0.1
475 1.65295e-20
475 0.0938284
475 0.00617159
475 1.65295e-20
475 0.0990225
475 0.000977546
475 1.65295e-20
475 0.1
475 1.65295e-20
475 0.1
475 1.65295e-20
475 0.0745483
475 0.00904306
475 0.0164087
475 1.65295e-20
475 0.1
475 1.65295e-20
475 0.1
475 1.65295e-20
475 0.0872319
475 0.0127681
475 1.65295e-20
475 0.1
475 1.65295e-20
475 0.0880317
475 0.0119683
475 1.65295e-20
475 0.0563182
475 0.0132398
475 0.00440576
475 0.0260362
475 1.65295e-20
475 0.0499855
475 0.0264735
475 0.0235409
475 1.65295e-20
475 0.1
475 1.65295e-20
475 0.0713328
475 0.010659
475 0.0180082
475 1.65295e-20
475 0.0989804
475 0.0010196
475 1.65295e-20
475 0.0764332
475 0.0235668
475 1.65295e-20
475 0.0712715
475 0.0287285
475 1.65295e-20
475 0.0983843
475 0.00161569
475 1.65295e-20
475 0.1
475 1.65295e-20
475 0.1
475 1.65295e-20
475 0.1
475 1.65295e-20
475 0.1
475 1.65295e-20
475 0.077502
475 0.000488003
475 0.0184328
475 0.00357716
475 1.65295e-20
475 0.1
475 1.65295e-20
475 0.1
475 1.65295e-20
475 0.0568169
475 0.0431831
475 1.65295e-20
475 0.077659
475 0.00913318
475 0.0132078
475 1.65295e-20
475 0.1
475 1.65295e-20
475 0.1
475 1.65295e-20
475 0.1
475 1.65295e-20
475 0.1
475 1.65295e-20
475 0.0648428
475 0.0351572
475 1.65295e-20
475 0.1
475 1.65295e-20
475 0.0613156
475 0.0386844
475 1.65295e-20
475 0.0586517
475 0.0413483
475 1.65295e-20
475 0.0990893
475 0.000910724
475 1.65295e-20
475 0.1
