0 -1
475 1
0 -1
475 1
0 -1
445 1
0 -1
195 1
0 -1
475 1
0 -1
252 1
0 -1
475 1
0 -1
365 1
0 -1
319 1
0 -1
475 1
0 -1
475 1
0 -1
475 1
0 -1
341 1
0 -1
412 1
0 -1
475 1
0 -1
271 1
0 -1
219 1
0 -1
475 1
0 -1
475 1
0 -1
475 1
0 -1
475 1
0 -1
433 1
0 -1
439 1
0 -1
320 1
0 -1
83 1
0 -1
265 1
0 -1
475 1
0 -1
264 1
0 -1
475 1
0 -1
0 1
0 -1
475 1
0 -1
475 1
0 -1
0 1
0 -1
475 1
0 -1
475 1
0 -1
475 1
0 -1
366 1
0 -1
475 1
0 -1
179 1
0 -1
475 1
0 -1
353 1
0 -1
475 1
0 -1
302 1
0 -1
412 1
0 -1
475 1
0 -1
378 1
0 -1
422 1
0 -1
475 1
0 -1
195 1
0 -1
475 1
0 -1
475 1
0 -1
475 1
0 -1
0 1
0 -1
0 1
0 -1
475 1
0 -1
475 1
0 -1
475 1
0 -1
475 1
0 -1
475 1
0 -1
241 1
0 -1
268 1
0 -1
453 1
0 -1
475 1
0 -1
475 1
0 -1
475 1
0 -1
105 1
0 -1
475 1
0 -1
475 1
0 -1
475 1
0 -1
183 1
0 -1
340 1
0 -1
475 1
0 -1
475 1
0 -1
475 1
0 -1
475 1
0 -1
475 1
0 -1
463 1
0 -1
435 1
0 -1
475 1
0 -1
432 1
0 -1
445 1
0 -1
475 1
0 -1
475 1
0 -1
475 1
0 -1
340 1
0 -1
286 1
0 -1
475 1
0 -1
203 1
0 -1
475 1
0 -1
162 1
0 -1
206 1
0 -1
131 1
0 -1
475 1
0 -1
0 1
0 -1
217 1
0 -1
475 1
0 -1
475 1
0 -1
475 1
0 -1
386 1
0 -1
465 1
