475 1.11889e-21
475 7.1212e-05
475 1.4755e-05
475 9.53328e-06
475 4.49974e-06
475 1.11889e-21
475 4.65016e-05
475 2.23255e-05
475 1.14952e-05
475 9.17208e-06
475 1.22566e-06
475 9.27999e-06
475 1.11889e-21
475 4.01137e-05
475 2.88538e-05
475 1.84075e-05
475 5.52312e-06
475 2.29798e-07
394 1.63891e-22
475 1.11889e-21
475 4.10203e-05
475 2.81121e-05
475 1.70872e-05
475 5.50706e-06
475 8.27334e-06
475 1.11889e-21
475 2.71516e-05
475 3.37632e-05
475 1.71677e-05
475 1.12538e-05
475 5.83377e-06
475 8.62694e-07
452 1.30681e-22
475 1.11889e-21
475 3.08667e-05
475 6.08627e-06
475 1.76804e-05
475 1.12869e-05
475 1.55974e-05
475 9.26463e-06
475 9.21764e-06
475 1.11889e-21
475 3.92825e-05
475 2.41676e-05
475 2.25079e-05
475 4.09172e-06
475 1.37823e-07
0 3.75495e-22
475 1.11889e-21
475 2.16732e-05
475 2.4957e-05
475 6.98635e-06
475 5.72994e-07
475 1.58169e-05
475 5.59481e-06
475 1.15051e-05
475 2.80033e-06
475 3.60138e-07
475 9.73307e-06
475 1.11889e-21
475 4.74059e-05
475 3.26379e-05
475 3.69132e-06
475 8.45914e-06
475 1.41816e-07
287 2.4186e-22
475 1.11889e-21
475 4.17037e-05
475 8.77178e-06
475 2.06016e-06
475 3.06809e-07
475 2.02557e-05
475 4.1897e-06
475 8.04326e-06
475 5.95685e-06
475 6.49873e-07
431 1.72281e-22
