475 5.00382e-21
475 0.000301603
475 0.0016984
475 5.00382e-21
475 0.002
475 5.00382e-21
475 0.000406014
475 0.000399538
475 7.79672e-08
475 5.95605e-05
475 0.000239953
475 5.83883e-06
475 7.36837e-14
475 0.000889017
475 5.00382e-21
475 0.000432627
475 0.000380519
475 4.28239e-07
475 0.00118643
475 5.00382e-21
475 7.32835e-05
475 3.30139e-07
475 5.72869e-05
276 3.42267e-21
475 5.00382e-21
475 0.000681633
475 1.19708e-08
475 0.000111844
475 9.40665e-05
475 4.89053e-05
475 1.18745e-05
475 3.62516e-14
475 3.75136e-07
475 0.000271701
475 0.000779589
475 5.00382e-21
475 0.00197505
475 5.98907e-06
475 6.04683e-06
475 3.85063e-06
475 9.06105e-06
475 5.00382e-21
475 0.000154896
475 0.0018451
475 5.00382e-21
475 0.000683624
475 0.000810051
475 0.000506325
475 5.00382e-21
475 0.000192659
475 0.00045106
475 8.65483e-09
475 0.00135627
475 5.00382e-21
475 2.32726e-05
475 7.70687e-07
475 0.000518614
475 1.06847e-05
475 0.000177705
475 0.00106811
475 2.21988e-06
475 9.93339e-84
475 1.34893e-21
475 6.16647e-36
475 9.62193e-29
475 1.52826e-07
475 2.56664e-13
475 1.74383e-68
475 6.68246e-63
475 2.66038e-46
475 3.85923e-19
475 1.85779e-14
475 1.17213e-145
475 2.85613e-59
475 9.12221e-08
475 7.96215e-13
475 1.10985e-64
475 1.83246e-16
475 2.80747e-09
475 1.14491e-35
475 4.3545e-88
475 2.13277e-33
475 2.12507e-41
475 1.51089e-08
475 3.99626e-05
475 1.46295e-05
475 5.56125e-05
475 3.02537e-05
475 2.75438e-05
475 1.67535e-05
475 7.66732e-07
475 4.74838e-07
475 2.32863e-06
475 1.0036e-05
475 5.00382e-21
475 8.84938e-05
475 9.15322e-05
471 3.1121e-21
475 5.00382e-21
475 0.000684015
475 0.00131599
475 5.00382e-21
475 0.000806503
475 2.20362e-13
475 0.000136653
475 1.66758e-06
475 5.95713e-05
475 3.66729e-06
475 2.44545e-11
475 2.53887e-09
475 0.00060775
475 9.15602e-07
475 0.000383269
475 5.00382e-21
475 1.78832e-08
475 3.41725e-05
475 0.000282637
475 0.00126304
475 3.06844e-05
475 1.60698e-27
475 2.85828e-07
475 3.22653e-05
475 1.80028e-50
475 0.0003569
475 5.00382e-21
475 7.3549e-05
475 0.00146515
475 5.54649e-05
475 2.17058e-39
475 9.23347e-06
475 5.02746e-20
475 1.83346e-05
475 3.99925e-13
475 1.34426e-21
475 1.40647e-07
475 4.15488e-14
475 2.45264e-13
475 2.1805e-10
475 2.96094e-34
475 3.28326e-17
475 7.77378e-24
475 4.9713e-05
475 2.35674e-08
475 0.000328391
475 5.00382e-21
475 0.000815788
475 0.00118421
475 5.00382e-21
475 0.000884904
475 1.32814e-11
475 2.00708e-09
475 4.76396e-12
0 4.19689e-21
475 5.00382e-21
475 7.67186e-05
475 0.000188972
475 0.00012753
475 0.000375453
475 4.08648e-06
475 2.24637e-07
475 6.92969e-05
475 4.1839e-05
475 1.86059e-05
475 1.90385e-05
475 2.06569e-05
475 2.9561e-06
475 0.000464084
475 1.53084e-18
475 2.96627e-09
475 0.000590535
475 5.00382e-21
475 7.41215e-06
475 0.000856396
475 1.17386e-11
475 1.15776e-07
475 6.21687e-06
475 0.000137716
475 9.62898e-12
475 2.52926e-07
475 3.38649e-08
475 3.35507e-05
475 0.000408093
475 0.000550213
475 5.00382e-21
475 0.00178928
475 3.40084e-64
475 9.6423e-23
475 1.88232e-48
475 2.22547e-67
475 9.5509e-54
475 5.2975e-23
475 6.22837e-30
475 1.1631e-27
475 9.94705e-12
475 1.58864e-44
475 2.10366e-75
475 1.13015e-15
475 1.58953e-60
475 1.65068e-08
475 3.78931e-11
475 1.46596e-33
475 1.25199e-47
475 1.38953e-18
475 1.69689e-17
475 1.44701e-08
475 0.000168838
475 8.57953e-06
475 9.94115e-07
475 4.51293e-07
475 3.05706e-06
475 5.75895e-06
475 9.00888e-06
475 1.74053e-06
475 6.02718e-06
475 6.22855e-06
475 5.00382e-21
475 0.00022
475 3.01671e-05
266 3.28921e-21
475 5.00382e-21
475 2.9438e-05
475 0.00022931
475 1.03378e-07
0 5.05806e-21
475 5.00382e-21
475 0.000955199
475 8.70725e-06
475 2.88945e-06
475 4.1038e-13
475 4.86377e-07
475 0.00010141
475 1.29428e-05
475 1.08501e-06
475 1.0127e-07
475 2.9011e-05
475 2.28045e-11
475 1.11044e-10
475 4.47967e-11
475 0.000525971
475 1.05418e-06
475 2.77214e-26
475 0.000361142
475 5.00382e-21
475 0.002
475 5.00382e-21
475 0.000176179
475 0.00108263
475 1.06059e-05
475 0.000730585
475 5.00382e-21
475 0.002
475 5.00382e-21
475 0.00123058
475 0.00024958
475 2.47697e-06
475 0.000139316
475 1.49244e-18
475 0.000378043
475 5.00382e-21
475 0.00014769
475 3.82559e-05
475 9.153e-08
273 3.45757e-21
475 5.00382e-21
475 0.002
475 5.00382e-21
475 0.000180276
475 0.000258239
475 2.50084e-06
475 9.51226e-05
475 5.09861e-06
475 0.00145876
475 5.00382e-21
475 0.00102923
475 2.96781e-05
475 5.52462e-05
475 1.13645e-13
475 3.17992e-07
475 7.32369e-09
475 2.3291e-08
475 0.000795178
475 2.83515e-05
475 1.00158e-05
475 3.25174e-05
475 9.98786e-06
475 8.02577e-06
215 1.02443e-22
475 5.00382e-21
475 3.96313e-05
475 8.71425e-05
475 0.00187323
475 5.00382e-21
475 0.000478326
475 0.000261416
475 0.000198104
475 0.00016957
475 1.13349e-06
475 1.38168e-05
475 5.00383e-05
475 3.88317e-10
475 2.16203e-05
475 1.92093e-14
475 5.5318e-10
475 3.62715e-07
475 2.13928e-11
475 0.000805611
475 5.00382e-21
475 5.81151e-06
475 0.000144897
475 0.000268011
475 5.40705e-12
453 2.71528e-21
475 5.00382e-21
475 0.00129609
475 1.56107e-12
475 7.21663e-07
475 0.000445447
475 2.72146e-11
475 1.0197e-15
475 1.74304e-12
475 6.20679e-33
475 8.65287e-10
475 4.3907e-17
475 3.57777e-21
475 6.99532e-37
475 0.000257742
475 5.00382e-21
475 1.25417e-05
475 9.87093e-05
475 0.000319369
475 8.65189e-05
475 0.000812432
475 1.58811e-13
475 0.000670429
475 5.00382e-21
475 4.70118e-09
475 0.002
475 5.00382e-21
475 0.000404095
475 7.5232e-05
475 0.00152067
475 5.00382e-21
475 0.000130333
475 2.21214e-05
475 0.00184755
475 5.00382e-21
475 4.73784e-05
475 6.71086e-06
475 1.67828e-05
0 5.32678e-21
475 5.00382e-21
475 0.0004652
475 0.0015348
475 5.00382e-21
475 6.29907e-06
475 0.000256646
475 0.00173705
475 5.00382e-21
475 0.000567456
475 2.5131e-07
475 2.74707e-06
475 0.00142955
475 5.00382e-21
475 0.000367144
475 0.000693729
475 1.00286e-05
475 0.000510622
475 3.40723e-07
475 3.71631e-14
475 0.000418135
475 5.00382e-21
475 4.00696e-05
475 0.00195993
475 5.00382e-21
475 1.16169e-05
475 1.63435e-05
475 0.000556157
475 0.00111868
475 2.00555e-07
475 5.84258e-11
475 2.12152e-14
475 4.63351e-07
475 4.66772e-32
475 2.02878e-31
475 0.000117598
475 1.83118e-58
475 0.000178941
475 5.00382e-21
475 5.14497e-06
475 5.85935e-05
475 0.00136328
475 6.56402e-08
475 5.91611e-08
475 6.20692e-11
475 3.6813e-11
475 1.26008e-08
475 0.00057284
475 5.00382e-21
475 0.000596245
475 7.25268e-05
475 3.16877e-06
288 2.78928e-21
475 5.00382e-21
475 3.72039e-07
475 0.00071064
475 0.000413217
475 0.000875771
475 5.00382e-21
475 0.00118668
475 0.000637531
475 3.97695e-22
475 0.000175794
475 5.00382e-21
475 0.000377126
475 0.00162287
475 5.00382e-21
475 3.83364e-05
475 0.000463001
475 0.000174386
475 0.000160413
475 2.3342e-13
136 3.53123e-21
475 5.00382e-21
475 0.00121518
475 3.27268e-06
475 4.25177e-08
475 5.40413e-05
475 4.55129e-17
475 0.00031507
475 5.54262e-19
475 5.96595e-07
475 9.7228e-31
475 1.25711e-43
475 2.87014e-07
475 4.27e-17
475 7.00001e-28
475 8.38801e-19
475 7.59844e-18
475 0.000385831
475 1.90173e-06
475 1.20155e-05
475 4.47813e-06
475 7.28414e-06
475 5.00382e-21
475 0.002
475 5.00382e-21
475 0.00153936
475 2.52639e-07
475 7.51917e-31
475 1.35998e-09
475 1.44598e-05
0 2.44973e-21
475 5.00382e-21
475 1.32776e-05
475 0.000244374
475 0.000107951
475 3.92672e-07
234 3.30662e-21
475 5.00382e-21
475 0.002
475 5.00382e-21
475 0.00049192
475 4.02034e-06
475 8.07083e-10
233 3.51091e-21
475 5.00382e-21
475 4.39532e-06
475 6.20898e-05
475 0.000251516
475 0.00018707
248 3.07314e-21
475 5.00382e-21
475 7.52138e-05
475 1.12145e-65
156 4.42798e-21
475 5.00382e-21
475 6.46577e-05
475 0.000799101
475 5.67406e-07
475 1.80669e-08
475 4.36838e-06
439 2.19522e-21
475 5.00382e-21
475 0.000382265
475 0.00161773
475 5.00382e-21
475 0.000142723
475 0.000265051
475 0.000436533
475 0
475 1.05197e-06
475 4.27622e-11
475 0
475 0.000170457
475 0.000984184
475 5.00382e-21
475 0.000898446
475 4.67346e-09
475 3.7769e-06
475 8.64028e-05
475 6.82715e-09
475 5.29997e-07
475 1.361e-07
475 2.92503e-05
475 0.000178186
475 1.7671e-08
475 2.24654e-07
475 1.07752e-05
475 1.91939e-06
475 1.10136e-06
475 0.000328522
475 0.000304541
475 6.40642e-05
475 4.67076e-05
475 2.09599e-05
475 1.31131e-05
475 7.37563e-06
475 3.93832e-06
475 5.00382e-21
475 8.87886e-06
475 0.00194926
475 7.06194e-06
475 2.33384e-05
475 2.77477e-07
475 6.13958e-06
475 5.04345e-06
475 5.00382e-21
475 6.03689e-05
475 0.00193963
475 5.00382e-21
475 0.00114561
475 0.000193466
475 0.000418
475 2.28737e-25
475 2.23888e-06
475 9.03547e-24
475 2.09619e-26
475 1.16823e-17
475 2.08255e-29
475 1.66121e-18
475 9.73904e-10
475 1.66909e-09
475 3.29156e-06
475 2.57013e-20
475 5.72695e-28
475 1.09383e-14
475 5.3835e-79
475 0.000237391
475 5.00382e-21
475 0.000683476
475 3.73481e-05
337 2.43504e-21
475 5.00382e-21
475 5.27102e-07
475 0.000353121
475 0.00164635
475 5.00382e-21
475 0.002
475 5.00382e-21
475 0.000167209
475 0.00018695
475 0.000258602
475 2.2762e-05
475 0
475 0.00136448
475 5.00382e-21
475 0.000200037
475 0.000433872
475 2.98353e-05
475 0.000355849
475 2.2254e-05
475 4.03714e-05
475 1.10844e-09
475 1.0808e-05
475 0.00039854
475 1.26902e-11
475 3.40561e-09
475 9.73594e-06
475 1.15527e-07
475 8.04698e-20
475 1.28801e-09
475 7.09472e-05
475 3.4838e-19
475 3.08486e-34
475 1.19447e-16
475 7.70652e-10
475 2.4918e-16
475 3.74849e-08
475 5.14682e-07
475 1.83267e-12
475 0.000136538
475 6.24206e-11
475 1.23009e-41
475 0.000290538
475 5.00382e-21
475 5.6841e-05
475 0.00194316
475 5.00382e-21
475 0.00040447
475 4.95921e-08
475 0.000326691
475 1.71033e-06
475 5.61084e-06
475 4.06615e-19
355 2.32997e-21
475 5.00382e-21
475 0.002
475 5.00382e-21
475 0.002
475 5.00382e-21
475 0.00064072
475 0.000985711
475 7.28017e-14
475 0.000373569
475 5.00382e-21
475 0.002
475 5.00382e-21
475 0.000117719
475 0.000130877
475 6.06626e-05
408 2.509e-21
475 5.00382e-21
475 5.28867e-09
475 0.000674153
475 0.00127662
475 1.08214e-05
475 8.65463e-06
475 9.40264e-07
475 1.40448e-05
475 4.70296e-06
475 2.7015e-06
475 7.35934e-06
475 5.00382e-21
475 0.000320388
475 0.000363028
475 0
475 1.35489e-06
475 0.0012432
475 4.2559e-05
475 1.12872e-05
475 1.04087e-05
475 1.32414e-06
351 1.8828e-22
475 5.00382e-21
475 0.00174638
475 8.15829e-42
475 2.2556e-07
475 6.56653e-05
475 1.54865e-38
475 3.06368e-28
475 4.23015e-11
475 2.74711e-17
475 8.76976e-47
475 5.78426e-10
475 1.17699e-25
475 2.07893e-06
475 1.46874e-87
475 2.99831e-05
475 7.26006e-05
475 2.58369e-05
475 8.18521e-06
475 1.76659e-05
475 5.87664e-06
475 1.81442e-05
475 7.35833e-06
475 5.00382e-21
475 0.000503961
475 0.00072832
259 2.27082e-21
475 5.00382e-21
475 0.00066305
475 0.000574049
475 4.49893e-05
475 1.82586e-08
475 5.84982e-06
475 2.22256e-11
475 1.83296e-11
475 5.24929e-07
475 1.7022e-06
475 0.000709817
475 5.00382e-21
475 0.000151497
475 0.000193476
475 0.00125263
475 0.00017634
475 1.41506e-14
475 5.84824e-12
475 3.51891e-13
475 5.33453e-05
475 4.05172e-38
475 6.43393e-16
475 1.53751e-30
475 2.45456e-22
475 2.77216e-54
475 1.8695e-12
475 1.04027e-32
475 2.20097e-21
475 1.39105e-26
475 2.30285e-100
475 1.77857e-83
475 5.05277e-38
475 7.51087e-11
475 5.8758e-126
475 1.5205e-07
475 9.46777e-19
475 1.75371e-134
475 3.7823e-09
475 8.26403e-38
475 3.12561e-23
475 4.50098e-46
475 1.83482e-25
475 4.68497e-05
475 5.84044e-05
475 1.16166e-05
475 8.03627e-06
475 2.20241e-05
475 2.56271e-05
475 5.00382e-21
475 0.000220012
475 0.00109788
475 2.52876e-09
475 1.12311e-06
475 6.04349e-08
475 2.35175e-21
475 0.000680922
475 5.00382e-21
475 0.000157648
475 0.000344988
475 0.00135093
475 6.47963e-05
475 5.37821e-05
475 1.36351e-05
475 2.47083e-06
475 3.36641e-06
475 8.37854e-06
475 5.00382e-21
475 0.0013688
475 2.5218e-08
475 1.46976e-09
475 6.01406e-07
475 0.000630572
475 5.00382e-21
475 0.000719776
475 9.84443e-05
475 6.89602e-06
475 1.65429e-09
475 1.26459e-06
475 1.30992e-05
475 0.000687881
475 2.19863e-21
475 1.48445e-06
475 7.53842e-13
475 2.24288e-09
475 4.5282e-16
475 4.92627e-40
475 1.7959e-12
475 9.36253e-24
475 1.17862e-07
475 2.04324e-08
475 1.4451e-12
475 0.000108522
475 1.25374e-11
475 0.000301611
475 3.17723e-05
475 4.14693e-07
475 1.22115e-05
475 1.64792e-05
475 5.00382e-21
475 3.76438e-06
475 0.000323652
475 0.00167258
475 5.00382e-21
475 0.000478881
475 2.11345e-17
256 3.73637e-21
475 5.00382e-21
475 9.17219e-06
475 0.000132104
475 0.00185872
475 5.00382e-21
475 8.98063e-06
475 0.000103391
475 1.46137e-06
475 4.48517e-08
431 3.3333e-21
475 5.00382e-21
475 0.000102687
475 0.000142348
475 0.000303959
475 0.000576146
475 4.96025e-09
475 8.52565e-17
475 3.89149e-12
475 9.47057e-09
475 5.31851e-09
475 1.27549e-13
475 1.10974e-05
475 4.23385e-06
475 9.93609e-07
475 2.26874e-09
475 9.50816e-08
475 1.10158e-08
475 0.000132082
475 0.000184411
475 1.31206e-08
475 0.000541901
475 5.00382e-21
475 0.00155572
475 1.25849e-11
475 1.06167e-06
475 3.56723e-11
475 2.60816e-09
475 2.6587e-43
475 1.19456e-08
475 7.86379e-14
475 2.69824e-34
475 3.75664e-17
475 1.62507e-30
475 7.30558e-05
475 3.53446e-06
475 1.50762e-05
475 1.69041e-23
475 1.61528e-21
475 0.000351539
475 5.00382e-21
475 0.000592492
475 0.000308534
475 0.00020625
475 3.21427e-07
475 0.000227915
475 0.000664488
475 5.00382e-21
475 0.000711212
475 3.42323e-74
236 3.16295e-21
475 5.00382e-21
475 0.000879189
475 0.000491747
475 7.78894e-25
475 1.91976e-11
475 6.46323e-15
475 4.759e-07
475 6.72559e-19
475 8.44891e-08
475 0.000237308
475 8.70845e-09
475 7.58371e-30
475 4.0403e-05
475 7.80542e-15
475 6.87337e-09
475 9.97654e-12
475 1.1709e-06
475 2.3112e-10
475 2.29854e-05
475 9.07589e-25
475 1.16976e-13
475 4.0615e-08
475 1.01511e-48
475 2.48933e-20
475 2.07656e-14
475 8.71983e-14
475 1.22914e-09
475 6.11853e-06
475 4.10249e-24
475 4.9898e-06
475 3.64364e-07
475 4.53592e-06
475 7.437e-13
475 2.47853e-36
475 1.23128e-12
475 1.61065e-70
475 1.94461e-13
475 1.79571e-65
475 5.10035e-11
475 7.44343e-06
475 7.90679e-31
475 4.03281e-28
475 1.05464e-16
475 1.69809e-47
475 7.61806e-13
475 1.39596e-12
475 4.54705e-08
475 5.00507e-59
475 1.52471e-11
475 5.76157e-42
475 1.34846e-37
475 4.60214e-19
475 1.64644e-08
475 4.19485e-12
475 2.22212e-09
475 9.70558e-08
475 4.50498e-06
475 3.09752e-08
475 7.5711e-05
475 1.90002e-53
475 2.19484e-78
475 3.59781e-27
475 5.32619e-23
475 1.53637e-11
475 9.25293e-48
475 2.30075e-20
475 1.05381e-06
475 9.12801e-06
475 2.7611e-27
475 2.98917e-23
475 4.60527e-88
475 2.39612e-27
475 2.75511e-30
475 2.44542e-28
475 1.55803e-18
475 1.6037e-174
475 3.32526e-11
475 2.63678e-27
475 2.10616e-22
475 1.44016e-05
475 6.26101e-32
475 3.28001e-13
475 7.61592e-141
475 6.63895e-47
475 2.98069e-49
475 1.89818e-33
475 1.87006e-06
475 2.15687e-26
475 1.91872e-24
475 1.22458e-19
475 1.15531e-12
475 4.31266e-26
475 4.80396e-150
475 1.76605e-76
475 2.64301e-09
475 8.81799e-41
475 6.40766e-47
475 2.21667e-23
475 4.06071e-09
475 4.94979e-20
475 6.71687e-11
475 6.00438e-20
475 4.28977e-15
475 3.31305e-71
475 2.08736e-199
475 2.05244e-13
475 2.30358e-61
475 4.34226e-11
475 1.90176e-171
475 2.20097e-15
475 7.80606e-27
475 1.93728e-12
475 9.25253e-31
475 1.0965e-29
475 3.52396e-32
475 1.06853e-34
475 1.14983e-06
475 1.43115e-63
475 1.77428e-80
475 1.11968e-05
475 1.07692e-07
475 2.1968e-27
475 1.19165e-08
475 3.65475e-44
475 7.18146e-51
475 6.21714e-20
475 4.4813e-09
475 0.000183788
475 5.00382e-21
475 0.00160177
475 4.04505e-13
475 6.25205e-22
475 2.05359e-07
475 2.75066e-22
475 1.8038e-06
475 5.83233e-18
475 2.87561e-19
475 3.29846e-05
475 3.99634e-07
475 2.91306e-24
475 1.175e-16
475 4.07818e-22
475 1.53166e-08
475 3.70198e-65
475 2.58913e-37
475 2.27626e-11
475 7.78843e-26
475 6.92552e-07
475 0.000362125
