507 -13
507 13
482 -13
482 13
505 -13
505 13
475 -13
475 13
483 1
483 -1
483 -13
483 13
475 -13
475 13
483 1
483 -1
475 1
475 -1
475 1
476 -1
475 1
475 -1
475 1
475 -1
477 -12
477 12
477 -1
477 1
510 1
511 -1
503 1
503 -1
497 -13
497 13
495 -13
495 13
514 -13
514 13
475 -13
475 13
514 -13
514 13
513 -13
513 13
510 1
510 -1
489 -13
489 13
495 1
495 -1
495 1
495 -1
490 1
490 -1
504 -13
504 13
506 -13
506 13
519 1
519 -1
518 1
518 -1
497 -13
497 13
504 -13
504 13
475 -13
475 13
515 -13
515 13
514 1
514 -1
522 1
522 -1
505 -13
505 13
512 -13
512 13
515 1
515 -1
500 -13
500 13
498 -13
498 13
512 -13
512 13
520 1
520 -1
519 1
519 -1
517 1
835 -1
517 1
516 -1
485 -13
485 13
494 -13
494 13
518 -13
518 13
482 -13
482 13
484 -13
484 13
476 1
476 -1
475 1
475 -1
483 -13
483 13
496 -13
496 13
495 1
495 -1
505 -13
505 13
500 -13
500 13
516 -13
516 13
485 -13
485 13
524 -13
524 13
485 -13
485 13
505 -13
505 13
491 -13
491 13
491 -13
491 13
503 -13
503 13
497 1
497 -1
497 1
497 -1
497 1
497 -1
479 -13
479 13
524 -12
524 12
524 -1
524 1
492 1
490 -1
491 1
491 -1
491 1
491 -1
515 -13
515 13
475 -13
475 13
491 -13
491 13
509 -13
509 13
483 -13
483 13
491 -13
491 13
483 1
483 -1
480 1
480 -1
491 -13
491 13
498 -13
498 13
509 1
509 -1
476 1
476 -1
481 1
481 -1
489 1
489 -1
489 1
489 -1
496 1
496 -1
503 -13
503 13
499 -13
499 13
484 -13
484 13
491 -13
491 13
491 -13
491 13
