475 0
525 0
850 0
1149 0
475 0
525 0
850 0
1149 0
475 0
525 0
850 0
1149 0
475 0
487 0
487 0.569358
487 0
489 0
507 0
475 0
352 0
496 0
575 0
487 0.0441238
475 0
525 0
850 0
1149 0
475 0
525 0
850 0
1149 0
475 0
475 0
475 0
298 0
475 1.09423
475 0
516 0
516 0.498694
518 0
519 0
525 0
688 0
518 0
511 0
437 0
518 0.177373
518 0.0749278
525 0
626 0
500 0
363 0
519 0.039792
518 0.152717
475 0
509 0
509 0.421258
513 0
549 0
525 0
850 0
1077 0
509 0
514 0
565 0
509 0.779862
508 0.651388
508 0.32734
506 0
482 0
475 0
525 0
850 0
1149 0
