476 -13
476 13
500 -13
500 13
522 -13
522 13
495 -13
495 13
513 -13
513 13
516 -13
516 13
516 -13
516 13
490 -13
490 13
485 -13
485 13
487 -13
487 13
490 -13
490 13
496 -13
496 13
497 -13
497 13
506 -13
506 13
506 -13
506 13
500 -13
500 13
494 -13
494 13
510 -13
510 13
515 -13
515 13
506 -13
506 13
477 -13
477 13
489 -13
489 13
490 -13
490 13
479 -13
479 13
508 -13
508 13
486 -13
486 13
482 -13
482 13
478 -13
478 13
478 -13
478 13
493 -13
493 13
511 -13
511 13
496 -13
496 13
489 -13
489 13
481 -13
481 13
478 -13
478 13
516 -13
516 13
476 -13
476 13
483 -13
483 13
497 -13
497 13
485 -13
485 13
475 -13
475 13
479 -13
479 13
481 -13
481 13
500 -13
500 13
520 -13
520 13
477 -13
477 13
476 -13
476 13
476 -13
476 13
524 -13
524 13
505 -13
505 13
505 -13
505 13
482 -13
482 13
509 -13
509 13
518 -13
518 13
477 -13
477 13
480 -13
480 13
519 -13
519 13
520 -13
520 13
516 -13
516 13
521 -13
521 13
483 -13
483 13
479 -13
479 13
478 -13
478 13
493 -13
493 13
480 -13
480 13
476 -13
476 13
523 -13
523 13
480 -13
480 13
481 -13
481 13
480 -13
480 13
506 -13
506 13
485 -13
485 13
507 -13
507 13
506 -13
506 13
501 -13
501 13
494 -13
494 13
488 -13
488 13
499 -13
499 13
497 -13
497 13
478 -13
478 13
478 -13
478 13
485 -13
485 13
486 -13
486 13
511 -13
511 13
478 -13
478 13
475 -13
475 13
492 -13
492 13
506 -13
506 13
506 -13
506 13
492 -13
492 13
482 -13
482 13
524 -13
524 13
479 -13
479 13
484 -13
484 13
487 -13
487 13
495 -13
495 13
515 -13
515 13
482 -13
482 13
