475 0
525 0
850 0
1149 0
475 0
525 0
850 0
1149 0
475 0
525 0
850 0
1149 0
475 0
525 0
850 0
1149 0
475 0
500 0
476 0
475 0
240 0
476 0.0271394
500 0.119645
475 0
522 0
525 0
674 0
522 0.041533
475 0
495 0
500 0
550 0
495 0.0570114
475 0
516 0
516 0
513 0
475 0
0 0
513 0.0117119
516 0.0826522
516 0.0690767
475 0
525 0
850 0
1149 0
475 0
525 0
850 0
1149 0
475 0
525 0
850 0
1149 0
475 0
490 0
480 0
389 0
490 0.0952943
475 0
485 0
486 0
500 0
485 0.0684153
475 0
496 0
490 0
487 0
498 0
697 0
487 0.037799
490 0.0429273
496 0.100646
475 0
497 0
484 0
372 0
497 0.101552
475 0
525 0
850 0
1149 0
475 0
500 0
506 0
506 0
521 0
647 0
506 0.0975259
506 0.00304083
500 0.0525171
475 0
494 0
475 0
171 0
494 0.123239
475 0
515 0
510 0
505 0
450 0
510 0.00946654
515 0.119414
475 0
525 0
850 0
1149 0
475 0
506 0
519 0
640 0
506 0.039421
475 0
477 0
483 0
538 0
477 0.0556652
475 0
525 0
850 0
1149 0
475 0
479 0
490 0
489 0
475 0
171 0
489 0.00929344
490 0.0982766
479 0.029531
475 0
495 4.35592e-05
508 0
525 0
713 0
508 0.0289501
475 0
478 0
478 0
482 0
486 0
475 0
0 0
486 0.118068
482 0.0189025
478 0.0143538
478 0.0745247
475 0
493 0
475 0
0 0
493 0.131699
475 0
525 0
850 0
1149 0
475 0
525 0
850 0
1149 0
475 0
511 0
475 0
0 0
511 0.136147
475 0
496 0
517 0
707 0
496 0.030488
475 0
525 0
850 0
1149 0
475 0
489 0
482 0
421 0
489 0.0859763
475 0
478 0
481 0
478 0
442 0
481 0.0266623
478 0.0273852
475 0
516 0
525 0
843 0
516 0.0181312
475 0
483 0
476 0
475 0
162 0
476 0.0881904
483 0.0898118
475 0
485 0
497 0
516 0
685 0
497 0.0265597
485 0.00520453
475 0
475 0
475 0
129 0
475 0.124441
475 0
479 0
493 0
619 0
479 0.0402297
475 0
481 0
475 0
273 0
481 0.108661
475 0
525 0
850 0
1149 0
475 0
500 0
493 0
430 0
500 0.0906535
475 0
520 0
521 0
523 0
520 0.0716102
475 0
476 0
476 0
477 0
481 0
536 0
477 0.0774764
476 0.0563122
476 0.0629375
475 0
505 0
524 0
521 0
452 0
524 0.0609826
505 0.0159312
475 0
525 0
850 0
1149 0
475 0
525 0
850 0
1149 0
475 0
525 0
850 0
1149 0
475 0
525 0
850 0
1149 0
475 0
525 0
850 0
1149 0
475 0
525 0
850 0
1149 0
475 0
505 0
525 0
1149 0
505 0.00492
475 0
525 0
850 0
1149 0
475 0
525 0
850 0
1149 0
475 0
482 0
475 0
352 0
482 0.102039
475 0
525 0
850 0
1149 0
475 0
518 0
509 0
497 0
346 0
509 0.015633
518 0.12057
475 0
525 0
850 0
1149 0
475 0
525 0
850 0
1149 0
475 0
480 0
477 0
478 0
491 0
477 0.0291741
480 0.106932
475 0
519 0
525 0
595 0
519 0.0517581
475 0
525 0
850 0
1149 0
475 0
520 0
506 0
379 0
520 0.105552
475 0
516 0
521 0
562 0
516 0.0609636
475 0
521 0
523 0
543 0
521 0.0660734
475 0
483 0
525 0
850 0
1149 0
1149 0
483 0.0023223
475 0
478 0
479 0
481 0
502 0
479 0.10883
478 0.0481056
475 0
493 0
487 0
439 0
493 0.0849529
475 0
525 0
850 0
1149 0
475 0
480 0
475 0
301 0
480 0.105499
475 0
476 0
475 0
430 0
476 0.0844029
475 0
523 0
525 0
581 0
523 0.0565285
475 0
480 0
481 0
480 0
475 0
0 0
480 0.0306057
481 0.0169556
480 0.0624059
475 0
506 0
507 0
512 0
506 0.0703945
475 0
485 0
481 0
442 0
485 0.0838999
475 0
525 0
850 0
1149 0
475 0
506 0
507 0
502 0
449 0
507 0.0485719
506 0.0118117
475 0
525 0
850 0
1149 0
475 0
488 0
494 0
501 0
498 0
438 0
501 0.0567582
494 0.011394
488 0.0187408
475 0
478 0
497 0
499 0
498 0
491 0
499 0.0256501
497 0.0498594
478 0.00357343
475 0
478 0
504 0
738 0
478 0.0209636
475 0
486 0
485 0
475 0
169 0
485 0.0925177
486 0.0923467
475 0
478 0
511 0
515 0
614 0
511 0.0269279
478 0.0173997
475 0
525 0
850 0
1149 0
475 0
525 0
850 0
1149 0
475 0
475 0
475 0
381 0
475 0.0943681
475 0
492 0
511 0
684 0
492 0.0302481
475 0
482 0
492 0
506 0
506 0
514 0
643 0
506 0.0295878
506 0.0436431
492 0.0783145
482 0.0120401
475 0
525 0
850 0
1149 0
475 0
524 0
496 0
246 0
524 0.115212
475 0
479 0
486 0
557 0
479 0.0511722
475 0
484 0
475 0
366 0
484 0.100382
475 0
495 0
487 0
475 0
168 0
487 0.0404752
495 0.102505
475 0
515 0
525 0
757 0
515 0.0234304
475 0
525 0
850 0
1149 0
475 0
525 0
850 0
1149 0
475 0
525 0
850 0
1149 0
475 0
482 0
496 0
627 0
482 0.0383965
475 0
525 0
850 0
1149 0
475 0
525 0
850 0
1149 0
