475 0
482 0.00021725
480 2.03334e-05
480 0
476 0
475 0
475 1.24433e-05
497 0.000174534
495 5.37816e-05
497 0
535 0
475 0
482 0.000215747
475 0
327 0
475 0
525 0
850 0
1149 0
475 0
489 0.000254224
475 0
109 0
475 0
489 0.0001047
496 0.000124553
488 0
0 0
475 0
493 4.67808e-05
500 0.000189646
483 0
333 0
475 0
481 0.000169377
476 0.000118279
475 0
0 0
475 0
494 0.000226514
489 0.000111478
507 0
719 0
475 0
515 8.73146e-06
518 4.5597e-05
519 0.000198986
522 0.000230474
512 0.000107352
512 3.05146e-05
513 0.000186103
475 0
102 0
