0 0 0
0 0 0
0 0 1
1 0 6
0 0 0
0 0 0
0 0 0
0 0 0
0 0 0
0 0 0
0 0 0
1 1 1
2 0 3
0 0 0
0 0 1
0 2 7
0 0 0
0 0 1
0 0 0
0 0 1
0 0 2
0 0 3
0 0 1
0 0 0
0 0 0
0 0 0
3 2 2
0 0 1
0 0 1
0 0 2
0 0 1
0 0 1
0 0 1
0 0 1
0 0 1
0 0 0
0 0 0
1 0 2
0 0 1
0 0 3
0 0 3
0 0 2
0 0 0
0 0 0
0 0 0
0 0 1
0 0 2
0 0 0
0 0 0
0 0 2
0 0 1
0 0 0
0 0 0
0 0 1
1 2 3
0 0 1
0 0 2
2 3 4
2 0 3
0 0 1
0 0 1
0 0 1
0 0 0
0 0 0
0 0 0
0 0 1
0 0 0
0 0 0
0 0 2
0 0 1
0 0 1
0 0 1
0 0 1
2 0 3
0 0 3
0 0 1
0 0 1
0 0 0
0 0 1
0 0 0
0 0 1
0 0 0
0 0 2
0 0 2
0 0 0
2 0 3
0 0 2
2 2 7
0 0 1
1 0 4
0 0 1
0 0 0
0 0 1
0 0 0
0 0 1
0 0 0
0 0 1
0 0 1
0 0 0
1 1 5
