475 1.58242e-21
475 2.40357e-33
475 3.4595e-46
475 6.61158e-19
475 3.38045e-33
475 1.96828e-06
475 7.92871e-16
475 3.76078e-08
475 4.02026e-08
475 9.87268e-07
50 1.63949e-21
475 1.58242e-21
475 9.45643e-09
475 2.77226e-11
475 1.87633e-27
475 2.15701e-06
475 3.80813e-18
475 3.96047e-55
475 8.47547e-15
475 2.95228e-89
475 3.4284e-10
475 1.17924e-20
475 9.89853e-06
475 7.11127e-52
475 4.3886e-10
475 2.54406e-33
475 9.83121e-27
475 1.2161e-12
475 2.45214e-47
475 1.45958e-21
475 7.24539e-14
475 4.91559e-16
475 3.59673e-45
475 8.90177e-44
475 5.37097e-31
475 1.58824e-31
475 2.38738e-17
475 1.441e-70
475 2.87906e-67
475 1.15264e-08
475 7.2606e-26
475 3.05137e-10
475 2.95382e-39
475 2.19555e-41
475 7.54998e-87
475 1.69399e-120
475 5.42028e-10
475 3.96932e-51
475 2.54325e-197
475 4.75801e-83
475 3.10095e-12
475 2.18163e-66
475 6.1317e-89
475 9.66656e-27
475 1.51929e-51
475 1.73696e-31
475 6.13359e-08
475 4.71847e-32
475 1.057e-17
475 3.75842e-22
475 3.36786e-16
475 6.6811e-07
475 0.000165062
475 1.58182e-06
475 1.10465e-06
475 8.25185e-06
475 2.89238e-06
475 8.29975e-06
475 1.58242e-21
475 1.7275e-05
475 4.51249e-117
475 0.000182725
475 1.58242e-21
475 2.67016e-07
475 1.63966e-47
475 6.57008e-137
475 9.81501e-53
475 1.15866e-20
475 1.567e-38
475 8.21161e-57
475 7.29755e-14
475 9.90452e-08
475 5.90847e-21
475 1.47798e-56
475 3.82451e-05
475 2.75218e-05
475 5.10014e-05
475 3.78956e-05
475 9.04662e-07
475 2.76112e-05
475 1.07633e-05
475 5.69095e-06
475 1.58242e-21
475 3.10733e-56
475 2.13889e-19
475 2.70185e-21
475 2.97964e-24
475 2.72766e-35
475 1.88893e-06
59 1.61045e-21
475 1.58242e-21
475 7.62314e-32
475 5.74885e-05
475 2.30489e-05
475 1.38345e-06
475 2.5113e-05
475 3.97518e-05
475 9.50486e-06
475 6.61262e-06
475 4.73758e-06
475 1.80546e-05
475 9.75497e-06
475 4.54968e-06
475 1.58242e-21
475 3.60407e-54
475 7.06978e-21
475 4.37102e-31
475 1.66764e-73
475 1.68908e-10
475 9.33726e-32
475 5.45311e-08
475 3.67672e-11
475 3.02069e-19
475 1.22689e-66
475 4.94661e-05
475 2.39542e-05
475 8.67928e-05
475 1.17504e-05
475 1.09527e-05
475 3.09098e-06
475 4.07722e-06
475 4.65944e-08
227 2.75862e-22
475 1.58242e-21
475 4.99771e-27
475 4.28429e-08
475 2.57656e-75
475 5.58596e-31
475 8.18799e-09
475 2.8357e-18
475 1.74461e-06
475 1.62175e-45
475 1.29165e-48
475 1.45845e-52
475 3.19563e-13
475 8.5259e-06
475 1.25577e-36
475 6.63925e-24
475 1.22218e-06
0 1.65662e-21
475 1.58242e-21
475 8.67835e-56
475 1.71173e-06
475 1.1655e-27
475 3.11973e-07
394 9.09751e-22
475 1.58242e-21
475 1.31369e-39
475 1.10376e-09
475 2.80679e-18
475 5.71711e-83
475 6.42409e-59
475 2.3338e-09
475 1.87141e-31
475 6.02771e-12
475 8.24426e-58
475 6.83226e-50
475 5.80439e-18
475 2.50363e-08
475 2.33656e-40
475 3.97787e-08
475 2.90329e-24
475 4.00943e-07
0 1.77224e-21
