475 0
502 5.00232e-05
525 0
756 0
475 0
477 7.85062e-05
483 3.01111e-05
502 3.74159e-05
506 0
688 0
475 0
483 0.00018689
481 3.95225e-06
475 0.000199336
525 0
1149 0
475 0
484 0.000176605
476 0
409 0
475 0
499 0.000122248
503 0
540 0
475 0
475 0.000255681
475 0
13 0
475 0
483 0.000273452
475 0
0 0
475 0
485 0.000263459
475 0
0 0
475 0
494 3.40147e-06
495 1.40245e-05
496 0.000108653
511 0.000196379
513 0.00019889
500 1.59879e-06
499 0
410 0
475 0
510 7.56105e-05
521 1.77239e-05
521 0.000171145
525 0
635 0
475 0
479 0.000275304
475 0
0 0
475 0
511 7.92748e-05
522 0.000156494
525 0
656 0
475 0
479 0.000161978
479 9.67254e-05
493 7.60381e-06
496 4.48225e-05
515 0
996 0
475 0
482 0.000135663
483 5.28393e-05
482 0
467 0
475 0
493 0.000156197
491 6.17894e-05
491 6.39075e-06
490 0.0001015
475 0.000157445
476 0.000110939
475 0
0 0
475 0
510 0.000157155
510 0.000209733
525 0
775 0
475 0
508 0.000264642
485 7.97795e-05
486 0
504 0
475 0
477 4.11367e-05
485 0.000193057
475 0
0 0
475 0
525 0
850 0
1149 0
475 0
510 0.00012073
515 0
557 0
475 0
525 0
850 0
1149 0
475 0
512 3.59973e-05
525 0
817 0
475 0
525 0
850 0
1149 0
475 0
525 0
850 0
1149 0
475 0
503 0.000241515
475 0
205 0
475 0
495 4.84407e-05
500 4.24141e-06
509 0.000121103
525 0
861 0
1099 0
1141 0
475 0
515 9.67973e-05
525 0
615 0
475 0
516 0.000209773
507 0.000148529
502 0.000171787
501 0.000163826
501 0.000176313
497 0
442 0
475 0
525 0
850 0
1149 0
475 0
475 0.000271385
475 0
0 0
475 0
515 0.000206753
509 0.000208315
511 2.07086e-05
522 0.000199728
521 9.22952e-05
518 0.000156533
512 0.000127756
511 3.43164e-05
514 7.28001e-05
517 5.34848e-06
525 0
692 0
475 0
483 0.000262104
479 0.000138107
475 0
366 0
475 0
490 1.78197e-05
500 0.000271226
488 0.000102845
482 8.89674e-05
484 0
522 0
475 0
525 0
850 0
1149 0
475 0
484 0.000164696
483 4.51798e-05
481 4.87645e-05
482 0
491 0
475 0
479 2.51477e-05
517 0
862 0
863 0
475 0
493 0.000154046
493 0.000182242
516 9.46745e-05
519 0
565 0
475 0
480 0.000125215
480 0.000249609
485 0
524 0
475 0
509 0.000270988
475 0
0 0
475 0
477 0.00011615
480 2.29318e-05
495 5.82711e-05
525 0
855 0
1138 0
1149 0
475 0
483 0.000206231
482 7.87804e-05
475 0
0 0
475 0
500 5.3276e-05
503 0.000102205
515 0.000243908
515 5.78666e-06
489 0
258 0
475 0
483 0.000119556
488 0
529 0
475 0
490 0.000216845
476 1.90845e-05
475 0
221 0
475 0
481 0.000187592
476 0.000214398
477 5.66362e-05
478 3.92738e-05
493 0.000141622
492 7.90964e-05
515 1.25793e-05
525 0
841 0
475 0
497 0.000185901
497 8.87619e-05
497 3.24781e-06
475 0
0 0
475 0
484 9.28624e-05
497 0
614 0
475 0
498 0.000103584
505 0
575 0
475 0
510 0.000245232
501 5.27842e-05
500 0.000118794
525 0
858 0
1120 0
1149 0
475 0
481 0.00019653
475 0
347 0
475 0
513 9.55725e-05
524 0
617 0
475 0
494 5.39983e-05
514 0.000136088
512 0
373 0
475 0
475 0.000158527
475 0
449 0
475 0
525 0
850 0
1149 0
475 0
494 0.000236325
494 0.000184266
522 0.000122001
519 9.61744e-05
525 0
886 0
475 0
476 0.00025201
475 0
136 0
475 0
525 0
850 0
1149 0
475 0
525 0
850 0
1149 0
475 0
477 0.00013832
478 0
490 0
475 0
492 8.9275e-05
503 5.90169e-05
502 0
391 0
475 0
501 0.000210454
498 4.78092e-05
494 8.35612e-05
497 0
523 0
475 0
482 9.64086e-05
495 0
608 0
475 0
486 3.46912e-05
489 7.04159e-05
504 0
648 0
475 0
525 0
850 0
1149 0
475 0
478 0.000162179
475 0
445 0
475 0
477 0.000132104
477 0.000234497
475 0
301 0
475 0
493 0.000229923
483 0.00021358
507 0.000116695
503 0
428 0
475 0
494 6.97141e-05
514 0
698 0
475 0
490 0.000219697
475 0
313 0
475 0
525 0
850 0
1149 0
475 0
507 1.97253e-05
516 0.000161025
525 0
616 0
475 0
498 1.35701e-05
518 0.00019574
514 6.25127e-05
518 0.000188778
521 0.000178895
513 0.000158377
525 0
852 0
900 0
475 0
484 0.000256833
475 0
73 0
475 0
520 0.000268234
475 0
0 0
475 0
486 2.91024e-05
500 8.72043e-05
499 8.63213e-05
492 0.000215998
492 7.58947e-05
519 0.000112306
525 0
711 0
475 0
525 0
850 0
1149 0
475 0
503 0.000212995
488 0
355 0
475 0
525 0
850 0
1149 0
475 0
500 0.000154887
497 0
474 0
475 0
525 0
850 0
1149 0
475 0
492 6.50832e-05
503 0.000171822
498 0.000173908
497 0.000124432
500 0.000103503
501 9.09593e-05
482 0
352 0
475 0
498 0.000179209
496 2.75125e-05
502 0
563 0
475 0
477 0.000141385
477 8.64646e-05
475 0
435 0
475 0
525 0
850 0
1008 0.000816102
1004 0
1002 0
475 0
488 0.000157813
487 6.49893e-06
487 0.000155923
499 0.000165101
492 0.000106277
495 0
549 0
475 0
476 0.000262867
475 0
0 0
475 0
486 0.000194321
475 0.00023582
475 0
427 0
475 0
508 2.46774e-05
516 7.22895e-05
525 0
648 0
475 0
512 0.000244104
484 0.000240182
484 0.000119848
490 0
594 0
475 0
525 0
850 0
1149 0
475 0
525 0
850 0
1149 0
475 0
525 0
850 0
1149 0
475 0
525 0
850 0
1149 0
475 0
517 3.72588e-06
520 0.000127509
525 0
624 0
475 0
482 0.000223318
475 0
289 0
475 0
509 9.02717e-05
520 0
620 0
475 0
509 0.000259417
475 0
21 0
475 0
525 0
850 0
1149 0
475 0
494 0.000202235
481 0
366 0
475 0
513 0.000140861
513 0
518 0
