475 1.4622e-20
475 0.00633039
475 0.0136696
475 1.4622e-20
475 0.0152078
475 0.0047922
475 1.4622e-20
475 0.00534078
475 0.00912687
53 8.87297e-21
475 1.4622e-20
475 0.017056
475 0.000664218
475 0.000334677
475 0.00194512
475 1.4622e-20
475 0.02
475 1.4622e-20
475 0.0171503
475 0.00155164
475 0.00129809
475 1.4622e-20
475 0.00216245
475 0.0178376
475 1.4622e-20
475 0.00879153
475 0.0112085
475 1.4622e-20
475 0.02
475 1.4622e-20
475 0.00854495
475 0.0114551
475 1.4622e-20
475 0.00809964
475 0.00532692
475 0
475 0.00657345
475 1.4622e-20
475 0.0112456
475 0.00875445
475 1.4622e-20
475 0.00514196
475 0.014858
475 1.4622e-20
475 0.02
475 1.4622e-20
475 0.02
475 1.4622e-20
475 0.0164219
475 0.00357811
475 1.4622e-20
475 0.02
475 1.4622e-20
475 0.02
475 1.4622e-20
475 0.0138416
475 0.000138083
475 0.00602035
475 1.4622e-20
475 0.00554351
475 0.0144565
475 1.4622e-20
475 0.00322408
475 0.0167759
475 1.4622e-20
475 0.000562248
475 0.00132993
475 0.0181078
475 1.4622e-20
475 0.02
475 1.4622e-20
475 0.02
475 1.4622e-20
475 0.02
475 1.4622e-20
475 0.00286097
475 0.017139
475 1.4622e-20
475 0.00463782
475 0.0153622
475 1.4622e-20
475 0.02
475 1.4622e-20
475 0.0187717
475 0.00122825
475 1.4622e-20
475 0.0105175
475 0.00948247
475 1.4622e-20
475 0.02
475 1.4622e-20
475 0.02
475 1.4622e-20
475 0.00592393
475 0.0140761
475 1.4622e-20
475 0.0138584
475 0.00614164
475 1.4622e-20
475 0.02
475 1.4622e-20
475 0.00491776
475 0.0150822
475 1.4622e-20
475 0.00619463
475 0.0138054
475 1.4622e-20
475 0.00636461
475 0.0136354
475 1.4622e-20
475 0.000861652
475 0.0166945
396 3.76918e-21
475 1.4622e-20
475 0.00560558
475 0.0143944
475 1.4622e-20
475 0.00175454
475 0.0182455
475 1.4622e-20
475 0.02
475 1.4622e-20
475 0.0165757
475 0.000784331
475 0.000125968
475 0.000393047
475 0.00212096
475 1.4622e-20
475 0.02
475 1.4622e-20
475 0.02
475 1.4622e-20
475 0.000294136
475 0.0197059
475 1.4622e-20
475 0.0150694
475 2.64486e-12
475 0.00328357
475 0.000108287
475 0.00153877
475 1.4622e-20
475 0.00709155
475 0.00226627
402 7.65391e-21
475 1.4622e-20
475 0.02
475 1.4622e-20
475 0.000651856
475 0.0193481
475 1.4622e-20
475 0.00204351
475 0.0179565
475 1.4622e-20
475 0.02
475 1.4622e-20
475 0.02
475 1.4622e-20
475 0.02
475 1.4622e-20
475 0.0170908
475 0.00290922
475 1.4622e-20
475 0.02
475 1.4622e-20
475 0.02
475 1.4622e-20
475 0.0185953
475 0.00140473
475 1.4622e-20
475 0.00519819
475 0.0148018
475 1.4622e-20
475 0.00403156
475 0.0159684
475 1.4622e-20
475 0.0162459
475 0.00113015
475 0.000859479
475 0.00176451
475 1.4622e-20
475 0.00349509
475 0.0165049
475 1.4622e-20
475 0.02
475 1.4622e-20
475 0.00823895
475 0.011761
475 1.4622e-20
475 0.02
475 1.4622e-20
475 0.00276714
475 0.0172329
475 1.4622e-20
475 0.0120421
475 0.00795792
475 1.4622e-20
475 0.02
475 1.4622e-20
475 0.02
475 1.4622e-20
475 0.02
475 1.4622e-20
475 0.00918735
475 0.0108126
475 1.4622e-20
475 0.02
475 1.4622e-20
475 0.0154903
475 1.37679e-07
475 0.00247483
475 0.00203472
475 1.4622e-20
475 0.0143739
475 0.00497511
475 0.000650972
475 1.4622e-20
475 0.02
475 1.4622e-20
475 0.00985457
475 0.0101454
475 1.4622e-20
475 0.00175258
475 0.0182474
475 1.4622e-20
475 0.0100781
475 0.00992194
475 1.4622e-20
475 0.02
475 1.4622e-20
475 0.02
475 1.4622e-20
475 0.00571084
475 0.0142892
475 1.4622e-20
475 0.0126055
475 0.00739447
475 1.4622e-20
475 0.02
475 1.4622e-20
475 0.0185234
475 0.00147659
475 1.4622e-20
475 0.00017569
475 0.00294286
475 0.00772128
263 7.42311e-21
475 1.4622e-20
475 0.0162074
475 8.92904e-06
475 0.00010565
475 0.0030638
475 1.40651e-20
475 1.33012e-07
475 3.20373e-08
475 4.57285e-18
475 0.000181519
475 0.000432496
475 1.4622e-20
475 0.000781454
475 0.0192185
475 1.4622e-20
475 0.00246564
475 0.0175344
475 1.4622e-20
475 0.0122276
475 0.00777237
475 1.4622e-20
475 0.02
475 1.4622e-20
475 0.00678967
475 0.0132103
475 1.4622e-20
475 0.0170752
475 0.000390215
475 0.00253455
475 1.4622e-20
475 0.0146806
475 2.63819e-05
475 0.00529302
475 1.4622e-20
475 0.02
475 1.4622e-20
475 0.000579181
475 0.0132572
475 0.00616361
475 1.4622e-20
475 0.00635328
475 0.0136467
475 1.4622e-20
475 0.0159202
475 5.06204e-06
475 0.00407473
475 1.4622e-20
475 0.0111674
475 0.00883255
475 1.4622e-20
475 0.0116406
475 0.00835944
475 1.4622e-20
475 0.0193987
475 0.000601285
475 1.4622e-20
475 0.00237493
475 0.0176251
475 1.4622e-20
475 0.02
475 1.4622e-20
475 0.0155506
475 8.96174e-07
475 8.60919e-10
475 0.00444849
475 1.4622e-20
475 0.00227733
475 0.0177227
475 1.4622e-20
475 0.0130942
475 0.00690584
475 1.4622e-20
475 0.0128923
475 0.00710769
475 1.4622e-20
475 0.02
475 1.4622e-20
475 0.00610167
475 0.0138983
475 1.4622e-20
475 0.02
475 1.4622e-20
475 0.0132797
475 0.00672031
475 1.4622e-20
475 0.00693356
475 0.0130664
475 1.4622e-20
475 0.00644673
475 0.0135533
475 1.4622e-20
475 0.0163909
475 0.000153235
475 0.000435301
475 0.00147383
475 0.00154672
475 1.4622e-20
475 0.0135522
475 0.00644778
475 1.4622e-20
475 0.02
475 1.4622e-20
475 0.02
475 1.4622e-20
475 0.000775953
475 0.019224
475 1.4622e-20
475 0.02
475 1.4622e-20
475 0.0117736
475 0.00822642
475 1.4622e-20
475 0.02
475 1.4622e-20
475 0.00844157
475 0.0115584
475 1.4622e-20
475 0.02
475 1.4622e-20
475 0.0195512
475 1.06688e-08
475 0.000448805
475 1.4622e-20
475 0.00453999
475 0.01546
475 1.4622e-20
475 0.000829154
475 0.0191708
475 1.4622e-20
475 0.02
475 1.4622e-20
475 0.0103902
475 0.00960982
475 1.4622e-20
475 0.00915046
475 0.0108495
475 1.4622e-20
475 0.0193376
475 1.00538e-05
475 0.000652301
475 1.4622e-20
475 0.0153937
475 7.50872e-08
475 8.39166e-07
475 4.83153e-08
475 0.00460538
475 1.4622e-20
475 0.0105593
475 0.00944069
475 1.4622e-20
475 0.0118524
475 0.00814764
475 1.4622e-20
475 0.00143396
475 0.018566
475 1.4622e-20
475 0.0126211
475 0.00737886
475 1.4622e-20
475 0.0177279
475 0.00227214
475 1.4622e-20
475 0.02
475 1.4622e-20
475 0.0102754
475 0.00972462
475 1.4622e-20
475 0.02
475 1.4622e-20
475 0.00217426
475 0.0137231
475 0
475 0.00211965
475 1.26984e-08
475 0
475 8.45325e-06
475 0.000580447
475 0
475 6.29026e-07
475 2.17168e-11
475 0.00080755
475 6.68714e-06
475 1.01997e-11
475 4.42779e-10
475 2.5725e-12
475 5.24881e-08
475 2.05041e-15
475 1.02236e-05
475 1.58681e-20
475 4.5136e-07
475 7.99695e-05
475 0.000488547
475 1.4622e-20
475 0.00550041
475 0.0144996
475 1.4622e-20
475 0.00165946
475 0.00463065
0 1.44109e-20
475 1.4622e-20
475 0.02
475 1.4622e-20
475 0.02
475 1.4622e-20
475 0.0146324
475 3.05843e-06
475 0.00536452
475 1.4622e-20
475 0.016472
475 0.000543079
475 0.00298495
475 1.4622e-20
475 0.0154439
475 0.00455614
475 1.4622e-20
475 0.0148946
475 0.000281588
0 7.96263e-21
475 1.4622e-20
475 0.00200425
475 0.0179958
475 1.4622e-20
475 0.02
475 1.4622e-20
475 0.02
475 1.4622e-20
475 0.00160154
475 0.0183985
475 1.4622e-20
475 0.00797394
475 0.0120261
475 1.4622e-20
475 0.00393154
475 0.0160685
475 1.4622e-20
475 0.0108808
475 0.00911916
475 1.4622e-20
475 0.0130822
475 0.00691784
475 1.4622e-20
475 0.02
475 1.4622e-20
475 0.02
475 1.4622e-20
475 0.00760319
475 0.0123968
475 1.4622e-20
475 0.0106733
475 0.00932665
475 1.4622e-20
475 0.02
475 1.4622e-20
475 0.02
475 1.4622e-20
475 0.0129711
475 0.00702885
475 1.4622e-20
475 0.02
475 1.4622e-20
475 0.0129414
475 0.00705862
475 1.4622e-20
475 0.00722225
475 0.0127777
475 1.4622e-20
475 0.02
475 1.4622e-20
475 0.0162951
475 3.00437e-06
475 0.00370191
475 1.4622e-20
475 0.0083134
475 0.0116866
475 1.4622e-20
475 0.00350603
475 0.016494
475 1.4622e-20
475 0.0161853
475 0.000385321
475 0.00342939
475 1.4622e-20
475 0.00387244
475 0.0161276
475 1.4622e-20
475 0.00897804
475 0.011022
475 1.4622e-20
475 0.00750459
475 0.0124954
475 1.4622e-20
475 0.02
475 1.4622e-20
475 0.02
475 1.4622e-20
475 0.02
475 1.4622e-20
475 0.0144636
475 0.00553639
475 1.4622e-20
475 0.02
475 1.4622e-20
475 0.02
475 1.4622e-20
475 0.0165357
475 0.000493269
475 0.00297107
475 1.4622e-20
475 0.00789511
475 0.0121049
475 1.4622e-20
475 0.0106117
475 0.000464788
165 9.72722e-21
475 1.4622e-20
475 0.02
475 1.4622e-20
475 0.016944
475 0.00305598
475 1.4622e-20
475 0.02
475 1.4622e-20
475 0.0073909
475 0.0126091
475 1.4622e-20
475 0.0100198
475 0.00478216
316 5.32326e-21
475 1.4622e-20
475 0.0144504
475 0.000173013
475 0.00105138
475 0.000488869
475 0.000272514
475 3.38224e-06
475 7.31531e-05
475 0.000118839
475 0.00101865
475 5.77239e-05
475 0.00162303
475 0.00066909
475 1.4622e-20
475 0.02
475 1.4622e-20
475 0.00714457
475 0.0128554
475 1.4622e-20
475 0.02
475 1.4622e-20
475 0.00326733
475 0.0167327
475 1.4622e-20
475 0.0108583
475 0.00914173
475 1.4622e-20
475 0.0156492
475 8.73955e-07
475 0.000222055
475 1.73506e-06
475 2.19834e-06
475 0.000579292
475 2.47035e-07
475 0.00056511
475 0.000808105
475 9.20537e-06
475 0.00160657
475 0.000555382
475 1.4622e-20
475 0.0107811
475 0.00921894
475 1.4622e-20
475 0.018073
475 0.000226878
475 0.00170011
475 1.4622e-20
475 0.0113796
475 0.00862038
475 1.4622e-20
475 0.02
475 1.4622e-20
475 0.00104431
475 0.000957352
0 1.41563e-20
475 1.4622e-20
475 0.02
475 1.4622e-20
475 0.00153634
475 0.00469353
475 0.0137701
475 1.4622e-20
475 0.02
475 1.4622e-20
475 0.02
475 1.4622e-20
475 0.02
475 1.4622e-20
475 0.0059752
475 0.0140248
475 1.4622e-20
475 0.00858968
475 0.0114103
475 1.4622e-20
475 0.02
475 1.4622e-20
475 0.00508537
475 0.0149146
475 1.4622e-20
475 0.0176586
475 0.00234136
475 1.4622e-20
475 0.0180203
475 0.00103308
475 1.17603e-05
475 7.39619e-06
475 0.000372659
475 2.39214e-28
475 1.7786e-12
475 9.64282e-07
475 9.39442e-09
475 1.24581e-11
475 0.00046015
475 9.37116e-05
475 1.4622e-20
475 0.019524
475 7.59213e-05
475 0.000400044
475 1.4622e-20
475 0.0152802
475 0.00471978
475 1.4622e-20
475 0.00507593
475 0.0149241
475 1.4622e-20
475 0.02
475 1.4622e-20
475 0.0139639
475 0.00184139
475 0.000206753
475 0.000155979
475 6.31575e-05
475 2.7794e-05
475 0.00374098
475 1.4622e-20
475 0.00266163
475 0.0173384
475 1.4622e-20
475 0.00381526
475 0.0161847
475 1.4622e-20
475 0.00732456
475 0.0126754
475 1.4622e-20
475 0.02
475 1.4622e-20
475 0.0144556
475 0.00409684
475 1.37775e-05
475 0.00143377
475 1.4622e-20
475 0.0160736
475 0.000829288
475 0.00309713
475 1.4622e-20
475 0.02
475 1.4622e-20
475 0.00947104
475 0.010529
475 1.4622e-20
475 0.02
475 1.4622e-20
475 0.0036634
475 0.0163366
475 1.4622e-20
475 0.00292154
475 0.0170785
475 1.4622e-20
475 0.0170065
475 0.000654615
475 0.00233885
475 1.4622e-20
475 0.00827626
475 0.0117237
475 1.4622e-20
475 0.0129021
475 0.00709793
475 1.4622e-20
475 0.02
475 1.4622e-20
475 0.02
475 1.4622e-20
475 0.0172004
475 0.00279956
475 1.4622e-20
475 0.02
475 1.4622e-20
475 0.02
475 1.4622e-20
475 0.02
475 1.4622e-20
475 0.00475881
475 0.0152412
475 1.4622e-20
475 0.02
475 1.4622e-20
475 0.02
475 1.4622e-20
475 0.02
475 1.4622e-20
475 0.02
475 1.4622e-20
475 0.02
475 1.4622e-20
475 0.0177196
475 0.000193483
475 3.33406e-05
475 9.49823e-09
475 0.000202825
475 0.00124287
475 0.000607887
475 1.4622e-20
475 0.0136192
475 0.00638083
475 1.4622e-20
475 0.00282349
475 0.0171765
475 1.4622e-20
475 0.0181714
475 0.00182862
475 1.4622e-20
475 0.0119974
475 0.00800261
475 1.4622e-20
475 0.0109311
475 0.00906892
475 1.4622e-20
475 0.02
475 1.4622e-20
475 0.0132825
475 0.00671751
475 1.4622e-20
475 0.0027178
475 0.0172822
475 1.4622e-20
475 0.02
475 1.4622e-20
475 0.00995109
475 0.0100489
475 1.4622e-20
475 0.0129095
475 0.00709049
475 1.4622e-20
475 0.02
475 1.4622e-20
475 0.02
475 1.4622e-20
475 0.0195399
475 9.38819e-07
475 0.000459164
475 1.4622e-20
475 0.02
475 1.4622e-20
475 0.0186262
475 0.00137379
475 1.4622e-20
475 0.0103509
475 0.00964915
475 1.4622e-20
475 0.02
475 1.4622e-20
475 0.00316843
475 0.0168316
475 1.4622e-20
475 0.02
475 1.4622e-20
475 0.0120378
475 0.00796217
475 1.4622e-20
475 0.02
475 1.4622e-20
475 0.02
475 1.4622e-20
475 0.016181
475 0.003819
475 1.4622e-20
475 0.00445715
475 0.0155428
475 1.4622e-20
475 0.02
475 1.4622e-20
475 0.02
475 1.4622e-20
475 0.00785316
475 0.0121468
475 1.4622e-20
475 0.0144041
475 0.00559595
475 1.4622e-20
475 0.00168807
475 0.0183119
475 1.4622e-20
475 0.02
475 1.4622e-20
475 0.000877526
475 0.0144446
475 7.43767e-12
475 0.00467788
475 1.4622e-20
475 0.00681623
475 0.0131838
475 1.4622e-20
475 0.02
475 1.4622e-20
475 0.0126522
475 0.00734777
475 1.4622e-20
475 0.0156792
475 0.00432077
475 1.4622e-20
475 0.02
475 1.4622e-20
475 0.02
475 1.4622e-20
475 0.00932866
475 0.0106713
475 1.4622e-20
475 0.00792315
475 0.000965692
0 1.26725e-20
475 1.4622e-20
475 0.0131963
475 0.00680373
475 1.4622e-20
475 0.0121174
475 0.00788263
475 1.4622e-20
475 0.02
475 1.4622e-20
475 0.00879797
475 0.011202
475 1.4622e-20
475 0.0122357
475 0.00776427
475 1.4622e-20
475 0.00997706
475 0.0100229
475 1.4622e-20
475 0.02
475 1.4622e-20
475 0.00487137
475 0.0151286
475 1.4622e-20
475 0.00212904
475 0.017871
475 1.4622e-20
475 0.011148
475 0.00885202
475 1.4622e-20
475 0.02
475 1.4622e-20
475 0.0144623
475 0.000632397
475 2.13307e-07
475 0.00400513
475 1.00715e-08
475 7.94016e-10
475 3.77166e-10
475 6.8809e-07
475 2.83653e-13
475 9.03468e-06
475 5.0301e-05
475 1.36695e-06
475 2.90482e-08
475 9.32228e-05
475 3.90349e-05
475 0.000706247
475 1.4622e-20
475 0.02
475 1.4622e-20
475 0.02
475 1.4622e-20
475 0.00367005
475 0.000983389
0 1.56679e-20
475 1.4622e-20
475 0.0152545
475 0.00474554
475 1.4622e-20
475 0.02
475 1.4622e-20
475 0.0155301
475 0.000659644
475 0.0015382
475 0.00227202
475 1.4622e-20
475 0.02
475 1.4622e-20
475 0.02
475 1.4622e-20
475 0.010257
475 0.00974297
475 1.4622e-20
475 0.00249139
475 0.0175086
475 1.4622e-20
475 0.00757245
475 0.0124275
475 1.4622e-20
475 0.0058109
475 0.0141891
475 1.4622e-20
475 0.00442127
475 0.0155787
475 1.4622e-20
475 0.00927829
475 0.0107217
475 1.4622e-20
475 0.02
475 1.4622e-20
475 0.0110732
475 0.00892683
475 1.4622e-20
475 0.02
475 1.4622e-20
475 0.0144109
475 0.00510369
475 2.60381e-15
475 7.43688e-12
475 3.97363e-13
475 2.36762e-11
475 3.38897e-08
475 9.9719e-10
475 0.000485406
475 1.4622e-20
475 0.02
475 1.4622e-20
475 0.0178434
475 0.00215664
475 1.4622e-20
475 0.0127282
475 0.0072718
475 1.4622e-20
475 0.0104132
475 0.00958679
475 1.4622e-20
475 0.0149013
475 0.00509867
475 1.4622e-20
475 0.00578952
475 0.0142105
475 1.4622e-20
475 0.02
475 1.4622e-20
475 0.02
475 1.4622e-20
475 0.00438529
475 0.0156147
475 1.4622e-20
475 0.00871372
475 0.0112863
475 1.4622e-20
475 0.0030065
475 0.0169935
475 1.4622e-20
475 0.015132
475 0.00486799
475 1.4622e-20
475 0.0130685
475 0.00693149
475 1.4622e-20
475 0.0024108
475 0.0175892
475 1.4622e-20
475 0.0047373
475 0.0152627
475 1.4622e-20
475 0.0129466
475 0.00705343
475 1.4622e-20
475 0.017368
475 0.000199699
475 3.10456e-05
475 8.15975e-05
475 0.0023197
475 1.4622e-20
475 0.00975717
475 0.0102428
475 1.4622e-20
475 0.00434953
475 0.0156505
475 1.4622e-20
475 0.00324754
475 0.0167525
475 1.4622e-20
475 0.02
475 1.4622e-20
475 0.0156863
475 0.00101602
475 0.00147478
475 0.0018229
475 1.4622e-20
475 0.0149743
475 0.0050257
475 1.4622e-20
475 0.02
475 1.4622e-20
475 0.0105957
475 0.00940433
475 1.4622e-20
475 0.02
475 1.4622e-20
475 0.00257867
475 0.0174213
475 1.4622e-20
475 0.0121568
475 0.00784325
475 1.4622e-20
475 0.0175617
475 8.4202e-05
475 0.00235406
475 1.4622e-20
475 0.02
475 1.4622e-20
475 0.02
475 1.4622e-20
475 0.0102994
475 0.00970057
475 1.4622e-20
475 0.0181032
475 0.000212909
475 0.00168393
475 1.4622e-20
475 0.00231682
475 0.0100384
37 1.13942e-20
475 1.4622e-20
475 0.00399464
475 0.0160054
475 1.4622e-20
475 0.0108359
475 0.00916414
475 1.4622e-20
475 0.02
475 1.4622e-20
475 0.02
475 1.4622e-20
475 0.02
475 1.4622e-20
475 0.0167619
475 0.00323809
475 1.4622e-20
475 0.0194438
475 2.00416e-13
475 0.000556237
475 1.4622e-20
475 0.0178853
475 4.25171e-10
475 0.00211471
475 1.4622e-20
475 0.0177276
475 0.00227239
475 1.4622e-20
475 0.0180926
475 5.9551e-08
475 0.00190731
475 1.4622e-20
475 0.02
475 1.4622e-20
475 0.000654991
475 0.00133541
475 0.0180096
475 1.4622e-20
475 0.00227654
475 0.0177235
475 1.4622e-20
475 0.00190377
475 0.0180962
475 1.4622e-20
475 0.0141819
475 0.00192307
475 3.01778e-05
475 0.00386485
475 1.4622e-20
475 0.02
475 1.4622e-20
475 0.0126324
475 0.00736758
475 1.4622e-20
475 0.02
475 1.4622e-20
475 0.02
475 1.4622e-20
475 0.0167326
475 0.00326737
475 1.4622e-20
475 0.0108739
475 0.00912609
475 1.4622e-20
475 0.00835326
475 0.0116467
475 1.4622e-20
475 0.00306615
475 0.0169339
475 1.4622e-20
475 0.009382
475 0.010618
475 1.4622e-20
475 0.000659389
475 0.017229
475 9.14387e-06
475 0.00210244
475 1.4622e-20
475 0.00931115
475 0.0106888
475 1.4622e-20
475 0.02
475 1.4622e-20
475 0.00764729
475 0.0123527
475 1.4622e-20
475 0.0100126
475 0.00998739
475 1.4622e-20
475 0.019429
475 0.000570994
475 1.4622e-20
475 0.000585587
475 0.005362
475 0.0140524
475 1.4622e-20
475 0.010378
475 0.00962197
475 1.4622e-20
475 0.02
475 1.4622e-20
475 0.00913089
475 0.0108691
475 1.4622e-20
475 0.0144144
475 5.94813e-07
475 4.07052e-09
475 0.00430471
475 0.00128026
475 1.4622e-20
475 0.00539079
475 0.0146092
475 1.4622e-20
475 0.02
475 1.4622e-20
475 0.02
475 1.4622e-20
475 0.0195514
475 0.000448635
475 1.4622e-20
475 0.000139267
475 0.0132983
475 0.0065624
475 1.4622e-20
475 0.02
475 1.4622e-20
475 0.00511964
475 0.0148804
475 1.4622e-20
475 0.00857887
475 0.0114211
475 1.4622e-20
475 0.02
475 1.4622e-20
475 0.00526255
475 0.0147375
475 1.4622e-20
475 0.02
475 1.4622e-20
475 0.001481
475 0.0035642
475 0.0149548
475 1.4622e-20
475 0.00403918
475 0.0159608
475 1.4622e-20
475 0.00738991
475 0.0126101
475 1.4622e-20
475 0.02
475 1.4622e-20
475 0.02
475 1.4622e-20
475 0.02
475 1.4622e-20
475 0.00254405
475 0.017456
475 1.4622e-20
475 0.00379961
475 0.0162004
475 1.4622e-20
475 0.00898698
475 0.011013
475 1.4622e-20
475 0.0163124
475 0.00194457
475 0.00174303
475 1.4622e-20
475 0.0130206
475 0.00697941
475 1.4622e-20
475 0.02
475 1.4622e-20
475 0.0150401
475 0.00014294
475 0.000470263
475 1.23249e-06
475 0.00434546
475 1.4622e-20
475 0.0186823
475 0.00131765
475 1.4622e-20
475 0.0171597
475 0.00284025
475 1.4622e-20
475 0.000937456
475 0.0190625
475 1.4622e-20
475 0.00918175
475 0.0108182
475 1.4622e-20
475 0.0105306
475 0.0094694
475 1.4622e-20
475 0.02
475 1.4622e-20
475 0.02
475 1.4622e-20
475 0.0154179
475 0.00458208
475 1.4622e-20
475 0.00322848
475 0.0167715
475 1.4622e-20
475 0.02
475 1.4622e-20
475 0.0037872
475 0.0162128
475 1.4622e-20
475 0.02
475 1.4622e-20
475 0.00676501
475 0.013235
475 1.4622e-20
475 0.0045401
475 0.0154599
475 1.4622e-20
475 0.0124583
475 0.00754165
475 1.4622e-20
475 0.018959
475 0.00104098
475 1.4622e-20
475 0.02
475 1.4622e-20
475 0.02
475 1.4622e-20
475 0.00811993
475 0.0118801
475 1.4622e-20
475 0.0056661
475 0.0143339
475 1.4622e-20
475 0.02
475 1.4622e-20
475 0.02
475 1.4622e-20
475 0.00648994
475 0.0135101
475 1.4622e-20
475 0.00328518
475 0.0167148
475 1.4622e-20
475 0.02
475 1.4622e-20
475 0.011481
475 0.00851895
475 1.4622e-20
475 0.02
475 1.4622e-20
475 0.02
475 1.4622e-20
475 0.02
475 1.4622e-20
475 0.02
475 1.4622e-20
475 0.0168918
475 0.00221886
475 0.000850036
475 3.92875e-05
475 1.4622e-20
475 0.02
475 1.4622e-20
475 0.0117449
475 0.00825512
475 1.4622e-20
475 0.02
475 1.4622e-20
475 0.00325639
475 0.0167436
475 1.4622e-20
475 0.02
475 1.4622e-20
475 0.00883166
475 0.0111683
475 1.4622e-20
475 0.0175538
475 0.000695308
475 0.00175091
475 1.4622e-20
475 0.02
475 1.4622e-20
475 0.02
475 1.4622e-20
475 0.02
475 1.4622e-20
475 3.6003e-05
475 0.0116452
475 0.0083188
475 1.4622e-20
475 0.02
475 1.4622e-20
475 0.02
475 1.4622e-20
475 0.00167508
475 0.0183249
475 1.4622e-20
475 0.0122344
475 0.00776563
475 1.4622e-20
475 0.0150975
475 1.35653e-11
475 0.00432787
475 0.000574609
475 1.4622e-20
475 0.00607255
475 0.0139274
475 1.4622e-20
475 0.02
475 1.4622e-20
475 0.02
475 1.4622e-20
475 0.00765083
475 0.0123492
475 1.4622e-20
475 0.000476479
475 0.00513959
475 0.0143839
475 1.4622e-20
475 0.0191183
475 0.00088173
475 1.4622e-20
475 0.00347714
475 0.0165229
475 1.4622e-20
475 0.00335802
475 0.016642
475 1.4622e-20
475 0.02
475 1.4622e-20
475 0.000909473
475 0.010536
475 0.00855455
475 1.4622e-20
475 0.0046473
475 0.0153527
475 1.4622e-20
475 0.02
475 1.4622e-20
475 0.0142202
475 0.000378213
475 0.00540158
475 1.4622e-20
475 0.0113191
475 0.00868092
475 1.4622e-20
475 0.00238166
475 0.0176183
475 1.4622e-20
475 0.0107637
475 0.00923631
475 1.4622e-20
475 0.0086313
475 0.0113687
475 1.4622e-20
475 0.02
475 1.4622e-20
475 0.02
475 1.4622e-20
475 0.02
475 1.4622e-20
475 0.0178722
475 0.00212776
475 1.4622e-20
475 0.02
475 1.4622e-20
475 0.0195199
475 0.000480111
475 1.4622e-20
475 0.00248849
475 0.0175115
475 1.4622e-20
475 0.0156394
475 0.00175142
475 0.00260921
475 1.4622e-20
475 0.00129233
475 0.00870427
475 0.0100034
475 1.4622e-20
475 0.02
475 1.4622e-20
475 0.0189645
475 0.00103548
475 1.4622e-20
475 0.00792853
475 0.0120715
475 1.4622e-20
475 0.02
475 1.4622e-20
475 0.02
475 1.4622e-20
475 0.02
475 1.4622e-20
475 0.0072355
475 0.0038306
473 5.57666e-21
475 1.4622e-20
475 0.02
475 1.4622e-20
475 0.0132669
475 0.00673309
475 1.4622e-20
475 0.00133852
475 0.0186615
475 1.4622e-20
475 0.00634288
475 0.0136571
475 1.4622e-20
475 0.02
475 1.4622e-20
475 0.00357411
475 0.0164259
475 1.4622e-20
475 0.000902092
475 0.00754186
475 0.011556
475 1.4622e-20
475 0.00141993
475 0.00489071
56 1.31175e-20
475 1.4622e-20
475 0.02
475 1.4622e-20
475 0.0090883
475 0.0109117
475 1.4622e-20
475 0.02
475 1.4622e-20
475 0.0103276
475 0.00967239
475 1.4622e-20
475 0.00144992
475 0.00663952
475 0.0119106
475 1.4622e-20
475 0.02
475 1.4622e-20
475 0.0166127
475 0.00125149
475 0.00213582
475 1.4622e-20
475 0.00604746
475 0.0139525
475 1.4622e-20
475 0.02
475 1.4622e-20
475 0.00794032
475 0.0120597
475 1.4622e-20
475 0.00113554
475 0.0114181
475 0.0074464
475 1.4622e-20
475 0.02
475 1.4622e-20
475 0.00856815
475 0.0114318
475 1.4622e-20
475 0.0106269
475 0.00937311
475 1.4622e-20
475 0.00636156
475 0.0136384
475 1.4622e-20
475 0.02
475 1.4622e-20
475 0.0154513
475 0.00454872
475 1.4622e-20
475 0.00556526
475 0.0144347
475 1.4622e-20
475 0.00489441
475 0.0151056
475 1.4622e-20
475 0.00746946
475 0.0125305
475 1.4622e-20
475 0.0012341
475 0.0110775
475 0.00768841
475 1.4622e-20
475 0.00142204
475 0.018578
475 1.4622e-20
475 0.00784415
475 0.0121558
475 1.4622e-20
475 0.0124782
475 0.00752185
475 1.4622e-20
475 0.00867559
475 0.0113244
475 1.4622e-20
475 0.02
475 1.4622e-20
475 0.0124147
475 0.00758532
475 1.4622e-20
475 0.00475353
475 0.0152465
475 1.4622e-20
475 0.0169326
475 1.40032e-06
475 0.00306596
475 1.4622e-20
475 0.02
475 1.4622e-20
475 0.02
475 1.4622e-20
475 0.0172059
475 0.00156546
475 0.00122864
475 1.4622e-20
475 0.00362466
475 0.0163753
475 1.4622e-20
475 0.00851129
475 0.004789
201 7.39329e-21
475 1.4622e-20
475 0.02
475 1.4622e-20
475 0.02
475 1.4622e-20
475 0.02
475 1.4622e-20
475 0.02
475 1.4622e-20
475 0.0102879
475 0.00971214
475 1.4622e-20
475 0.02
475 1.4622e-20
475 0.0151856
475 6.22569e-07
475 0.0048138
475 1.4622e-20
475 0.00373726
475 0.0162627
475 1.4622e-20
475 0.02
475 1.4622e-20
475 0.02
475 1.4622e-20
475 0.00310307
475 0.0168969
475 1.4622e-20
475 0.02
475 1.4622e-20
475 0.00416919
475 0.0158308
475 1.4622e-20
475 0.0138258
475 8.6395e-05
475 0.00574064
475 0.000347181
475 1.4622e-20
475 0.0149642
475 7.33847e-06
475 3.38097e-05
475 0.000256072
428 4.22834e-21
475 1.4622e-20
475 0.02
475 1.4622e-20
475 0.0110463
475 0.00895373
475 1.4622e-20
475 0.0164947
475 0.000238106
475 0.00326718
475 1.4622e-20
475 0.0106863
475 0.00931375
475 1.4622e-20
475 0.0140281
475 0.000527471
475 1.81011e-05
475 4.39376e-09
475 8.7307e-06
475 0.00541759
475 1.4622e-20
475 0.02
475 1.4622e-20
475 0.02
475 1.4622e-20
475 0.00939368
475 0.0106063
475 1.4622e-20
475 0.02
475 1.4622e-20
475 0.00394743
475 0.0160526
475 1.4622e-20
475 0.02
475 1.4622e-20
475 0.0049305
475 0.0150695
475 1.4622e-20
475 0.02
475 1.4622e-20
475 0.0108272
475 0.00917282
475 1.4622e-20
475 0.02
475 1.4622e-20
475 0.00610126
475 0.0138987
475 1.4622e-20
475 0.00231391
475 0.0176861
475 1.4622e-20
475 0.00607564
475 0.0139244
475 1.4622e-20
475 0.02
475 1.4622e-20
475 0.00513644
475 0.0148636
475 1.4622e-20
475 0.02
475 1.4622e-20
475 0.00216568
475 0.0178343
475 1.4622e-20
475 0.00787307
475 0.0121269
475 1.4622e-20
475 0.0121339
475 0.00786609
475 1.4622e-20
475 6.14233e-05
475 0.010784
0 1.13257e-20
475 1.4622e-20
475 0.0130027
475 0.00699733
475 1.4622e-20
475 0.0160981
475 0.00390188
475 1.4622e-20
475 0.00695927
475 0.0130407
475 1.4622e-20
475 0.00295295
475 0.017047
475 1.4622e-20
475 0.00975901
475 0.010241
475 1.4622e-20
475 0.0134099
475 0.0065901
475 1.4622e-20
475 0.02
475 1.4622e-20
475 0.00847921
475 0.0115208
475 1.4622e-20
475 0.0180929
475 7.71526e-06
475 0.00189934
475 1.4622e-20
475 0.00134746
475 0.0186525
475 1.4622e-20
475 0.0133098
475 0.00669019
475 1.4622e-20
475 0.0046326
475 0.0153674
475 1.4622e-20
475 0.0117123
475 0.00828771
475 1.4622e-20
475 0.02
475 1.4622e-20
475 0.0136122
475 2.0674e-05
475 0.000691872
475 2.41602e-05
475 0.00101853
475 0.00137571
475 0.000174068
475 0.00308279
475 1.4622e-20
475 0.02
475 1.4622e-20
475 0.00633954
475 0.0136605
475 1.4622e-20
475 0.02
475 1.4622e-20
475 0.0197439
475 0.000256066
475 1.4622e-20
475 0.02
475 1.4622e-20
475 0.00459261
475 0.00728642
432 6.48213e-21
475 1.4622e-20
475 0.02
475 1.4622e-20
475 0.02
475 1.4622e-20
475 0.0125985
475 0.00740148
475 1.4622e-20
475 0.0104947
475 0.00950527
475 1.4622e-20
475 0.02
475 1.4622e-20
475 0.02
475 1.4622e-20
475 0.010075
475 0.00992502
475 1.4622e-20
475 0.0072521
475 0.0127479
475 1.4622e-20
475 0.012026
475 0.00797397
475 1.4622e-20
475 0.0127377
475 0.000917661
475 0
475 0.0016374
475 0.000114688
475 0.00459251
475 1.4622e-20
475 0.000126108
475 1.97556e-05
475 0.00320673
475 0.0166474
475 1.4622e-20
475 0.02
475 1.4622e-20
475 0.017586
475 0.000114871
475 0.00229917
475 1.4622e-20
475 0.00558621
475 0.0144138
475 1.4622e-20
475 0.0113116
475 0.00868836
475 1.4622e-20
475 0.00548038
475 0.0145196
475 1.4622e-20
475 0.00900922
475 0.0109908
475 1.4622e-20
475 0.000821824
475 0.00405038
475 0.0151278
475 1.4622e-20
475 0.00420204
475 0.015798
475 1.4622e-20
475 0.0147306
475 0.00180564
475 0.000556553
475 0.000408271
475 0.00249891
475 1.4622e-20
475 0.0185779
475 0.00142205
475 1.4622e-20
475 0.0161044
475 0.00389565
475 1.4622e-20
475 0.0126687
475 0.00733128
475 1.4622e-20
475 0.02
475 1.4622e-20
475 0.006001
475 0.013999
475 1.4622e-20
475 0.00422915
475 0.0157709
475 1.4622e-20
475 0.02
475 1.4622e-20
475 0.00672264
475 0.0132774
475 1.4622e-20
475 0.0107849
475 0.00921508
475 1.4622e-20
475 0.02
475 1.4622e-20
475 0.0114255
475 0.00857445
475 1.4622e-20
475 0.017019
475 0.000928161
475 0.000210329
475 0.00184253
475 1.4622e-20
475 0.00136413
475 0.00491261
475 0.0137233
475 1.4622e-20
475 0.02
475 1.4622e-20
475 0.0168092
475 0.000875055
475 0.00231577
475 1.4622e-20
475 0.00198355
475 0.0180164
475 1.4622e-20
475 0.0117369
475 0.00826314
475 1.4622e-20
475 0.018878
475 7.24623e-05
475 3.6295e-08
475 0.00104945
475 1.4622e-20
475 0.0168705
475 0.000115622
475 0.000150424
475 0.0028635
475 1.4622e-20
475 0.02
475 1.4622e-20
475 0.00805834
475 0.0119417
475 1.4622e-20
475 0.0138026
475 0.00396782
475 4.50595e-05
475 0.000153136
475 0.000433358
475 0.000358371
475 0.000149722
475 8.34421e-06
475 0.000615009
475 5.63356e-07
475 6.15861e-07
475 3.86328e-09
475 1.0187e-15
475 6.98024e-07
475 1.99553e-29
475 2.26523e-25
475 7.30118e-19
475 4.0802e-06
475 3.38709e-05
475 2.01405e-09
475 4.20041e-08
475 3.44774e-21
475 1.56799e-18
475 3.26128e-19
475 5.50057e-10
475 4.80441e-33
475 8.38489e-19
475 5.25284e-36
475 1.697e-15
475 1.21474e-07
475 7.72994e-09
475 1.96565e-28
475 3.23476e-15
475 4.08948e-05
475 2.0986e-12
475 5.0814e-36
475 5.32448e-09
475 1.28249e-11
475 3.36379e-08
475 1.46634e-06
475 1.75427e-15
475 2.19344e-38
475 1.0952e-09
475 2.97942e-05
475 1.72604e-05
475 1.10226e-20
475 1.20637e-45
475 6.52213e-70
475 1.29051e-08
475 5.31458e-16
475 6.51195e-05
475 6.80768e-11
475 6.71087e-33
475 4.63783e-08
475 7.04273e-12
475 4.74385e-15
475 5.02158e-40
475 1.01734e-09
475 1.42256e-08
475 9.14069e-21
475 3.44219e-17
475 2.88413e-14
475 2.72058e-28
475 3.51848e-93
475 7.72438e-08
475 1.18763e-11
475 7.43868e-33
475 2.95005e-16
475 4.9069e-30
475 2.28931e-07
475 2.47318e-30
475 1.33976e-22
475 1.55039e-26
475 5.19533e-44
475 9.6109e-16
475 1.39414e-24
475 4.38359e-40
475 1.21701e-15
475 6.52368e-31
475 0.000271664
475 1.4622e-20
475 0.00825258
475 0.0117474
475 1.4622e-20
475 0.02
475 1.4622e-20
475 0.0021342
475 0.00545879
96 1.2946e-20
475 1.4622e-20
475 0.0172196
475 0.000340132
475 0.00244024
475 1.4622e-20
475 0.02
475 1.4622e-20
475 0.00210738
475 0.0178926
475 1.4622e-20
475 0.02
475 1.4622e-20
475 0.00647121
475 0.0135288
475 1.4622e-20
475 0.02
475 1.4622e-20
475 0.00977103
475 0.010229
475 1.4622e-20
475 0.02
475 1.4622e-20
475 0.00159341
475 0.00188475
475 0.0165218
475 1.4622e-20
475 0.0165158
475 0.00114359
475 0.00234066
475 1.4622e-20
475 0.02
475 1.4622e-20
475 0.0115569
475 0.00844306
475 1.4622e-20
475 0.02
475 1.4622e-20
475 0.0172213
475 0.0027787
475 1.4622e-20
475 0.02
475 1.4622e-20
475 0.00114902
475 0.0106869
169 8.86357e-21
475 1.4622e-20
475 0.02
475 1.4622e-20
475 0.02
475 1.4622e-20
475 0.02
475 1.4622e-20
475 0.0194263
475 0.000573748
475 1.4622e-20
475 0.00337793
475 0.0166221
475 1.4622e-20
475 0.0108584
475 0.00914155
475 1.4622e-20
475 0.02
475 1.4622e-20
475 0.02
475 1.4622e-20
475 0.00508343
475 0.0149166
475 1.4622e-20
475 0.02
475 1.4622e-20
475 0.0131245
475 0.00687554
475 1.4622e-20
475 0.00808519
475 0.0119148
475 1.4622e-20
475 0.00235516
475 0.0176448
475 1.4622e-20
475 0.02
475 1.4622e-20
475 0.02
475 1.4622e-20
475 0.00491139
475 0.0150886
475 1.4622e-20
475 0.02
475 1.4622e-20
475 0.00909627
475 0.0109037
475 1.4622e-20
475 0.02
475 1.4622e-20
475 0.0155448
475 6.98812e-11
475 0.00445515
475 1.4622e-20
475 0.0150702
475 0.00492982
475 1.4622e-20
475 0.0125652
475 0.00743475
475 1.4622e-20
475 0.02
475 1.4622e-20
475 0.00795281
475 0.00201718
360 6.98861e-21
475 1.4622e-20
475 0.0132234
475 0.00112191
40 8.95618e-21
475 1.4622e-20
475 0.02
475 1.4622e-20
475 0.02
475 1.4622e-20
475 0.02
475 1.4622e-20
475 0.0117728
475 0.00822722
475 1.4622e-20
475 0.02
475 1.4622e-20
475 0.02
475 1.4622e-20
475 0.0176642
475 0.00233578
475 1.4622e-20
475 0.02
475 1.4622e-20
475 0.00309342
475 0.0169066
475 1.4622e-20
475 0.02
475 1.4622e-20
475 0.00535397
475 0.014646
475 1.4622e-20
475 0.0136766
475 2.11705e-06
475 1.98245e-06
475 0.000198678
475 0.000213162
475 8.94531e-05
475 0.00581804
475 1.4622e-20
475 0.02
475 1.4622e-20
475 0.00664136
475 0.0133586
475 1.4622e-20
475 0.00541193
475 0.0145881
475 1.4622e-20
475 0.0178241
475 0.000290644
475 0.00188521
475 1.4622e-20
475 0.02
475 1.4622e-20
475 0.02
475 1.4622e-20
475 0.02
475 1.4622e-20
475 0.00328648
475 0.0167135
475 1.4622e-20
475 0.00523427
475 0.0147657
475 1.4622e-20
475 0.0174232
475 0.00149545
475 0.0010813
475 1.4622e-20
475 0.000892298
475 0.00173154
475 0.0173762
475 1.4622e-20
475 0.00606655
475 0.0139335
475 1.4622e-20
475 0.02
475 1.4622e-20
475 0.0101999
475 0.00980013
475 1.4622e-20
475 0.02
475 1.4622e-20
475 0.00503556
475 0.0149644
475 1.4622e-20
475 0.02
475 1.4622e-20
475 0.0166445
475 0.00214194
475 0.00121352
475 1.4622e-20
475 0.02
475 1.4622e-20
475 0.00473333
475 0.0152667
475 1.4622e-20
475 0.02
475 1.4622e-20
475 0.02
475 1.4622e-20
475 0.011447
475 0.00855303
475 1.4622e-20
475 0.00875004
475 0.01125
475 1.4622e-20
475 0.00253183
475 0.0174682
475 1.4622e-20
475 0.00136041
475 0.00163753
475 0.0170021
475 1.4622e-20
475 0.000724083
475 0.0192759
475 1.4622e-20
475 0.00107043
475 0.0189296
475 1.4622e-20
475 0.0130676
475 0.0069324
475 1.4622e-20
475 0.0162786
475 8.40211e-06
475 0.00371302
475 1.4622e-20
475 0.02
475 1.4622e-20
475 0.00747376
475 1.91655e-05
301 7.94086e-21
475 1.4622e-20
475 0.00366013
475 0.0163399
475 1.4622e-20
475 0.02
475 1.4622e-20
475 0.02
475 1.4622e-20
475 0.02
475 1.4622e-20
475 0.02
475 1.4622e-20
475 0.02
475 1.4622e-20
475 0.00288276
475 0.0171172
475 1.4622e-20
475 0.02
475 1.4622e-20
475 0.00133047
475 0.0158088
475 0.00286077
475 1.4622e-20
475 0.00162155
475 0.0183785
475 1.4622e-20
475 0.0164167
475 0.000248626
475 0.00208364
475 0.00125102
475 1.4622e-20
475 0.02
475 1.4622e-20
475 0.02
475 1.4622e-20
475 0.02
475 1.4622e-20
475 0.0119172
475 0.0080828
475 1.4622e-20
475 0.02
475 1.4622e-20
475 0.0109033
475 0.00909668
475 1.4622e-20
475 0.00573769
475 0.0142623
475 1.4622e-20
475 0.02
475 1.4622e-20
475 0.02
475 1.4622e-20
475 0.02
475 1.4622e-20
475 0.00171387
475 0.0182861
475 1.4622e-20
475 0.02
475 1.4622e-20
475 0.02
475 1.4622e-20
475 0.02
475 1.4622e-20
475 0.02
475 1.4622e-20
475 0.02
475 1.4622e-20
475 0.0110102
475 0.00898976
475 1.4622e-20
475 0.0102168
475 0.00978319
475 1.4622e-20
475 0.00872601
475 0.011274
475 1.4622e-20
475 0.00671293
475 0.0132871
475 1.4622e-20
475 0.00707478
475 0.0129252
475 1.4622e-20
475 0.02
475 1.4622e-20
475 0.000806092
475 0.0191939
475 1.4622e-20
475 0.0139073
475 1.82415e-09
475 0.000616074
475 4.07992e-07
475 2.71061e-05
475 0.00290797
475 0.000335728
475 0.000122565
475 9.01759e-05
475 0.00199265
475 1.4622e-20
475 0.00603211
475 0.0139679
475 1.4622e-20
475 0.02
475 1.4622e-20
475 0.02
475 1.4622e-20
475 0.0190028
475 3.37442e-05
475 0.000963407
475 1.4622e-20
475 0.02
475 1.4622e-20
475 0.0192483
475 0.000751659
475 1.4622e-20
475 0.02
475 1.4622e-20
475 0.0181772
475 0.00182277
475 1.4622e-20
475 0.0135413
475 0.00043038
475 0.00602828
475 1.4622e-20
475 0.02
475 1.4622e-20
475 0.00955512
475 0.0104449
475 1.4622e-20
475 0.02
475 1.4622e-20
475 0.015545
475 1.68839e-05
475 0.00159846
475 0.00283968
475 1.4622e-20
475 0.0107101
475 0.00928992
475 1.4622e-20
475 0.0161649
475 4.54777e-05
475 0.000151697
475 2.24658e-12
475 0.00262413
475 0.00101378
475 1.4622e-20
475 0.00276522
475 0.0172348
475 1.4622e-20
475 0.0142953
475 0.000369297
475 4.92008e-08
475 0.00286799
475 0.00246734
475 1.4622e-20
475 0.0183108
475 0.000225312
475 0.00146393
475 1.4622e-20
475 0.02
475 1.4622e-20
475 0.006566
475 0.013434
475 1.4622e-20
475 0.00604454
475 0.0139555
475 1.4622e-20
475 0.0109656
475 0.00903437
475 1.4622e-20
475 0.0064393
475 0.0135607
475 1.4622e-20
475 0.0195707
475 2.81773e-06
475 0.000426522
475 1.4622e-20
475 0.02
475 1.4622e-20
475 0.00674035
475 0.0132597
475 1.4622e-20
475 0.02
475 1.4622e-20
475 0.0157964
475 5.62564e-06
475 0.00419797
475 1.4622e-20
475 0.02
475 1.4622e-20
475 0.02
475 1.4622e-20
475 0.015033
475 0.00496699
475 1.4622e-20
475 0.000980012
475 0.00313827
475 0.0158817
475 1.4622e-20
475 0.02
475 1.4622e-20
475 0.02
475 1.4622e-20
475 0.02
475 1.4622e-20
475 0.00162747
475 0.0183725
475 1.4622e-20
475 0.02
475 1.4622e-20
475 0.00311683
475 0.0168832
475 1.4622e-20
475 0.02
475 1.4622e-20
475 0.02
475 1.4622e-20
475 0.0153025
475 1.75835e-07
475 0.00469728
475 1.4622e-20
475 0.00932561
475 0.0106744
475 1.4622e-20
475 0.0158099
475 0.00210677
475 0.00208329
475 1.4622e-20
475 0.00340057
475 0.0165994
475 1.4622e-20
475 0.02
475 1.4622e-20
475 0.00401706
475 0.0159829
475 1.4622e-20
475 0.02
475 1.4622e-20
475 0.02
475 1.4622e-20
475 0.00251834
475 0.0174817
475 1.4622e-20
475 0.0179788
475 0.000126508
475 0.00189472
475 1.4622e-20
475 0.00120983
475 0.0187902
475 1.4622e-20
475 0.00200223
475 0.0179978
475 1.4622e-20
475 0.00412753
475 0.0158725
475 1.4622e-20
475 0.02
475 1.4622e-20
475 0.02
475 1.4622e-20
475 0.02
475 1.4622e-20
475 0.00221441
475 0.0177856
475 1.4622e-20
475 0.00358206
475 0.0164179
475 1.4622e-20
475 0.0178391
475 0.000146842
475 0.00201401
475 1.4622e-20
475 0.02
475 1.4622e-20
475 0.0174684
475 0.00253164
475 1.4622e-20
475 0.02
475 1.4622e-20
475 0.0167292
475 0.00234298
475 0.000927786
475 1.4622e-20
475 0.00541727
475 0.0145827
475 1.4622e-20
475 0.0103624
475 0.00963759
475 1.4622e-20
475 0.00282494
475 0.0171751
475 1.4622e-20
475 0.00514074
475 0.0148593
475 1.4622e-20
475 0.0107699
475 0.0092301
475 1.4622e-20
475 0.02
475 1.4622e-20
475 0.0135918
475 0.000125545
475 0.00540669
475 5.08501e-11
475 4.68152e-07
475 7.9203e-05
475 1.34311e-08
475 4.86321e-07
475 1.69128e-08
475 0.000109747
475 2.45096e-09
475 1.87793e-09
475 1.41567e-06
475 6.58928e-07
475 1.94236e-06
475 0.000325207
475 0.000356781
475 1.4622e-20
475 0.02
475 1.4622e-20
475 0.0161584
475 0.000165046
475 0.00109436
475 6.98563e-05
475 0.000128153
475 0.00238419
475 1.4622e-20
475 0.0176478
475 0.001162
475 0.0011902
475 1.4622e-20
475 0.00571613
475 0.00494573
0 1.19778e-20
475 1.4622e-20
475 0.0046921
475 0.0153079
475 1.4622e-20
475 0.00345122
475 0.0165488
475 1.4622e-20
475 0.00838013
475 0.0116199
475 1.4622e-20
475 0.02
475 1.4622e-20
475 0.0039099
475 0.0160901
475 1.4622e-20
475 0.00607274
475 0.0139273
475 1.4622e-20
475 0.0110907
475 0.00890927
475 1.4622e-20
475 0.0172363
475 0.00276368
475 1.4622e-20
475 0.00295796
475 0.017042
475 1.4622e-20
475 0.010167
475 0.00983298
475 1.4622e-20
475 0.00482853
475 0.0151715
475 1.4622e-20
475 0.02
475 1.4622e-20
475 0.02
475 1.4622e-20
475 0.0139838
475 0.00029476
475 0.00562451
475 3.5137e-05
475 6.18305e-05
475 1.4622e-20
475 0.00161713
475 0.0183829
475 1.4622e-20
475 0.0143886
475 0.00561141
475 1.4622e-20
475 0.02
475 1.4622e-20
475 0.02
475 1.4622e-20
475 0.00593864
475 0.0140614
475 1.4622e-20
475 0.02
475 1.4622e-20
475 0.00479249
475 0.0152075
475 1.4622e-20
475 0.02
475 1.4622e-20
475 0.02
475 1.4622e-20
475 0.00238669
475 0.00692215
89 1.21172e-20
475 1.4622e-20
475 0.02
475 1.4622e-20
475 0.02
475 1.4622e-20
475 0.00209287
475 0.0179071
475 1.4622e-20
475 0.0183845
475 4.60167e-06
475 0.00161091
475 1.4622e-20
475 0.0137932
475 0.000107862
475 0.00609896
475 1.4622e-20
475 0.0105151
475 0.00948494
475 1.4622e-20
475 0.000320995
475 0.019679
475 1.4622e-20
475 0.02
475 1.4622e-20
475 0.02
475 1.4622e-20
475 0.0115557
475 0.00844429
475 1.4622e-20
475 0.0119417
475 0.00805827
475 1.4622e-20
475 0.00491824
475 0.0150818
475 1.4622e-20
475 0.0194092
475 6.57139e-09
475 2.84771e-05
475 0.000254215
475 0.00030811
475 1.4622e-20
475 0.00728699
475 0.012713
475 1.4622e-20
475 0.02
475 1.4622e-20
475 0.02
475 1.4622e-20
475 0.02
475 1.4622e-20
475 0.02
475 1.4622e-20
475 0.02
475 1.4622e-20
475 0.0181706
475 0.000202574
475 1.92768e-05
475 2.85969e-05
475 4.71943e-06
475 1.54895e-08
475 0.000633642
475 0.000940567
475 1.4622e-20
475 0.0159135
475 5.40222e-07
475 0.000135298
475 0.00395068
475 1.4622e-20
475 0.00185512
475 0.00608513
357 8.97539e-21
475 1.4622e-20
475 0.00704253
475 0.0129575
475 1.4622e-20
475 0.02
475 1.4622e-20
475 0.012011
475 0.00798898
475 1.4622e-20
475 0.02
475 1.4622e-20
475 0.0182689
475 0.00173111
475 1.4622e-20
475 0.02
475 1.4622e-20
475 0.00631285
475 0.00348173
306 8.14041e-21
475 1.4622e-20
475 0.0108682
475 0.00913184
475 1.4622e-20
475 0.0063707
475 0.0136293
475 1.4622e-20
475 0.02
475 1.4622e-20
475 0.0121137
475 0.00788627
475 1.4622e-20
475 0.02
475 1.4622e-20
475 0.00267747
475 0.0173225
475 1.4622e-20
475 0.02
475 1.4622e-20
475 0.02
475 1.4622e-20
475 0.0171878
475 0.000178431
475 0.00263379
475 1.4622e-20
475 0.02
475 1.4622e-20
475 0.0185948
475 0.00140518
475 1.4622e-20
475 0.02
475 1.4622e-20
475 0.02
475 1.4622e-20
475 0.00440843
475 0.0155916
475 1.4622e-20
475 0.00715058
475 0.0128494
475 1.4622e-20
475 0.02
475 1.4622e-20
475 0.02
475 1.4622e-20
475 0.00163937
475 0.0183606
475 1.4622e-20
475 0.02
475 1.4622e-20
475 0.00274686
475 0.0172531
475 1.4622e-20
475 0.0019337
475 0.0180663
475 1.4622e-20
475 0.02
475 1.4622e-20
475 0.00525617
475 0.0147438
475 1.4622e-20
475 0.0191359
475 0.00086413
475 1.4622e-20
475 0.014242
475 2.6891e-05
475 0.00269804
475 0.00303306
475 1.4622e-20
475 0.0112395
475 0.00876055
475 1.4622e-20
475 0.02
475 1.4622e-20
475 0.02
475 1.4622e-20
475 0.00799906
475 0.0120009
475 1.4622e-20
475 0.0166347
475 0.00148222
475 1.6413e-07
475 0.00188288
475 1.4622e-20
475 0.02
475 1.4622e-20
475 0.00505321
475 0.0149468
475 1.4622e-20
475 0.02
475 1.4622e-20
475 0.00416176
475 0.00162935
0 1.32499e-20
475 1.4622e-20
475 0.00791266
475 0.0120873
475 1.4622e-20
475 0.02
475 1.4622e-20
475 0.02
475 1.4622e-20
475 0.02
475 1.4622e-20
475 0.02
475 1.4622e-20
475 0.00954067
475 0.0104593
475 1.4622e-20
475 0.0102571
475 0.00974293
475 1.4622e-20
475 0.013645
475 0.000951102
475 0.00426916
475 0.00113471
475 1.4622e-20
475 0.00501958
475 0.0149804
475 1.4622e-20
475 0.00236235
475 0.0176377
475 1.4622e-20
475 0.00611261
475 0.012697
455 2.80798e-21
475 1.4622e-20
475 0.0154359
475 0.00456414
475 1.4622e-20
475 0.02
475 1.4622e-20
475 0.0173444
475 0.0017049
475 0.000950717
475 1.4622e-20
475 0.00113185
475 0.0179447
475 0.000923423
475 1.4622e-20
475 0.02
475 1.4622e-20
475 0.02
475 1.4622e-20
475 0.02
475 1.4622e-20
475 0.00562179
475 0.0143782
475 1.4622e-20
475 0.00663247
475 0.0133675
475 1.4622e-20
475 0.0183486
475 0.00047472
475 0.00117667
475 1.4622e-20
475 0.00492907
475 0.0150709
475 1.4622e-20
475 0.015632
475 0.00191554
475 1.24016e-05
475 0.00244004
475 1.4622e-20
475 0.0120192
475 0.0079808
475 1.4622e-20
475 0.00424356
475 0.0157564
475 1.4622e-20
475 0.02
475 1.4622e-20
475 0.0152815
475 0.00241707
475 0.0009451
475 0.00135628
475 1.4622e-20
475 0.02
475 1.4622e-20
475 0.0126823
475 0.00731774
475 1.4622e-20
475 0.00401666
475 0.0159833
475 1.4622e-20
475 0.0166677
475 0.000142517
475 0.00318978
475 1.4622e-20
475 0.02
475 1.4622e-20
475 0.00879984
475 0.0112002
475 1.4622e-20
475 0.02
475 1.4622e-20
475 0.0119738
475 0.00802624
475 1.4622e-20
475 0.000248472
475 0.000474625
475 0.00708756
475 0.0121893
475 1.4622e-20
475 0.02
475 1.4622e-20
475 0.02
475 1.4622e-20
475 0.0118504
475 0.00814964
475 1.4622e-20
475 0.0169026
475 0.000710576
475 0.00129024
475 0.00109658
475 1.4622e-20
475 0.0103884
475 0.00961162
475 1.4622e-20
475 0.0108211
475 0.00917892
475 1.4622e-20
475 0.02
475 1.4622e-20
475 0.0157254
475 0.00427459
475 1.4622e-20
475 0.02
475 1.4622e-20
475 0.00408899
475 0.015911
475 1.4622e-20
475 0.02
475 1.4622e-20
475 0.0193279
475 0.000672052
475 1.4622e-20
475 0.02
475 1.4622e-20
475 0.018514
475 0.00148604
475 1.4622e-20
475 0.00677065
475 0.0132294
475 1.4622e-20
475 0.00359645
475 0.0164036
475 1.4622e-20
475 0.0162276
475 3.44426e-05
475 0.00111223
475 0.000166579
475 0.000985159
475 0.001474
475 1.4622e-20
475 0.00158709
475 0.0119354
475 0.00647752
475 1.4622e-20
475 0.0110258
475 0.00897417
475 1.4622e-20
475 0.0162497
475 0.00375025
475 1.4622e-20
475 0.00192749
475 0.0180725
475 1.4622e-20
475 0.00840346
475 0.0115965
475 1.4622e-20
475 0.00901611
475 0.0109839
475 1.4622e-20
475 0.00384768
475 0.0161523
475 1.4622e-20
475 0.02
475 1.4622e-20
475 0.02
475 1.4622e-20
475 0.02
475 1.4622e-20
475 0.0116452
475 0.00835476
475 1.4622e-20
475 0.02
475 1.4622e-20
475 0.0073195
475 0.0126805
475 1.4622e-20
475 0.0117442
475 0.00825578
475 1.4622e-20
475 0.00739628
475 0.0126037
475 1.4622e-20
475 0.00197107
475 0.0180289
475 1.4622e-20
475 0.00525935
475 0.0147407
475 1.4622e-20
475 0.00559603
475 0.014404
475 1.4622e-20
475 0.0149018
475 0.0012438
475 1.72746e-05
475 0.00383711
475 1.4622e-20
475 0.02
475 1.4622e-20
475 0.00772455
475 0.0122755
475 1.4622e-20
475 0.02
475 1.4622e-20
475 0.00501562
475 0.0149844
475 1.4622e-20
475 0.0162328
475 0.00376721
475 1.4622e-20
475 0.0178396
475 0.000334068
475 0.0018263
475 1.4622e-20
475 0.02
475 1.4622e-20
475 0.02
475 1.4622e-20
475 0.00119741
475 0.00259629
475 0.0162063
475 1.4622e-20
475 0.0105192
475 0.00948077
475 1.4622e-20
475 0.02
475 1.4622e-20
475 0.00944107
475 0.0105589
475 1.4622e-20
475 0.02
475 1.4622e-20
475 0.00192822
475 0.0180718
