475 1.654e-20
475 0.03
475 1.654e-20
475 0.0245813
475 0.00541867
475 1.654e-20
475 0.0261822
475 0.0038178
475 1.654e-20
475 0.0127966
475 0.015878
475 3.9986e-08
475 0.00132538
475 1.654e-20
475 0.03
475 1.654e-20
475 0.0115321
475 0.0184679
475 1.654e-20
475 0.0223106
475 0.00768936
475 1.654e-20
475 0.03
475 1.654e-20
475 0.03
475 1.654e-20
475 0.00898946
475 0.0210105
475 1.654e-20
475 0.03
475 1.654e-20
475 0.0214049
475 0.00859509
475 1.654e-20
475 0.03
475 1.654e-20
475 0.03
475 1.654e-20
475 0.03
475 1.654e-20
475 0.0198223
475 0.0101777
475 1.654e-20
475 0.03
475 1.654e-20
475 0.0207679
475 0.00923207
475 1.654e-20
475 0.00554918
475 0.0244508
475 1.654e-20
475 0.03
475 1.654e-20
475 0.03
475 1.654e-20
475 0.0200073
475 0.00999273
475 1.654e-20
475 0.03
475 1.654e-20
475 0.0123584
475 0.0176416
475 1.654e-20
475 0.016081
475 0.013919
475 1.654e-20
475 0.03
475 1.654e-20
475 0.03
475 1.654e-20
475 0.0172028
475 0.0127972
475 1.654e-20
475 0.03
475 1.654e-20
475 0.0108971
475 0.0191029
475 1.654e-20
475 0.00429047
475 0.0257095
475 1.654e-20
475 0.0193185
475 0.0106815
475 1.654e-20
475 0.03
475 1.654e-20
475 0.03
475 1.654e-20
475 0.00619041
475 0.0190954
475 0.00471423
475 1.654e-20
475 0.0246267
475 0.00537328
475 1.654e-20
475 0.014979
475 0.015021
475 1.654e-20
475 0.0276266
475 0.00237339
475 1.654e-20
475 0.0155716
475 0.0144284
475 1.654e-20
475 0.02297
475 0.00703001
475 1.654e-20
475 0.0271918
475 0.00265689
475 0.000151337
475 1.654e-20
475 0.0236621
475 0.00633791
475 1.654e-20
475 0.03
475 1.654e-20
475 0.0207597
475 0.00924032
475 1.654e-20
475 0.03
475 1.654e-20
475 0.0133997
475 0.0166003
475 1.654e-20
475 0.0188016
475 0.0111984
475 1.654e-20
475 0.00498288
475 0.00496006
475 0.0200571
475 1.654e-20
475 0.0106028
475 0.0109294
475 0.00846775
475 1.654e-20
475 0.00904484
475 0.0209552
475 1.654e-20
475 0.0139285
475 0.0117095
475 0.00436196
475 1.654e-20
475 0.0210795
475 0.00892049
475 1.654e-20
475 0.0179791
475 0.0120209
475 1.654e-20
475 0.0196612
475 0.0103388
475 1.654e-20
475 0.03
475 1.654e-20
475 0.0277174
475 0.000766988
475 0.00151566
475 1.654e-20
475 0.0254999
475 0.000155244
475 0.00434482
475 1.654e-20
475 0.03
475 1.654e-20
475 0.019517
475 0.010483
475 1.654e-20
475 0.0184789
475 0.0115211
475 1.654e-20
475 0.03
475 1.654e-20
475 0.03
475 1.654e-20
475 0.00597611
475 0.014384
475 0.00963988
475 1.654e-20
475 0.00745759
475 0.00796833
475 0.0145741
475 1.654e-20
475 0.0282506
475 0.00174944
475 1.654e-20
475 0.03
475 1.654e-20
475 0.0219238
475 0.00807615
475 1.654e-20
475 0.03
475 1.654e-20
475 0.03
475 1.654e-20
475 0.0144624
475 0.0155376
475 1.654e-20
475 0.0214608
475 0.00853922
475 1.654e-20
475 0.00971448
475 0.0202855
475 1.654e-20
475 0.00973644
475 0.0202636
475 1.654e-20
475 0.0132191
475 0.0167809
475 1.654e-20
475 0.03
475 1.654e-20
475 0.00380911
475 0.0261909
475 1.654e-20
475 0.03
475 1.654e-20
475 0.03
475 1.654e-20
475 0.012452
475 0.017548
475 1.654e-20
475 0.0244318
475 3.58953e-05
475 0.00295446
475 0.00257788
475 1.654e-20
475 0.0176941
475 0.0123059
475 1.654e-20
475 0.0253637
475 0.000187893
475 0.00315114
475 0.00129728
475 1.654e-20
475 0.0230052
475 0.00699485
475 1.654e-20
475 0.03
475 1.654e-20
475 0.03
475 1.654e-20
475 0.0270836
475 0.000319457
475 0.00259691
475 1.654e-20
475 0.0227569
475 0.00724314
475 1.654e-20
475 0.03
475 1.654e-20
475 0.03
475 1.654e-20
475 0.0104298
475 0.0195702
475 1.654e-20
475 0.03
475 1.654e-20
475 0.0253562
475 0.00464383
475 1.654e-20
475 0.0275683
475 0.00133555
475 0.00109613
475 1.654e-20
475 0.0195309
475 0.0104691
475 1.654e-20
475 0.03
475 1.654e-20
475 0.0137822
475 0.00981621
475 0.00640157
475 1.654e-20
475 0.03
475 1.654e-20
475 0.0107382
475 0.0192618
475 1.654e-20
475 0.0169758
475 0.0130242
475 1.654e-20
475 0.00343708
475 0.0237462
475 0.00281672
