475 0
492 5.20487e-06
491 3.72285e-06
502 3.84117e-06
478 0
289 0
475 0
478 4.38265e-06
475 2.79927e-06
482 1.80071e-06
477 0
413 0
475 0
525 0
850 0
1149 0
475 0
497 4.04601e-06
496 6.62552e-07
486 4.50299e-06
500 0
601 0
475 0
503 4.39321e-06
496 1.84584e-06
506 1.34248e-06
505 0
434 0
475 0
491 3.60538e-06
484 0
422 0
475 0
508 2.65165e-06
510 4.7787e-06
525 0
674 0
475 0
496 4.13332e-08
520 2.1849e-06
521 8.11348e-08
522 0
556 0
475 0
525 0
850 0
1149 0
475 0
475 2.64546e-07
481 2.90854e-06
483 1.81013e-06
503 3.75336e-06
491 2.13441e-06
493 0
549 0
