475 1.58242e-21
475 3.60222e-65
475 4.8527e-12
475 4.12593e-11
475 2.1756e-28
475 0.0002
475 1.58242e-21
475 2.63867e-05
475 9.55389e-42
475 8.64797e-07
475 1.94409e-61
475 3.11406e-19
475 8.81732e-08
475 1.7391e-30
475 1.03195e-107
475 3.47831e-67
475 9.58072e-23
475 1.73292e-12
475 9.56958e-21
475 4.59176e-28
475 1.16013e-24
475 1.64321e-15
475 1.46617e-30
475 3.5234e-87
475 1.11698e-23
475 2.25298e-59
475 5.18493e-162
475 2.98676e-21
475 2.9792e-53
475 3.06036e-10
475 6.85251e-39
475 1.19709e-07
262 1.09478e-21
475 1.58242e-21
475 4.33182e-57
475 1.07698e-55
475 6.419e-52
475 4.19184e-59
475 2.37703e-20
475 2.07867e-36
475 1.05686e-06
0 1.61621e-21
475 1.58242e-21
475 2.02565e-43
475 2.47275e-170
475 6.9204e-38
475 2.84629e-34
475 2.82656e-23
475 6.5591e-33
475 6.00864e-62
475 9.24098e-36
475 4.79967e-07
475 1.23408e-13
475 1.60845e-51
475 2.35568e-70
475 5.90186e-55
475 4.6408e-27
475 1.82939e-29
475 2.32243e-17
475 7.3716e-07
0 1.60414e-21
475 1.58242e-21
475 1.30967e-09
475 2.62557e-07
475 9.01606e-31
475 3.02752e-15
475 1.30617e-13
475 1.11919e-06
475 6.16354e-45
475 8.49046e-34
475 2.27732e-07
35 1.82766e-21
475 1.58242e-21
475 9.6677e-10
475 3.66374e-16
475 3.96414e-09
475 1.61743e-41
475 4.50926e-23
475 4.51757e-26
475 2.37947e-50
475 9.51929e-22
475 1.56267e-07
475 2.5897e-30
475 8.5263e-11
475 6.18429e-48
475 1.10325e-27
475 3.92148e-83
475 4.88758e-13
475 7.89282e-103
475 6.38984e-14
475 6.62865e-32
475 3.76955e-43
475 4.52279e-25
475 7.3896e-31
475 5.04635e-18
475 1.17632e-22
475 2.41624e-67
475 9.81151e-66
475 4.79705e-174
475 0.000199839
475 1.58242e-21
475 3.07727e-22
475 1.52893e-100
475 6.79631e-68
475 7.2169e-28
475 2.6691e-74
475 3.10768e-06
438 9.60425e-22
475 1.58242e-21
475 2.03213e-40
475 2.30173e-43
475 2.25539e-06
334 1.07053e-21
475 1.58242e-21
475 1.72512e-59
475 3.24709e-20
475 5.36185e-06
475 2.06057e-15
475 4.24302e-30
475 7.70283e-09
246 1.30737e-21
475 1.58242e-21
475 1.56584e-56
475 3.31318e-25
475 1.44611e-52
475 5.64283e-24
475 5.46197e-45
475 4.04864e-23
475 3.08078e-21
475 9.86153e-07
353 9.53879e-22
