0 -1
475 1
0 -1
377 1
0 -1
475 1
0 -1
475 1
0 -1
364 1
0 -1
384 1
0 -1
475 1
0 -1
129 1
0 -1
475 1
0 -1
475 1
0 -1
475 1
0 -1
475 1
0 -1
475 1
0 -1
475 1
0 -1
475 1
0 -1
140 1
0 -1
475 1
0 -1
475 1
0 -1
0 1
0 -1
158 1
0 -1
475 1
0 -1
370 1
0 -1
337 1
0 -1
0 1
0 -1
475 1
0 -1
475 1
0 -1
463 1
0 -1
475 1
0 -1
332 1
0 -1
475 1
0 -1
0 1
0 -1
246 1
0 -1
475 1
0 -1
475 1
0 -1
475 1
0 -1
0 1
0 -1
10 1
0 -1
475 1
0 -1
475 1
0 -1
388 1
0 -1
475 1
0 -1
0 1
0 -1
371 1
0 -1
475 1
0 -1
475 1
0 -1
475 1
0 -1
425 1
0 -1
328 1
0 -1
475 1
0 -1
475 1
0 -1
475 1
0 -1
475 1
0 -1
157 1
0 -1
475 1
0 -1
447 1
0 -1
77 1
0 -1
475 1
0 -1
475 1
0 -1
338 1
0 -1
341 1
0 -1
32 1
0 -1
475 1
0 -1
360 1
0 -1
475 1
0 -1
475 1
0 -1
71 1
0 -1
0 1
0 -1
0 1
0 -1
475 1
0 -1
475 1
0 -1
475 1
0 -1
475 1
0 -1
475 1
0 -1
2 1
0 -1
475 1
0 -1
475 1
0 -1
475 1
0 -1
0 1
0 -1
425 1
0 -1
475 1
0 -1
367 1
0 -1
475 1
0 -1
475 1
0 -1
475 1
0 -1
475 1
0 -1
464 1
0 -1
475 1
0 -1
191 1
0 -1
475 1
0 -1
475 1
0 -1
475 1
0 -1
475 1
0 -1
207 1
0 -1
113 1
0 -1
475 1
0 -1
380 1
0 -1
475 1
0 -1
428 1
0 -1
475 1
0 -1
363 1
