475 2.23784e-21
475 1.00997e-09
475 8.56234e-29
475 9.98116e-10
475 0.000399998
475 2.23784e-21
475 6.44624e-10
475 2.66603e-17
475 4.19251e-20
475 2.19098e-10
475 2.45918e-16
475 6.3323e-42
475 7.50937e-07
475 0
475 0.000266793
475 6.43988e-05
475 4.26099e-08
377 5.596e-22
475 2.23784e-21
475 1.83375e-08
475 0.000171758
475 1.24194e-45
475 5.74532e-38
475 5.58249e-11
475 5.61975e-25
475 6.27625e-43
475 2.06377e-74
475 1.16005e-20
475 1.61025e-21
475 2.86714e-39
475 0.000228224
475 2.23784e-21
475 0.0004
475 2.23784e-21
475 2.35762e-20
475 1.11954e-09
475 2.38331e-17
475 5.63408e-17
475 0.00020121
475 1.5601e-31
475 1.52511e-22
475 0.000125476
475 2.04997e-05
475 1.96258e-05
475 2.05939e-05
475 7.74775e-06
475 8.08046e-07
364 1.38391e-22
475 2.23784e-21
475 3.02092e-11
475 0.000371168
475 4.62437e-06
475 4.36506e-06
475 4.20139e-06
475 7.60202e-06
475 6.99672e-06
384 6.50176e-23
475 2.23784e-21
475 1.21213e-30
475 3.65404e-09
475 1.41316e-19
475 1.08873e-18
475 1.88667e-20
475 1.1779e-07
475 4.91615e-06
475 1.52485e-20
475 0.000113325
475 1.69539e-41
475 7.53861e-05
475 6.57274e-121
475 1.63842e-60
475 5.48126e-15
475 2.95374e-14
475 4.89408e-34
475 1.27911e-47
475 2.0372e-65
475 3.43062e-32
475 1.09874e-26
475 4.58087e-25
475 9.03729e-30
475 1.41747e-12
475 8.86887e-40
475 2.73983e-26
475 3.943e-20
475 3.61928e-10
475 3.51807e-54
475 2.1393e-12
475 1.18552e-44
475 2.17821e-32
475 2.49211e-42
475 2.36196e-18
475 1.49297e-53
475 4.37337e-12
475 1.45799e-11
475 5.41213e-17
475 1.29468e-38
475 4.72968e-39
475 2.29462e-17
475 0.000206251
475 2.23784e-21
475 6.64278e-32
475 3.71918e-07
475 2.3901e-07
475 1.02964e-24
475 2.84832e-07
475 1.88558e-05
475 0
475 6.67302e-72
475 1.14589e-06
129 1.98842e-21
475 2.23784e-21
475 6.83726e-09
475 9.788e-06
475 3.43824e-11
475 3.17347e-12
475 2.75483e-08
475 6.15686e-05
475 1.08129e-24
475 0.000328609
475 2.23784e-21
475 1.94396e-09
475 8.91261e-17
475 5.76435e-17
475 1.61518e-09
475 2.12863e-22
475 2.47425e-20
475 2.74101e-16
475 1.29499e-16
475 4.36651e-11
475 0.000399996
475 2.23784e-21
475 7.88328e-17
475 7.39215e-10
475 1.69707e-15
475 0.000399999
475 2.23784e-21
475 2.66324e-22
475 0.0004
475 2.23784e-21
475 1.36066e-06
475 5.07591e-11
475 1.79352e-08
475 1.90505e-26
475 1.89798e-08
475 5.41381e-06
475 1.82435e-13
475 1.01239e-06
475 2.39739e-08
475 9.43695e-10
475 4.91953e-05
475 4.33444e-10
475 1.45557e-11
475 0.000342956
475 2.23784e-21
475 8.54433e-16
475 1.30212e-07
475 3.07566e-29
475 0.00039987
475 2.23784e-21
475 0.0004
475 2.23784e-21
475 1.86631e-36
475 5.99569e-14
475 1.46284e-07
140 1.97605e-21
475 2.23784e-21
475 1.02293e-09
475 2.20467e-19
475 4.41199e-06
475 2.72442e-28
475 7.14299e-05
475 5.21527e-51
475 2.10981e-22
475 0.000324157
475 2.23784e-21
475 1.3467e-05
475 5.64955e-14
475 1.06096e-24
475 1.08658e-12
475 1.69613e-08
475 0.000386516
475 2.23784e-21
475 2.28978e-07
475 2.49731e-07
475 5.49775e-06
0 2.30417e-21
475 2.23784e-21
475 9.67346e-10
475 1.29561e-08
475 1.19021e-47
475 1.73168e-12
475 7.39334e-08
475 2.21644e-16
475 3.76519e-14
475 0.000261388
475 3.55167e-05
475 4.49653e-06
475 4.77431e-05
475 3.52102e-05
475 5.71873e-06
475 2.4752e-06
158 2.65436e-22
475 2.23784e-21
475 5.77057e-26
475 1.54094e-09
475 1.42525e-18
475 8.18227e-10
475 1.64457e-09
475 7.20826e-11
475 4.20965e-17
475 1.50749e-16
475 8.93644e-20
475 2.99804e-36
475 0.000399996
475 2.23784e-21
475 3.25205e-27
475 1.05904e-05
475 3.03395e-30
475 5.83038e-05
475 4.5662e-07
475 5.04417e-07
475 1.7591e-40
475 2.66145e-23
475 1.17844e-22
475 4.33141e-06
475 5.71677e-10
475 8.79341e-17
475 1.06401e-26
475 2.02186e-07
475 3.72341e-16
475 1.82114e-18
475 2.45222e-11
475 2.94315e-22
475 4.47551e-31
475 5.43386e-06
370 1.20383e-21
475 2.23784e-21
475 5.0333e-09
475 2.79929e-27
475 1.95571e-05
337 1.32251e-21
475 2.23784e-21
475 6.37282e-05
475 3.19875e-14
475 0.000123353
475 7.61519e-05
475 7.54893e-05
475 2.21048e-05
475 6.99931e-06
475 1.2496e-05
475 4.45534e-06
475 8.98261e-07
475 4.87333e-06
475 1.9638e-06
0 3.43394e-22
475 2.23784e-21
475 1.3162e-12
475 0.0004
475 2.23784e-21
475 1.24287e-07
475 0.000399876
475 2.23784e-21
475 2.26443e-07
475 2.97086e-19
475 1.0414e-05
463 1.52191e-21
475 2.23784e-21
475 8.29055e-15
475 1.05418e-17
475 0.0004
475 2.23784e-21
475 2.28113e-14
475 4.62188e-10
475 4.35668e-07
475 0
475 4.77745e-12
475 2.90265e-11
475 2.74451e-06
332 1.41175e-21
475 2.23784e-21
475 3.02526e-05
475 0.000369747
475 2.23784e-21
475 6.75653e-20
475 2.48729e-05
475 3.2017e-15
475 2.62942e-13
475 8.94775e-05
475 9.4267e-80
475 2.24572e-23
475 1.67179e-10
475 4.79778e-07
475 1.41201e-09
475 2.32046e-68
475 4.39861e-19
475 1.56754e-34
475 4.95729e-96
475 2.33608e-32
475 2.69352e-06
475 8.53046e-09
475 4.21445e-16
475 7.53178e-05
475 5.46438e-06
475 2.80337e-16
475 3.38549e-08
475 5.47327e-27
475 3.67383e-33
475 3.68281e-15
475 1.25283e-55
475 3.70561e-77
475 2.93403e-64
475 3.69247e-38
475 7.4989e-87
475 8.94158e-05
475 3.95484e-05
475 3.53152e-06
475 6.97643e-07
475 8.70366e-06
475 2.80177e-05
475 2.21069e-05
475 5.68592e-07
0 3.40396e-22
475 2.23784e-21
475 1.35738e-20
475 1.26132e-15
475 6.6951e-06
246 1.92162e-21
475 2.23784e-21
475 1.66893e-08
475 9.76446e-29
475 1.29088e-06
475 8.18949e-47
475 2.89559e-20
475 2.67175e-12
475 0.000398692
475 2.23784e-21
475 1.08929e-14
475 1.44891e-07
475 4.1548e-08
475 1.61129e-17
475 7.45578e-25
475 0.000399814
475 2.23784e-21
475 0.0004
475 2.23784e-21
475 6.9029e-06
475 1.65287e-10
475 7.01429e-06
0 2.21893e-21
475 2.23784e-21
475 2.11261e-05
475 4.3249e-15
475 2.1355e-11
475 2.25439e-30
475 2.46143e-14
475 2.42232e-13
475 9.16141e-08
475 1.57286e-12
475 1.01914e-09
475 3.58428e-10
475 6.26795e-15
475 0.000157138
475 9.69389e-21
475 8.21966e-06
475 2.64981e-16
475 1.88235e-64
475 2.12934e-05
475 5.09243e-70
475 8.16175e-27
475 4.96121e-13
475 2.94968e-07
10 1.72883e-21
475 2.23784e-21
475 8.16253e-06
475 3.41962e-18
475 7.87746e-15
475 1.90443e-05
475 4.71563e-13
475 6.08569e-12
475 4.44722e-10
475 1.11832e-16
475 0.000372793
475 2.23784e-21
475 6.08714e-08
475 1.68895e-06
475 2.14128e-16
475 5.83366e-27
475 1.39251e-24
475 3.13478e-12
475 4.5482e-13
475 8.78016e-29
475 3.21617e-06
475 1.6003e-11
475 9.55396e-26
475 6.08289e-31
475 1.55607e-18
475 6.70619e-05
475 1.20125e-06
475 5.27296e-10
475 5.36256e-06
475 8.55845e-17
475 8.62887e-06
475 3.8784e-05
475 1.74325e-21
475 7.51967e-84
475 7.69952e-06
475 2.19744e-22
475 1.85255e-05
475 6.93621e-17
475 2.32298e-06
475 4.78971e-15
475 9.11632e-71
475 6.67089e-25
475 0.000245447
475 2.23784e-21
475 2.17304e-05
475 7.59539e-07
475 3.07774e-06
475 0
475 1.24312e-06
475 8.22249e-06
388 1.21957e-21
475 2.23784e-21
475 0.0004
475 2.23784e-21
475 4.10182e-90
475 1.67319e-07
475 8.73021e-39
475 7.12598e-42
475 3.5598e-15
475 1.19707e-05
0 2.25639e-21
475 2.23784e-21
475 1.32409e-12
475 6.38391e-17
475 7.19238e-12
475 5.38911e-06
371 1.26694e-21
475 2.23784e-21
475 2.3415e-09
475 6.06887e-07
475 2.11314e-09
475 1.71807e-07
475 2.41804e-05
475 9.28155e-11
475 6.8774e-14
475 1.09709e-05
475 3.02728e-19
475 0.000364065
475 2.23784e-21
475 2.5048e-07
475 2.98646e-14
475 1.1131e-26
475 0.000112349
475 1.84039e-32
475 3.2255e-25
475 4.18434e-07
475 3.88716e-28
475 7.13063e-11
475 6.92503e-40
475 3.98055e-10
475 1.09998e-09
475 0.00028698
475 2.23784e-21
475 1.76317e-05
475 1.8649e-19
475 1.67879e-06
475 1.5274e-29
475 0.00025138
475 7.98178e-05
475 2.6265e-05
475 5.9092e-06
475 6.3345e-06
475 4.5901e-06
475 6.39294e-06
475 2.23784e-21
475 1.81181e-14
475 6.69861e-18
475 3.1491e-07
425 1.56407e-21
475 2.23784e-21
475 1.58657e-30
475 7.50335e-14
475 1.05595e-09
475 5.30259e-09
475 1.84006e-40
475 2.54055e-25
475 1.70547e-22
475 4.25213e-06
328 1.754e-21
475 2.23784e-21
475 9.90825e-07
475 3.15822e-06
475 7.17018e-08
475 1.31632e-10
475 1.54067e-15
475 2.11774e-28
475 3.66381e-05
475 5.09845e-24
475 7.00422e-38
475 0.000333182
475 1.29509e-05
475 3.96968e-06
475 9.03864e-06
475 2.23784e-21
475 5.56707e-33
475 3.88901e-19
475 3.50682e-29
475 4.47838e-25
475 3.37586e-08
475 1.09777e-37
475 5.12467e-17
475 0.00022368
475 5.44806e-34
475 6.04362e-106
475 0.000176286
475 2.23784e-21
475 1.31593e-05
475 4.04291e-49
475 2.16528e-16
475 5.7579e-10
475 0.000113402
475 1.59117e-61
475 4.48244e-29
475 4.14678e-51
475 8.41838e-16
475 2.17264e-09
475 1.99886e-12
475 1.40785e-30
475 4.39977e-32
475 8.1593e-21
475 1.42185e-32
475 2.45136e-22
475 2.39624e-13
475 6.43772e-10
475 0.000273435
475 2.23784e-21
475 0.0004
475 2.23784e-21
475 7.49425e-05
475 1.09083e-52
475 2.32652e-19
475 4.66296e-19
475 8.06061e-38
475 9.10677e-53
475 1.21185e-23
475 8.65594e-32
475 1.48241e-05
475 2.12993e-45
475 1.37271e-32
475 5.96634e-10
475 1.54901e-07
475 2.12072e-08
157 1.7003e-21
475 2.23784e-21
475 3.62764e-08
475 2.28487e-16
475 3.00256e-13
475 9.38228e-36
475 7.61847e-06
475 6.14325e-07
475 2.96101e-13
475 2.29067e-18
475 3.75027e-12
475 2.62271e-10
475 1.0119e-13
475 3.58783e-20
475 0.00028896
475 8.89713e-06
475 2.03876e-05
475 2.77983e-05
475 3.00711e-05
475 6.01101e-06
475 9.60509e-06
475 2.23784e-21
475 1.21537e-36
475 2.51082e-20
475 1.70622e-05
447 1.25337e-21
475 2.23784e-21
475 3.76534e-08
475 7.45178e-05
475 1.7641e-14
475 1.28391e-10
475 7.92214e-12
475 3.80773e-06
475 5.74275e-06
475 4.34572e-09
475 9.5777e-20
475 5.00959e-06
77 2.03136e-21
475 2.23784e-21
475 4.00344e-05
475 4.09243e-10
475 0.000359965
475 2.23784e-21
475 2.50732e-24
475 0.0004
475 2.23784e-21
475 6.43613e-15
475 1.02162e-10
475 4.44902e-07
338 1.35446e-21
475 2.23784e-21
475 5.47993e-26
475 5.81133e-21
475 9.90466e-07
341 1.35357e-21
475 2.23784e-21
475 1.02962e-06
475 1.20463e-20
475 4.94392e-06
32 2.42325e-21
475 2.23784e-21
475 1.85593e-20
475 0.0004
475 2.23784e-21
475 1.15537e-06
475 1.28647e-07
475 2.07393e-09
475 1.37911e-05
475 0
475 6.36234e-05
475 1.0217e-07
360 1.16233e-21
475 2.23784e-21
475 1.77576e-20
475 5.62421e-06
475 6.34134e-10
475 0.000394375
475 2.23784e-21
475 0.0004
475 2.23784e-21
475 8.5109e-14
475 2.84821e-07
475 8.73647e-06
71 2.25989e-21
475 2.23784e-21
475 4.66602e-16
475 1.13416e-10
475 3.75796e-06
0 2.33649e-21
475 2.23784e-21
475 3.60862e-38
475 1.23787e-15
475 8.68047e-14
475 1.14766e-09
475 2.18837e-13
475 2.54188e-15
475 1.73117e-10
475 2.95694e-09
475 1.8999e-27
475 6.25895e-08
475 0.000182702
475 1.56689e-66
475 1.6517e-45
475 2.63533e-07
475 1.94551e-60
475 5.31468e-47
475 4.53198e-52
475 3.06216e-27
475 1.03152e-31
475 8.36643e-07
475 6.65873e-14
475 4.68838e-16
475 7.85376e-111
475 4.03108e-36
475 3.01933e-08
475 1.83419e-137
475 2.66041e-06
0 1.84961e-21
475 2.23784e-21
475 5.69555e-30
475 7.09427e-32
475 6.15347e-21
475 5.10275e-08
475 1.35016e-14
475 0.000399949
475 2.23784e-21
475 0.0004
475 2.23784e-21
475 2.79687e-06
475 0.000397203
475 2.23784e-21
475 1.92689e-46
475 1.6329e-05
475 2.71922e-11
475 6.76127e-11
475 0.000383671
475 2.23784e-21
475 0.0004
475 2.23784e-21
475 9.92773e-13
475 6.75864e-20
475 1.45612e-32
475 2.00618e-08
475 2.40912e-09
475 1.47727e-06
2 2.64235e-21
475 2.23784e-21
475 9.47346e-10
475 1.89593e-20
475 3.4434e-15
475 0.000399999
475 2.23784e-21
475 2.09739e-23
475 1.41733e-12
475 2.68744e-13
475 4.84605e-16
475 0.0004
475 2.23784e-21
475 5.43638e-14
475 1.58757e-24
475 2.70315e-15
475 4.69284e-07
475 0.000399531
475 2.23784e-21
475 1.20125e-05
475 8.10033e-05
475 1.59817e-11
475 2.53739e-30
475 1.04252e-17
475 4.73689e-09
475 2.42499e-08
475 1.82655e-45
475 4.42087e-09
475 6.01923e-37
475 1.54688e-13
475 2.25647e-06
475 5.64146e-19
475 3.76935e-28
475 3.9763e-05
475 1.01006e-05
475 1.00717e-15
475 6.20842e-09
475 1.0881e-07
475 4.44698e-75
475 2.25751e-37
475 1.55929e-16
475 1.43553e-53
475 1.53025e-31
475 4.21612e-15
475 5.87253e-08
475 1.13377e-06
475 2.06848e-76
475 6.81799e-19
475 2.3458e-49
475 1.15088e-11
475 3.04171e-38
475 3.49047e-105
475 2.4139e-11
475 8.04836e-12
475 1.52153e-13
475 2.98051e-16
475 7.03922e-18
475 7.53801e-21
475 1.27649e-21
475 1.63817e-05
475 6.68163e-11
475 8.05078e-13
475 1.22451e-39
475 1.96519e-33
475 1.29523e-35
475 8.92777e-95
475 6.06007e-33
475 4.39742e-10
475 1.61994e-26
475 1.61141e-10
475 2.0654e-39
475 4.41159e-15
475 3.953e-08
475 7.03005e-30
475 2.62301e-59
475 8.95606e-23
475 1.56945e-10
475 0.000209303
475 1.74395e-05
475 2.88471e-07
475 6.86079e-06
475 5.98598e-07
0 1.94668e-22
475 2.23784e-21
475 2.13552e-29
475 1.48314e-07
475 1.8145e-05
425 1.17587e-21
475 2.23784e-21
475 3.96731e-10
475 6.19431e-13
475 0.0004
475 2.23784e-21
475 3.23437e-29
475 5.0193e-12
475 2.20279e-60
475 6.74014e-12
475 3.66046e-14
475 2.19991e-06
367 1.35039e-21
475 2.23784e-21
475 8.63794e-20
475 4.11288e-07
475 4.8786e-21
475 0.000399589
475 2.23784e-21
475 1.89631e-11
475 2.21514e-07
475 2.74934e-21
475 1.22524e-10
475 6.7523e-08
475 5.83315e-05
475 4.8899e-37
475 0.000341379
475 2.23784e-21
475 3.50767e-44
475 9.44082e-06
475 0.000266007
475 5.59678e-05
475 4.12295e-06
475 4.15013e-05
475 1.47056e-05
475 8.25483e-06
475 2.23784e-21
475 1.38144e-11
475 2.38232e-15
475 1.77229e-05
475 4.67404e-05
475 1.96437e-17
475 7.40465e-11
475 6.68995e-15
475 2.17316e-13
475 3.21307e-06
475 1.92491e-24
475 6.78505e-06
475 7.74413e-06
475 1.29467e-08
475 3.34754e-27
475 1.20455e-06
475 1.11518e-08
475 1.24205e-47
475 1.8992e-16
475 3.65821e-17
475 1.84689e-17
475 1.69475e-11
475 2.1557e-05
475 1.48363e-06
475 6.22022e-07
475 5.732e-15
475 3.63386e-29
475 7.2377e-08
475 2.02929e-26
475 7.14142e-85
475 0.000292831
475 2.23784e-21
475 9.31291e-12
475 9.23954e-07
475 1.57648e-05
464 1.16806e-21
475 2.23784e-21
475 2.60228e-05
475 4.64802e-19
475 9.97204e-12
475 1.33005e-20
475 7.10688e-05
475 7.64113e-08
475 2.10357e-38
475 3.29432e-10
475 9.94238e-07
475 5.46213e-15
475 4.11395e-13
475 0.000301837
475 2.23784e-21
475 1.13461e-12
475 2.73789e-17
475 1.73065e-05
475 2.34915e-18
475 1.04489e-10
475 3.22288e-27
475 7.20107e-07
475 7.21386e-77
475 3.37582e-18
475 5.21673e-32
475 8.64162e-16
475 2.04535e-08
475 1.4809e-19
475 8.16568e-28
475 8.87379e-08
475 1.90293e-36
475 7.71666e-30
475 5.09483e-05
475 3.7535e-21
475 3.49729e-15
475 2.51425e-07
475 7.68465e-06
191 1.74137e-21
475 2.23784e-21
475 1.74026e-14
475 3.6644e-17
475 0.0004
475 2.23784e-21
475 1.16405e-07
475 4.85313e-14
475 0.000399884
475 2.23784e-21
475 0.0004
475 2.23784e-21
475 3.26705e-07
475 0.000234004
475 1.62278e-32
475 8.63283e-13
475 4.56851e-58
475 3.14609e-29
475 4.77175e-36
475 1.19782e-19
475 7.11402e-70
475 7.57413e-45
475 0.00016567
475 2.23784e-21
475 8.3815e-12
475 6.13616e-14
475 4.24567e-15
475 2.16838e-06
207 1.8559e-21
475 2.23784e-21
475 9.45588e-09
475 1.64823e-08
475 1.8962e-06
113 2.20541e-21
475 2.23784e-21
475 2.42633e-06
475 1.09636e-19
475 0.000397574
475 2.23784e-21
475 1.07835e-10
475 1.84922e-24
475 2.82222e-06
380 1.27891e-21
475 2.23784e-21
475 9.76565e-37
475 1.14564e-17
475 5.34714e-38
475 5.45233e-07
475 2.86935e-05
475 5.64988e-06
475 1.77579e-05
475 6.40954e-50
475 4.98429e-07
475 6.5632e-05
475 2.43529e-16
475 1.32031e-23
475 4.07759e-14
475 0.000281223
475 2.23784e-21
475 5.91406e-32
475 1.47485e-06
475 2.68856e-05
475 2.78707e-24
475 5.03419e-11
475 1.09004e-09
475 1.61021e-23
475 3.39486e-06
475 0
475 1.69984e-06
475 1.67081e-08
428 1.17259e-21
475 2.23784e-21
475 3.14617e-09
475 6.07887e-05
475 7.59596e-12
475 1.79244e-05
475 2.89621e-24
475 2.32232e-14
475 4.15793e-08
475 2.73767e-12
475 1.92482e-45
475 5.9191e-06
475 7.60814e-38
475 0.000182831
475 8.4459e-05
475 2.83487e-05
475 8.0323e-06
475 1.75214e-06
475 9.89982e-06
475 2.23784e-21
475 2.54564e-09
475 1.94562e-05
475 5.16307e-06
363 1.3774e-21
