475 0
525 0
850 0
1149 0
475 0
475 7.44176e-06
476 2.21459e-06
478 4.64425e-06
478 1.72017e-05
480 1.49139e-05
475 0
0 0
475 0
525 0
850 0
1149 0
475 0
525 0
850 0
1149 0
475 0
525 0
850 0
1149 0
475 0
480 1.42052e-05
480 9.85063e-06
491 0
630 0
475 0
477 1.36438e-05
478 1.97919e-05
475 0
255 0
475 0
483 2.67957e-05
475 0
0 0
475 0
476 2.0091e-05
475 0
362 0
475 0
475 9.33658e-06
478 3.21253e-06
496 3.26062e-06
525 0
851 0
1144 0
1149 0
475 0
525 0
850 0
1149 0
475 0
484 7.76185e-06
488 6.88467e-06
485 0
455 0
475 0
480 8.10909e-07
482 2.58367e-05
476 9.6167e-06
477 1.51546e-05
475 0
0 0
475 0
501 2.14993e-05
494 7.22534e-06
502 0
628 0
475 0
484 2.1782e-05
482 6.46909e-06
491 8.70005e-06
487 1.36818e-05
493 0
665 0
475 0
493 2.27207e-05
479 1.31441e-05
493 0
637 0
475 0
487 2.70715e-05
486 1.68242e-06
475 0
200 0
475 0
525 0
850 0
1149 0
475 0
506 9.4762e-06
516 0
603 0
475 0
479 3.89869e-06
488 1.60977e-05
489 1.76783e-05
482 2.20293e-05
501 0
665 0
475 0
525 0
850 0
1149 0
475 0
525 0
850 0
1149 0
475 0
475 1.45914e-06
476 1.73343e-06
487 1.01948e-05
514 1.27916e-05
514 2.36868e-05
516 4.18366e-06
525 0
906 0
975 0
475 0
513 1.75063e-05
507 0
454 0
475 0
488 2.57466e-05
475 0
47 0
475 0
525 0
850 0
1149 0
475 0
525 0
850 0
1149 0
475 0
514 1.61418e-05
514 1.91765e-06
525 0
653 0
475 0
483 6.78508e-06
488 1.93495e-05
487 4.55642e-06
475 0
190 0
475 0
485 9.17803e-06
485 1.28044e-05
491 3.10707e-06
497 0
561 0
475 0
525 0
850 0
1149 0
475 0
500 3.49043e-06
504 1.10929e-06
514 1.15681e-05
525 0
1013 0
475 0
475 1.88346e-05
475 0
366 0
475 0
509 1.75859e-06
525 0
1019 0
475 0
525 0
850 0
1149 0
475 0
494 1.67848e-05
488 0
438 0
475 0
477 1.61979e-05
476 1.13954e-06
478 0
494 0
475 0
476 1.19497e-05
476 1.7376e-05
481 5.22092e-06
505 0
723 0
475 0
525 0
850 0
1149 0
475 0
484 7.4363e-06
498 2.19858e-05
498 2.36498e-05
497 0
410 0
475 0
513 1.58983e-05
510 2.19317e-05
514 2.18183e-05
501 0
297 0
475 0
514 1.06124e-06
525 0
1149 0
475 0
525 0
850 0
1149 0
475 0
519 2.60211e-06
525 0
924 0
475 0
497 6.12462e-06
498 1.2976e-05
495 1.83533e-05
501 7.37325e-06
500 1.54998e-05
496 1.10834e-05
480 9.17826e-06
489 0
565 0
475 0
494 2.49878e-06
523 1.2839e-05
525 0
707 0
475 0
513 1.99832e-05
498 0
364 0
475 0
525 0
850 0
1149 0
475 0
525 0
850 0
1149 0
475 0
513 1.53085e-05
513 1.80094e-06
519 3.36493e-06
517 0
495 0
475 0
476 1.71239e-07
476 2.26238e-05
475 0
137 0
475 0
504 1.95787e-05
500 1.25067e-05
495 9.57607e-06
483 1.29099e-05
507 1.53314e-05
508 1.55308e-05
508 0
554 0
475 0
511 4.27149e-06
525 0
764 0
475 0
480 2.48323e-05
475 0
95 0
475 0
525 0
850 0
1149 0
475 0
515 7.29653e-06
525 0
691 0
475 0
484 3.39165e-06
499 3.90676e-06
509 0
666 0
475 0
478 4.57633e-06
499 1.19536e-05
497 7.28249e-08
497 0
358 0
475 0
519 5.96983e-06
525 0
710 0
475 0
525 0
850 0
1149 0
475 0
504 3.05872e-06
525 0
840 0
475 0
525 0
850 0
1149 0
475 0
509 2.02401e-05
505 3.50623e-06
497 1.52409e-05
493 0
455 0
475 0
517 1.64504e-05
513 0
480 0
475 0
525 0
850 0
1149 0
475 0
525 0
850 0
1149 0
475 0
488 9.16422e-06
499 0
597 0
475 0
477 1.49549e-05
477 4.5705e-06
494 0
661 0
475 0
477 2.41784e-05
475 0
188 0
475 0
508 1.85526e-05
500 1.0085e-05
502 0
560 0
475 0
525 0
850 0
1149 0
475 0
475 8.69818e-06
488 2.05093e-05
507 1.9958e-06
521 2.00627e-05
514 1.68916e-05
510 0
460 0
475 0
481 2.6755e-06
483 1.05848e-05
493 0
582 0
475 0
525 0
850 0
1149 0
475 0
487 2.13665e-06
525 0
925 0
475 0
525 0
850 0
1149 0
475 0
525 0
850 0
1149 0
475 0
491 2.78089e-06
510 2.4536e-05
489 5.07738e-06
490 0
514 0
475 0
525 0
850 0
1149 0
475 0
496 1.31304e-05
499 0
520 0
475 0
525 0
850 0
1149 0
475 0
525 0
850 0
1149 0
475 0
525 0
850 0
1149 0
475 0
492 4.84299e-06
517 0
748 0
475 0
525 0
850 0
1149 0
475 0
525 0
850 0
1149 0
475 0
512 2.4646e-05
511 1.0041e-05
506 3.17695e-06
506 2.11354e-06
519 0
704 0
475 0
525 0
850 0
1149 0
475 0
499 1.80497e-05
498 4.02916e-06
491 1.34887e-06
490 1.73903e-05
488 2.89921e-06
483 0
449 0
475 0
525 0
850 0
1149 0
475 0
481 2.50933e-05
475 0
157 0
475 0
485 7.97026e-06
485 2.55737e-05
484 2.17499e-05
496 0
596 0
475 0
525 0
850 0
1149 0
475 0
523 2.29982e-05
507 2.22019e-05
525 0
909 0
475 0
489 1.41212e-05
490 1.2461e-05
494 9.48844e-06
493 3.26172e-06
491 0
243 0
475 0
509 1.35103e-05
510 4.09505e-06
508 5.7961e-06
491 0
0 0
475 0
506 2.66786e-05
486 6.48979e-06
484 0
455 0
475 0
525 0
850 0
1149 0
475 0
525 0
850 0
1149 0
475 0
491 1.93376e-06
525 0
1002 0
