475 1.1102e-22
475 0.0741745
475 1.33024
475 0.0568942
475 0.28833
475 0.460162
475 0.169106
476 0.785011
476 0.30131
476 1.34977
476 0.439008
476 0.0542523
476 0.0063862
477 1.58301
477 0.454189
477 0.317708
477 1.63122
478 1.07195
478 0.24957
478 0.301511
478 1.40813
478 0.730136
478 0.139418
479 1.97189
479 0.278503
479 3.53205
480 3.17426
480 3.11208
481 2.99965
481 2.68573
481 2.89968
481 3.2331
481 1.68121
479 0.0383791
479 0.0386351
478 0.0392003
478 0.0360028
478 0.0549582
478 0.037384
478 0.0461132
477 0.047047
477 0.052489
477 0.0353112
477 0.0519754
476 0.0373768
476 0.0639167
476 0.0661884
476 0.0342727
476 0.0352974
476 0.0667403
475 0.0449727
475 0.0393691
475 0.0574609
475 0.0369432
475 0.0408188
478 0.229518
