475 1.1102e-22
475 0.207734
475 1.0299
475 0.359247
475 0.297644
475 0.388664
475 0.465614
476 0.277983
476 0.450142
476 1.63494
476 0.183928
476 0.101796
476 0.342747
477 0.812505
477 0.754056
477 1.81619
478 0.939573
478 1.16825
479 2.78234
479 0.0582428
479 0.190476
479 1.27679
480 3.23149
480 0.4677
480 0.749274
480 2.36265
481 2.96563
481 2.95917
481 2.84953
482 2.84211
482 3.27508
482 1.61003
480 0.0342168
480 0.0419317
480 0.0422994
479 0.0432513
479 0.0395711
479 0.0408891
479 0.0418992
478 0.0403958
478 0.0427419
477 0.0296761
477 0.00962772
477 0.0414222
477 0.0553386
476 0.0358064
476 0.0441131
476 0.0517082
476 0.0611594
476 0.0635001
476 0.0557309
475 0.0397382
475 0.0361052
475 0.0681841
475 0.0611983
475 0.0728968
475 0.0526048
477 0.001564
477 0.000998373
