475 1.1102e-22
475 0.423914
475 0.0326548
475 0.237948
475 0.622167
475 0.704503
475 0.391198
475 0.523135
475 0.00740539
476 0.218192
476 0.614311
476 0.0016887
476 0.624339
476 1.18108
476 0.377834
478 4.39302
478 1.08008
478 1.01675
478 0.0421326
478 0.0757312
478 0.120016
479 1.25824
479 1.55682
479 2.28133
479 2.86279
479 2.87058
479 2.78669
479 3.29873
479 0.916926
479 0.164852
478 0.037873
478 0.0454445
478 0.0519436
478 0.0386257
478 0.0487041
476 0.0399392
476 0.0366708
476 0.0422032
476 0.0627008
476 0.0629272
475 0.0347601
475 0.0405004
475 0.040968
475 0.0346985
475 0.0357647
475 0.0464482
475 0.049152
498 0
673 0
