475 1.1102e-22
475 1.31597
475 0.621124
475 0.0990386
475 0.451586
475 0.279423
476 0.522418
476 0.0641061
476 0.351838
476 2.43717e-05
476 0.0610945
476 0.0620698
476 0.217158
476 0.476627
476 0.145817
477 1.60602
477 0.854888
477 1.18119
477 1.09628
478 0.939155
478 0.532112
478 0.0495371
478 0.728752
478 0.912133
479 2.81176
479 0.414131
479 1.26427
480 1.77355
480 3.35993
481 2.95646
481 2.74981
481 2.90315
482 2.76276
482 3.23223
482 1.91681
480 0.0400076
479 0.0364096
479 0.040329
479 0.0488267
478 0.0480199
478 0.0576397
478 0.0454723
478 0.0385607
478 0.0344277
477 0.0356165
477 0.0404492
477 0.0383304
477 0.0349253
476 0.061361
476 0.0614769
476 0.0402817
476 0.0590318
476 0.0688106
476 0.0402246
476 0.0519209
476 0.0505236
476 0.0598284
475 0.0572586
475 0.0455658
475 0.0380858
475 0.0568582
475 0.0565224
