475 1.1102e-22
475 0.621395
476 2.37849
476 0.234287
476 0.67211
476 0.935103
476 1.21107
476 0.365399
477 1.27242
477 0.201131
477 0.667219
477 0.0206718
478 1.76672
478 1.34047
478 0.488778
478 0.259833
479 1.13507
479 0.532621
479 0.893281
480 3.40416
480 3.22711
481 3.2088
481 2.96543
481 2.76976
482 2.70806
482 3.08196
482 2.77891
479 0.0422516
479 0.0359741
479 0.0363586
478 0.050831
478 0.0403575
478 0.036558
478 0.0394859
477 0.0352487
477 0.042072
477 0.0654989
477 0.0537597
476 0.0581339
476 0.0516991
476 0.0633504
476 0.0349569
476 0.035531
476 0.0517479
475 0.0859172
