475 1.1102e-22
475 0.576082
475 1.58171
476 0.708065
476 0.242433
476 1.55762
476 0.448647
476 0.790887
477 1.80965
477 1.0702
477 0.187379
477 0.00791984
477 0.336888
478 0.238069
478 2.47975
478 0.0652931
478 1.22934
479 1.52481
479 0.762576
479 0.624458
479 0.61941
480 2.06535
480 0.494124
480 1.27968
480 2.16878
481 3.09052
481 2.74159
482 2.78802
482 2.90948
482 3.2546
482 1.3941
482 0.0275103
482 0.0112123
480 0.0374871
480 0.0410227
479 0.036939
479 0.0367649
478 0.0392772
478 0.0366438
478 0.054667
478 0.0568295
477 0.0497911
477 0.0452453
477 0.0343634
477 0.0342865
477 0.0464782
477 0.0716933
476 0.035804
476 0.0731324
476 0.0459569
476 0.0416124
475 0.0517882
475 0.0440505
