475 1.1102e-22
475 0.895286
476 3.1936
476 0.080454
476 0.419253
476 0.153313
476 0.0419749
476 0.370855
476 0.139097
476 0.342084
477 0.601411
477 0.365326
477 0.945503
477 0.5185
477 1.42535
478 0.872425
478 0.843816
478 1.20814
478 0.0196366
479 1.18135
479 0.980879
479 0.910674
479 1.83534
479 0.0922758
480 3.16656
481 3.10988
481 3.01988
481 2.76737
482 2.78021
482 2.89043
482 3.49258
482 0.265698
482 0.0111306
479 0.0389857
479 0.0386489
479 0.0416247
479 0.045839
479 0.0498583
478 0.0406447
478 0.0423831
478 0.0343929
478 0.0350634
477 0.034191
477 0.0419259
477 0.0552608
477 0.0422002
477 0.0438752
476 0.0386158
476 0.0660661
476 0.042916
476 0.0538548
476 0.0366936
476 0.0768876
476 0.0669971
476 0.036762
475 0.0560327
