475 2.97229e-21
475 1
475 2.97229e-21
475 0.870646
475 0.0938559
475 0.0354981
475 2.97229e-21
475 0.939739
475 0.0519835
475 0.00827761
475 2.97229e-21
475 0.934211
475 0.0349313
475 0.0275304
475 0.00332702
475 2.97229e-21
475 0.985558
475 0.0144419
475 2.97229e-21
475 0.882397
475 0.076713
475 0.0406898
475 0.000200595
475 2.97229e-21
475 0.904468
475 0.0636755
475 0.0318566
475 2.97229e-21
475 1
475 2.97229e-21
475 0.808879
475 0.089773
475 0.078055
475 0.0149332
475 0.00835945
475 2.97229e-21
475 0.988677
475 0.0113227
