0 -1
475 1
0 -1
349 1
0 -1
475 1
0 -1
475 1
0 -1
475 1
0 -1
423 1
0 -1
208 1
0 -1
0 1
0 -1
375 1
0 -1
243 1
0 -1
316 1
0 -1
475 1
0 -1
475 1
0 -1
475 1
0 -1
360 1
0 -1
38 1
0 -1
99 1
0 -1
265 1
0 -1
279 1
0 -1
0 1
0 -1
224 1
0 -1
475 1
0 -1
347 1
0 -1
475 1
0 -1
475 1
0 -1
175 1
0 -1
67 1
0 -1
475 1
0 -1
81 1
0 -1
475 1
0 -1
475 1
0 -1
0 1
0 -1
325 1
0 -1
112 1
0 -1
475 1
0 -1
475 1
0 -1
475 1
0 -1
469 1
0 -1
374 1
0 -1
475 1
0 -1
475 1
0 -1
475 1
0 -1
475 1
0 -1
475 1
0 -1
475 1
0 -1
304 1
0 -1
380 1
0 -1
475 1
0 -1
37 1
0 -1
355 1
0 -1
328 1
0 -1
171 1
0 -1
475 1
0 -1
303 1
0 -1
475 1
0 -1
475 1
0 -1
475 1
0 -1
475 1
0 -1
458 1
0 -1
0 1
0 -1
475 1
0 -1
334 1
0 -1
353 1
0 -1
450 1
0 -1
475 1
0 -1
0 1
0 -1
475 1
0 -1
468 1
0 -1
424 1
0 -1
421 1
0 -1
475 1
0 -1
97 1
0 -1
475 1
0 -1
475 1
0 -1
475 1
0 -1
475 1
0 -1
356 1
0 -1
475 1
0 -1
475 1
0 -1
475 1
0 -1
0 1
0 -1
475 1
0 -1
475 1
0 -1
475 1
0 -1
475 1
0 -1
284 1
0 -1
475 1
0 -1
475 1
0 -1
475 1
0 -1
156 1
0 -1
475 1
0 -1
475 1
0 -1
265 1
0 -1
389 1
0 -1
474 1
0 -1
475 1
0 -1
394 1
0 -1
475 1
0 -1
475 1
0 -1
126 1
