492 -12
492 12
492 -1
492 1
492 1
492 -1
494 1
494 -1
477 -13
477 13
488 -13
488 13
522 -12
522 12
522 -1
522 1
518 1
518 -1
504 -13
504 13
503 -12
503 12
503 -1
503 1
517 1
517 -1
495 1
266 -1
494 1
494 -1
491 1
491 -1
494 -12
494 12
494 -1
494 1
510 1
510 -1
506 1
506 -1
499 1
499 -1
494 1
494 -1
497 1
497 -1
488 -12
488 12
488 -1
488 1
478 1
478 -1
486 1
486 -1
515 -12
515 12
515 -1
515 1
492 1
492 -1
492 1
492 -1
503 1
503 -1
483 1
483 -1
481 1
480 -1
480 1
480 -1
487 1
487 -1
487 1
487 -1
486 1
486 -1
487 1
487 -1
487 1
487 -1
496 -12
496 12
496 -1
494 1
495 1
495 -1
495 1
495 -1
495 1
495 -1
495 1
495 -1
496 1
496 -1
503 1
503 -1
497 1
497 -1
496 1
496 -1
486 1
486 -1
486 1
486 -1
496 1
496 -1
508 1
509 -1
508 1
508 -1
508 1
508 -1
508 1
508 -1
485 -13
485 13
519 -13
519 13
498 -12
498 12
498 -1
498 1
502 1
502 -1
511 -13
511 13
486 1
486 -1
485 1
485 -1
490 1
490 -1
492 1
492 -1
479 -13
479 13
482 -13
482 13
519 -12
519 12
519 -1
519 1
479 1
479 -1
479 1
479 -1
479 1
479 -1
523 1
523 -1
523 1
523 -1
503 -12
503 12
503 -1
504 1
504 1
504 -1
504 1
504 -1
504 1
504 -1
504 1
504 -1
503 1
503 -1
506 1
506 -1
506 1
506 -1
505 1
505 -1
500 -13
500 13
475 -13
475 13
519 -13
519 13
506 -13
506 13
476 -13
476 13
476 1
476 -1
478 -13
478 13
487 1
831 -1
488 1
488 -1
487 1
487 -1
496 -13
496 13
493 -12
493 12
493 -1
493 1
484 1
484 -1
492 1
492 -1
522 -13
522 13
477 -13
477 13
486 -12
486 12
486 -1
486 1
486 -13
486 13
520 -13
520 13
482 -12
482 12
482 -1
482 1
499 1
499 -1
485 1
485 -1
506 1
506 -1
486 1
486 -1
495 1
495 -1
483 1
483 -1
477 -13
477 13
509 -13
509 13
487 -12
487 12
487 -1
487 1
483 1
483 -1
490 1
490 -1
486 1
486 -1
478 1
478 -1
485 1
485 -1
484 -13
484 13
487 -13
487 13
492 -12
492 12
492 -1
492 1
492 -1
492 1
489 1
489 -1
485 1
485 -1
492 1
492 -1
492 1
492 -1
498 -13
498 13
487 -12
487 12
487 -1
487 1
479 -12
479 12
479 -1
479 1
508 1
508 -1
512 -12
512 12
512 -1
1149 1
523 -13
523 13
524 1
524 -1
501 1
500 -1
501 1
501 -1
502 -11
502 11
502 -1
502 1
502 -1
502 1
505 -13
505 13
501 1
501 -1
500 1
498 -1
498 1
498 -1
498 1
498 -1
498 1
498 -1
498 1
498 -1
498 1
498 -1
498 1
498 -1
499 1
499 -1
496 -13
496 13
505 -12
505 12
505 -1
506 1
499 -13
499 13
506 1
506 -1
517 1
517 -1
498 1
498 -1
498 1
498 -1
