475 0
525 0
850 0
1149 0
475 0
525 0
850 0
1149 0
475 0
525 0
850 0
1149 0
475 0
525 0
850 0
1149 0
475 0
488 0
488 0.458652
488 3.28125
507 0
682 0
520 0
816 0
486 0
478 0
475 0
101 0
478 0.0104336
486 0.0279024
475 0
494 0
494 2.47902
494 3.3582
505 0
601 0
475 0
240 0
497 0
494 0
499 0
506 0
510 0.001564
510 0.0568119
506 0.00901033
499 0.00803219
494 0.0181317
497 0.049731
475 0
525 0
850 0
1149 0
475 0
525 0
850 0
1149 0
475 0
525 0
850 0
1149 0
475 0
525 0
850 0
1149 0
475 0
496 0
496 3.17417
496 0.968025
495 3.61997
495 0.229819
495 0.946168
495 0.783336
495 0.0652013
495 3.04991
495 2.98037
495 2.7037
495 2.93122
494 3.36463
494 1.39286
509 0
633 0
495 0.0351367
495 0.0354277
495 0.034749
495 0.03443
496 0.0461641
497 0
503 0
499 0
217 0
503 0.0284623
497 0.0904016
496 0
509 0
922 0
496 0.184551
508 0
496 0
486 0.001564
486 0.073965
486 0.139266
496 0.00217381
508 0.684995
508 0.343979
475 0
525 0
850 0
1149 0
475 0
522 0
522 1.70842
522 3.03163
522 2.28006
525 0
590 0
503 0
327 0
518 0
486 0
228 0
518 0.00929265
475 0
525 0
850 0
1149 0
475 0
525 0
850 0
1149 0
475 0
492 0
492 0.836035
492 2.06351
488 0
477 0
480 0
531 0
521 0
778 0
492 0
493 0
505 0
492 0.0227077
494 0
496 0
514 0
494 0.0401357
512 0
691 0
477 0.0419265
488 0.0134381
475 0
525 0
850 0
1149 0
475 0
504 0
525 0
855 0
1132 0
1149 0
504 0.1061
475 0
498 0
498 0.658731
498 2.7347
498 3.04014
498 2.92328
479 0
302 0
511 0
525 0
717 0
525 0
1068 0
502 0
475 0
268 0
502 0.158262
507 0
453 0
492 0
490 0
485 0
486 0
475 0
270 0
511 0.128602
486 0.00888869
485 0.0242894
490 0.00179371
492 0.0830493
475 0
525 0
850 0
1149 0
475 0
519 0
525 0
1149 0
519 0.191467
475 0
503 0
503 3.28151
503 2.86565
503 3.13816
503 2.74064
503 0.0176854
506 0
536 0
475 0
0 0
490 0
379 0
475 0
525 0
850 0
1149 0
475 0
482 0
525 0
924 0
994 0
1149 0
482 0.279747
475 0
479 0
525 0
1073 0
479 0.242514
475 0
525 0
850 0
1149 0
475 0
525 0
850 0
1149 0
475 0
525 0
850 0
1149 0
475 0
515 0
515 1.97464
515 2.94096
515 2.82032
515 3.05726
515 3.44832
515 0.555638
515 0
481 0
153 0
525 0
860 0
1075 0
512 0
503 0
398 0
512 0.166518
482 0
496 0
609 0
515 0.934163
482 0.082698
482 0.0222796
480 0.867
479 0.770063
478 0.215741
478 0.158633
478 0.369747
478 0.072034
478 0.0402081
482 0.526494
482 0.0406954
475 0
525 0
850 0
1149 0
475 0
525 0
850 0
1149 0
475 0
525 0
850 0
1149 0
475 0
525 0
850 0
1149 0
475 0
519 0
519 1.0511
519 2.16002
525 0
763 0
524 0
566 0
523 0
479 0
479 0
479 0.001564
479 0.0908037
479 0.0203938
479 0.0344638
523 0.0145602
523 0.108277
523 0.0472922
525 0
714 0
475 0
500 0
503 0
503 1.28621
503 1.38091
504 0.962943
504 0.210707
504 3.42939
504 0.929535
504 0.0351236
504 3.12957
504 2.88954
504 2.86409
505 2.73294
505 2.95308
505 3.53389
505 0.335629
505 0.00200946
504 0.0361896
504 0.0374126
504 0.0485902
504 0.0489741
503 0.0345345
525 0
753 0
504 0
505 0
500 0.0993278
503 0
512 0
593 0
503 0.0015343
475 0
485 0
525 0
979 0
485 0.33311
475 0
525 0
850 0
1149 0
475 0
525 0
850 0
1149 0
475 0
525 0
850 0
1149 0
475 0
496 0
525 0
889 0
1046 0
1149 0
496 0.222033
475 0
525 0
850 0
1149 0
475 0
525 0
850 0
1149 0
475 0
525 0
850 0
1149 0
475 0
525 0
850 0
1149 0
475 0
525 0
850 0
1149 0
475 0
525 0
850 0
1149 0
475 0
525 0
850 0
1149 0
475 0
525 0
850 0
1149 0
475 0
476 0
476 2.73768
475 0
0 0
478 0
475 0
419 0
476 0
475 0
0 0
476 0.0260666
475 0
241 0
475 0
0 0
487 0
489 0
578 0
478 0.415227
487 0.265113
487 0.0935484
488 0.100763
488 0.190145
831 1.13188e-23
488 0.0421895
487 0.0843626
475 0
525 0
850 0
1149 0
475 0
525 0
850 0
1149 0
475 0
522 0
525 0
853 0
1138 0
1149 0
522 0.149628
475 0
525 0
850 0
1149 0
475 0
525 0
850 0
1149 0
475 0
477 0
525 0
859 0
1122 0
1149 0
477 0.0388184
475 0
486 0
525 0
902 0
1014 0
486 0.37228
475 0
486 0
486 2.95364
486 2.79458
486 0.0184299
486 0.00592859
480 0
425 0
475 0
0 0
475 0
251 0
475 0
477 0
525 0
853 0
1137 0
1149 0
477 0.0268485
475 0
493 0
493 0.983546
493 2.88856
493 3.22269
493 1.96858
481 0
369 0
505 0
609 0
492 0
484 0
489 0
893 0
1056 0
1149 0
484 0.0301769
492 0.113043
517 0
737 0
475 0
0 0
496 0
524 0
475 0
525 0
850 0
1149 0
475 0
525 0
850 0
1149 0
475 0
525 0
850 0
1149 0
475 0
525 0
850 0
1149 0
475 0
482 0
482 3.3081
482 3.1031
482 2.89824
475 0
288 0
485 0
499 0
512 0
703 0
499 0.00843727
485 0.00325928
483 0
495 0
486 0
506 0
519 0
705 0
506 0.00230527
486 0.0507805
495 0.0560377
483 0.241168
493 0
597 0
475 0
520 0
525 0
871 0
1083 0
1149 0
520 0.0720643
475 0
525 0
850 0
1149 0
475 0
487 0
487 1.95779
487 2.84613
487 2.72733
487 2.98572
487 3.49975
487 0
525 0
850 0
1147 0
1149 0
484 0
475 0
378 0
484 0
513 0
475 0
105 0
478 0
486 0
490 0
483 0.001564
483 0.0578243
490 0.017861
486 0.00100061
478 0.0187146
485 0
475 0
139 0
485 0.117755
482 0
439 0
484 0.196749
487 0.0327584
475 0
498 0
525 0
900 0
1026 0
1149 0
498 0.191872
475 0
509 0
512 0
545 0
509 2.54794
475 0
525 0
850 0
1149 0
475 0
487 0
487 1.64237
487 2.92037
487 3.47698
487 0.28243
525 0
912 0
1010 0
1149 0
493 0
549 0
475 0
344 0
475 0
525 0
850 0
1149 0
475 0
525 0
850 0
1149 0
475 0
525 0
850 0
1149 0
475 0
525 0
850 0
1149 0
475 0
525 0
850 0
1149 0
475 0
492 0
492 4.07175
492 5.40248
492 0.774082
492 0
493 0
507 0
500 0
572 0
489 0
475 0
241 0
489 0.0720318
492 0
485 0
499 0
682 0
485 0.163964
492 0.159252
491 0.314834
491 0.141364
491 0.111316
492 0.0900717
475 0
525 0
850 0
1149 0
475 0
525 0
850 0
1149 0
475 0
525 0
850 0
1149 0
475 0
525 0
850 0
1149 0
475 0
525 0
850 0
1149 0
475 0
479 0
479 0.279226
479 2.29141
512 0
501 0
289 0
508 0
511 0
588 0
508 0.0354369
475 0
367 0
475 0
426 0
512 0.225162
512 2.39366
1149 4.89646e-22
475 0
525 0
850 0
1149 0
475 0
499 0
505 0
505 0.711631
506 3.07089
506 2.31978
506 0.0188244
506 0.0180752
499 0.108912
525 0
823 0
506 0
506 0
505 0.001564
505 0.0591579
506 0.0122283
506 0.00329904
497 0
419 0
503 0
518 0.001564
518 0.187418
502 0.412795
514 0
593 0
475 0
525 0
850 0
1149 0
475 0
525 0
850 0
1149 0
475 0
525 0
850 0
1149 0
475 0
523 0
523 1.9798
502 0
313 0
525 0
622 0
520 0
494 0
524 0
525 0
665 0
524 0.0197218
501 0
509 0
600 0
501 0.0880663
500 0.605085
500 0.0751772
500 0.0421506
501 0.001564
501 0.00804895
525 0
787 0
475 0
525 0
850 0
1149 0
475 0
525 0
850 0
1149 0
475 0
525 0
850 0
1149 0
475 0
502 0
502 0.652275
502 2.0421
502 0.0343032
502 3.02108
502 3.00699
505 0
525 0
764 0
517 0
654 0
500 0
501 0
482 0
222 0
505 0.00311193
501 0.142729
499 0.509378
498 0.399106
496 0.985398
496 0.91965
495 0.278829
495 0.596643
495 0.345128
495 0.0763249
495 6.37125e-05
495 0.0501377
495 0.034211
498 0.0691877
499 0.0705604
475 0
496 0
525 0
865 0
1103 0
1149 0
496 0.0533228
475 0
525 0
850 0
1149 0
475 0
525 0
850 0
1149 0
475 0
525 0
850 0
1149 0
475 0
525 0
850 0
1149 0
475 0
525 0
850 0
1149 0
475 0
525 0
850 0
1149 0
