475 3.53823e-22
475 3.90903e-06
475 6.09097e-06
475 3.53823e-22
475 5.12217e-06
475 4.87783e-06
475 3.53823e-22
475 2.25306e-06
475 7.74694e-06
475 3.53823e-22
475 1.53693e-06
475 8.46307e-06
475 3.53823e-22
475 7.0614e-06
475 2.9386e-06
475 3.53823e-22
475 8.72312e-08
475 9.91277e-06
475 3.53823e-22
475 4.55419e-06
475 5.44581e-06
475 3.53823e-22
475 4.85437e-06
475 0
0 2.55994e-22
475 3.53823e-22
475 4.39989e-07
475 9.56001e-06
475 3.53823e-22
475 6.89939e-06
475 3.10061e-06
475 3.53823e-22
475 2.483e-06
475 0
347 1.85293e-22
475 3.53823e-22
475 2.97336e-06
475 7.02664e-06
475 3.53823e-22
475 5.87389e-06
475 4.12611e-06
475 3.53823e-22
475 6.60051e-06
475 0
414 1.14407e-22
475 3.53823e-22
475 3.66139e-07
475 9.63386e-06
475 3.53823e-22
475 1.24601e-06
475 0
355 2.15567e-22
475 3.53823e-22
475 3.82404e-06
475 0
420 1.73494e-22
475 3.53823e-22
475 2.19837e-06
475 7.80163e-06
475 3.53823e-22
475 4.18068e-06
475 5.81932e-06
475 3.53823e-22
475 6.04127e-06
475 3.95873e-06
475 3.53823e-22
475 5.552e-06
475 4.448e-06
475 3.53823e-22
475 6.08228e-06
475 3.91772e-06
475 3.53823e-22
475 5.80258e-06
475 0
440 1.30652e-22
475 3.53823e-22
475 8.34955e-07
475 9.16504e-06
475 3.53823e-22
475 6.36539e-06
475 3.63461e-06
475 3.53823e-22
475 3.72777e-07
475 9.62722e-06
475 3.53823e-22
475 6.54559e-06
475 0
124 1.88722e-22
475 3.53823e-22
475 3.70246e-06
475 0
457 1.56299e-22
475 3.53823e-22
475 2.72179e-07
475 0
158 3.42591e-22
475 3.53823e-22
475 2.05589e-06
475 7.94411e-06
475 3.53823e-22
475 3.743e-06
475 0
449 1.54003e-22
475 3.53823e-22
475 4.0451e-06
475 5.9549e-06
475 3.53823e-22
475 5.26555e-06
475 4.73445e-06
475 3.53823e-22
475 2.89953e-06
475 7.10047e-06
475 3.53823e-22
475 7.7743e-07
475 0
426 1.98182e-22
475 3.53823e-22
475 3.23729e-06
475 0
384 1.85252e-22
475 3.53823e-22
475 5.59014e-06
475 0
0 2.43575e-22
475 3.53823e-22
475 4.24244e-06
475 0
0 2.99083e-22
475 3.53823e-22
475 5.27614e-06
475 4.72386e-06
475 3.53823e-22
475 8.61863e-08
475 9.91381e-06
475 3.53823e-22
475 1.05571e-06
475 0
295 2.63997e-22
475 3.53823e-22
475 4.3953e-06
475 5.6047e-06
475 3.53823e-22
475 3.03952e-06
475 0
282 2.02538e-22
475 3.53823e-22
475 7.13295e-06
475 2.86705e-06
475 3.53823e-22
475 5.31723e-06
475 4.68277e-06
475 3.53823e-22
475 3.68827e-06
475 0
380 2.03489e-22
475 3.53823e-22
475 5.26659e-06
475 4.73341e-06
475 3.53823e-22
475 2.29979e-06
475 0
298 2.10296e-22
475 3.53823e-22
475 3.45908e-06
475 0
460 1.61759e-22
475 3.53823e-22
475 4.32046e-07
475 0
279 2.79182e-22
475 3.53823e-22
475 1.91151e-06
475 8.08849e-06
475 3.53823e-22
475 6.13444e-06
475 0
310 1.45874e-22
475 3.53823e-22
475 1.86049e-06
475 8.13951e-06
475 3.53823e-22
475 3.18853e-06
475 0
374 1.67382e-22
475 3.53823e-22
475 5.50408e-06
475 4.49592e-06
475 3.53823e-22
475 1.41434e-06
475 0
468 1.78682e-22
475 3.53823e-22
475 3.60286e-06
475 0
317 1.80988e-22
475 3.53823e-22
475 2.10955e-06
475 0
320 1.96793e-22
475 3.53823e-22
475 4.87315e-06
475 0
330 1.54508e-22
475 3.53823e-22
475 1.0609e-06
475 8.9391e-06
475 3.53823e-22
475 1.79511e-06
475 0
104 3.02203e-22
475 3.53823e-22
475 3.38336e-06
475 0
283 2.27107e-22
475 3.53823e-22
475 4.72518e-06
475 5.27482e-06
475 3.53823e-22
475 2.21902e-06
475 0
365 2.13091e-22
475 3.53823e-22
475 3.9374e-06
475 6.0626e-06
475 3.53823e-22
475 2.63446e-06
475 0
0 3.43889e-22
475 3.53823e-22
475 3.34757e-08
475 9.96652e-06
475 3.53823e-22
475 3.1004e-06
475 6.8996e-06
475 3.53823e-22
475 4.9454e-06
475 5.0546e-06
475 3.53823e-22
475 3.27648e-06
475 0
367 1.69143e-22
475 3.53823e-22
475 1.8108e-06
475 0
351 1.88351e-22
475 3.53823e-22
475 3.78706e-06
475 6.21294e-06
475 3.53823e-22
475 2.75671e-06
475 7.24329e-06
475 3.53823e-22
475 1.12729e-06
475 8.87271e-06
475 3.53823e-22
475 6.79548e-06
475 0
375 1.21455e-22
475 3.53823e-22
475 1.64402e-06
475 8.35598e-06
475 3.53823e-22
475 5.15141e-06
475 4.84859e-06
475 3.53823e-22
475 5.63678e-06
475 4.36322e-06
475 3.53823e-22
475 4.00843e-06
475 0
397 1.59312e-22
475 3.53823e-22
475 2.85523e-06
475 0
233 2.25857e-22
475 3.53823e-22
475 3.8932e-06
475 6.1068e-06
475 3.53823e-22
475 3.69571e-06
475 0
364 1.63235e-22
475 3.53823e-22
475 2.18165e-06
475 0
362 1.80746e-22
475 3.53823e-22
475 5.89403e-06
475 4.10597e-06
475 3.53823e-22
475 9.80807e-07
475 0
320 2.58736e-22
475 3.53823e-22
475 6.5709e-06
475 0
325 1.33883e-22
475 3.53823e-22
475 1.96815e-06
475 8.03185e-06
475 3.53823e-22
475 5.99015e-06
475 0
372 1.46537e-22
475 3.53823e-22
475 2.53642e-06
475 7.46358e-06
475 3.53823e-22
475 3.95201e-06
475 6.04799e-06
475 3.53823e-22
475 2.11322e-06
475 0
451 2.17077e-22
475 3.53823e-22
475 6.57771e-06
475 3.42229e-06
475 3.53823e-22
475 2.46535e-06
475 7.53465e-06
475 3.53823e-22
475 4.0363e-06
475 5.9637e-06
475 3.53823e-22
475 3.20633e-06
475 6.79367e-06
475 3.53823e-22
475 1.29221e-06
475 8.70779e-06
475 3.53823e-22
475 6.6573e-06
475 3.3427e-06
475 3.53823e-22
475 3.66962e-06
475 6.33038e-06
475 3.53823e-22
475 1.19236e-06
475 8.80764e-06
475 3.53823e-22
475 6.73943e-06
475 3.26057e-06
