503 -13
503 13
511 -12
511 12
511 -1
511 1
500 1
500 -1
505 1
505 -1
514 1
514 -1
514 1
514 -1
514 1
514 -1
492 -13
492 13
502 -13
502 13
515 -12
515 12
515 -1
516 1
513 1
513 -1
506 1
506 -1
509 1
509 -1
513 -12
513 12
513 -1
513 1
489 -13
489 13
514 1
514 -1
511 1
511 -1
511 1
511 -1
513 1
513 -1
513 1
513 -1
515 1
515 -1
515 1
515 -1
513 -13
513 13
499 -13
499 13
479 -11
479 11
479 -2
479 2
505 -13
505 13
502 -13
502 13
502 -12
502 12
502 -1
502 1
511 1
511 -1
494 -13
494 13
503 -13
503 13
503 -13
503 13
507 -13
507 13
504 -13
504 13
503 -13
503 13
508 -13
508 13
499 -13
499 13
476 -12
476 12
476 -1
479 1
477 1
477 -1
477 1
477 -1
477 1
477 -1
499 -12
499 12
499 -1
500 1
489 -13
489 13
518 -13
518 13
485 -13
485 13
501 -13
501 13
497 -13
497 13
494 -11
494 11
494 -1
494 1
494 -1
494 1
478 -13
478 13
493 1
493 -1
485 1
485 -1
489 1
489 -1
490 1
490 -1
491 1
491 -1
491 1
491 -1
524 -13
524 13
486 -13
486 13
523 1
523 -1
520 1
518 -1
518 1
518 -1
518 1
518 -1
519 1
519 -1
519 1
519 -1
520 1
520 -1
481 -11
481 11
481 -2
481 2
480 1
480 -1
480 1
480 -1
481 1
480 -1
480 1
480 -1
487 -12
487 12
487 -1
487 1
490 1
490 -1
519 -13
519 13
510 -13
510 13
496 -13
496 13
492 -12
492 12
492 -1
491 1
499 1
499 -1
495 1
495 -1
502 -13
502 13
521 -13
521 13
505 -13
505 13
517 1
517 -1
520 1
517 -1
517 1
517 -1
518 1
518 -1
517 1
517 -1
511 1
511 -1
516 1
516 -1
510 1
510 -1
517 1
517 -1
524 -12
524 12
524 -1
524 1
495 1
495 -1
495 1
495 -1
495 1
495 -1
501 -13
501 13
496 -12
496 12
496 -1
496 1
489 -12
489 12
489 -1
489 1
522 -13
522 13
521 -13
521 13
515 -13
515 13
520 -12
520 12
520 -1
521 1
510 -12
510 12
510 -1
514 1
512 1
512 -1
511 1
511 -1
511 1
511 -1
511 1
511 -1
511 1
511 -1
510 1
510 -1
510 1
510 -1
510 1
510 -1
511 1
511 -1
522 1
522 -1
522 1
522 -1
521 1
521 -1
520 1
524 -1
523 1
523 -1
522 1
522 -1
522 1
522 -1
522 1
522 -1
522 1
522 -1
522 1
523 -1
522 1
522 -1
522 1
522 -1
522 1
522 -1
522 1
522 -1
522 1
522 -1
522 1
522 -1
521 1
521 -1
521 1
521 -1
522 1
522 -1
522 1
522 -1
