475 0
525 0
850 0
1149 0
475 0
525 0
850 0
1149 0
475 0
521 0
525 0
850 0
1149 0
1149 0
521 0.197567
475 0
478 0
525 0
874 0
1083 0
1149 0
478 0.0883048
475 0
525 0
850 0
1149 0
475 0
525 0
850 0
1149 0
475 0
510 0
510 5.34521
510 2.95471
510 2.75712
510 2.84216
510 3.01388
510 3.5156
475 0
87 0
520 0
507 0
501 0
410 0
507 0.00565644
520 0.0737018
510 0
487 0
496 0
498 0
966 0
496 0.000686314
487 0.0552454
510 0.188874
523 0
638 0
475 0
525 0
850 0
1149 0
475 0
525 0
850 0
1149 0
475 0
525 0
850 0
1149 0
