475 1.58242e-21
475 7.55243e-60
475 3.70388e-08
475 1.02553e-18
475 4.60482e-13
475 6.31139e-45
475 7.64276e-08
475 3.14339e-62
475 2.65103e-46
475 7.31452e-45
475 2.48238e-103
475 4.77676e-11
475 3.12504e-27
475 1.54727e-75
475 9.70441e-37
475 2.8526e-15
475 8.10977e-26
475 8.33227e-13
475 1.93953e-07
475 1.71959e-36
475 2.96263e-08
475 2.16031e-17
475 2.48241e-12
475 7.48097e-48
475 1.64864e-24
475 3.45204e-33
475 3.68469e-20
475 5.30056e-55
475 5.69925e-12
475 6.43285e-06
475 2.85896e-30
475 2.67015e-99
475 6.84013e-72
475 1.79454e-17
475 1.04761e-06
475 1.86514e-97
475 7.58447e-51
475 2.70848e-21
475 3.17032e-09
475 7.04883e-80
475 2.38807e-130
475 1.16405e-27
475 2.37015e-75
475 3.03367e-08
475 1.532e-52
475 5.08193e-16
475 0.000192149
