475 1.93786e-21
475 8.38824e-05
475 1.60744e-27
475 1.03428e-11
475 0.000216118
475 1.93786e-21
475 3.55631e-38
475 4.33385e-06
186 1.56873e-21
475 1.93786e-21
475 3.78034e-06
475 8.94256e-21
475 7.0248e-07
182 1.56382e-21
475 1.93786e-21
475 6.79635e-20
475 1.12708e-07
475 4.90187e-07
475 4.5298e-23
475 2.59554e-64
475 8.49699e-45
475 1.28917e-32
475 1.75619e-08
475 4.94604e-149
475 1.55646e-44
475 9.99419e-06
475 1.17451e-26
475 8.09107e-13
475 6.62093e-19
475 3.35851e-08
475 6.43848e-16
475 2.27941e-12
475 2.82152e-35
475 1.40915e-06
475 6.92645e-31
475 6.41373e-06
475 1.92316e-20
475 5.39447e-90
475 1.46974e-06
475 0.000280059
475 1.93786e-21
475 1.66362e-26
475 2.25355e-06
249 1.38023e-21
475 1.93786e-21
475 1.79817e-09
475 1.6767e-100
475 2.01679e-06
428 1.30026e-21
475 1.93786e-21
475 8.76687e-06
475 0.000291233
475 1.93786e-21
475 2.54241e-28
475 5.02229e-08
475 9.63361e-05
475 3.86945e-24
475 4.19391e-49
475 1.40558e-33
475 2.06151e-22
475 1.0789e-18
475 2.33556e-18
475 1.53956e-09
475 1.85813e-44
475 2.55642e-62
475 7.97172e-23
475 9.85532e-22
475 1.87028e-16
475 1.03104e-30
475 3.60002e-24
475 0.000203612
475 1.93786e-21
475 1.13669e-71
475 5.40969e-11
475 1.52327e-06
265 1.48e-21
475 1.93786e-21
475 1.45167e-17
475 1.32046e-17
475 2.72631e-09
475 7.0737e-27
475 1.06676e-148
475 4.59837e-05
475 4.20283e-19
475 9.53209e-24
475 8.48638e-11
475 1.93826e-95
475 2.1761e-12
475 7.11422e-54
475 8.13054e-77
475 9.30358e-65
475 3.53837e-10
475 4.70331e-14
475 5.04555e-21
475 6.25025e-17
475 3.87711e-06
475 2.26381e-11
475 4.86946e-29
475 5.25776e-26
475 4.48093e-13
475 3.89864e-48
475 4.73061e-66
475 1.17374e-27
475 0.000142911
475 6.41178e-05
475 2.16856e-05
475 9.17206e-06
475 6.4034e-07
475 4.52504e-06
475 7.08429e-06
