515 -13
515 13
513 -13
513 13
498 -12
498 12
498 -1
498 1
495 -13
495 13
491 -13
491 13
500 -13
500 13
485 1
485 -1
488 1
488 -1
504 -13
504 13
479 -12
479 12
479 -1
512 1
512 -14
512 14
512 1
512 -1
512 1
512 -1
510 1
510 -1
510 1
510 -1
509 1
509 -1
509 1
509 -1
507 1
507 -1
506 1
506 -1
505 1
505 -1
505 1
506 -1
505 1
505 -1
504 1
504 -1
504 1
504 -1
503 1
504 -1
502 1
502 -1
500 1
500 -1
498 1
498 -1
497 1
498 -1
497 1
497 -1
497 1
497 -1
496 1
496 -1
496 1
496 -1
496 1
496 -1
496 1
496 -1
495 1
495 -1
494 1
494 -1
494 1
493 -1
493 1
494 -1
493 1
493 -1
492 1
492 -1
491 1
491 -1
491 1
491 -1
490 1
490 -1
487 1
487 -1
485 1
485 -1
484 1
484 -1
482 1
482 -1
481 1
481 -1
481 1
481 -1
481 1
481 -1
480 1
481 -1
480 1
480 -1
479 1
479 -1
480 1
480 -1
493 1
493 -1
510 1
510 -1
487 -13
487 13
481 -13
481 13
484 1
484 -1
481 1
481 -1
522 -12
522 12
522 -1
944 1
523 1
523 -1
523 1
523 -1
523 1
523 -1
522 1
522 -1
489 -12
489 12
489 -1
489 1
478 1
477 -1
477 1
477 -1
478 1
478 -1
507 -1
515 1
507 -1
515 1
512 1
512 -1
512 1
512 -1
512 1
511 -1
512 1
512 -1
512 1
512 -1
511 1
511 -1
509 1
509 -1
508 1
508 -1
508 1
508 -1
507 1
507 -1
507 1
510 -1
510 1
510 -1
510 1
510 -1
510 1
510 -1
510 1
510 -1
509 1
509 -1
508 1
508 -1
503 -13
503 13
506 -13
506 13
516 -13
516 13
505 1
506 -1
506 1
506 -1
506 1
506 -1
506 1
506 -1
506 1
506 -1
497 -13
497 13
516 1
516 -1
516 1
516 -1
495 1
495 -1
488 1
488 -1
488 1
488 -1
519 -13
519 13
501 -13
501 13
498 -13
498 13
512 1
512 -1
498 1
498 -1
497 -13
497 13
509 -13
509 13
510 -8
510 8
510 -2
510 2
510 -1
510 1
510 -1
510 1
510 -1
510 1
491 -12
491 12
491 -1
491 1
515 1
515 -1
515 1
515 -1
478 1
478 -1
499 -11
499 11
499 -1
499 1
499 -1
500 1
499 1
499 -1
499 1
499 -1
499 1
499 -1
499 1
499 -1
502 1
502 -1
503 1
503 -1
503 1
503 -1
502 1
502 -1
502 1
502 -1
506 1
506 -1
511 -13
511 13
507 -11
507 11
507 -1
509 1
508 1
508 -1
507 1
507 -1
507 1
507 -1
507 1
507 -1
507 1
507 -1
507 1
507 -1
507 1
507 -1
507 -1
551 1
510 1
510 -1
510 1
510 -1
510 1
510 -1
510 1
510 -1
510 1
510 -1
510 1
510 -1
510 1
510 -1
510 1
510 -1
509 1
509 -1
509 1
509 -1
509 1
509 -1
509 1
509 -1
509 1
509 -1
509 1
509 -1
508 1
508 -1
508 1
508 -1
508 1
508 -1
508 1
508 -1
508 1
508 -1
508 1
508 -1
508 1
508 -1
508 1
508 -1
508 1
508 -1
508 1
508 -1
508 1
508 -1
508 1
508 -1
508 1
508 -1
508 1
508 -1
508 1
508 -1
508 1
508 -1
507 1
507 -1
507 1
507 -1
507 1
507 -1
507 1
507 -1
507 1
507 -1
507 -13
507 13
499 -13
499 13
520 -13
520 13
504 1
504 -1
515 1
515 -1
520 1
520 -1
478 -13
478 13
