517 -13
517 13
503 -13
503 13
480 -13
480 13
494 -13
494 13
484 -13
484 13
475 -13
475 13
481 -13
481 13
515 -13
515 13
499 -13
499 13
475 -13
475 13
489 -13
489 13
490 -13
490 13
479 -13
479 13
514 -13
514 13
495 -13
495 13
516 -13
516 13
478 -13
478 13
482 -13
482 13
513 -13
513 13
504 -13
504 13
486 -13
486 13
500 -13
500 13
490 -13
490 13
482 -13
482 13
479 -13
479 13
478 -13
478 13
491 -13
491 13
509 -13
509 13
511 -13
511 13
510 -13
510 13
486 -13
486 13
512 -13
512 13
481 -13
481 13
492 -13
492 13
489 -13
489 13
503 -13
503 13
490 -13
490 13
505 -13
505 13
500 -13
500 13
488 -13
488 13
488 -13
488 13
517 -13
517 13
503 -13
503 13
515 -13
515 13
480 -13
480 13
485 -13
485 13
499 -13
499 13
