475 1.93786e-21
475 8.74733e-21
475 1.18344e-15
475 2.18784e-06
475 2.8631e-19
475 6.41568e-10
475 8.60542e-12
475 6.439e-21
475 5.10893e-15
475 3.03181e-05
475 1.01033e-09
475 6.61227e-35
475 2.18608e-06
475 1.71931e-26
475 2.51111e-49
475 3.65817e-18
475 1.71533e-39
475 6.61066e-05
475 1.07562e-47
475 2.24669e-45
475 2.63178e-48
475 4.59546e-47
475 1.29216e-27
475 4.93506e-49
475 5.176e-38
475 4.01476e-64
475 2.14069e-51
475 4.08066e-82
475 1.80178e-75
475 6.48524e-198
475 3.51214e-45
475 1.07789e-19
475 2.69554e-06
475 2.57684e-22
475 4.85722e-22
475 2.24563e-131
475 2.74304e-07
475 7.37706e-65
475 2.87842e-14
475 8.68276e-13
475 1.37546e-47
475 3.42738e-65
475 2.24666e-64
475 5.1717e-119
475 9.05315e-119
475 1.541e-36
475 3.56388e-79
475 2.322e-20
475 2.51396e-50
475 1.70385e-24
475 2.22452e-52
475 1.90964e-10
475 1.85055e-11
475 3.57416e-24
475 1.26234e-09
475 1.77479e-41
475 1.36121e-56
475 9.22055e-21
475 1.73839e-57
475 6.32815e-72
475 5.69678e-38
475 4.92532e-07
475 0.000134152
475 1.61794e-05
475 5.65134e-06
475 2.33174e-05
475 8.57993e-06
475 7.85572e-06
