475 1.654e-20
475 0.03
475 1.654e-20
475 0.0290126
475 2.13632e-06
475 0.000985302
475 1.654e-20
475 0.0241509
475 0.00584908
475 1.654e-20
475 0.03
475 1.654e-20
475 0.0210369
475 0.00896314
475 1.654e-20
475 0.03
475 1.654e-20
475 0.03
475 1.654e-20
475 0.03
475 1.654e-20
475 0.03
475 1.654e-20
475 0.0186474
475 0.0113526
475 1.654e-20
475 0.03
475 1.654e-20
475 0.0242841
475 0.00173913
475 0.00397677
475 1.654e-20
475 0.0256083
475 0.00439175
475 1.654e-20
475 0.03
475 1.654e-20
475 0.03
475 1.654e-20
475 0.03
475 1.654e-20
475 0.00566256
475 0.0243374
475 1.654e-20
475 0.0248449
475 0.00515513
475 1.654e-20
475 0.0180031
475 0.0119969
475 1.654e-20
475 0.03
475 1.654e-20
475 0.0183948
475 0.0116052
475 1.654e-20
475 0.0239583
475 0.00604175
475 1.654e-20
475 0.03
475 1.654e-20
475 0.0280524
475 0.00194756
475 1.654e-20
475 0.03
475 1.654e-20
475 0.00338024
475 0.0167473
475 0.00987249
475 1.654e-20
475 0.0279412
475 0.00205878
475 1.654e-20
475 0.0169497
475 0.0130503
475 1.654e-20
475 0.0214935
475 0.00850648
475 1.654e-20
475 0.00642756
475 0.0148826
475 0.00868988
475 1.654e-20
475 0.03
475 1.654e-20
475 0.0154896
475 0.0145104
475 1.654e-20
475 0.03
475 1.654e-20
475 0.03
475 1.654e-20
475 0.03
475 1.654e-20
475 0.0243865
475 0.00561346
475 1.654e-20
475 0.03
475 1.654e-20
475 0.03
475 1.654e-20
475 0.0129041
475 0.000836286
475 0.0162596
475 1.654e-20
475 0.0050904
475 0.0143272
475 0.0105824
475 1.654e-20
475 0.00553825
475 0.00647784
475 0.00168795
475 0.0124879
475 2.16224e-05
475 0.00116288
475 0.000369489
475 0.00209821
475 0.000155855
475 1.654e-20
475 0.010177
475 0.0134193
475 0.0064037
475 1.654e-20
475 0.03
475 1.654e-20
475 0.0152891
475 0.0147109
475 1.654e-20
475 0.0144249
475 0.0155751
475 1.654e-20
475 0.0184438
475 0.0115562
475 1.654e-20
475 0.03
475 1.654e-20
475 0.03
475 1.654e-20
475 0.0204682
475 0.00953182
475 1.654e-20
475 0.022488
475 0.00751197
475 1.654e-20
475 0.00721728
475 0.00332181
475 0.0194609
475 1.654e-20
475 0.03
475 1.654e-20
475 0.03
475 1.654e-20
475 0.00403854
475 0.0213024
475 0.0046591
475 1.654e-20
475 0.03
475 1.654e-20
475 0.0233859
475 0.00661409
475 1.654e-20
475 0.0207368
475 0.00926323
475 1.654e-20
475 0.0219043
475 0.00809572
475 1.654e-20
475 0.0162296
475 0.0137704
475 1.654e-20
475 0.03
475 1.654e-20
475 0.0088365
475 0.0211635
475 1.654e-20
475 0.03
475 1.654e-20
475 0.0106288
475 0.0193712
475 1.654e-20
475 0.0203552
475 0.00964484
475 1.654e-20
475 0.00902675
475 0.0209732
475 1.654e-20
475 0.03
475 1.654e-20
475 0.0215982
475 0.00840176
475 1.654e-20
475 0.0127325
475 0.00367595
475 0.0135915
475 1.654e-20
475 0.00911083
475 0.0110809
475 0.00980828
475 1.654e-20
475 0.0201094
475 0.00989058
475 1.654e-20
475 0.0129945
475 0.00729997
475 0.00970552
475 1.654e-20
475 0.0261602
475 0.00383982
475 1.654e-20
475 0.0109251
475 0.0121288
475 0.0069461
475 1.654e-20
475 0.03
475 1.654e-20
475 0.0164592
475 0.0135408
475 1.654e-20
475 0.0126755
475 0.0173245
475 1.654e-20
475 0.0198228
475 0.0101772
475 1.654e-20
475 0.00153288
475 0.0284671
475 1.654e-20
475 0.03
475 1.654e-20
475 0.03
475 1.654e-20
475 0.0268785
475 0.0031215
475 1.654e-20
475 0.0237488
475 0.00625115
475 1.654e-20
475 0.00458099
475 0.0216681
475 0.0037509
475 1.654e-20
475 0.03
475 1.654e-20
475 0.03
475 1.654e-20
475 0.0182112
475 0.0117888
475 1.654e-20
475 0.03
475 1.654e-20
475 0.03
475 1.654e-20
475 0.00790741
475 0.0200615
475 0.00203111
475 1.654e-20
475 0.03
475 1.654e-20
475 0.0131143
475 0.0168857
475 1.654e-20
475 0.03
475 1.654e-20
475 0.00299197
475 0.00886323
475 0.00601776
475 0.012127
475 1.654e-20
475 0.03
475 1.654e-20
475 0.03
475 1.654e-20
475 0.03
475 1.654e-20
475 0.0164918
475 0.0135082
475 1.654e-20
475 0.03
475 1.654e-20
475 0.03
475 1.654e-20
475 0.0116845
475 0.0183155
