475 0
487 4.01531e-06
500 8.10379e-06
503 3.05012e-05
484 0
185 0
475 0
482 7.90127e-06
487 4.93042e-05
483 1.44574e-05
475 0
204 0
475 0
521 1.48841e-05
525 0
668 0
475 0
525 0
850 0
1149 0
475 0
493 3.50478e-05
490 3.64669e-05
475 0
134 0
475 0
525 0
850 0
1149 0
475 0
525 0
850 0
1149 0
475 0
525 0
850 0
1149 0
475 0
495 5.48075e-06
525 0
858 0
475 0
477 2.63012e-05
479 3.45737e-05
475 0
7 0
475 0
513 4.4986e-05
509 1.08292e-06
508 4.21959e-05
513 2.31677e-05
510 1.23975e-05
496 1.14543e-05
490 0
366 0
475 0
512 4.20494e-05
509 4.40853e-05
520 0
607 0
475 0
478 4.83612e-05
475 0
211 0
475 0
485 3.77582e-06
489 4.5891e-05
488 4.65164e-06
485 8.01669e-06
475 0
129 0
475 0
525 0
850 0
1149 0
475 0
519 6.17743e-06
525 0
861 0
475 0
525 0
850 0
1149 0
475 0
477 4.23309e-05
475 0
334 0
475 0
511 1.85898e-05
514 3.11303e-05
525 0
912 0
475 0
517 1.18799e-05
518 1.94142e-05
517 2.0605e-05
518 0
601 0
475 0
479 2.08316e-05
484 2.86334e-05
475 0
0 0
475 0
489 5.15286e-05
475 0
95 0
475 0
491 4.72167e-05
475 0
260 0
475 0
515 1.47707e-05
525 0
708 0
475 0
508 2.03869e-05
509 4.6548e-06
511 4.32755e-05
498 2.59377e-05
502 1.10772e-05
502 0
513 0
475 0
483 1.51813e-05
490 1.97327e-06
491 5.00956e-05
490 3.39784e-05
482 4.35832e-06
475 0
0 0
475 0
505 4.43233e-05
501 4.80128e-05
511 1.02909e-05
511 0
511 0
475 0
521 6.32464e-06
525 0
861 0
475 0
481 4.22804e-05
475 0
283 0
475 0
509 1.41066e-06
515 4.12577e-07
525 0
854 0
1133 0
1149 0
475 0
519 2.69289e-05
521 0
540 0
475 0
476 3.07354e-05
475 4.77592e-05
475 0
464 0
475 0
499 8.5954e-06
506 4.7532e-06
513 0
606 0
475 0
487 2.92535e-05
487 0
483 0
475 0
525 0
850 0
1149 0
475 0
497 2.72759e-05
497 1.49019e-05
501 4.83495e-05
476 1.71094e-05
480 0
602 0
475 0
498 4.34372e-05
483 3.83224e-05
488 3.37301e-05
475 0
176 0
475 0
525 0
850 0
1149 0
475 0
488 4.06408e-05
475 0
352 0
475 0
484 4.99736e-05
475 0
137 0
475 0
477 2.93332e-05
476 0
470 0
475 0
499 6.05779e-06
503 3.73765e-05
480 4.83428e-05
495 4.7147e-06
516 4.06438e-05
507 0
460 0
475 0
520 3.67601e-05
513 0
443 0
475 0
515 4.12276e-05
501 0
377 0
475 0
493 2.00252e-05
500 2.25227e-05
497 0
338 0
475 0
493 3.80303e-05
487 1.22429e-05
495 0
587 0
475 0
479 8.02762e-06
502 4.44298e-05
482 4.75117e-05
487 2.13352e-05
475 0
292 0
475 0
486 1.40829e-06
516 4.46108e-05
513 2.64981e-05
517 0
573 0
475 0
478 1.69849e-05
486 3.30357e-05
484 6.15306e-06
482 0
440 0
475 0
493 5.3293e-05
486 4.36016e-05
495 4.4184e-07
496 1.7819e-05
489 2.07958e-05
496 0
933 0
968 0
475 0
506 5.39657e-05
479 4.21711e-05
484 1.69158e-05
477 1.98796e-06
475 0
95 0
475 0
479 3.92851e-05
477 2.56806e-05
475 0
0 0
475 0
508 5.55937e-05
477 3.60782e-05
480 2.6477e-05
480 1.25827e-06
477 1.04221e-05
480 2.25342e-07
484 1.14988e-05
485 0
958 0
475 0
525 0
850 0
1149 0
475 0
511 1.13714e-05
519 2.98484e-05
520 3.89424e-05
493 6.86365e-07
492 4.81531e-06
487 2.26905e-05
476 2.20086e-05
478 2.89323e-06
508 2.85679e-05
503 0
460 0
475 0
487 4.91398e-05
476 4.50932e-05
491 7.30312e-06
503 5.87651e-06
504 3.71905e-05
502 0
489 0
475 0
504 1.9126e-06
515 1.90982e-05
525 0
731 0
475 0
475 4.02185e-05
475 0
359 0
475 0
501 5.55023e-05
483 3.21282e-05
485 2.22019e-05
484 1.29252e-05
485 4.12839e-06
485 1.5418e-05
477 0
383 0
475 0
476 5.40337e-05
475 0
0 0
475 0
492 4.7286e-06
503 5.14723e-05
501 1.67599e-05
511 4.10665e-05
475 0
47 0
475 0
509 2.34068e-05
509 1.18761e-05
522 2.53818e-05
525 0
688 0
475 0
525 0
850 0
1149 0
475 0
478 2.6253e-06
525 0
868 0
1088 0
475 0
516 5.92011e-06
525 0
868 0
475 0
499 2.76481e-05
499 4.86067e-05
488 0
396 0
475 0
477 2.63815e-05
479 0
500 0
475 0
478 1.61842e-05
482 3.84627e-05
483 7.85082e-06
483 1.67175e-05
491 2.07518e-05
490 9.42865e-06
495 2.83166e-05
493 2.62832e-05
495 1.37511e-05
475 0
182 0
475 0
521 2.86684e-05
521 1.51019e-05
525 0
918 0
475 0
483 2.87551e-05
483 0
483 0
475 0
510 4.0914e-06
516 2.85598e-05
515 4.34456e-05
520 3.21125e-05
513 1.57632e-05
511 3.63791e-05
513 9.02096e-06
525 0
863 0
475 0
509 2.7775e-05
509 4.54285e-05
504 2.94745e-05
516 1.7069e-05
508 0
325 0
475 0
502 1.09668e-05
506 4.86683e-05
475 0
0 0
475 0
525 0
850 0
1149 0
475 0
490 2.10046e-05
497 0
567 0
475 0
480 3.41217e-05
475 1.75413e-05
475 0
322 0
475 0
525 0
850 0
1149 0
475 0
489 3.77868e-05
487 4.51079e-05
493 3.19341e-05
475 0
36 0
475 0
484 4.48774e-05
475 0
300 0
475 0
519 4.89693e-06
525 0
1018 0
475 0
504 2.68143e-05
506 0
523 0
475 0
491 3.25317e-05
491 3.31697e-05
483 1.04612e-06
475 0
0 0
475 0
495 5.22606e-05
475 0
0 0
475 0
525 0
850 0
1149 0
475 0
478 1.48922e-05
478 5.22797e-05
475 4.22881e-05
486 2.19686e-05
486 0
380 0
475 0
487 3.56466e-05
480 0
420 0
475 0
502 3.53407e-05
495 0
440 0
475 0
478 1.40487e-05
498 5.13735e-05
475 0
239 0
475 0
525 0
850 0
1149 0
475 0
491 2.94637e-05
491 0
486 0
475 0
525 0
850 0
1149 0
475 0
475 1.51934e-05
475 4.70287e-05
475 0
367 0
475 0
507 2.86317e-05
507 4.30386e-05
511 2.88983e-05
490 2.76831e-05
493 3.64223e-05
489 0
466 0
475 0
506 6.27442e-06
507 2.85998e-06
525 0
936 0
973 0
1149 0
475 0
502 1.04137e-05
525 0
759 0
475 0
487 3.806e-05
486 4.11517e-05
487 2.32981e-05
475 0
0 0
475 0
525 0
850 0
1149 0
475 0
499 3.16316e-05
496 4.74241e-06
496 4.50249e-05
475 0
367 0
475 0
489 2.84694e-05
490 5.44225e-06
488 0
379 0
475 0
486 3.49819e-05
480 0
423 0
