475 0
480 2.25238e-06
489 1.56415e-05
486 3.7858e-06
483 2.19042e-05
479 1.47226e-05
475 0
216 0
475 0
516 2.02289e-05
513 5.29342e-06
510 2.32364e-06
494 1.53908e-07
475 0
0 0
475 0
491 2.03673e-05
483 1.90398e-05
480 9.08771e-06
479 1.23512e-05
478 0
461 0
475 0
494 3.99956e-06
508 1.05539e-05
499 0
355 0
475 0
486 1.47962e-05
486 9.38862e-06
485 1.77127e-05
484 4.6095e-06
483 0
475 0
475 0
488 1.20184e-06
491 1.99936e-06
510 2.07637e-05
505 0
471 0
475 0
525 0
850 0
1149 0
475 0
525 0
850 0
1149 0
475 0
477 1.12522e-05
484 0
550 0
475 0
507 2.29089e-05
500 2.1287e-05
517 1.69596e-05
516 1.16329e-06
517 1.39221e-05
515 6.89338e-06
513 4.69275e-07
511 1.0417e-05
511 5.47313e-06
483 0
194 0
475 0
507 2.73213e-05
475 0
0 0
475 0
487 2.09534e-05
483 4.02491e-06
488 0
558 0
475 0
486 5.88432e-06
492 2.6554e-05
489 1.44055e-05
492 1.58762e-05
492 1.46365e-05
483 6.46435e-06
489 1.05176e-05
479 9.98419e-06
490 0
730 0
475 0
480 5.89291e-06
489 1.75666e-05
477 3.77427e-06
475 0
334 0
475 0
498 2.11298e-05
482 0
342 0
475 0
476 2.3413e-05
475 0
248 0
475 0
525 0
850 0
1149 0
475 0
512 1.67539e-05
507 0
468 0
475 0
488 6.72447e-06
488 8.68565e-06
487 8.33349e-06
488 6.82261e-06
499 1.99981e-05
485 2.80232e-06
482 6.94542e-06
483 0
535 0
475 0
480 9.5687e-06
491 0
592 0
475 0
525 0
850 0
1149 0
475 0
488 2.77342e-05
480 6.16248e-06
475 0
297 0
475 0
509 1.60254e-05
506 2.12247e-05
498 3.1722e-06
494 1.2736e-05
520 0
677 0
475 0
484 1.81326e-05
476 0
413 0
475 0
496 1.36655e-05
498 1.63243e-05
524 4.20589e-06
525 0
865 0
475 0
485 2.00678e-05
479 5.11899e-06
480 6.34684e-07
482 3.86983e-06
493 0
738 0
475 0
506 1.08035e-05
511 1.38432e-05
495 0
361 0
475 0
477 4.12455e-06
510 0
807 0
475 0
483 2.40998e-05
475 0
226 0
475 0
500 2.52948e-05
484 6.27455e-06
475 0
245 0
475 0
477 1.57735e-05
475 0
450 0
475 0
511 1.21916e-05
515 0
556 0
475 0
514 3.15979e-06
516 2.11558e-05
516 1.84508e-05
520 1.40591e-05
521 9.84777e-06
525 0
635 0
475 0
525 0
850 0
1149 0
475 0
525 0
850 0
1149 0
475 0
476 4.85064e-06
494 3.34343e-06
499 0
739 0
475 0
525 0
850 0
1149 0
475 0
487 9.47194e-06
492 2.46016e-05
478 3.06812e-06
476 1.68469e-05
475 0
432 0
475 0
498 1.36633e-05
498 8.82825e-06
497 1.73608e-05
491 1.36727e-06
491 0
515 0
475 0
482 2.17282e-05
477 6.49461e-06
475 0
289 0
475 0
488 2.56639e-05
475 0
0 0
475 0
488 3.13764e-06
491 1.97496e-06
494 1.11028e-05
492 0
478 0
475 0
476 2.09285e-05
475 0
339 0
475 0
514 2.56878e-05
507 2.21741e-05
508 2.11e-05
508 1.54537e-05
525 0
904 0
475 0
494 4.31811e-07
496 1.34279e-05
492 1.70129e-05
483 0
372 0
475 0
487 2.73161e-05
475 0
0 0
475 0
525 0
850 0
1149 0
475 0
490 1.37365e-05
491 1.25158e-05
494 1.7741e-05
492 1.43339e-05
492 1.1993e-05
483 0
359 0
475 0
481 1.01548e-05
485 2.24566e-05
490 2.44481e-06
499 1.74827e-05
498 7.90975e-06
496 3.6608e-06
489 0
104 0
475 0
487 2.57477e-05
475 0
96 0
475 0
481 7.64182e-07
481 5.52133e-06
500 0
671 0
475 0
486 5.60252e-06
489 2.28725e-05
475 0
0 0
475 0
525 0
850 0
1149 0
475 0
525 0
850 0
1149 0
475 0
506 9.68444e-06
515 0
596 0
475 0
499 2.1371e-05
498 6.7892e-06
486 0
375 0
475 0
481 2.36853e-05
481 7.22387e-06
490 0
571 0
475 0
506 1.40488e-05
507 0
513 0
475 0
525 0
850 0
1149 0
475 0
506 1.18577e-05
506 5.8934e-06
505 6.51966e-06
489 1.63497e-05
490 6.28928e-06
489 1.52255e-05
488 2.00141e-06
489 5.21483e-06
490 5.16258e-06
496 1.62687e-05
496 0
499 0
475 0
485 2.50237e-05
475 0
58 0
475 0
480 9.0312e-06
481 2.14483e-05
475 0
0 0
475 0
525 0
850 0
1149 0
475 0
497 4.50358e-06
504 1.72124e-05
507 0
537 0
475 0
502 2.6153e-05
478 2.28807e-05
482 6.39337e-06
475 0
332 0
475 0
491 9.24234e-06
501 1.59692e-05
486 5.13067e-06
478 0
254 0
475 0
479 1.25353e-05
483 0
517 0
475 0
506 2.04029e-05
493 1.06245e-05
475 0
0 0
475 0
491 1.9783e-06
525 0
850 0
927 0
475 0
525 0
850 0
1149 0
475 0
476 1.55337e-05
475 1.55509e-05
475 0
26 0
475 0
522 7.37132e-07
525 0
887 0
1045 0
1149 0
475 0
520 2.55981e-05
520 2.269e-05
525 0
855 0
1131 0
1149 0
475 0
525 0
850 0
1149 0
475 0
524 1.90518e-05
515 0
429 0
475 0
501 2.77565e-05
475 0
0 0
475 0
513 1.06709e-05
520 0
589 0
475 0
475 2.29639e-05
475 0
268 0
475 0
492 5.89704e-06
497 9.24078e-06
488 6.72977e-07
486 0
403 0
475 0
500 5.77808e-07
525 0
903 0
1021 0
1149 0
475 0
490 2.66424e-05
484 2.33674e-05
524 2.96514e-06
525 0
854 0
475 0
477 1.06003e-05
485 2.52371e-05
478 1.2164e-05
475 2.07804e-05
520 1.08928e-05
525 0
669 0
475 0
487 2.08042e-05
475 0
323 0
475 0
525 0
850 0
1149 0
475 0
499 2.37382e-05
488 1.00107e-05
492 0
558 0
475 0
521 2.33787e-05
511 1.13067e-05
505 0
448 0
475 0
493 4.53592e-06
496 2.21945e-05
491 7.1822e-06
500 0
674 0
475 0
480 8.41879e-06
491 6.99679e-06
502 6.35708e-06
525 0
687 0
475 0
480 2.9868e-06
519 0
872 0
475 0
492 1.1381e-06
495 6.8471e-06
500 2.48975e-05
487 0
378 0
475 0
475 1.31214e-07
525 0
856 0
1131 0
1149 0
475 0
498 1.65296e-05
493 0
445 0
475 0
501 3.04893e-06
525 0
845 0
475 0
500 1.82434e-05
499 1.6729e-05
475 0
239 0
475 0
484 0
484 0.000474843
485 0
485 0.001564
485 0.0283593
485 0.000761746
481 0
458 0
484 0
487 0
492 0
568 0
475 0
487 9.29052e-06
497 2.34239e-05
500 1.05885e-05
525 0
865 0
1103 0
1149 0
475 0
478 1.903e-05
475 1.43659e-05
475 0
428 0
475 0
497 2.55877e-05
490 2.06025e-06
488 9.80781e-06
496 0
581 0
475 0
475 2.23833e-05
475 0
290 0
475 0
478 1.79085e-05
475 2.47947e-05
487 1.75223e-05
475 0
0 0
