475 0
525 0
850 0
1149 0
475 0
489 0
475 0
0 0
489 0.0040781
475 0
489 0
479 0
387 0
489 0.00293741
475 0
498 0
490 0.000735822
490 0.000996375
496 0
509 0.000990233
510 0
513 0
536 0
510 0.00272215
496 0.00181448
498 0.00367533
475 0
477 0
475 0
448 0
477 0.00235358
475 0
476 0
475 0
186 0
476 0.00369722
475 0
499 0
502 0
511 0.000468252
516 0
944 0
978 0
1149 0
502 0.0010713
499 0.00173675
475 0
493 0
497 0
508 0
623 0
497 0.00297233
493 0.00173111
475 0
510 0
511 0
498 0
294 0
511 0.00211294
510 0.0020399
475 0
520 0.000934661
525 0
719 0
475 0
492 0
492 0
475 0
148 0
492 0.00284003
492 0.00201795
475 0
486 0.000118365
487 0
484 0
483 0.000374012
482 0
298 0
484 0.00159667
487 0.00357784
475 0
504 0.000449455
525 0
906 0
475 0
477 0
477 0
475 0
317 0
477 0.00139081
477 0.00298226
475 0
525 0
850 0
1149 0
475 0
511 0
484 0
241 0
511 0.0036237
475 0
523 0
523 0.000867034
525 0
742 0
523 0.00152728
475 0
505 0
479 0
242 0
505 0.00363315
475 0
491 0
476 0
339 0
491 0.00301334
475 0
489 0
506 0
666 0
489 0.00113745
475 0
491 0
484 0.000350966
475 0
278 0
491 0.00385726
475 0
493 0
475 0
129 0
493 0.00382705
475 0
476 0.000320879
520 0
873 0
916 0
475 0
481 0
482 0
490 0
484 0
480 0
476 0
373 0
480 0.00131605
484 0.00102018
490 0.00294461
482 0.00200505
481 0.00213438
475 0
478 0
475 0
414 0
478 0.00265586
475 0
483 0
475 0
83 0
483 0.00385502
475 0
489 0.00094552
508 0
675 0
475 0
489 0
475 0
218 0
489 0.00365359
475 0
484 0
478 0.000850999
480 0
672 0
484 0.00270623
475 0
507 0
516 0
601 0
507 0.00156939
475 0
496 0
505 0
585 0
496 0.00149502
475 0
496 0
503 0
571 0
496 0.00161375
475 0
508 0
507 0
506 0.000515679
509 0
564 0
507 0.00359604
508 0.0022461
475 0
485 0
484 0
475 0
92 0
484 0.0017802
485 0.00232444
475 0
525 0
850 0
1149 0
475 0
484 0
475 0
136 0
484 0.00361887
475 0
500 0
516 0
663 0
500 0.00124798
475 0
475 0
475 0
7 0
475 0.00386568
475 0
494 0.000422078
521 0
525 0
634 0
521 0.00107106
475 0
481 0
475 0
389 0
481 0.00287175
475 0
485 0
493 0
572 0
485 0.00152066
475 0
490 0.000888757
509 0
681 0
475 0
500 0
502 0.000542399
490 0
354 0
500 0.00170322
475 0
509 0
504 0
504 0
510 0
505 0
507 0
986 0
505 0.00138686
510 0.00155313
504 0.00116224
504 0.00125811
509 0.00348082
475 0
525 0
850 0
1149 0
475 0
518 0.000394603
523 0.000107724
525 0
779 0
475 0
485 0
488 0
513 0
485 0.0019653
475 0
494 0
498 0
503 0
477 0
56 0
503 0.00186676
498 0.00124048
494 0.00126673
475 0
509 0
511 0
500 0
410 0
511 0.0037415
509 0.00144771
475 0
490 0
475 0
476 0
475 0
287 0
476 0.00287704
475 0.00216968
490 0.0038911
475 0
478 0
475 0
371 0
478 0.00296985
475 0
523 0
522 0.000908801
521 0
525 0
693 0
521 0.00318121
523 0.00226972
475 0
505 6.02715e-05
525 0
871 0
1087 0
1149 0
475 0
525 0
850 0
1149 0
475 0
487 0.000166765
510 0
509 0
508 0
507 0
488 0
492 0.00040657
493 0
660 0
488 0.00159961
507 0.0024283
508 0.00160477
509 0.00251399
510 0.00405097
475 0
494 0
495 0
518 0
681 0
495 0.00323263
494 0.00187559
475 0
508 0
494 0
509 0
641 0
494 0.0025333
508 0.00405475
475 0
489 0
497 0
572 0
489 0.00166649
475 0
483 0
475 0
200 0
483 0.00368062
475 0
525 0
850 0
1149 0
475 0
490 0
480 0.000152749
477 0
475 0
396 0
477 0.00119776
490 0.00356739
475 0
525 0
850 0
1149 0
475 0
484 0.00056385
501 0.000395026
507 0
491 0
277 0
507 0.00315383
475 0
477 5.74809e-05
525 0
851 0
1145 0
1149 0
475 0
525 0
850 0
1149 0
475 0
502 0
484 0
321 0
502 0.00333833
475 0
519 0.000799306
525 0
774 0
475 0
482 0.000607831
495 0
491 0
499 0
555 0
491 0.00285839
495 0.00249744
475 0
482 0.000119752
495 0
506 0.000919235
525 0
851 0
1146 0
1149 0
495 0.00105913
475 0
477 0
475 0
322 0
477 0.00321642
475 0
498 0
502 0
539 0
498 0.00185681
475 0
495 0
492 0
471 0
495 0.00235359
475 0
485 0
475 0
257 0
485 0.00345522
475 0
525 0
850 0
1149 0
475 0
485 0
486 0
496 0
485 0.00207577
475 0
490 0
493 0
504 0
496 0
402 0
504 0.00243796
493 0.00264496
490 0.00180037
475 0
477 0
475 0
348 0
477 0.00310121
475 0
525 0
850 0
1149 0
475 0
490 0
480 0
475 0
0 0
480 0.00172662
490 0.00286736
475 0
498 0
495 0
525 0
856 0
495 0.00284362
498 0.00320526
475 0
507 0.000518663
525 0
883 0
475 0
478 0.000176127
493 0
493 0
493 4.26785e-06
491 0.000897813
491 0
491 0
485 0
491 0.00275295
493 0.00375726
493 0.00145818
475 0
487 0.000341977
518 0
510 0
525 0
760 0
510 0.00355509
518 0.00322326
475 0
479 0
475 0
225 0
479 0.00358163
475 0
511 0
503 0
522 0
523 0
497 0
169 0
523 0.00135333
522 0.00142827
503 0.00336561
511 0.00285107
475 0
482 0.000670065
506 0
727 0
475 0
478 0
479 0
518 0
1016 0
479 0.00181086
478 0.00184488
475 0
494 0
505 0
498 0
328 0
505 0.00185917
494 0.00121847
475 0
491 0
485 0
429 0
491 0.00259271
475 0
483 0.000994948
488 0
499 0
491 0
499 0.000884159
500 0
486 0
308 0
500 0.00286335
491 0.00343793
499 0.00275231
488 0.00101705
475 0
489 0
475 0
211 0
489 0.00359098
475 0
485 0
497 0
599 0
485 0.00134741
475 0
480 0
475 0
211 0
480 0.00363769
475 0
491 0.000648782
492 0.000556494
494 0
508 0
475 0
487 0
475 0
218 0
487 0.00339687
475 0
525 0
850 0
1149 0
475 0
479 0.000132474
481 0.000462286
482 0
483 0
513 0
504 0
517 0.000444424
519 0.00034878
522 0.000145905
525 0
671 0
504 0.00186543
513 0.00300739
483 0.00171578
482 0.00115603
475 0
498 0
504 0
562 0
498 0.00167704
475 0
478 0
477 0
493 0
512 0.000299402
521 0
525 0
637 0
521 0.00169034
493 0.00155865
477 0.00120327
478 0.00263553
475 0
525 0
850 0
1149 0
