475 2.39303e-23
475 0.224532
476 0.431713
476 0.152299
476 0.0912611
476 0.288245
478 1.07746
479 0.574367
481 1.08195
481 0.216555
482 0.428233
483 0.889633
484 0.365449
484 0.0440626
484 0.504875
486 0.709923
486 0.500026
487 0.186827
488 0.529802
488 0.465308
489 0.406697
491 1.04875
491 0.103864
492 0.818633
493 0.737759
495 1.55562
496 0.231676
497 0.923181
497 0.135253
498 0.200552
499 1.09302
500 0.422279
500 0.18984
501 0.717233
502 0.387142
502 0.254216
502 0.0462608
503 0.436719
504 0.558781
504 0.230361
504 0.0119395
505 0.806491
506 0.12784
506 0.247077
507 0.643107
507 0.0769393
507 0.170051
507 0.0207612
508 0.119028
510 1.45018
510 0.0966639
510 0.180129
511 0.279081
512 0.877466
512 0.261195
513 0.786407
513 0.00226613
514 0.107565
514 0.0891164
514 0.20671
516 0.9694
516 0.18318
516 0.0780069
518 1.49621
519 0.320767
520 1.18411
521 0.177468
521 0.254718
523 1.46728
523 0.0624908
524 0.254465
525 0.610784
850 1.78074e-23
929 0.00424979
1149 0.00955405
1149 1.79528e-27
929 0.00117502
524 0.0742653
523 0.0372911
523 0.0454748
521 0.0893832
521 0.045173
520 0.0384831
519 0.105558
519 0.0695918
518 0.034482
516 0.040073
516 0.0561503
516 0.0428306
514 0.0597148
514 0.0422047
514 0.0501804
514 0.485474
513 0.054438
512 0.0517674
511 0.0348776
510 0.0343975
510 0.0410537
508 0.0500029
508 0.511226
508 0.14444
507 0.124273
507 0.121267
506 0.0405182
506 0.0387002
506 0.146303
506 0.0519482
504 0.0407187
504 0.126341
504 0.0543572
503 0.0642123
502 0.0432783
502 0.0629607
502 0.0410544
501 0.0135248
501 0.204888
501 0.0401272
500 0.0560983
500 0.196122
499 0.0385358
497 0.0370403
497 0.0484773
496 0.0585253
493 0.0222458
493 0.0702993
493 0.0417884
492 0.0370252
491 0.0358791
489 0.0579083
488 0.136881
488 0.00230442
488 0.127162
487 0.0476876
486 0.067754
486 0.0190557
486 0.097241
484 0.0899058
484 0.0344628
483 0.081556
482 0.0396514
481 0.0685937
481 0.000561597
481 0.0526895
479 0.0469018
478 0.0353204
476 0.0522824
476 0.147661
476 0.0396296
476 0.190582
475 0.129996
481 0.001564
486 0.001564
488 0.000121
519 0.001564
519 0.00557882
488 0.000919794
486 0.0106476
481 0.00105179
475 2.39303e-23
475 0.234276
476 0.595247
476 0.198653
478 1.37472
479 0.527797
479 0.145222
480 0.443284
483 1.71823
483 0.152477
484 0.71418
485 0.377214
486 0.815378
488 0.956363
489 0.376632
489 0.227482
489 0.103987
491 1.06254
492 0.622791
493 0.62243
493 0.0783603
493 0.189476
494 0.425981
496 1.20579
496 0.265789
497 0.559586
497 0.0630315
498 0.701675
498 0.153806
499 0.300054
499 0.0509664
499 0.379422
500 0.327028
500 0.133377
500 0.223892
501 0.274832
502 0.563039
503 0.925772
504 0.260438
504 0.337059
504 0.205001
506 0.728418
506 0.227422
506 0.15341
506 0.137622
507 0.163758
507 0.179809
507 0.0760648
507 0.0768158
507 0.243769
509 0.662475
509 0.374678
509 0.213041
510 0.109153
510 0.531906
511 0.039009
511 0.436305
512 0.425687
513 0.538449
514 1.10865
517 1.72444
517 0.0125836
518 0.229546
518 0.661965
519 0.27495
522 1.72478
522 0.189367
522 0.0288178
523 0.361972
523 0.0407463
523 0.19405
524 0.587095
524 0.189152
525 0.209668
850 1.77401e-23
962 0.00453009
1149 0.00781475
1149 7.05968e-27
964 0.00206872
964 0.00122263
966 0.00146248
967 0.000806569
968 0.00149557
970 0.00155623
972 0.00158848
974 0.00200692
974 0.00215232
964 0.0010476
524 0.140995
523 0.0733827
523 0.0832731
523 0.0704703
522 0.311115
522 0.0330477
522 0.0705174
522 0.038141
519 0.0820757
517 0.0452124
517 0.0591697
514 0.0670012
513 0.00596691
513 0.0129918
511 0.0847881
510 0.0640746
510 0.0528683
509 0.0450953
507 0.0634573
507 0.117219
507 0.0375564
507 0.0406322
507 0.0877411
506 0.0532096
506 0.085948
506 0.0486025
506 0.142689
504 0.0574363
504 0.0922758
503 0.0897302
502 0.0346007
501 0.107073
500 0.0919248
500 0.0462956
500 0.182557
500 0.061401
500 0.0388376
499 0.195677
499 0.0362632
499 0.359443
498 0.0397293
497 0.0375519
497 0.0379819
496 0.0412126
496 0.035404
494 0.125242
493 0.0465318
493 0.0888719
492 0.0663384
491 0.0489275
489 0.0388866
489 0.0880457
488 0.0394112
486 0.0362645
485 0.196446
484 0.0460715
483 0.060454
483 0.0761669
480 0.0626048
480 0.174573
479 0.0852641
478 0.203408
476 0.0747514
512 0.001564
512 0.01439
475 2.39303e-23
475 0.523478
476 0.302467
476 0.0641088
476 0.376515
477 0.0719908
478 0.920052
479 0.774038
480 0.649443
481 0.0710521
481 0.343376
484 1.71512
484 0.275612
484 0.148771
485 0.644565
486 0.704142
487 0.599558
488 0.477786
488 0.237954
491 1.61778
491 0.0144589
491 0.0574862
493 1.18123
493 0.325098
493 0.0640693
496 1.52831
496 2.72992
496 0.619629
496 0.956182
496 0.728009
496 0.844653
496 0.188355
496 0.125553
496 0.0306676
496 0.299331
496 0.294382
496 0.324555
496 0.158457
496 0.273749
496 0.103461
496 0.694261
496 0.0799938
496 0.897461
496 0.151215
496 0.473675
496 0.8971
496 0.0651364
496 1.23814
496 0.345747
496 0.59295
496 0.0938175
496 0.425276
496 0.421227
496 0.139306
496 0.186064
496 1.01469
496 0.299476
496 0.421572
496 0.00360789
496 0.477021
496 0.455898
496 0.0785043
496 0.186638
496 0.0175576
496 0.191976
496 0.723003
496 0.120266
496 0.0618158
496 0.0390561
496 1.53356
496 0.129549
496 0.027651
496 0.202777
496 0.637738
496 0.108338
496 0.342472
496 0.485316
496 0.174502
496 0.532673
496 0.266914
496 0.17958
496 1.0624
496 0.141531
496 0.657865
496 1.85833
496 0.757642
496 0.495328
496 1.66956
496 0.0503713
496 0.518527
496 0.64258
496 0.931555
496 2.54995
496 0.792641
496 1.42043
496 0.000507262
496 1.39931
496 0.468005
496 0.0438285
496 0.783425
496 1.0868
496 0.426473
496 0.304526
496 1.95986
496 0.383524
496 0.552943
496 1.30736
496 0.680691
496 1.88761
496 0.669813
496 3.56236
496 0.92154
496 3.33024
497 2.92185
497 2.92671
497 2.6793
497 3.01601
497 3.56022
497 0.25507
496 0.0482178
496 0.0453366
496 0.0443743
496 0.0540338
496 0.0502655
496 0.034603
496 0.0441947
496 0.0372944
496 0.0655026
496 0.060213
496 0.0483928
496 0.0427638
496 0.0447279
496 0.0741663
496 0.0499997
496 0.0462737
496 0.065213
496 0.043341
496 0.0357609
496 0.0356746
496 0.0532674
496 0.0628797
496 0.0809751
496 0.0649102
496 0.052211
496 0.0387115
496 0.0809451
496 0.0356783
496 0.0408304
496 0.0543548
496 0.0677783
496 0.0465196
496 0.0910647
496 0.0533636
496 0.0388114
496 0.0835042
496 0.104437
496 0.0576561
496 0.05521
496 0.0538275
496 0.068433
496 0.0359582
496 0.0422889
496 0.0395658
496 0.0467344
496 0.0766797
496 0.0451955
496 0.0825231
496 0.0744309
496 0.0771491
496 0.0776796
496 0.0352738
496 0.0734628
496 0.131003
496 0.108598
496 0.0430172
496 0.0369575
496 0.0440622
496 0.0495619
496 0.0480945
496 0.0733824
496 0.048696
496 0.0560422
496 0.0458013
496 0.0374665
496 0.0397926
496 0.0680183
496 0.0661522
496 0.050914
496 0.0513809
496 0.0402723
496 0.041773
496 0.135745
493 0.0474371
493 0.141999
493 0.041012
491 0.238767
491 0.258488
491 0.0409292
491 0.0436623
491 0.0591491
488 0.0510495
488 0.0375081
484 0.0466157
484 0.148201
484 0.151741
484 0.0675308
484 0.0371588
481 0.0796088
480 0.142295
479 0.0348437
478 0.0351215
478 0.101593
478 0.0682252
476 0.290733
476 0.0381654
475 0.145978
521 0
749 0
525 0
881 0
525 0
869 0
1093 0
1149 0
496 0.573583
497 0.796073
497 0.196795
498 1.59417
499 2.02403
499 0.0702435
500 1.17678
501 1.33576
501 0.125029
501 0.0706756
502 0.905369
502 0.65716
503 0.945087
503 0.043368
503 0.235176
504 0.798057
504 0.231595
504 0.1965
505 0.623137
505 0.111169
505 0.0600491
505 0.218155
505 0.635932
506 0.918302
506 0.23627
506 0.604957
507 0.308275
507 0.57314
507 0.118801
507 0.392151
508 1.01124
508 0.856592
509 0.891242
509 0.544395
510 0.434992
510 0.1298
511 1.87046
511 0.289932
511 0.0736237
511 0.0266354
511 0.0290448
512 0.75399
512 1.25
513 1.76638
514 0.523053
514 0.323942
514 0.209534
515 1.32091
515 0.580541
515 0.169598
516 1.29668
516 0.0593505
516 0.00210721
516 0.287893
516 0.135127
517 0.501841
517 1.08266
517 0.566598
518 0.148728
518 0.860346
518 0.307487
519 1.25286
519 0.379386
519 0.0790451
519 0.381159
520 0.968711
520 1.11859
520 0.0186124
521 0.769712
521 0.099158
521 0.699641
521 0.0337447
522 1.07414
522 0.00175866
522 1.17897
523 0.661826
523 0.448017
523 0.121369
523 0.201815
753 3.77001e-23
496 0
496 0
499 0
495 0
493 0
523 0.0384017
523 0.117879
523 0.0458229
522 0.0527389
522 0.0509334
522 0.0430441
521 0.0577615
521 0.0523292
521 0.070333
520 0.038306
520 0.043287
520 0.0552194
519 0.0395833
519 0.0784097
519 0.1079
519 0.131764
518 0.0434372
518 0.0357024
518 0.102194
517 0.0942892
517 0.0456567
516 0.116073
516 0.0394003
516 0.05598
516 0.0457248
516 0.0575675
515 0.0346274
515 0.0342066
515 0.0352368
514 0.0683763
514 0.0591219
514 0.0755341
514 0.0564885
512 0.0402778
512 0.119399
511 0.069817
511 0.0746434
511 0.0372066
511 0.050037
510 0.0378301
510 0.0470136
509 0.0807761
509 0.0461213
508 0.0367291
508 0.0899983
507 0.0590955
507 0.040359
507 0.0525442
507 0.0794443
506 0.0509552
506 0.0430181
506 0.0389968
505 0.0652769
505 0.0705971
505 0.0603289
505 0.0399521
504 0.0464066
504 0.0493288
504 0.0620866
503 0.0506054
503 0.0923616
503 0.0710111
502 0.194051
502 0.0391699
501 0.0439286
501 0.0622996
501 0.0508389
500 0.0649364
499 0.0375677
499 0.0371348
497 0.0519588
497 0.0431421
496 0.055112
496 0.0442175
475 2.39303e-23
475 0.436453
477 1.02649
478 0.411719
479 0.703458
479 0.487123
480 0.264388
481 1.07048
482 0.165069
483 0.5617
483 0.483451
484 0.261736
484 0.223681
484 0.0629384
484 0.0699251
485 0.497667
487 1.10272
488 0.441337
488 0.411934
489 0.658614
491 1.09723
491 0.115161
492 0.178321
495 1.84526
495 0.0659955
495 0.401522
496 0.497158
497 0.556491
497 0.161695
497 0.137552
498 0.123829
498 0.340258
498 0.110006
499 0.267152
499 0.147006
500 0.480506
501 0.742414
502 0.764448
503 0.663949
503 0.157792
503 0.0965891
504 0.239487
504 0.141864
505 0.43435
505 0.571357
506 0.54401
507 0.12565
507 0.0211016
507 0.473973
508 0.320128
509 0.60317
510 0.624193
510 0.498662
511 0.311878
511 0.342429
512 0.609638
513 0.307561
513 0.507536
514 0.339127
515 0.469794
515 0.116666
515 0.249585
516 0.59098
517 0.431167
519 1.27088
520 0.708233
522 1.80342
525 1.42614
850 1.78485e-23
925 0.00268485
1001 0.00280778
1149 0.00528658
1149 3.95226e-28
1001 0.00142129
926 0.00242802
925 0.00226845
926 0.00213555
522 0.0888459
520 0.0360123
519 0.0563842
517 0.0379568
516 0.167057
515 0.0910987
515 0.0384247
515 0.480625
514 0.08642
513 0.0495726
513 0.0575135
512 0.0388547
511 0.0776717
511 0.14446
510 0.0556598
510 0.235388
509 0.0610529
508 0.0405837
507 0.0348254
507 0.105904
507 0.0655228
506 0.0580614
505 0.0935351
505 0.0350401
504 0.0811868
504 0.244906
503 0.132151
503 0.0381587
503 0.125928
502 0.101061
502 0.140143
502 0.0757491
502 0.0467928
502 0.0560652
500 0.0646192
499 0.131193
499 0.192251
499 0.0575125
498 0.201411
498 0.0237492
498 0.0521299
498 0.141585
497 0.0390158
497 0.0600758
497 0.05138
496 0.059051
495 0.0387992
495 0.0648043
492 0.0523932
491 0.060189
491 0.165889
491 0.0560785
491 0.0492337
491 0.181236
491 0.0428875
489 0.0402455
488 0.194482
485 0.143512
485 0.355302
484 0.0335161
484 0.0312319
484 0.306369
483 0.048473
483 0.109063
482 0.0701351
479 0.0513988
479 0.0368374
478 0.0913112
478 0.231732
478 0.0779826
477 0.0620486
475 0.00886149
475 0.0994273
475 0.0586988
484 0.001564
475 0
476 0
475 0
0 0
476 0.00337673
475 0.00430289
484 0.010095
475 2.39303e-23
475 0.12449
475 0.470457
475 0.053888
476 0.117456
476 0.0970747
477 0.977317
478 0.487121
479 0.35734
479 0.132869
480 0.709006
481 0.525148
482 0.623059
483 0.658095
484 0.556711
484 0.158987
484 0.215919
487 1.87987
489 0.81128
489 0.0709166
489 0.409222
491 1.23397
492 0.668451
493 0.350706
493 0.582434
494 0.483624
495 0.785251
496 0.538774
496 0.198638
497 0.29166
498 0.448936
498 0.000358028
498 0.380126
498 0.00813237
498 0.117824
499 0.154339
499 0.509887
499 0.0748649
500 0.14571
500 0.403748
500 0.199956
501 0.494156
502 0.358984
502 0.119111
504 1.16437
504 0.334328
505 0.220287
505 0.0330624
505 0.109723
507 1.50377
507 0.00292522
507 0.020076
507 0.138284
508 0.619654
508 0.0107208
508 0.00246387
509 0.0708635
509 0.151485
509 0.209228
509 0.188646
509 0.0592962
510 0.303711
512 1.3079
512 0.263343
513 0.526787
513 0.0017061
516 2.08575
519 1.65238
519 0.488115
519 0.153432
519 0.0298622
520 0.0293758
520 0.335037
520 0.286737
521 0.215265
522 0.575072
522 0.440676
522 0.0378519
523 0.12069
524 0.907497
524 0.0687811
524 0.00651508
525 0.259165
850 1.78334e-23
1030 0.0078614
1149 0.00492726
1149 2.66797e-26
1030 0.00109894
524 0.115053
524 0.0961084
524 0.0531385
523 0.0404075
522 0.0726923
522 0.047227
521 0.0729416
520 0.0432485
520 0.0392924
519 0.0355115
519 0.0672253
519 0.0404225
519 0.0667813
516 0.0413073
513 0.0365034
512 0.146534
512 0.049463
510 0.0488641
510 0.131016
509 0.0656909
509 0.339664
509 0.0474407
509 0.108348
508 0.10606
508 0.0441276
507 0.0172721
507 0.0444496
507 0.0439115
507 0.0466492
507 0.0642607
505 0.0407734
505 0.0395884
504 0.0726656
504 0.0411672
502 0.265399
501 0.0398061
500 0.0508397
500 0.0727286
500 0.0825403
499 0.0395242
499 0.146007
499 0.0409241
498 0.0931693
498 0.0433676
498 0.0824634
498 0.104492
498 0.0613124
497 0.286035
496 0.108404
496 0.0393211
495 0.0930797
494 0.0540388
493 0.0388562
493 0.111205
492 0.0553374
489 0.0368331
489 0.187895
487 0.0650296
484 0.105668
484 0.0558415
484 0.040872
483 0.0668655
482 0.0363061
481 0.0884844
480 0.0367712
479 0.0877028
479 0.0698837
479 0.0488663
479 0.175381
478 0.0535085
477 0.0352696
476 0.138636
476 0.221609
475 0.0925746
475 0.0526515
475 0.041715
475 2.39303e-23
475 0.0341956
475 0.257725
475 0.00428114
476 0.853258
477 0.265728
478 0.456568
479 1.02041
480 0.713746
481 0.519522
482 0.309732
482 0.193331
482 0.317462
484 1.19865
484 0.0449699
485 0.356847
485 0.0966644
487 1.48044
488 0.0974579
488 0.3
488 0.101216
489 0.471835
490 0.647727
490 0.0812975
491 0.651253
492 0.570597
492 0.0161453
492 0.0166567
493 0.346177
493 0.106574
495 1.19125
496 0.755864
497 0.979445
498 0.501179
499 0.763213
500 0.322554
500 0.0451264
501 0.820769
501 0.280959
501 0.0137907
503 0.760276
503 0.114809
504 0.965027
505 0.799673
506 0.183776
506 0.11518
507 0.410044
508 0.848967
509 0.576286
510 0.667112
511 0.449667
512 0.854554
512 0.0583143
512 0.133469
514 0.958495
516 1.33227
516 0.315277
518 1.09396
519 0.719343
520 0.607917
521 0.36399
521 0.139859
521 0.326176
522 0.232182
522 0.0187319
525 1.85763
850 1.77471e-23
1011 0.00619053
1149 0.00730844
1149 1.80662e-26
1012 0.00140253
1014 0.00192314
1016 0.00147323
1017 0.00193489
1019 0.00154691
1019 0.00144893
1014 0.00167312
522 0.0720291
521 0.0392796
521 0.0997642
521 0.0402137
520 0.0398278
518 0.0655068
516 0.0706166
516 0.0634723
514 0.070976
512 0.055515
512 0.0439179
511 0.0598858
510 0.0559381
509 0.0695817
508 0.0729031
507 0.210391
506 0.0586918
506 0.177047
505 0.0370716
504 0.097392
503 0.0490272
503 0.0361148
501 0.111061
501 0.0412787
501 0.0601773
500 0.0809506
500 0.0498416
499 0.0350413
498 0.0352179
497 0.04399
496 0.0410376
495 0.280259
493 0.168066
493 0.0758433
492 0.043547
492 0.0438225
491 0.131998
490 0.0410127
490 0.165105
489 0.284647
488 0.0721481
488 0.0570417
488 0.390507
488 0.158587
485 0.0547077
485 0.0381957
484 0.0546842
482 0.0662872
482 0.0428331
482 0.118413
479 0.0402072
477 0.089189
476 0.0360197
475 0.145273
475 0.037923
475 0.00738545
475 0.0126633
475 0.00875382
475 0.0771357
475 0.0455894
475 2.39303e-23
476 0.644477
476 0.548036
477 0.0976178
477 0.294292
477 0.0987779
478 0.470564
479 0.552659
479 0.0284086
479 0.00440269
480 0.994158
481 0.246163
481 0.355835
481 0.0554697
481 0.0645085
484 1.74012
486 0.910391
486 0.367531
487 0.281256
487 0.158528
488 0.78411
490 1.10135
490 0.392718
491 0.409509
491 0.13418
492 0.271725
492 0.26235
493 0.502622
494 0.419473
494 0.234604
495 0.302531
495 0.0288439
495 0.434453
496 0.635429
496 0.0378477
497 0.221287
499 1.32958
500 0.409292
500 0.0310679
500 0.531445
502 1.08116
503 0.338901
503 0.093367
505 1.50667
505 0.128447
505 0.00858703
506 0.335761
506 0.143104
507 0.883083
507 0.142802
508 0.175465
509 1.155
510 0.130908
510 0.172543
510 0.0558387
511 0.469404
511 0.420974
511 0.16946
513 0.680762
514 1.20273
515 0.279608
516 0.478755
516 0.567434
517 0.175154
517 0.314194
518 0.527831
518 0.0155953
518 0.18775
519 0.312412
521 1.4646
521 0.192638
522 0.16278
522 0.280986
523 0.430214
523 0.195561
523 0.0163208
523 0.30768
523 0.0544259
524 0.20483
525 0.509633
850 1.78595e-23
964 0.00433103
1149 0.00770371
1149 4.14959e-29
965 0.00179555
968 0.00275789
971 0.00315963
972 0.00136307
974 0.00155314
974 0.000339353
976 0.0016065
977 0.00168763
977 0.00137028
974 0.00203141
965 0.00141498
524 0.113894
524 0.134991
523 0.0674726
523 0.0729802
523 0.0367962
523 0.0383847
522 0.0441514
522 0.0585844
521 0.0620903
521 0.0323302
519 0.0124546
519 0.15464
519 0.192034
519 0.0345547
519 0.0395442
518 0.0453509
518 0.0565112
517 0.025012
518 0.407753
518 0.110139
517 0.0962114
517 0.0729173
516 0.0485345
516 0.0424195
515 0.0481022
514 0.103271
513 0.052688
511 0.0608494
511 0.257939
511 0.210091
510 0.0841758
510 0.0368974
510 0.047574
509 0.0566297
508 0.0978038
508 0.0879457
507 0.157128
506 0.0551039
506 0.0622277
506 0.524144
506 0.0623416
505 0.138834
505 0.0526113
503 0.0520415
503 0.081191
502 0.0410132
500 0.0372473
500 0.247534
499 0.0506851
497 0.0343531
497 0.0833908
496 0.0429191
495 0.0412321
495 0.323673
495 0.0424552
494 0.0348444
493 0.0371413
492 0.148425
491 0.0419083
491 0.0431514
490 0.0762973
490 0.0350003
488 0.0692217
487 0.040795
487 0.0521299
486 0.166939
486 0.0988832
484 0.234076
481 0.0601069
481 0.256894
480 0.0798692
479 0.0348186
479 0.0842922
479 0.0385779
478 0.0634082
477 0.171405
477 0.169671
476 0.0704513
476 0.0353661
518 0.000121
518 0.001417
475 2.39303e-23
475 0.41851
475 0.14248
476 0.42919
476 0.0370327
477 0.606067
478 0.755717
479 0.303855
479 0.128199
480 0.889949
481 0.129584
482 0.782681
482 0.402993
483 0.0783834
483 0.144603
485 1.62046
486 0.634154
487 0.343288
488 0.934759
489 0.113255
489 0.00459785
491 1.27593
492 1.16787
492 0.182396
493 0.507906
494 0.277262
494 0.259847
495 0.256426
498 2.06542
498 0.0192509
498 0.480182
499 0.0684801
499 0.513603
500 0.268755
500 0.0129835
501 0.571642
501 0.291826
502 0.556589
502 0.437132
503 0.537971
504 0.140633
505 1.0518
506 0.445026
506 0.35349
508 1.10109
508 0.140574
510 1.14268
511 0.433771
512 1.01174
512 0.00328458
513 0.221789
513 0.364987
514 0.182047
514 0.297529
515 0.397111
515 0.148851
515 0.0845664
516 0.342265
516 0.0472798
516 0.311847
517 0.538703
517 0.105287
518 0.592478
519 0.871669
520 0.375155
520 0.18228
521 0.81377
522 0.212506
522 0.291666
523 0.332152
524 0.864521
524 0.176096
525 0.35134
850 1.78052e-23
886 0.00159995
1028 0.00630908
1149 0.00567654
1149 4.52916e-27
1029 0.00139777
1029 0.00200194
1030 0.00192302
524 0.0491006
524 0.0655879
523 0.0370827
522 0.0757822
521 0.0515932
520 0.0456908
520 0.0777262
520 0.0950853
520 0.0466039
519 0.182361
518 0.0819485
517 0.0469428
517 0.0342944
516 0.0637194
515 0.228756
515 0.0232404
515 0.209228
515 0.0406153
515 0.088615
514 0.0959611
513 0.0366837
513 0.0594197
512 0.0392543
512 0.0392762
511 0.0529974
510 0.124259
510 0.0998239
510 0.0851033
508 0.0369501
508 0.0428904
506 0.0432192
506 0.0372621
505 0.035494
504 0.475176
503 0.0367209
502 0.0181779
502 0.06604
502 0.0465508
502 0.119654
501 0.0327552
501 0.0500036
501 0.0513586
500 0.0439576
500 0.0425409
499 0.0364512
499 0.109793
498 0.0730693
498 0.116939
498 0.0644171
495 0.0574163
494 0.165912
494 0.0683798
493 0.0558675
492 0.0398318
491 0.149168
491 0.118505
491 0.0578152
489 0.0801633
489 0.0652699
488 0.0480262
487 0.0710966
486 0.0558154
485 0.0482734
483 0.0405413
483 0.0355779
482 0.036671
482 0.396312
481 0.0372853
480 0.0538719
479 0.0810556
479 0.0422774
477 0.0373961
476 0.0467432
476 0.0797726
475 0.0715755
475 0.0668896
475 2.39303e-23
475 0.342308
475 0.0107969
476 0.422315
476 0.24688
478 1.43798
479 0.715392
481 0.81922
482 0.456872
482 0.118724
483 0.915832
483 0.119551
484 0.132612
484 0.154242
486 1.09561
486 0.604292
487 0.110627
487 0.00218878
488 0.702501
488 0.135686
488 0.142534
488 0.00145307
488 0.0105908
489 0.602786
491 1.47548
493 0.961833
493 0.00201582
495 1.23026
497 1.04248
497 0.33777
498 0.516723
498 0.0870602
500 0.789711
500 0.241153
500 0.288941
501 0.840746
504 1.3445
505 0.824092
505 0.232519
506 0.772264
507 0.607213
508 0.53214
509 0.690211
511 0.743305
511 0.153872
512 0.872641
513 0.25541
513 0.330289
515 0.991496
515 0.358734
516 0.439897
516 0.494086
517 0.537049
518 0.144427
518 0.279145
521 1.92495
521 0.324194
522 0.257128
522 0.363604
524 1.3079
525 0.187974
850 1.77371e-23
1149 0.0130817
1149 3.65552e-31
524 0.0718128
522 0.0351876
522 0.0895758
521 0.0994151
521 0.0372553
518 0.0417214
518 0.0435853
517 0.102345
517 0.247993
515 0.112689
515 0.0373841
513 0.10478
513 0.0843455
512 0.0741837
511 0.0708789
511 0.0492002
509 0.0654675
508 0.052741
507 0.131612
506 0.0455514
505 0.0747322
504 0.450957
501 0.061094
500 0.0385508
500 0.112438
500 0.0445797
497 0.0449564
495 0.11642
493 0.101145
493 0.0515413
491 0.0746522
488 0.0556866
488 0.0410927
488 0.0389786
488 0.0377085
488 0.0399978
488 0.119851
487 0.0792272
487 0.0786104
486 0.0443545
486 0.0479921
484 0.117969
484 0.0705161
484 0.202874
483 0.0385842
482 0.0432607
482 0.0921958
481 0.0516928
479 0.0777248
478 0.129113
476 0.0073047
476 0.219367
476 0.0548935
476 0.00954453
476 0.0139056
476 0.0848575
476 0.0469409
475 0.0410888
475 0.157011
476 0.001564
488 0.000121
488 0.00122687
476 0.00519113
475 2.39303e-23
475 0.294647
475 0.0420625
476 0.712973
477 0.586465
479 0.93792
479 0.172275
479 0.134955
480 0.145333
480 0.00522167
480 0.447259
481 0.272836
482 0.536678
483 0.817237
485 1.50425
486 0.39133
486 0.130281
487 0.216035
487 0.249325
488 0.420439
488 0.287869
488 0.0717399
488 0.104516
489 0.315678
490 0.430923
490 0.496861
491 0.226935
491 0.139337
492 0.430128
492 0.537356
493 0.57344
496 1.56027
496 0.0936398
497 0.616344
497 0.0435342
499 1.19313
500 0.831122
500 0.0635634
502 0.733668
502 0.491281
502 0.0898778
503 0.571647
503 0.0797917
504 0.729664
505 0.476893
505 0.013565
505 0.050465
505 0.227292
506 0.206162
506 0.0471455
506 0.388763
507 0.475656
508 0.741067
509 0.136591
510 0.801708
510 0.26567
510 0.126883
511 0.512884
513 1.22225
514 0.761639
514 0.0169471
515 0.917067
517 0.82729
517 0.0284245
517 0.363909
520 1.54903
520 0.0157252
520 0.386612
521 0.216986
521 0.311565
521 0.271333
522 0.177271
522 0.0737035
522 0.434009
523 0.487919
524 0.299027
524 0.00564488
524 0.102803
525 0.45374
850 1.78237e-23
860 0.000417617
952 0.00426113
1011 0.00220891
1149 0.00572839
1149 2.00263e-29
1011 0.00136581
952 0.00164881
953 0.000548942
954 0.0019867
954 0.000688318
953 0.00123685
860 0.0016363
859 0.00132141
859 0.00224521
860 0.00160721
861 0.00119958
861 0.00123507
861 0.00176471
861 0.00213912
524 0.0569875
524 0.0525411
523 0.06003
523 0.0612552
522 0.0858824
521 0.210467
521 0.158938
521 0.0474841
520 0.0387158
520 0.0783111
520 0.340848
517 0.0440586
517 0.133302
517 0.0519323
516 0.147098
514 0.0985807
514 0.0800522
513 0.209794
511 0.0781083
510 0.0397954
510 0.0451511
510 0.04015
509 0.154452
509 0.134793
509 0.0923786
509 0.0461859
508 0.0552886
507 0.0654154
506 0.0437121
506 0.0618751
505 0.123737
505 0.0506602
505 0.0745889
504 0.03635
503 0.0504055
503 0.0562995
502 0.0375174
502 0.0597326
500 0.0351967
500 0.0403798
499 0.143373
497 0.125186
496 0.0354101
496 0.0733946
493 0.0314687
493 0.242183
493 0.166325
492 0.0654894
492 0.0495973
491 0.0348436
491 0.0663109
490 0.0720067
489 0.060737
488 0.0410627
488 0.434569
488 0.0666717
487 0.0363653
487 0.0591308
486 0.043782
486 0.0512983
486 0.0561189
486 0.376781
486 0.0425337
486 0.0417152
483 0.0863351
482 0.0504602
481 0.0881721
480 0.0598035
480 0.0702647
480 0.0495373
479 0.0379928
479 0.0436381
479 0.138803
477 0.136647
477 0.0687144
476 0.0398766
475 0.0392915
475 0.0414088
