3 3 2
0 0 1
0 0 1
0 0 0
0 0 2
0 0 1
0 0 1
0 0 2
2 1 4
0 0 0
3 2 4
0 0 1
0 0 1
0 0 1
0 0 0
0 0 1
0 1 2
0 0 2
2 0 7
0 0 1
0 0 0
6 6 4
4 0 4
0 0 0
0 0 1
0 0 0
0 0 0
0 0 0
0 0 1
0 0 1
0 0 3
2 1 2
0 0 0
0 0 0
0 0 1
0 0 0
0 0 0
3 3 6
0 0 0
0 0 0
0 0 0
0 0 2
0 0 0
0 0 0
0 0 0
0 0 0
0 0 0
3 3 10
3 2 2
0 0 0
0 0 1
0 0 0
0 0 1
0 0 0
0 0 0
0 0 1
0 0 0
0 0 0
0 0 2
0 0 1
0 0 0
0 0 1
5 3 8
0 0 1
0 0 0
0 0 0
0 0 3
0 0 0
0 0 1
0 0 0
4 0 6
0 0 0
0 0 0
0 0 0
2 2 5
0 0 1
0 0 1
0 0 0
0 0 1
0 0 0
0 0 1
0 0 1
0 0 0
4 3 2
4 5 6
0 0 1
0 0 2
0 0 0
0 0 0
0 0 1
0 0 0
0 0 1
0 0 1
0 0 2
0 0 1
0 0 1
0 0 0
0 0 0
0 0 0
0 0 0
