475 0
484 1.01925e-05
513 0
767 0
475 0
489 4.05006e-05
487 1.81122e-05
491 4.07848e-05
503 1.40916e-05
525 0
851 0
1145 0
1149 0
475 0
492 3.11355e-05
496 0
530 0
475 0
525 0
850 0
1149 0
475 0
475 5.66931e-06
507 3.48869e-05
502 0
368 0
475 0
498 2.14025e-05
506 5.83413e-05
495 1.35887e-05
494 3.13497e-05
498 0
594 0
475 0
489 1.90154e-05
503 0
631 0
475 0
479 9.68933e-06
507 0
753 0
475 0
518 5.86571e-05
512 1.32288e-05
492 1.22406e-06
475 0
7 0
475 0
477 3.22234e-05
478 1.52906e-05
483 9.74502e-06
488 2.97653e-05
490 0
626 0
