475 0
516 1.17286e-05
505 9.70514e-08
495 0
339 0
475 0
475 1.56113e-06
479 1.14675e-06
494 1.34775e-06
514 1.04725e-05
509 8.62652e-06
507 7.18393e-06
518 0
809 0
475 0
485 1.11677e-05
475 0
253 0
475 0
476 1.17172e-05
475 0
196 0
475 0
525 0
850 0
1149 0
475 0
505 9.61541e-06
502 4.91366e-06
514 1.09377e-05
510 6.54141e-06
525 0
629 0
475 0
517 3.869e-06
525 0
652 0
475 0
476 4.5578e-06
482 3.97931e-06
477 0
365 0
475 0
511 3.97512e-07
514 9.53826e-06
503 0
401 0
475 0
481 2.90023e-06
490 7.80341e-06
481 9.13945e-06
483 5.23626e-06
498 0
1090 0
