# Energy z_(mm) Energy_Dep Net_Charge
2e+08 0 6.54722e-25 -1.0016
2e+08 1 0 0
2e+08 2 0 0
2e+08 3 0 0
2e+08 4 0 0
2e+08 5 0 0
2e+08 6 0 0
2e+08 7 0 0
2e+08 8 0 0
2e+08 9 0 0
2e+08 10 0 0
2e+08 11 0 0
2e+08 12 0 0
2e+08 13 0 0
2e+08 14 0 0
2e+08 15 0 0
2e+08 16 0 0
2e+08 17 0 0
2e+08 18 0 0
2e+08 19 0 0
2e+08 20 0 0
2e+08 21 0 0
2e+08 22 0 0
2e+08 23 0 0
2e+08 24 0 0
2e+08 25 0 0
2e+08 26 5.72305e-27 0.0001
2e+08 27 0 0
2e+08 28 0 0
2e+08 29 0 0
2e+08 30 0 0
2e+08 31 0 0
2e+08 32 0 0
2e+08 33 0 0
2e+08 34 0 0
2e+08 35 0 0
2e+08 36 0 0
2e+08 37 0 0
2e+08 38 0 0
2e+08 39 0 0
2e+08 40 0 0
2e+08 41 0 0
2e+08 42 0 0
2e+08 43 0 0
2e+08 44 0 0
2e+08 45 0 0
2e+08 46 0 0
2e+08 47 0 0
2e+08 48 0 0
2e+08 49 0 0
2e+08 50 0 0
2e+08 51 0 0
2e+08 52 8.85707e-27 -0.0001
2e+08 53 0 0
2e+08 54 0 0
2e+08 55 0 0
2e+08 56 0 0
2e+08 57 0 0
2e+08 58 0 0
2e+08 59 0 0
2e+08 60 0 0
2e+08 61 1.30615e-26 -0.0001
2e+08 62 0 0
2e+08 63 2.1346e-27 -0.0001
2e+08 64 0 0
2e+08 65 0 0
2e+08 66 0 0
2e+08 67 0 0
2e+08 68 0 0
2e+08 69 0 0
2e+08 70 0 0
2e+08 71 0 0
2e+08 72 0 0
2e+08 73 0 0
2e+08 74 0 0
2e+08 75 0 0
2e+08 76 0 0
2e+08 77 0 0
2e+08 78 0 0
2e+08 79 0 0
2e+08 80 0 0
2e+08 81 0 0
2e+08 82 0 0
2e+08 83 0 0
2e+08 84 0 0
2e+08 85 0 0
2e+08 86 0 0
2e+08 87 0 0
2e+08 88 0 0
2e+08 89 0 0
2e+08 90 0 0
2e+08 91 0 0
2e+08 92 0 0
2e+08 93 0 0
2e+08 94 0 0
2e+08 95 0 0
2e+08 96 0 0
2e+08 97 0 0
2e+08 98 0 0
2e+08 99 0 0
2e+08 100 0 0
2e+08 101 0 0
2e+08 102 0 0
2e+08 103 0 0
2e+08 104 0 0
2e+08 105 0 0
2e+08 106 0 0
2e+08 107 0 0
2e+08 108 0 0
2e+08 109 0 0
2e+08 110 0 0
2e+08 111 0 0
2e+08 112 0 0
2e+08 113 0 0
2e+08 114 0 0
2e+08 115 0 0
2e+08 116 0 0
2e+08 117 0 0
2e+08 118 0 0
2e+08 119 0 0
2e+08 120 0 0
2e+08 121 0 0
2e+08 122 2.03736e-27 -0.0001
2e+08 123 0 0
2e+08 124 0 0
2e+08 125 0 0
2e+08 126 6.22361e-27 -0.0001
2e+08 127 0 0
2e+08 128 1.01391e-26 -0.0001
2e+08 129 5.58739e-27 -0.0001
2e+08 130 2.08679e-25 -0.0001
2e+08 131 0 0
2e+08 132 0 0
2e+08 133 0 0
2e+08 134 0 0
2e+08 135 0 0
2e+08 136 0 0
2e+08 137 0 0
2e+08 138 0 0
2e+08 139 0 0
2e+08 140 0 0
2e+08 141 0 0
2e+08 142 0 0
2e+08 143 0 0
2e+08 144 0 0
2e+08 145 0 0
2e+08 146 0 0
2e+08 147 0 0
2e+08 148 0 0
2e+08 149 0 0
2e+08 150 0 0
2e+08 151 0 0
2e+08 152 0 0
2e+08 153 0 0
2e+08 154 0 0
2e+08 155 0 0
2e+08 156 5.56695e-27 -0.0001
2e+08 157 0 0
2e+08 158 0 0
2e+08 159 0 0
2e+08 160 0 0
2e+08 161 1.19967e-27 -0.0001
2e+08 162 0 0
2e+08 163 2.21076e-27 -0.0001
2e+08 164 0 0
2e+08 165 0 0
2e+08 166 0 0
2e+08 167 0 0
2e+08 168 0 0
2e+08 169 0 0
2e+08 170 0 0
2e+08 171 0 0
2e+08 172 0 0
2e+08 173 0 0
2e+08 174 0 0
2e+08 175 1.20665e-27 -0.0001
2e+08 176 0 0
2e+08 177 1.28668e-27 0.0001
2e+08 178 0 0
2e+08 179 0 0
2e+08 180 0 0
2e+08 181 4.14019e-27 -0.0001
2e+08 182 0 0
2e+08 183 0 0
2e+08 184 0 0
2e+08 185 0 0
2e+08 186 0 0
2e+08 187 0 0
2e+08 188 0 0
2e+08 189 0 0
2e+08 190 0 0
2e+08 191 0 0
2e+08 192 0 0
2e+08 193 7.44718e-27 -0.0001
2e+08 194 0 0
2e+08 195 0 0
2e+08 196 0 0
2e+08 197 0 0
2e+08 198 0 0
2e+08 199 2.51968e-27 -0.0001
2e+08 200 0 0
2e+08 201 0 0
2e+08 202 0 0
2e+08 203 0 0
2e+08 204 0 0
2e+08 205 0 0
2e+08 206 0 0
2e+08 207 0 0
2e+08 208 2.57791e-27 -0.0001
2e+08 209 0 0
2e+08 210 0 0
2e+08 211 0 0
2e+08 212 0 0
2e+08 213 0 0
2e+08 214 0 0
2e+08 215 0 0
2e+08 216 5.57292e-27 -0.0001
2e+08 217 0 0
2e+08 218 0 0
2e+08 219 0 0
2e+08 220 0 0
2e+08 221 0 0
2e+08 222 0 0
2e+08 223 0 0
2e+08 224 0 0
2e+08 225 2.7762e-27 -0.0001
2e+08 226 1.08417e-26 0.0001
2e+08 227 0 0
2e+08 228 0 0
2e+08 229 0 0
2e+08 230 1.16592e-27 -0.0001
2e+08 231 0 0
2e+08 232 0 0
2e+08 233 0 0
2e+08 234 0 0
2e+08 235 0 0
2e+08 236 0 0
2e+08 237 0 0
2e+08 238 0 0
2e+08 239 0 0
2e+08 240 2.30993e-27 -0.0001
2e+08 241 0 0
2e+08 242 1.71906e-27 -0.0001
2e+08 243 0 0
2e+08 244 0 0
2e+08 245 9.05436e-28 -0.0001
2e+08 246 0 0
2e+08 247 0 0
2e+08 248 0 0
2e+08 249 0 0
2e+08 250 0 0
2e+08 251 0 0
2e+08 252 0 0
2e+08 253 0 0
2e+08 254 0 0
2e+08 255 0 0
2e+08 256 0 0
2e+08 257 0 0
2e+08 258 0 0
2e+08 259 5.67566e-27 -0.0002
2e+08 260 0 0
2e+08 261 0 0
2e+08 262 0 0
2e+08 263 0 0
2e+08 264 0 0
2e+08 265 0 0
2e+08 266 0 0
2e+08 267 0 0
2e+08 268 0 0
2e+08 269 0 0
2e+08 270 0 0
2e+08 271 0 0
2e+08 272 0 0
2e+08 273 3.62001e-27 -0.0001
2e+08 274 4.48694e-27 -0.0002
2e+08 275 0 0
2e+08 276 0 0
2e+08 277 0 0
2e+08 278 0 0
2e+08 279 0 0
2e+08 280 0 0
2e+08 281 0 0
2e+08 282 0 0
2e+08 283 0 0
2e+08 284 0 0
2e+08 285 0 0
2e+08 286 0 0
2e+08 287 0 0
2e+08 288 0 0
2e+08 289 0 0
2e+08 290 9.55983e-27 0.0001
2e+08 291 0 0
2e+08 292 9.30092e-28 -0.0001
2e+08 293 0 0
2e+08 294 2.42947e-27 -0.0001
2e+08 295 0 0
2e+08 296 0 0
2e+08 297 0 0
2e+08 298 0 0
2e+08 299 0 0
2e+08 300 0 0
2e+08 301 0 0
2e+08 302 7.14692e-27 -0.0001
2e+08 303 0 0
2e+08 304 0 0
2e+08 305 0 0
2e+08 306 0 0
2e+08 307 0 0
2e+08 308 0 0
2e+08 309 0 0
2e+08 310 0 0
2e+08 311 0 0
2e+08 312 0 0
2e+08 313 0 0
2e+08 314 0 0
2e+08 315 0 0
2e+08 316 0 0
2e+08 317 0 0
2e+08 318 0 0
2e+08 319 0 0
2e+08 320 0 0
2e+08 321 0 0
2e+08 322 0 0
2e+08 323 0 0
2e+08 324 0 0
2e+08 325 0 0
2e+08 326 0 0
2e+08 327 0 0
2e+08 328 0 0
2e+08 329 0 0
2e+08 330 0 0
2e+08 331 0 0
2e+08 332 0 0
2e+08 333 2.57183e-27 -0.0001
2e+08 334 1.7137e-27 -0.0001
2e+08 335 0 0
2e+08 336 0 0
2e+08 337 6.76559e-27 -0.0002
2e+08 338 0 0
2e+08 339 0 0
2e+08 340 0 0
2e+08 341 0 0
2e+08 342 0 0
2e+08 343 0 0
2e+08 344 1.16351e-26 0.0001
2e+08 345 0 0
2e+08 346 0 0
2e+08 347 2.81811e-27 -0.0002
2e+08 348 1.51986e-27 -0.0001
2e+08 349 0 0
2e+08 350 0 0
2e+08 351 0 0
2e+08 352 0 0
2e+08 353 0 0
2e+08 354 0 0
2e+08 355 0 0
2e+08 356 0 0
2e+08 357 0 0
2e+08 358 0 0
2e+08 359 0 0
2e+08 360 0 0
2e+08 361 0 0
2e+08 362 0 0
2e+08 363 0 0
2e+08 364 9.34887e-27 0.0001
2e+08 365 0 0
2e+08 366 0 0
2e+08 367 0 0
2e+08 368 0 0
2e+08 369 0 0
2e+08 370 0 0
2e+08 371 0 0
2e+08 372 0 0
2e+08 373 0 0
2e+08 374 0 0
2e+08 375 0 0
2e+08 376 7.05065e-28 -0.0001
2e+08 377 3.78288e-27 0.0001
2e+08 378 0 0
2e+08 379 0 0
2e+08 380 0 0
2e+08 381 0 0
2e+08 382 0 0
2e+08 383 0 0
2e+08 384 0 0
2e+08 385 0 0
2e+08 386 0 0
2e+08 387 0 0
2e+08 388 0 0
2e+08 389 0 0
2e+08 390 0 0
2e+08 391 0 0
2e+08 392 0 0
2e+08 393 0 0
2e+08 394 0 0
2e+08 395 0 0
2e+08 396 0 0
2e+08 397 0 0
2e+08 398 0 0
2e+08 399 0 0
2e+08 400 0 0
2e+08 401 7.1894e-27 -0.0001
2e+08 402 0 0
2e+08 403 0 0
2e+08 404 1.02556e-26 0.0001
2e+08 405 8.90425e-28 -0.0001
2e+08 406 0 0
2e+08 407 0 0
2e+08 408 0 0
2e+08 409 1.10749e-25 -0.0001
2e+08 410 2.23427e-27 -0.0001
2e+08 411 0 0
2e+08 412 0 0
2e+08 413 0 0
2e+08 414 0 0
2e+08 415 0 0
2e+08 416 0 0
2e+08 417 0 0
2e+08 418 0 0
2e+08 419 0 0
2e+08 420 0 0
2e+08 421 0 0
2e+08 422 0 0
2e+08 423 0 0
2e+08 424 0 0
2e+08 425 0 0
2e+08 426 0 0
2e+08 427 0 0
2e+08 428 0 0
2e+08 429 0 0
2e+08 430 4.10424e-27 0.0001
2e+08 431 0 0
2e+08 432 0 0
2e+08 433 0 0
2e+08 434 0 0
2e+08 435 0 0
2e+08 436 0 0
2e+08 437 0 0
2e+08 438 0 0
2e+08 439 0 0
2e+08 440 0 0
2e+08 441 0 0
2e+08 442 0 0
2e+08 443 0 0
2e+08 444 0 0
2e+08 445 0 0
2e+08 446 0 0
2e+08 447 0 0
2e+08 448 0 0
2e+08 449 0 0
2e+08 450 1.18456e-27 -0.0001
2e+08 451 2.04234e-27 -0.0001
2e+08 452 0 0
2e+08 453 0 0
2e+08 454 0 0
2e+08 455 0 0
2e+08 456 0 0
2e+08 457 3.10791e-27 0.0001
2e+08 458 0 0
2e+08 459 0 0
2e+08 460 0 0
2e+08 461 0 0
2e+08 462 0 0
2e+08 463 4.47512e-27 -0.0001
2e+08 464 2.83549e-27 -0.0001
2e+08 465 0 0
2e+08 466 0 0
2e+08 467 0 0
2e+08 468 0 0
2e+08 469 0 0
2e+08 470 0 0
2e+08 471 0 0
2e+08 472 0 0
2e+08 473 0 0
2e+08 474 8.23486e-28 -0.0001
2e+08 475 0.603541 0.0342
2e+08 476 0.949512 -0.0007
2e+08 477 1.00776 0.0027
2e+08 478 1.01017 -0.006
2e+08 479 1.04467 0.0021
2e+08 480 1.03415 -0.0006
2e+08 481 1.02766 0.0031
2e+08 482 1.06736 0.0012
2e+08 483 1.05978 -0.0024
2e+08 484 1.05953 0.003
2e+08 485 1.08796 -0.0006
2e+08 486 1.09359 0.0017
2e+08 487 1.08069 0.0006
2e+08 488 1.08231 0.0038
2e+08 489 1.099 0.0024
2e+08 490 1.11858 -0.0021
2e+08 491 1.09321 -0.0006
2e+08 492 1.10994 0.0049
2e+08 493 1.1267 -0.0001
2e+08 494 1.11286 -0.0016
2e+08 495 1.11643 0.0036
2e+08 496 1.13324 0.001
2e+08 497 1.14534 -0.0014
2e+08 498 1.15209 0.0042
2e+08 499 1.14277 -0.0056
2e+08 500 1.14073 0.0087
2e+08 501 1.13293 -0.0015
2e+08 502 1.14095 0.0004
2e+08 503 1.14164 0.0019
2e+08 504 1.15658 0.0014
2e+08 505 1.12455 0.0005
2e+08 506 1.16387 0.0032
2e+08 507 1.1605 -0.0011
2e+08 508 1.17023 0.0049
2e+08 509 1.1604 -0.0013
2e+08 510 1.17847 0.0044
2e+08 511 1.19433 0.0001
2e+08 512 1.19666 -0.0002
2e+08 513 1.19087 0.0028
2e+08 514 1.18935 0.0009
2e+08 515 1.19496 -0.0009
2e+08 516 1.21686 0.006
2e+08 517 1.19776 0.0038
2e+08 518 1.19338 -0.0013
2e+08 519 1.19098 0.0025
2e+08 520 1.17685 -0.0007
2e+08 521 1.21059 0.0008
2e+08 522 1.22394 0.0042
2e+08 523 1.21777 0.0015
2e+08 524 1.20136 0.0101
2e+08 525 0.423216 0
2e+08 526 1.38204e-27 -0.0001
2e+08 527 1.79609e-27 -0.0001
2e+08 528 0 0
2e+08 529 0 0
2e+08 530 0 0
2e+08 531 0 0
2e+08 532 5.43516e-27 0.0001
2e+08 533 4.44612e-27 -0.0001
2e+08 534 0 0
2e+08 535 0 0
2e+08 536 0 0
2e+08 537 1.62698e-26 0.0001
2e+08 538 0 0
2e+08 539 0 0
2e+08 540 0 0
2e+08 541 2.10672e-27 -0.0001
2e+08 542 0 0
2e+08 543 0 0
2e+08 544 0 0
2e+08 545 8.11642e-28 -0.0001
2e+08 546 2.50723e-27 -0.0001
2e+08 547 1.33267e-27 -0.0002
2e+08 548 0 0
2e+08 549 0 0
2e+08 550 2.70762e-27 -0.0001
2e+08 551 0 0
2e+08 552 0 0
2e+08 553 1.68515e-27 -0.0001
2e+08 554 0 0
2e+08 555 1.16398e-26 0
2e+08 556 3.21875e-27 -0.0002
2e+08 557 0 0
2e+08 558 0 0
2e+08 559 5.37608e-26 -0.0001
2e+08 560 0 0
2e+08 561 8.28244e-28 -0.0001
2e+08 562 4.24717e-27 -0.0001
2e+08 563 0 0
2e+08 564 0 0
2e+08 565 0 0
2e+08 566 1.06943e-26 0
2e+08 567 3.0473e-26 -0.0002
2e+08 568 0 0
2e+08 569 0 0
2e+08 570 9.39146e-27 0.0001
2e+08 571 0 0
2e+08 572 0 0
2e+08 573 0 0
2e+08 574 0 0
2e+08 575 0 0
2e+08 576 0 0
2e+08 577 1.85196e-27 -0.0001
2e+08 578 0 0
2e+08 579 1.61764e-26 0.0001
2e+08 580 1.18439e-27 -0.0001
2e+08 581 2.97819e-26 0.0002
2e+08 582 4.35977e-27 0.0001
2e+08 583 0 0
2e+08 584 1.40961e-27 -0.0001
2e+08 585 0 0
2e+08 586 0 0
2e+08 587 0 0
2e+08 588 0 0
2e+08 589 0 0
2e+08 590 1.44001e-27 -0.0001
2e+08 591 0 0
2e+08 592 0 0
2e+08 593 0 0
2e+08 594 0 0
2e+08 595 6.45858e-27 0
2e+08 596 0 0
2e+08 597 0 0
2e+08 598 0 0
2e+08 599 0 0
2e+08 600 4.12329e-27 0.0001
2e+08 601 0 0
2e+08 602 0 0
2e+08 603 0 0
2e+08 604 0 0
2e+08 605 0 0
2e+08 606 0 0
2e+08 607 1.19757e-27 -0.0001
2e+08 608 0 0
2e+08 609 0 0
2e+08 610 0 0
2e+08 611 3.55226e-27 0.0001
2e+08 612 0 0
2e+08 613 0 0
2e+08 614 5.0074e-27 0.0001
2e+08 615 7.81231e-27 0.0001
2e+08 616 8.75395e-27 0.0001
2e+08 617 0 0
2e+08 618 2.64366e-27 -0.0001
2e+08 619 2.03867e-27 -0.0001
2e+08 620 3.9908e-27 -0.0001
2e+08 621 1.2834e-26 -0.0004
2e+08 622 1.582e-27 -0.0001
2e+08 623 2.4611e-27 -0.0001
2e+08 624 1.34832e-27 -0.0001
2e+08 625 5.08394e-27 -0.0001
2e+08 626 1.74513e-27 -0.0001
2e+08 627 1.12368e-26 0.0002
2e+08 628 4.96626e-27 -0.0002
2e+08 629 0 0
2e+08 630 0 0
2e+08 631 3.64407e-26 -0.0001
2e+08 632 3.92054e-27 -0.0001
2e+08 633 5.89044e-27 -0.0002
2e+08 634 0 0
2e+08 635 1.6974e-27 -0.0001
2e+08 636 0 0
2e+08 637 0 0
2e+08 638 0 0
2e+08 639 1.14373e-27 -0.0001
2e+08 640 7.54119e-28 -0.0001
2e+08 641 0 0
2e+08 642 0 0
2e+08 643 2.00055e-27 -0.0001
2e+08 644 0 0
2e+08 645 0 0
2e+08 646 0 0
2e+08 647 5.10651e-27 0.0001
2e+08 648 0 0
2e+08 649 6.4388e-27 0
2e+08 650 1.2174e-26 0.0001
2e+08 651 2.98011e-27 -0.0002
2e+08 652 5.04047e-26 -0.0001
2e+08 653 9.43826e-27 0
2e+08 654 0 0
2e+08 655 8.29613e-27 0
2e+08 656 0 0
2e+08 657 7.20426e-27 -0.0001
2e+08 658 7.34398e-27 -0.0002
2e+08 659 5.8914e-27 -0.0001
2e+08 660 2.13601e-27 -0.0001
2e+08 661 3.0254e-26 0.0001
2e+08 662 5.1685e-27 -0.0002
2e+08 663 1.14479e-26 0
2e+08 664 5.15147e-27 0.0001
2e+08 665 4.45035e-27 -0.0001
2e+08 666 2.07848e-27 -0.0001
2e+08 667 5.36719e-27 0
2e+08 668 1.6912e-26 0
2e+08 669 8.1403e-26 0.0001
2e+08 670 0 0
2e+08 671 6.98585e-27 0
2e+08 672 0 0
2e+08 673 0 0
2e+08 674 6.81848e-27 0.0001
2e+08 675 3.34959e-27 -0.0001
2e+08 676 1.16925e-26 0.0002
2e+08 677 2.8463e-27 -0.0001
2e+08 678 1.328e-26 0.0001
2e+08 679 0 0
2e+08 680 4.27223e-27 -0.0002
2e+08 681 1.79402e-26 0
2e+08 682 0 0
2e+08 683 7.94432e-27 -0.0002
2e+08 684 6.67417e-27 0
2e+08 685 6.70866e-27 -0.0002
2e+08 686 1.40151e-27 -0.0001
2e+08 687 4.73908e-27 -0.0002
2e+08 688 3.59445e-27 -0.0002
2e+08 689 0 0
2e+08 690 1.94682e-26 0
2e+08 691 0 0
2e+08 692 2.51969e-26 -0.0002
2e+08 693 6.99651e-27 -0.0001
2e+08 694 1.04173e-26 0
2e+08 695 3.33898e-26 -0.0001
2e+08 696 6.94605e-27 0.0001
2e+08 697 9.51334e-27 -0.0002
2e+08 698 9.42596e-27 0
2e+08 699 0 0
2e+08 700 5.85976e-27 -0.0003
2e+08 701 6.66722e-27 -0.0002
2e+08 702 1.39366e-26 -0.0002
2e+08 703 4.81632e-27 -0.0001
2e+08 704 4.64403e-27 0
2e+08 705 7.19827e-27 -0.0001
2e+08 706 1.53032e-26 0
2e+08 707 0 0
2e+08 708 1.21251e-26 0.0001
2e+08 709 0 0
2e+08 710 1.36962e-27 -0.0001
2e+08 711 6.09458e-27 0
2e+08 712 1.04586e-26 -0.0001
2e+08 713 5.327e-27 0
2e+08 714 1.14213e-26 -0.0003
2e+08 715 2.11732e-27 -0.0001
2e+08 716 1.44037e-26 -0.0001
2e+08 717 0 0
2e+08 718 1.27607e-26 -0.0004
2e+08 719 1.07668e-26 -0.0001
2e+08 720 1.67486e-26 0.0003
2e+08 721 9.25361e-27 0.0001
2e+08 722 1.09474e-26 0.0002
2e+08 723 7.59516e-27 0.0001
2e+08 724 6.68326e-27 0.0001
2e+08 725 5.18379e-27 0
2e+08 726 3.47745e-27 -0.0001
2e+08 727 0 0
2e+08 728 4.44106e-27 0
2e+08 729 1.5094e-27 -0.0001
2e+08 730 1.00154e-26 0.0001
2e+08 731 1.65946e-26 0.0001
2e+08 732 2.12975e-27 -0.0001
2e+08 733 0 0
2e+08 734 1.47021e-27 -0.0001
2e+08 735 6.1494e-27 0.0001
2e+08 736 9.01475e-27 0
2e+08 737 2.44447e-27 -0.0001
2e+08 738 0 0
2e+08 739 3.32647e-26 0.0001
2e+08 740 2.46607e-26 0.0001
2e+08 741 1.64764e-26 -0.0002
2e+08 742 2.02502e-27 -0.0001
2e+08 743 3.63142e-26 0
2e+08 744 1.54251e-26 -0.0001
2e+08 745 1.32244e-26 0.0001
2e+08 746 4.66585e-27 0.0001
2e+08 747 2.31909e-27 -0.0001
2e+08 748 3.70291e-27 -0.0001
2e+08 749 2.65546e-26 0.0001
2e+08 750 0 0
2e+08 751 1.20858e-26 0
2e+08 752 6.62535e-27 0
2e+08 753 0 0
2e+08 754 3.05703e-26 -0.0003
2e+08 755 0 0
2e+08 756 0 0
2e+08 757 7.3368e-27 0
2e+08 758 1.78646e-26 -0.0001
2e+08 759 1.99358e-26 0
2e+08 760 1.26202e-26 0
2e+08 761 1.75994e-26 -0.0004
2e+08 762 1.0733e-25 0
2e+08 763 0 0
2e+08 764 1.61237e-26 0
2e+08 765 0 0
2e+08 766 8.695e-27 0.0002
2e+08 767 0 0
2e+08 768 1.55114e-26 0
2e+08 769 4.22819e-27 -0.0001
2e+08 770 1.40348e-26 0.0002
2e+08 771 9.40473e-27 -0.0002
2e+08 772 6.42137e-27 0.0002
2e+08 773 1.37498e-26 0.0002
2e+08 774 1.4738e-26 0.0002
2e+08 775 3.17968e-26 0.0002
2e+08 776 2.12255e-26 0.0002
2e+08 777 2.19709e-27 -0.0001
2e+08 778 3.11165e-27 -0.0001
2e+08 779 1.41359e-26 0
2e+08 780 4.17722e-26 -0.0001
2e+08 781 2.58449e-27 -0.0001
2e+08 782 1.12471e-26 -0.0003
2e+08 783 9.45113e-27 -0.0001
2e+08 784 1.28257e-26 0.0002
2e+08 785 0 0
2e+08 786 1.29526e-26 -0.0001
2e+08 787 3.80237e-27 0.0001
2e+08 788 9.04982e-27 0.0001
2e+08 789 1.19409e-26 0.0001
2e+08 790 1.50817e-26 0
2e+08 791 4.38489e-27 0.0001
2e+08 792 1.75539e-27 -0.0001
2e+08 793 0 0
2e+08 794 5.81137e-27 0.0001
2e+08 795 0 0
2e+08 796 4.86612e-27 -0.0002
2e+08 797 7.15e-27 0
2e+08 798 1.27849e-26 0.0002
2e+08 799 6.80696e-27 0
2e+08 800 2.92658e-26 0.0001
2e+08 801 0 0
2e+08 802 1.90491e-27 -0.0001
2e+08 803 1.516e-25 -0.0001
2e+08 804 1.33411e-26 -0.0001
2e+08 805 1.43771e-26 0
2e+08 806 4.63433e-27 0.0001
2e+08 807 1.73005e-26 0.0002
2e+08 808 6.88922e-27 0
2e+08 809 4.4815e-27 -0.0001
2e+08 810 3.86151e-27 0.0001
2e+08 811 1.27696e-26 0
2e+08 812 6.28972e-27 0.0001
2e+08 813 7.97961e-27 0
2e+08 814 1.62733e-26 0.0001
2e+08 815 6.8898e-27 -0.0001
2e+08 816 6.16653e-27 0.0001
2e+08 817 0 0
2e+08 818 4.24626e-27 0.0001
2e+08 819 2.17701e-27 -0.0001
2e+08 820 9.16188e-27 0.0001
2e+08 821 6.9389e-27 0.0001
2e+08 822 2.34467e-26 -0.0001
2e+08 823 0 0
2e+08 824 2.13193e-26 0.0002
2e+08 825 3.22505e-26 -0.0002
2e+08 826 2.39093e-26 0.0001
2e+08 827 0 0
2e+08 828 3.35194e-27 -0.0001
2e+08 829 4.26056e-27 -0.0002
2e+08 830 3.33154e-27 0.0001
2e+08 831 5.86958e-27 0.0001
2e+08 832 1.02595e-26 -0.0004
2e+08 833 2.49486e-26 0
2e+08 834 4.53604e-26 0.0002
2e+08 835 4.12983e-27 0.0001
2e+08 836 7.36156e-27 0
2e+08 837 3.38729e-27 0.0001
2e+08 838 8.11354e-27 0.0001
2e+08 839 1.46031e-26 -0.0001
2e+08 840 2.81601e-26 0.0001
2e+08 841 6.3569e-26 -0.0002
2e+08 842 6.60021e-26 0.0002
2e+08 843 5.05888e-27 0.0001
2e+08 844 3.35681e-27 -0.0001
2e+08 845 8.96895e-27 0
2e+08 846 2.32266e-26 0.0001
2e+08 847 1.33171e-26 0
2e+08 848 0 0
2e+08 849 3.74162e-27 0.0001
2e+08 850 1.09732e-05 0.0009
2e+08 851 1.47935e-05 0.001
2e+08 852 1.42052e-05 0.0022
2e+08 853 1.96944e-05 0.001
2e+08 854 2.10774e-05 -0.0011
2e+08 855 1.51685e-05 0.0017
2e+08 856 1.50236e-05 -0.0005
2e+08 857 1.3478e-05 -0.0001
2e+08 858 9.85148e-06 -0.0004
2e+08 859 1.28568e-05 0.0002
2e+08 860 1.18472e-05 0.0001
2e+08 861 1.93818e-05 0.0008
2e+08 862 1.66374e-05 -0.0002
2e+08 863 1.95516e-05 0.0005
2e+08 864 2.07392e-05 -0.0005
2e+08 865 1.98184e-05 0.001
2e+08 866 2.16256e-05 0.0004
2e+08 867 1.69604e-05 -0.0006
2e+08 868 1.74827e-05 0.0009
2e+08 869 2.53099e-05 -0.0007
2e+08 870 2.04343e-05 0.0004
2e+08 871 1.74004e-05 0.0011
2e+08 872 2.26014e-05 -0.0001
2e+08 873 2.90547e-05 0.0001
2e+08 874 2.60205e-05 -0.0002
2e+08 875 2.58451e-05 0.0005
2e+08 876 2.56267e-05 0.0009
2e+08 877 2.18571e-05 0.0003
2e+08 878 2.36387e-05 -0.0005
2e+08 879 2.42998e-05 -0.0004
2e+08 880 2.14458e-05 0.0005
2e+08 881 2.05196e-05 -0.0004
2e+08 882 3.10437e-05 -0.0004
2e+08 883 2.56972e-05 0.0005
2e+08 884 2.94623e-05 0.001
2e+08 885 2.29015e-05 -0.0006
2e+08 886 2.09449e-05 0
2e+08 887 2.76003e-05 0.0006
2e+08 888 2.98896e-05 0
2e+08 889 2.61288e-05 0
2e+08 890 3.56441e-05 0
2e+08 891 3.14305e-05 -0.0005
2e+08 892 2.67392e-05 0.0009
2e+08 893 2.88564e-05 -0.0003
2e+08 894 2.98006e-05 -0.0004
2e+08 895 2.90912e-05 0
2e+08 896 3.13536e-05 0.0001
2e+08 897 2.82444e-05 0.0016
2e+08 898 2.37594e-05 0.0001
2e+08 899 3.62981e-05 0.0006
2e+08 900 3.40916e-05 -0.0004
2e+08 901 2.95119e-05 -0.0003
2e+08 902 4.11422e-05 0.0009
2e+08 903 3.66475e-05 -0.0006
2e+08 904 3.50666e-05 0
2e+08 905 3.35936e-05 0.0004
2e+08 906 2.98014e-05 -0.0002
2e+08 907 3.40915e-05 0
2e+08 908 3.08026e-05 0.0006
2e+08 909 3.45958e-05 0.0003
2e+08 910 3.75248e-05 0.0002
2e+08 911 4.22073e-05 0.0003
2e+08 912 4.20785e-05 0.0003
2e+08 913 4.27835e-05 -0.0005
2e+08 914 3.56144e-05 0
2e+08 915 3.72583e-05 0.0001
2e+08 916 3.62289e-05 0.0004
2e+08 917 3.2653e-05 -0.0003
2e+08 918 4.10971e-05 0.0002
2e+08 919 3.43205e-05 -0.0004
2e+08 920 3.62023e-05 -0.0003
2e+08 921 2.95054e-05 0.0001
2e+08 922 3.21006e-05 -0.0008
2e+08 923 3.5378e-05 0
2e+08 924 3.61243e-05 -0.0003
2e+08 925 3.63464e-05 0.0001
2e+08 926 3.94752e-05 0.0013
2e+08 927 3.84523e-05 -0.0004
2e+08 928 3.81269e-05 0.0006
2e+08 929 4.40963e-05 0.0004
2e+08 930 3.87414e-05 0.0001
2e+08 931 3.32252e-05 0.0005
2e+08 932 4.33598e-05 -0.0002
2e+08 933 3.54045e-05 -0.0002
2e+08 934 3.19618e-05 0.0005
2e+08 935 4.0648e-05 0.0004
2e+08 936 3.97298e-05 -0.0001
2e+08 937 3.87527e-05 0.0009
2e+08 938 4.31e-05 -0.0004
2e+08 939 3.75769e-05 0.0002
2e+08 940 4.70105e-05 0.0008
2e+08 941 3.84276e-05 0.0003
2e+08 942 4.07987e-05 0.0003
2e+08 943 4.33123e-05 -0.0004
2e+08 944 6.83617e-05 0.001
2e+08 945 4.96186e-05 0.0002
2e+08 946 5.18413e-05 -0.0004
2e+08 947 4.355e-05 -0.0002
2e+08 948 4.72597e-05 -0.0002
2e+08 949 5.28592e-05 0
2e+08 950 5.36729e-05 0.0008
2e+08 951 4.61292e-05 -0.0003
2e+08 952 4.86171e-05 -0.0002
2e+08 953 5.16997e-05 0.0009
2e+08 954 5.04509e-05 0.0002
2e+08 955 5.27413e-05 0.0005
2e+08 956 4.42294e-05 0.0002
2e+08 957 5.98035e-05 0.0005
2e+08 958 4.07599e-05 0.0009
2e+08 959 4.20035e-05 -0.0003
2e+08 960 5.11643e-05 0.0012
2e+08 961 4.64972e-05 0
2e+08 962 4.55083e-05 -0.0001
2e+08 963 5.23021e-05 0.0011
2e+08 964 5.41209e-05 -0.0008
2e+08 965 4.52876e-05 0.0003
2e+08 966 4.7566e-05 0
2e+08 967 4.54488e-05 0.001
2e+08 968 4.07726e-05 -0.0005
2e+08 969 4.96683e-05 0.0014
2e+08 970 4.94994e-05 0.0001
2e+08 971 4.58786e-05 -0.0007
2e+08 972 5.00581e-05 0.0001
2e+08 973 5.19279e-05 0.0001
2e+08 974 5.64969e-05 0.0001
2e+08 975 5.64338e-05 0.0008
2e+08 976 5.11995e-05 -0.0005
2e+08 977 5.12478e-05 0.0008
2e+08 978 6.56299e-05 -0.0004
2e+08 979 5.65753e-05 -0.0003
2e+08 980 5.1038e-05 0.0002
2e+08 981 5.19507e-05 0
2e+08 982 4.95414e-05 0.0009
2e+08 983 5.82576e-05 0.0001
2e+08 984 5.29163e-05 0.0002
2e+08 985 5.78468e-05 -0.0006
2e+08 986 5.42476e-05 -0.0004
2e+08 987 4.71257e-05 0.0004
2e+08 988 4.75822e-05 0.0004
2e+08 989 5.59415e-05 0.0003
2e+08 990 5.44215e-05 -0.0001
2e+08 991 5.43238e-05 -0.0006
2e+08 992 5.57225e-05 0.0008
2e+08 993 5.58314e-05 -0.0006
2e+08 994 5.09184e-05 0.0006
2e+08 995 5.59767e-05 0.0003
2e+08 996 5.55208e-05 -0.0003
2e+08 997 6.034e-05 -0.0004
2e+08 998 5.282e-05 0.0001
2e+08 999 5.15266e-05 0.0001
2e+08 1000 5.38063e-05 0.0007
2e+08 1001 5.53299e-05 -0.0001
2e+08 1002 4.33149e-05 0.0008
2e+08 1003 4.89973e-05 -0.0004
2e+08 1004 6.40548e-05 0.0009
2e+08 1005 6.2945e-05 -0.0002
2e+08 1006 5.19404e-05 -0.0004
2e+08 1007 5.30314e-05 0.0009
2e+08 1008 5.06578e-05 -0.0005
2e+08 1009 5.34901e-05 0.0006
2e+08 1010 6.77303e-05 -0.0003
2e+08 1011 6.3813e-05 -0.0002
2e+08 1012 4.86761e-05 -0.0004
2e+08 1013 6.5116e-05 0.0006
2e+08 1014 4.97071e-05 0.0005
2e+08 1015 5.36097e-05 -0.0002
2e+08 1016 5.45599e-05 0.0004
2e+08 1017 5.65669e-05 0.0002
2e+08 1018 4.50875e-05 -0.0001
2e+08 1019 4.52388e-05 -0.0005
2e+08 1020 6.0483e-05 -0.0006
2e+08 1021 4.64653e-05 0
2e+08 1022 4.52723e-05 0.0004
2e+08 1023 5.08455e-05 -0.0004
2e+08 1024 5.15924e-05 -0.0003
2e+08 1025 5.26661e-05 0.0002
2e+08 1026 7.0971e-05 0.0008
2e+08 1027 6.54264e-05 0.0005
2e+08 1028 4.58017e-05 -0.0003
2e+08 1029 5.89903e-05 0.0007
2e+08 1030 4.57532e-05 -0.0001
2e+08 1031 5.14914e-05 0.0007
2e+08 1032 4.32038e-05 -0.0013
2e+08 1033 6.01015e-05 0.0005
2e+08 1034 5.40876e-05 0.0011
2e+08 1035 5.32685e-05 -0.0007
2e+08 1036 5.14903e-05 -0.0005
2e+08 1037 5.44011e-05 0.0003
2e+08 1038 5.21273e-05 0.001
2e+08 1039 5.59825e-05 -0.0004
2e+08 1040 5.27613e-05 0.0001
2e+08 1041 6.87134e-05 -0.0001
2e+08 1042 5.55623e-05 0
2e+08 1043 5.80097e-05 0.0001
2e+08 1044 6.10682e-05 -0.0002
2e+08 1045 8.78974e-05 0.0003
2e+08 1046 6.06522e-05 -0.0001
2e+08 1047 4.86352e-05 -0.0002
2e+08 1048 5.93136e-05 -0.0001
2e+08 1049 6.07492e-05 -0.0001
2e+08 1050 6.27815e-05 0.0003
2e+08 1051 6.1521e-05 -0.0005
2e+08 1052 5.4574e-05 -0.0006
2e+08 1053 6.4922e-05 0.0012
2e+08 1054 6.36077e-05 0.0004
2e+08 1055 6.56757e-05 0.0005
2e+08 1056 5.99083e-05 -0.0007
2e+08 1057 6.32647e-05 0.0008
2e+08 1058 5.68576e-05 -0.0012
2e+08 1059 6.40465e-05 0.0001
2e+08 1060 5.39009e-05 -0.0005
2e+08 1061 4.38732e-05 0.0008
2e+08 1062 6.3967e-05 0.0005
2e+08 1063 7.60916e-05 0
2e+08 1064 4.25801e-05 -0.0008
2e+08 1065 6.26557e-05 0.0008
2e+08 1066 6.11124e-05 0.0002
2e+08 1067 5.1631e-05 0
2e+08 1068 5.36013e-05 0.0003
2e+08 1069 6.20331e-05 0.0002
2e+08 1070 6.61114e-05 -0.0009
2e+08 1071 5.46674e-05 0.0003
2e+08 1072 5.91457e-05 0.0008
2e+08 1073 6.28349e-05 -0.0008
2e+08 1074 5.04741e-05 0.0002
2e+08 1075 4.72613e-05 0.0003
2e+08 1076 6.98273e-05 0.0005
2e+08 1077 5.85322e-05 -0.0009
2e+08 1078 6.49974e-05 0.0005
2e+08 1079 7.08971e-05 0.0005
2e+08 1080 6.15684e-05 0.0002
2e+08 1081 6.25508e-05 -0.0005
2e+08 1082 6.7685e-05 -0.0002
2e+08 1083 6.6069e-05 0.0005
2e+08 1084 7.15867e-05 -0.0005
2e+08 1085 6.42304e-05 0.0004
2e+08 1086 6.05247e-05 0.001
2e+08 1087 7.22892e-05 0.0007
2e+08 1088 4.7992e-05 0.0004
2e+08 1089 6.56917e-05 0.0003
2e+08 1090 5.21621e-05 0
2e+08 1091 6.39503e-05 0.0001
2e+08 1092 5.02864e-05 0
2e+08 1093 5.36636e-05 0.0004
2e+08 1094 8.14443e-05 0.0003
2e+08 1095 5.47782e-05 -0.0006
2e+08 1096 6.57537e-05 0.0009
2e+08 1097 6.87778e-05 0.0004
2e+08 1098 5.33969e-05 0.0002
2e+08 1099 6.60143e-05 -0.0001
2e+08 1100 7.41824e-05 0.0001
2e+08 1101 6.50791e-05 0.0006
2e+08 1102 7.07925e-05 0.0007
2e+08 1103 5.96192e-05 -0.0001
2e+08 1104 6.03361e-05 -0.0003
2e+08 1105 7.52944e-05 0.0003
2e+08 1106 5.9167e-05 -0.0003
2e+08 1107 5.55418e-05 -0.0004
2e+08 1108 7.76847e-05 -0.0002
2e+08 1109 7.41199e-05 0.0002
2e+08 1110 7.02855e-05 -0.0007
2e+08 1111 6.34098e-05 -0.0007
2e+08 1112 7.04284e-05 0.0009
2e+08 1113 6.79061e-05 -0.0003
2e+08 1114 6.62555e-05 0.0005
2e+08 1115 4.81519e-05 -0.0009
2e+08 1116 5.59754e-05 0
2e+08 1117 7.18053e-05 0.0005
2e+08 1118 7.56531e-05 0.0002
2e+08 1119 5.85171e-05 0.0001
2e+08 1120 6.56338e-05 -0.0004
2e+08 1121 8.08656e-05 0.0012
2e+08 1122 5.42374e-05 0.0008
2e+08 1123 6.48426e-05 -0.0006
2e+08 1124 7.47019e-05 0.0012
2e+08 1125 7.03562e-05 -0.0006
2e+08 1126 7.74522e-05 -0.0001
2e+08 1127 7.96999e-05 -0.0002
2e+08 1128 7.00093e-05 0.0002
2e+08 1129 5.46905e-05 0.0008
2e+08 1130 8.38169e-05 0.0005
2e+08 1131 8.30094e-05 -0.0004
2e+08 1132 7.97866e-05 0.0005
2e+08 1133 8.42246e-05 -0.0007
2e+08 1134 8.35013e-05 0.0006
2e+08 1135 8.81039e-05 0.0004
2e+08 1136 7.68847e-05 0.0006
2e+08 1137 6.8515e-05 -0.0006
2e+08 1138 7.76088e-05 0.0003
2e+08 1139 8.1962e-05 0.0003
2e+08 1140 0.000114375 -0.0002
2e+08 1141 0.000112518 0.0002
2e+08 1142 0.000149096 0.0013
2e+08 1143 0.000177389 -0.0005
2e+08 1144 0.000203902 0.0005
2e+08 1145 0.000309239 0
2e+08 1146 0.000479866 0.0005
2e+08 1147 0.000663493 0.0007
2e+08 1148 0.00123442 -0.0006
2e+08 1149 0.00432139 0.8725
