475 1.93786e-21
475 8.96071e-11
475 1.69269e-11
475 3.28137e-06
0 2.15108e-21
475 1.93786e-21
475 5.81372e-27
475 7.43709e-13
475 4.12897e-19
475 4.21705e-43
475 3.00953e-05
475 4.90158e-10
475 4.80234e-08
0 1.85025e-21
475 1.93786e-21
475 1.06631e-29
475 2.90619e-45
475 9.73345e-06
475 0
475 9.16534e-07
475 4.47991e-05
475 5.00669e-07
475 1.40692e-17
475 1.0551e-60
475 2.42456e-51
475 2.38592e-12
475 1.33117e-45
475 2.21812e-36
475 6.82874e-06
475 5.03668e-36
475 1.52817e-05
475 8.03238e-51
475 2.89535e-93
475 5.71777e-12
475 1.47236e-17
475 8.8577e-08
475 1.52016e-11
475 6.74096e-12
475 1.07611e-48
475 4.07536e-12
475 1.53958e-32
475 1.05358e-28
475 1.47403e-23
475 3.61924e-21
475 3.02267e-06
475 0.000218829
475 1.93786e-21
475 1.45467e-24
475 1.45476e-36
475 8.85614e-14
475 1.62181e-30
475 0.000106509
475 2.70811e-21
475 4.49177e-05
475 3.55189e-05
475 7.98337e-05
475 1.16102e-05
475 3.97448e-06
475 2.33092e-06
475 7.45486e-07
475 5.90317e-07
475 2.74258e-06
475 7.94099e-06
475 3.28552e-06
475 1.93786e-21
475 1.93127e-18
475 1.65964e-20
475 6.2335e-17
475 0.0003
475 1.93786e-21
475 3.9008e-62
475 6.60377e-15
475 0.000107137
475 8.73952e-68
475 7.59343e-14
475 1.12722e-11
475 1.91659e-201
475 2.19945e-73
475 4.50487e-74
475 3.97263e-66
475 1.69836e-26
475 1.72223e-86
475 1.43063e-10
475 4.09332e-86
475 2.97067e-08
23 1.68921e-21
475 1.93786e-21
475 9.23249e-40
475 9.9448e-16
475 1.96155e-26
475 3.85485e-10
475 1.00348e-33
475 1.74711e-19
475 1.94327e-05
475 3.12222e-96
475 3.19914e-76
475 3.25985e-24
475 2.63961e-17
475 8.23331e-05
475 2.26355e-08
475 3.13582e-14
475 8.65358e-39
475 3.10361e-16
475 1.10265e-224
475 9.85796e-30
475 9.66308e-05
475 3.30372e-05
475 1.05585e-05
475 6.80937e-06
475 2.65432e-05
475 1.37973e-05
475 7.38395e-07
475 7.06529e-06
475 3.03135e-06
475 1.93786e-21
475 2.23949e-22
475 3.67106e-16
475 1.27949e-89
475 1.26164e-08
475 1.08273e-08
475 2.20881e-18
475 5.76077e-28
475 2.54327e-06
248 1.5492e-21
475 1.93786e-21
475 5.99184e-14
475 3.33481e-09
475 2.60468e-49
475 2.545e-31
475 1.09589e-25
475 2.33376e-42
475 2.47466e-17
475 4.03556e-13
475 2.17065e-10
475 2.30497e-11
475 8.88648e-10
475 1.18982e-27
475 4.95458e-17
475 2.26634e-48
475 1.15107e-16
475 2.34508e-65
475 4.92778e-11
475 1.43875e-07
475 6.51183e-14
475 6.76599e-07
0 1.966e-21
475 1.93786e-21
475 8.5749e-08
475 3.97063e-69
475 1.99379e-75
475 3.20041e-11
475 4.60413e-33
475 6.64555e-14
475 3.45971e-09
475 2.68597e-34
475 3.77025e-06
328 1.3194e-21
