0 -1
1149 1
1138 1
1138 -1
1084 1
1086 -1
1085 1
1085 -1
1073 1
1073 -1
941 1
941 -1
524 1
524 -1
524 1
524 -1
523 1
523 -1
523 1
523 -1
523 1
523 -1
522 1
522 -1
522 1
522 -1
520 1
520 -1
520 1
520 -1
518 1
518 -1
518 1
518 -1
518 1
518 -1
517 1
517 -1
517 1
517 -1
517 1
517 -1
516 1
516 -1
516 1
516 -1
514 1
514 -1
514 1
514 -1
514 1
514 -1
514 1
514 -1
514 1
514 -1
514 1
514 -1
514 1
514 -1
513 1
513 -1
513 1
513 -1
513 1
513 -1
512 1
512 -1
512 1
512 -1
511 1
511 -1
510 1
510 -1
510 1
510 -1
510 1
510 -1
510 1
510 -1
509 1
509 -1
508 1
508 -1
507 1
507 -1
507 1
507 -1
505 1
505 -1
504 1
504 -1
504 1
504 -1
504 1
504 -1
503 1
503 -1
502 1
502 -1
501 1
501 -1
501 1
501 -1
501 1
501 -1
500 1
500 -1
499 1
499 -1
499 1
499 -1
498 1
498 -1
498 1
498 -1
497 1
497 -1
497 1
497 -1
497 1
497 -1
497 1
497 -1
496 1
496 -1
496 1
496 -1
496 1
496 -1
495 1
495 -1
495 1
495 -1
495 1
495 -1
494 1
494 -1
494 1
494 -1
493 1
493 -1
492 1
492 -1
491 1
491 -1
491 1
491 -1
490 1
490 -1
490 1
490 -1
489 1
489 -1
489 1
489 -1
489 1
489 -1
488 1
488 -1
486 1
486 -1
486 1
486 -1
485 1
485 -1
485 1
485 -1
484 1
484 -1
484 1
484 -1
484 1
484 -1
483 1
483 -1
482 1
482 -1
482 1
482 -1
479 1
479 -1
478 1
478 -1
477 1
477 -1
475 1
475 -1
0 -1
1149 1
1071 1
1071 -1
982 1
982 -1
922 1
923 -1
524 1
524 -1
524 1
524 -1
524 1
524 -1
523 1
524 -1
522 1
522 -1
522 1
522 -1
521 1
521 -1
520 1
521 -1
520 1
520 -1
520 1
520 -1
520 1
520 -1
520 1
520 -1
520 1
520 -1
519 1
519 -1
519 1
519 -1
519 1
519 -1
519 1
519 -1
519 1
519 -1
517 1
517 -1
517 1
517 -1
516 1
516 -1
515 1
515 -1
514 1
514 -1
513 1
513 -1
513 1
513 -1
513 1
513 -1
511 1
511 -1
510 1
510 -1
510 1
510 -1
509 1
509 -1
509 1
509 -1
509 1
509 -1
507 1
507 -1
507 1
507 -1
506 1
506 -1
506 1
506 -1
506 1
506 -1
505 1
505 -1
503 1
503 -1
501 1
501 -1
501 1
501 -1
501 1
501 -1
500 1
500 -1
499 1
499 -1
499 1
499 -1
498 1
498 -1
498 1
498 -1
497 1
497 -1
497 1
497 -1
497 1
497 -1
497 1
497 -1
496 1
496 -1
496 1
496 -1
496 1
496 -1
493 1
493 -1
493 1
493 -1
492 1
492 -1
491 1
491 -1
491 1
491 -1
490 1
491 -1
491 1
491 -1
491 1
491 -1
490 1
490 -1
489 1
489 -1
488 1
488 -1
488 1
488 -1
487 1
487 -1
487 1
487 -1
485 1
485 -1
485 1
485 -1
485 1
485 -1
484 1
485 -1
485 1
485 -1
484 1
484 -1
482 1
482 -1
482 1
482 -1
480 1
480 -1
480 1
480 -1
480 1
480 -1
479 1
479 -1
479 1
479 -1
479 1
479 -1
478 1
478 -1
478 1
478 -1
478 1
478 -1
478 1
478 -1
477 1
477 -1
477 1
477 -1
477 1
477 -1
477 1
477 -1
476 1
476 -1
475 1
476 -1
475 1
475 -1
493 1
493 -1
0 -1
1149 1
880 1
880 -1
524 1
524 -1
524 1
524 -1
524 1
524 -1
524 1
524 -1
523 1
523 -1
522 1
522 -1
522 1
522 -1
521 1
521 -1
519 1
519 -1
518 1
518 -1
517 1
517 -1
517 1
517 -1
516 1
516 -1
516 1
516 -1
516 1
516 -1
516 1
516 -1
514 1
514 -1
514 1
514 -1
513 1
513 -1
513 1
513 -1
512 1
512 -1
512 1
512 -1
511 1
511 -1
511 1
511 -1
511 1
511 -1
510 1
510 -1
510 1
510 -1
509 1
509 -1
509 1
509 -1
509 1
509 -1
509 1
509 -1
508 1
508 -1
508 1
508 -1
506 1
506 -1
505 1
505 -1
504 1
504 -1
503 1
503 -1
502 1
502 -1
502 1
502 -1
502 1
502 -1
501 1
501 -1
500 1
500 -1
498 1
498 -1
497 1
497 -1
497 1
497 -1
497 1
497 -1
497 1
497 -1
496 1
496 -1
495 1
495 -1
495 1
496 -1
495 1
495 -1
494 1
494 -1
493 1
493 -1
493 1
493 -1
491 1
491 -1
491 1
491 -1
489 1
489 -1
488 1
488 -1
488 1
488 -1
487 1
487 -1
487 1
487 -1
487 1
487 -1
486 1
486 -1
486 1
486 -1
486 1
486 -1
485 1
485 -1
484 1
484 -1
484 1
484 -1
483 1
483 -1
482 1
482 -1
481 1
481 -1
480 1
480 -1
480 1
480 -1
479 1
479 -1
478 1
479 -1
478 1
478 -1
477 1
477 -1
477 1
477 -1
475 1
475 -1
475 1
475 -1
475 1
475 -1
0 -1
1149 1
1140 1
1140 -1
1060 1
1060 -1
1003 1
1003 -1
942 1
942 -1
863 1
863 -1
524 1
524 -1
524 1
524 -1
524 1
524 -1
523 1
523 -1
522 1
522 -1
522 1
522 -1
522 1
522 -1
522 1
522 -1
521 1
521 -1
521 1
521 -1
521 1
521 -1
520 1
520 -1
520 1
520 -1
520 1
520 -1
520 1
520 -1
520 1
520 -1
519 1
519 -1
519 1
519 -1
519 1
519 -1
518 1
518 -1
518 1
518 -1
517 1
517 -1
517 1
517 -1
517 1
517 -1
516 1
516 -1
516 1
516 -1
515 1
515 -1
515 1
515 -1
514 1
514 -1
513 1
513 -1
513 1
513 -1
513 1
513 -1
513 1
513 -1
512 1
512 -1
510 1
510 -1
510 1
510 -1
510 1
510 -1
509 1
509 -1
509 1
509 -1
509 1
509 -1
508 1
508 -1
508 1
508 -1
507 1
507 -1
505 1
505 -1
505 1
505 -1
505 1
505 -1
504 1
504 -1
504 1
504 -1
502 1
502 -1
502 1
502 -1
501 1
501 -1
500 1
500 -1
500 1
500 -1
499 1
499 -1
499 1
499 -1
499 1
499 -1
499 1
499 -1
498 1
498 -1
497 1
497 -1
496 1
496 -1
496 1
496 -1
495 1
495 -1
495 1
495 -1
495 1
495 -1
494 1
494 -1
494 1
494 -1
493 1
493 -1
493 1
493 -1
492 1
492 -1
492 1
492 -1
492 1
492 -1
491 1
492 -1
491 1
491 -1
491 1
491 -1
491 1
491 -1
491 1
491 -1
490 1
490 -1
490 1
490 -1
490 1
490 -1
489 1
489 -1
489 1
489 -1
489 1
489 -1
488 1
488 -1
488 1
488 -1
486 1
486 -1
485 1
485 -1
485 1
485 -1
483 1
483 -1
483 1
483 -1
481 1
481 -1
480 1
480 -1
480 1
480 -1
480 1
480 -1
478 1
478 -1
477 1
477 -1
477 1
477 -1
0 -1
1149 1
1039 1
1039 -1
1010 1
1010 -1
1010 1
1010 -1
995 1
1015 -1
1013 1
1013 -1
1013 1
1017 -1
524 1
524 -1
524 1
524 -1
524 1
524 -1
523 1
523 -1
523 1
523 -1
522 1
522 -1
522 1
522 -1
521 1
521 -1
519 1
519 -1
519 1
519 -1
518 1
518 -1
518 1
518 -1
518 1
518 -1
518 1
518 -1
517 1
517 -1
517 1
517 -1
516 1
516 -1
516 1
516 -1
516 1
516 -1
516 1
516 -1
515 1
515 -1
514 1
514 -1
514 1
514 -1
514 1
514 -1
514 1
514 -1
512 1
512 -1
511 1
511 -1
511 1
511 -1
510 1
510 -1
509 1
509 -1
508 1
508 -1
507 1
507 -1
507 1
507 -1
507 1
507 -1
507 1
507 -1
506 1
506 -1
506 1
506 -1
506 1
506 -1
505 1
505 -1
505 1
505 -1
504 1
504 -1
504 1
504 -1
504 1
504 -1
504 1
504 -1
504 1
504 -1
504 1
504 -1
504 1
504 -1
503 1
503 -1
503 1
503 -1
502 1
502 -1
502 1
502 -1
502 1
502 -1
501 1
501 -1
500 1
500 -1
500 1
500 -1
499 1
499 -1
499 1
499 -1
497 1
497 -1
497 1
497 -1
496 1
496 -1
495 1
495 -1
495 1
495 -1
493 1
493 -1
492 1
492 -1
492 1
492 -1
492 1
492 -1
492 1
492 -1
490 1
490 -1
490 1
490 -1
490 1
490 -1
488 1
488 -1
485 1
485 -1
485 1
485 -1
484 1
484 -1
484 1
484 -1
483 1
484 -1
483 1
483 -1
481 1
481 -1
480 1
480 -1
480 1
480 -1
479 1
479 -1
479 1
479 -1
479 1
479 -1
479 1
479 -1
478 1
478 -1
478 1
478 -1
478 1
478 -1
477 1
477 -1
477 1
477 -1
475 1
475 -1
475 1
475 -1
0 -1
1149 1
524 1
524 -1
524 1
524 -1
524 1
524 -1
524 1
524 -1
523 1
523 -1
523 1
523 -1
523 1
523 -1
522 1
523 -1
522 1
522 -1
522 1
522 -1
522 1
522 -1
520 1
520 -1
520 1
520 -1
520 1
520 -1
520 1
520 -1
520 1
520 -1
519 1
519 -1
518 1
518 -1
518 1
518 -1
518 1
518 -1
518 1
518 -1
517 1
517 -1
517 1
517 -1
516 1
516 -1
516 1
516 -1
516 1
516 -1
516 1
516 -1
514 1
514 -1
513 1
513 -1
513 1
513 -1
511 1
511 -1
511 1
511 -1
510 1
510 -1
510 1
510 -1
510 1
510 -1
509 1
509 -1
509 1
509 -1
508 1
508 -1
508 1
508 -1
507 1
507 -1
506 1
506 -1
505 1
505 -1
505 1
505 -1
505 1
505 -1
505 1
505 -1
504 1
504 -1
504 1
504 -1
503 1
503 -1
503 1
503 -1
502 1
502 -1
501 1
501 -1
501 1
501 -1
501 1
501 -1
500 1
500 -1
500 1
500 -1
499 1
499 -1
497 1
497 -1
496 1
496 -1
496 1
496 -1
495 1
495 -1
495 1
495 -1
494 1
494 -1
493 1
493 -1
493 1
493 -1
493 1
493 -1
491 1
491 -1
491 1
491 -1
490 1
490 -1
490 1
490 -1
490 1
490 -1
488 1
488 -1
488 1
488 -1
487 1
487 -1
487 1
487 -1
487 1
487 -1
486 1
486 -1
486 1
486 -1
485 1
485 -1
485 1
485 -1
485 1
485 -1
483 1
484 -1
483 1
483 -1
482 1
482 -1
482 1
482 -1
481 1
481 -1
480 1
480 -1
480 1
480 -1
479 1
479 -1
478 1
478 -1
478 1
478 -1
478 1
478 -1
476 1
476 -1
475 1
475 -1
484 1
484 -1
0 -1
1149 1
1124 1
1124 -1
1060 1
1060 -1
1018 1
1018 -1
524 1
524 -1
524 1
524 -1
523 1
523 -1
522 1
522 -1
522 1
522 -1
522 1
522 -1
520 1
520 -1
520 1
520 -1
519 1
519 -1
519 1
519 -1
519 1
519 -1
517 1
517 -1
516 1
516 -1
515 1
515 -1
514 1
514 -1
514 1
514 -1
514 1
514 -1
513 1
513 -1
513 1
513 -1
512 1
512 -1
512 1
512 -1
512 1
512 -1
512 1
512 -1
511 1
511 -1
511 1
511 -1
510 1
510 -1
509 1
509 -1
509 1
509 -1
508 1
508 -1
507 1
507 -1
507 1
507 -1
506 1
506 -1
506 1
506 -1
504 1
504 -1
504 1
504 -1
504 1
504 -1
503 1
503 -1
503 1
503 -1
503 1
503 -1
503 1
503 -1
503 1
503 -1
503 1
503 -1
502 1
502 -1
502 1
502 -1
501 1
501 -1
501 1
501 -1
500 1
500 -1
500 1
500 -1
500 1
500 -1
499 1
499 -1
499 1
499 -1
498 1
498 -1
498 1
498 -1
498 1
498 -1
497 1
497 -1
497 1
497 -1
496 1
496 -1
496 1
496 -1
496 1
496 -1
494 1
494 -1
493 1
493 -1
492 1
492 -1
492 1
492 -1
491 1
491 -1
491 1
491 -1
491 1
491 -1
489 1
489 -1
489 1
489 -1
489 1
489 -1
488 1
488 -1
487 1
487 -1
487 1
487 -1
487 1
487 -1
486 1
486 -1
486 1
486 -1
486 1
486 -1
485 1
485 -1
483 1
483 -1
483 1
483 -1
482 1
482 -1
482 1
482 -1
482 1
482 -1
481 1
481 -1
481 1
481 -1
480 1
480 -1
480 1
480 -1
479 1
480 -1
480 1
480 -1
479 1
479 -1
479 1
479 -1
479 1
479 -1
494 1
494 -1
0 -1
1149 1
1024 1
1149 -1
1042 1
1042 -1
524 1
524 -1
524 1
524 -1
523 1
523 -1
523 1
523 -1
523 1
523 -1
522 1
522 -1
522 1
522 -1
522 1
522 -1
521 1
521 -1
521 1
521 -1
521 1
521 -1
520 1
520 -1
520 1
520 -1
520 1
520 -1
519 1
519 -1
519 1
519 -1
518 1
518 -1
518 1
518 -1
518 1
518 -1
518 1
518 -1
517 1
517 -1
517 1
517 -1
517 1
517 -1
517 1
517 -1
516 1
516 -1
515 1
515 -1
515 1
515 -1
513 1
513 -1
512 1
513 -1
512 1
512 -1
512 1
512 -1
512 1
512 -1
511 1
511 -1
511 1
511 -1
510 1
510 -1
510 1
510 -1
510 1
510 -1
510 1
510 -1
509 1
509 -1
509 1
509 -1
509 1
509 -1
509 1
509 -1
509 1
509 -1
508 1
508 -1
506 1
506 -1
505 1
505 -1
504 1
504 -1
504 1
504 -1
504 1
504 -1
502 1
502 -1
501 1
501 -1
501 1
501 -1
500 1
500 -1
499 1
499 -1
499 1
499 -1
498 1
498 -1
497 1
497 -1
497 1
497 -1
496 1
496 -1
496 1
496 -1
496 1
496 -1
496 1
496 -1
495 1
495 -1
495 1
495 -1
495 1
495 -1
493 1
493 -1
493 1
493 -1
491 1
491 -1
491 1
491 -1
491 1
491 -1
490 1
490 -1
489 1
489 -1
489 1
489 -1
488 1
488 -1
488 1
488 -1
487 1
487 -1
484 1
484 -1
484 1
484 -1
484 1
484 -1
483 1
483 -1
483 1
483 -1
482 1
482 -1
481 1
481 -1
481 1
481 -1
480 1
480 -1
479 1
479 -1
478 1
478 -1
478 1
478 -1
475 1
475 -1
475 1
475 -1
495 1
495 -1
0 -1
496 1
496 -11
496 11
496 -1
496 1
496 -1
496 1
496 -1
506 1
504 1
504 -1
504 1
504 -1
504 1
504 -1
504 1
504 -1
503 1
503 -1
503 1
503 -1
503 1
503 -1
503 1
503 -1
503 1
503 -1
503 1
503 -1
503 1
503 -1
503 1
503 -1
503 1
503 -1
503 1
503 -1
503 1
503 -1
503 1
503 -1
503 1
503 -1
502 1
502 -1
502 1
502 -1
502 1
502 -1
502 1
502 -1
502 1
502 -1
502 1
502 -1
502 1
502 -1
501 1
501 -1
501 1
501 -1
501 1
501 -1
501 1
501 -1
500 1
500 -1
500 1
500 -1
500 1
500 -1
500 1
500 -1
500 1
500 -1
500 1
500 -1
500 1
500 -1
499 1
500 -1
499 1
499 -1
499 1
499 -1
499 1
499 -1
499 1
499 -1
499 1
499 -1
499 1
499 -1
498 1
498 -1
498 1
498 -1
498 1
498 -1
498 1
498 -1
498 1
498 -1
497 1
497 -1
497 1
497 -1
497 1
497 -1
497 1
497 -1
497 1
497 -1
496 1
496 -1
495 1
495 -1
494 1
494 -1
494 1
494 -1
493 1
493 -1
493 1
493 -1
493 1
493 -1
493 1
493 -1
492 1
492 -1
492 1
492 -1
492 1
492 -1
489 1
489 -1
489 1
489 -1
489 1
489 -1
487 1
487 -1
487 1
487 -1
487 1
487 -1
487 1
487 -1
486 1
486 -1
486 1
486 -1
484 1
484 -1
483 1
483 -1
483 1
483 -1
482 1
482 -1
482 1
482 -1
481 1
481 -1
481 1
481 -1
480 1
480 -1
479 1
479 -1
478 1
478 -1
478 1
478 -1
477 1
477 -1
476 1
476 -1
476 1
477 -1
476 1
476 -1
475 1
475 -1
475 1
475 -1
475 1
475 -1
475 1
475 -1
502 1
502 -1
498 1
498 -1
503 1
503 -1
490 1
490 -1
498 -12
498 12
498 -1
498 1
0 -1
1149 1
1109 1
1110 -1
1003 1
1003 -1
968 1
969 -1
524 1
524 -1
524 1
524 -1
524 1
524 -1
523 1
523 -1
522 1
522 -1
522 1
522 -1
520 1
520 -1
519 1
519 -1
518 1
518 -1
518 1
518 -1
518 1
518 -1
517 1
517 -1
517 1
517 -1
517 1
517 -1
516 1
516 -1
515 1
515 -1
514 1
514 -1
513 1
513 -1
513 1
513 -1
513 1
513 -1
513 1
513 -1
511 1
511 -1
511 1
511 -1
511 1
511 -1
511 1
511 -1
511 1
511 -1
509 1
509 -1
508 1
508 -1
508 1
508 -1
507 1
507 -1
507 1
507 -1
506 1
506 -1
506 1
506 -1
505 1
505 -1
505 1
505 -1
505 1
505 -1
505 1
505 -1
504 1
504 -1
503 1
503 -1
503 1
503 -1
503 1
503 -1
501 1
502 -1
501 1
501 -1
501 1
501 -1
500 1
500 -1
497 1
497 -1
497 1
497 -1
496 1
496 -1
496 1
496 -1
494 1
494 -1
494 1
494 -1
493 1
493 -1
492 1
492 -1
491 1
491 -1
491 1
491 -1
490 1
490 -1
490 1
490 -1
489 1
489 -1
488 1
488 -1
488 1
488 -1
486 1
486 -1
485 1
485 -1
485 1
485 -1
485 1
485 -1
484 1
484 -1
484 1
484 -1
482 1
483 -1
483 1
483 -1
483 1
483 -1
482 1
482 -1
482 1
482 -1
482 1
482 -1
482 1
482 -1
482 1
482 -1
481 1
481 -1
480 1
480 -1
480 1
480 -1
480 1
480 -1
479 1
479 -1
479 1
479 -1
478 1
478 -1
477 1
477 -1
476 1
476 -1
476 1
476 -1
476 1
476 -1
476 1
476 -1
476 1
476 -1
476 1
476 -1
475 1
475 -1
505 1
505 -1
