475 3.10141e-23
475 0.32833
475 0.481687
476 0.341951
476 0.289537
477 0.170159
477 0.0846359
477 0.103873
477 0.456872
478 0.435743
478 0.204084
479 0.71109
479 0.439507
479 0.0142731
480 0.215538
480 0.50022
480 0.0572874
481 0.200652
481 0.130672
482 0.633824
482 0.0465915
482 0.0757125
482 0.231131
483 0.728141
485 2.1295
486 0.193984
486 0.348114
486 0.297705
487 0.466331
487 0.206677
488 0.804055
488 0.172001
489 0.918656
490 0.383853
492 1.90261
493 0.375904
493 0.232285
493 0.315376
494 0.633176
495 0.834576
495 0.125172
495 0.249997
496 0.819534
497 0.480914
497 0.159257
500 2.33299
500 0.0100042
501 0.687754
501 0.478422
501 0.129798
501 0.0730072
501 0.158157
502 0.199074
502 0.322258
503 0.395202
503 0.270468
503 0.141599
504 1.0691
505 0.737454
505 0.488519
506 0.631002
508 1.23054
509 1.32034
510 0.827216
510 0.0944618
510 0.0677808
511 1.15296
511 0.139387
513 1.50179
513 0.398604
514 0.543832
514 0.431312
514 0.157823
515 0.579107
516 1.29001
517 0.155771
517 0.10923
517 0.0256663
518 0.779004
518 0.213675
519 1.18834
520 1.14268
520 0.0886631
521 0.563201
521 0.451545
521 0.278259
522 0.194013
522 0.0778714
522 0.651401
523 0.172257
523 0.259726
524 1.03458
525 0.777611
850 2.64909e-23
1062 0.0146987
1072 0.000752071
1149 0.00491135
1149 1.15888e-26
1072 0.00121828
1063 0.00207584
524 0.125265
523 0.0637376
523 0.0431578
522 0.0424558
522 0.035335
522 0.141556
521 0.148381
521 0.106808
520 0.0665602
520 0.126433
520 0.0426107
519 0.161676
518 0.209718
518 0.129718
517 0.0493923
517 0.0737949
516 0.0977784
515 0.208498
514 0.0490309
514 0.0885996
513 0.036912
511 0.19851
511 0.047678
510 0.134674
510 0.101569
510 0.0823636
509 0.121635
509 0.0467491
508 0.0358217
505 0.0415081
505 0.167661
505 0.111994
504 0.172243
503 0.0376311
503 0.0516676
503 0.0595277
502 0.0675657
502 0.039209
501 0.0505348
501 0.122333
501 0.0995767
501 0.0494229
500 0.0345465
500 0.0481698
497 0.0957297
497 0.125761
496 0.0720761
495 0.0712013
495 0.184447
495 0.357164
494 0.131612
493 0.0932016
493 0.0862725
493 0.048431
492 0.104512
490 0.0523449
489 0.0442685
488 0.0892916
487 0.0449852
487 0.0407667
486 0.070471
486 0.0761146
486 0.00123329
486 0.203192
486 0.0669834
485 0.0858436
483 0.0592749
482 0.0611022
482 0.362267
482 0.310604
481 0.365055
481 0.0388167
480 0.0391763
480 0.229509
480 0.04708
480 0.190367
479 0.0580707
479 0.0346476
478 0.0447795
478 0.0476321
477 0.044813
477 0.0481488
477 0.0998955
477 0.0911395
476 0.133001
476 0.084785
475 0.0796395
475 3.10141e-23
475 0.125879
475 0.560507
477 1.48443
478 0.448134
479 0.72499
480 1.06386
482 1.25497
482 0.605307
483 0.341788
483 0.342937
484 0.700622
484 0.199539
484 0.0707203
485 0.244038
485 0.178847
485 0.0933181
486 0.920979
486 0.165476
488 1.02234
489 1.052
489 0.0677124
489 0.28123
489 0.13915
490 0.412528
490 0.0626133
491 0.920877
491 0.181762
492 0.624763
493 0.6924
493 0.104953
494 0.280958
495 1.26318
495 0.0308256
495 0.023853
496 0.729888
496 0.228177
497 0.471841
497 0.555579
498 0.173978
498 0.233732
498 0.153222
498 0.0834615
498 0.0892444
499 0.571001
499 0.0626821
499 0.0526547
500 0.591226
500 0.0929853
500 0.239146
501 0.513021
501 0.259834
502 0.432066
502 0.0934747
502 0.0535917
503 0.860282
504 0.882427
504 0.306409
504 0.0733019
504 0.278521
506 0.90401
507 1.28962
507 0.361569
508 0.409381
509 1.00971
509 0.106472
510 0.910696
510 0.0356901
510 0.322722
510 0.0187019
511 0.378754
511 0.0967247
511 0.382326
512 0.655506
512 0.0344817
513 0.991126
513 0.36044
514 0.0955503
514 0.496818
514 0.143903
514 0.033045
514 0.0239279
514 0.0497727
514 0.000846829
515 0.269214
515 0.0489734
516 0.780738
516 0.11746
516 0.192392
517 0.526397
517 0.181291
517 0.043882
517 0.284584
518 1.27024
519 0.658543
521 1.52448
521 0.654656
521 0.0165544
521 0.0450076
521 0.0189164
522 0.950395
522 0.232001
523 0.46857
523 0.646645
524 0.263576
524 0.226829
524 0.551342
525 0.0488364
850 2.64129e-23
856 0.000757221
980 0.00570711
1149 0.00878593
1149 7.75154e-26
980 0.00120331
858 0.00167496
858 0.00159277
858 0.0019013
858 0.00142446
857 0.00113822
857 0.00165527
858 0.00115663
858 0.00237237
858 8.94881e-05
524 0.00620969
524 0.0160571
524 0.0116656
524 0.00675886
524 0.052267
524 0.0222832
524 0.0685712
524 0.0877734
523 0.0421927
523 0.315017
522 0.0433111
522 0.0838483
521 0.0580425
521 0.066446
521 0.0475855
521 0.0416387
519 0.0385252
518 0.0437262
517 0.195988
517 0.142669
517 0.0427967
516 0.101352
516 0.0412738
516 0.218619
515 0.0654323
515 0.0507508
514 0.0389335
514 0.0583093
514 0.0611059
514 0.0798065
514 0.112109
514 0.0430294
514 0.10627
514 0.24485
513 0.0392774
512 0.364009
512 0.0693447
511 0.0372293
511 0.0619438
511 0.0566282
510 0.046839
510 0.0591384
510 0.200264
509 0.0563086
508 0.083351
507 0.182478
507 0.035484
506 0.0846479
504 0.0531886
504 0.143002
504 0.0635549
504 0.0625917
503 0.0972292
502 0.0634081
502 0.214801
502 0.101523
500 0.0383709
499 0.0423404
499 0.0645539
499 0.0732719
498 0.0536014
498 0.0912924
498 0.0374544
498 0.107573
497 0.0825113
497 0.0532492
496 0.141006
496 0.0342759
495 0.0601657
495 0.0347926
495 0.168172
494 0.0577189
493 0.076785
493 0.140083
492 0.0467721
491 0.080316
491 0.0352705
491 0.0223792
490 0.262091
490 0.415463
489 0.0526168
489 0.0620342
489 0.0534243
488 0.129478
486 0.137128
486 0.0477917
485 0.0797041
485 0.0463484
484 0.0789239
484 0.0815267
484 0.178576
483 0.164809
482 0.04681
482 0.142806
479 0.075584
478 0.123024
477 0.1234
475 0.0356598
475 0.0279487
475 0.148451
491 0.000121
491 0.00127688
475 3.10141e-23
475 0.195915
475 0.0513038
475 0.525415
477 1.03916
477 0.192669
477 0.11941
478 0.434511
478 0.0255867
478 0.581365
479 0.300673
479 0.00395197
479 0.519021
480 0.0597846
480 0.0132406
480 0.361204
481 1.06682
481 0.351113
482 0.714221
483 0.181679
483 0.520354
484 0.432243
484 0.188518
485 0.475647
485 0.68361
486 0.0474807
486 0.270697
486 0.213284
486 0.164425
486 0.145733
487 0.141303
487 0.161454
488 0.810112
490 2.19611
491 0.14621
492 1.37031
492 0.00970662
493 0.928515
493 0.10331
494 0.525659
494 0.455147
494 0.00163615
494 0.0216719
495 0.331651
495 0.0658325
495 0.132263
496 0.324074
496 0.770063
499 2.08717
499 0.0241291
499 0.114976
499 0.341725
500 0.518515
500 0.164701
500 0.0612299
500 0.0136432
501 0.699289
502 0.4713
502 0.900133
503 0.112134
503 0.0117771
503 0.177594
503 0.463633
504 0.239809
504 0.268889
504 0.314535
505 0.359988
506 1.12406
506 0.263593
506 0.0672101
506 0.17863
508 1.09419
508 0.533617
508 0.0958164
509 0.468954
509 0.448273
510 0.499471
510 0.233876
510 0.202626
510 0.0853588
511 0.461987
511 0.603662
512 0.0164637
512 0.402653
513 1.08032
515 1.60604
516 1.08833
517 0.655343
517 0.192507
517 0.33902
518 0.975543
518 0.0781636
518 0.233049
519 0.337101
519 0.16341
519 0.450522
520 0.272053
520 0.0307422
520 0.358551
520 0.111023
521 0.550658
521 0.190033
521 0.293643
522 0.580479
522 0.21564
523 1.25382
523 0.0158228
524 0.367668
524 0.056474
524 0.0169456
524 0.543356
525 0.145739
850 2.64609e-23
1023 0.0101138
1064 0.00238013
1149 0.00627867
1149 2.27426e-26
1064 0.00315497
1064 0.000659311
1023 0.00109234
524 0.0597847
524 0.0383049
524 0.046124
524 0.0863155
523 0.161818
523 0.038554
522 0.0448603
522 0.0568068
521 0.051609
521 0.0455339
520 0.0816998
520 0.0492707
520 0.0436674
519 0.0774024
519 0.0940327
519 0.0612274
518 0.0396293
518 0.0520009
518 0.0431328
517 0.168022
517 0.0814379
517 0.0434514
516 0.0493014
515 0.0564912
513 0.0551075
512 0.0650867
512 0.0542739
511 0.0601642
510 0.0393299
510 0.0974235
510 0.0944517
510 0.0418127
509 0.16652
509 0.0744836
508 0.0352188
508 0.0877546
508 0.0474626
507 0.0169888
507 0.26505
507 0.0489057
506 0.165964
506 0.0577333
505 0.0425481
504 0.03684
504 0.0349064
504 0.0470214
503 0.0558145
503 0.0622551
503 0.080976
503 0.152269
503 0.279172
503 0.0599193
503 0.0503545
502 0.128672
501 0.0601646
500 0.0550869
500 0.0594118
500 0.0421792
500 0.0856851
499 0.0652075
499 0.0771286
499 0.0360688
499 0.0744387
496 0.089674
496 0.0779409
495 0.0409692
495 0.0372117
494 0.0474028
494 0.0454562
495 0.375318
494 0.040687
493 0.143728
492 0.0964884
492 0.0852255
492 0.0844272
492 0.0583384
491 0.0351411
490 0.0562849
488 0.05719
487 0.178267
487 0.140082
487 0.20047
486 0.301167
486 0.349168
486 0.0980372
485 0.034616
485 0.0400127
484 0.0371447
483 0.0430249
483 0.105351
482 0.041919
481 0.17037
480 0.047882
480 0.0370037
480 0.0535821
479 0.0613439
479 0.0673817
478 0.0565761
478 0.098145
477 0.0413912
477 0.0414165
475 0.0398057
475 0.0415748
475 0.0221419
475 0.134598
475 3.10141e-23
475 0.0954348
475 0.608603
477 1.4328
479 1.2686
479 0.543375
479 0.0929419
480 0.464961
480 0.278767
481 0.419041
481 0.303116
482 0.677923
482 0.341888
483 0.659239
483 0.186828
485 1.33203
485 0.2624
486 0.692909
487 0.421533
488 1.4728
488 0.0843829
489 0.617349
489 0.478738
490 0.323285
490 0.426855
491 0.448308
491 0.034039
491 0.346166
492 0.549221
492 0.14501
493 0.449321
493 0.239687
493 0.0302793
493 0.311443
493 0.114821
494 0.427177
494 0.53234
495 0.164056
495 0.0370971
495 0.0158884
495 0.596847
496 0.279875
497 1.27491
497 0.22763
498 0.180982
498 0.308703
498 0.118529
499 0.389033
499 0.481702
499 0.282325
500 0.329163
500 0.210146
500 0.166747
500 0.157813
500 0.0235112
501 0.12389
501 0.0883203
501 0.0903962
502 0.81172
502 0.353358
502 0.081392
503 0.512235
504 0.77942
504 0.139244
505 1.31576
506 0.917137
507 0.696162
507 0.220814
508 0.755887
509 0.575976
510 0.75059
510 0.276478
510 0.541235
511 0.190668
511 0.749897
512 0.212223
512 0.159547
513 1.53598
513 0.0889538
514 0.332775
514 0.418605
514 0.00868048
515 0.221946
515 0.271042
516 0.899141
516 0.505405
517 0.810293
518 0.329239
518 0.405208
518 0.0449929
518 0.209205
519 0.636172
519 0.137916
520 0.588478
520 0.132674
520 0.496848
520 0.10805
521 0.489085
521 0.0166152
521 0.105254
522 0.922034
522 0.289971
523 0.5704
523 0.388609
523 0.064029
525 1.03384
850 2.64002e-23
1007 0.00901453
1022 0.000565948
1050 0.00141806
1148 0.00648701
1149 1.25704e-25
1050 0.00171079
1022 0.00107103
523 0.0418145
523 0.0349093
523 0.0351055
522 0.0467062
521 0.0522583
521 0.0381189
521 0.0254518
521 0.167908
521 0.179567
520 0.0366525
520 0.049171
520 0.0573383
519 0.268673
519 0.0348236
518 0.0562752
518 0.116422
518 0.0608202
517 0.0623752
516 0.0363716
516 0.0671473
515 0.0498452
515 0.06759
514 0.107565
514 0.0371039
514 0.0452163
513 0.061515
512 0.116355
512 0.0440375
511 0.103109
510 0.0771287
510 0.166357
509 0.0376826
508 0.0461707
507 0.10913
507 0.037394
506 0.0546802
505 0.0378234
504 0.0432091
502 0.0655397
502 0.0430674
501 0.234958
501 0.0267489
501 0.0676874
500 0.0459
500 0.0974221
500 0.0452716
500 0.0418819
500 0.0854469
500 0.0280336
500 0.0486674
500 0.0414606
500 0.0431157
499 0.110765
499 0.156422
499 0.0456634
498 0.107705
498 0.0916906
498 0.0887931
498 0.177662
497 0.0405739
496 0.0359843
495 0.0437295
495 0.0622353
495 0.305935
494 0.0604081
494 0.146393
493 0.0817485
493 0.0534011
493 0.0525044
493 0.0718817
492 0.0534317
492 0.158508
491 0.104631
491 0.102165
491 0.0570871
491 0.041354
491 0.110824
490 0.111171
490 0.172871
490 0.0425948
490 0.0763077
489 0.0551186
489 0.0357806
488 0.0436069
488 0.0453897
487 0.130126
485 0.0381048
485 0.0413996
483 0.0454879
483 0.215611
481 0.00314375
481 0.0868536
481 0.0478075
480 0.0808085
479 0.0616359
479 0.0478048
479 0.304292
475 3.10141e-23
475 0.550747
475 0.221137
476 0.286222
477 1.0001
477 0.250437
477 0.149274
477 0.0381774
477 0.0158224
478 0.350987
478 0.0247384
478 0.459727
478 0.0697398
479 0.333788
479 0.141762
481 1.60446
481 0.280219
481 0.0353709
481 0.0838108
482 0.749569
484 0.956701
484 0.0179898
484 0.623303
485 0.230093
485 0.372225
485 0.146979
485 0.241031
486 0.200894
486 0.415962
486 0.155088
487 0.114513
487 0.161779
487 0.136303
488 0.557443
488 0.749254
490 0.968427
490 0.267272
490 0.193212
491 0.266757
491 0.271389
492 0.556677
492 0.198982
492 0.166809
492 0.148589
493 0.446155
493 0.426486
493 0.0102973
494 0.758969
494 0.155754
494 0.126684
495 0.473643
496 1.05563
497 0.259727
498 0.921611
498 0.00640177
500 2.11565
500 0.223609
501 0.965447
502 0.574169
502 0.248954
503 0.614726
503 0.267056
504 0.132915
504 0.153278
504 0.0690977
504 0.49747
505 0.915928
506 0.0984545
506 0.315162
506 0.405889
507 0.763749
507 0.0953069
508 0.123326
508 0.74592
509 0.393358
509 0.606622
510 1.03528
511 0.449552
512 0.585023
514 2.02179
514 0.176852
514 0.114947
514 0.188756
515 0.521464
515 0.224198
515 0.327802
515 0.00614151
516 0.243689
516 0.100974
516 0.0529678
516 0.243017
516 0.1246
518 1.40041
518 0.0118122
518 0.0210038
518 0.215919
518 0.429722
519 0.17448
519 0.480349
520 0.336942
520 0.528781
520 0.231849
521 0.133971
521 0.201236
521 0.0819708
522 0.98578
522 0.113969
522 0.0535905
523 0.980217
523 0.393384
524 0.0408803
524 0.22147
524 0.35023
524 0.00404379
525 0.414072
850 2.61651e-23
922 0.00479294
1149 0.0136576
1149 4.59949e-27
524 0.100472
524 0.162968
524 0.0225919
524 0.0482274
524 0.0671366
523 0.0376021
522 0.0677779
522 0.0367114
522 0.0900442
521 0.0654326
521 0.102003
521 0.135959
520 0.145984
520 0.0623527
519 0.0543189
518 0.079139
518 0.0361848
518 0.0619883
516 0.0431737
516 0.0500028
516 0.0648873
515 0.0666406
515 0.0718901
515 0.0814316
514 0.0659982
514 0.0522327
514 0.0345509
514 0.0545165
512 0.061354
511 0.0361327
511 0.231138
509 0.0349239
509 0.0399366
508 0.052219
508 0.0405995
507 0.0370502
507 0.0418638
506 0.0556225
506 0.0881868
505 0.0351286
504 0.0410183
504 0.0653404
504 0.254816
504 0.081532
503 0.137498
503 0.0927366
502 0.0569372
502 0.0434553
501 0.0380484
500 0.0678778
500 0.050211
498 0.0821672
498 0.116739
497 0.0344875
496 0.039509
495 0.0554131
495 0.0423012
494 0.0395025
493 0.0578561
493 0.0788841
492 0.035678
492 0.0344832
492 0.0511879
491 0.0580571
491 0.177327
490 0.152766
490 0.0535572
490 0.0376026
488 0.0571842
488 0.0392979
487 0.0821657
487 0.0462478
487 0.0839462
486 0.0902831
486 0.0401446
485 0.0613968
485 0.0908086
485 0.0436027
484 0.0537758
484 0.0427411
484 0.0519533
482 0.2118
481 0.066476
481 0.0485495
481 0.104923
481 0.0929893
479 0.0500509
479 0.0516677
478 0.0351831
478 0.0360221
478 0.10129
477 0.105692
477 0.038037
477 0.050273
477 0.163926
477 0.0476066
476 0.178459
475 0.0356188
475 0.058283
475 3.10141e-23
475 0.0148056
475 0.377486
475 0.166562
477 1.41102
477 0.00888808
478 0.651625
478 0.0741296
478 0.453798
479 0.224983
479 0.601579
479 0.0324573
480 0.426784
480 0.131068
482 1.90869
483 0.425459
484 1.18264
485 0.772515
486 0.424727
486 0.31091
486 0.00713151
486 0.297199
487 0.403248
487 0.40175
488 0.803807
489 0.53737
489 0.237901
489 0.192157
490 0.203432
490 0.206939
490 0.101877
490 0.0541552
491 0.925147
491 0.063286
491 0.0359277
491 0.00718269
492 0.369393
492 0.47115
494 1.63789
494 0.146526
496 1.3454
496 0.0189571
496 4.21628e-05
496 0.0105717
496 0.203376
496 0.0278142
497 0.415825
497 0.144344
498 0.547732
498 0.292883
498 0.045155
498 0.1075
498 0.0102484
498 0.0828942
498 0.032012
499 0.328118
499 0.55977
500 0.419007
500 0.574047
500 0.143885
501 0.401447
501 0.480423
501 0.0543216
501 0.0979593
502 0.0524889
503 1.32147
504 1.18601
505 0.562937
505 0.297889
506 0.943509
508 1.46547
508 0.230936
508 0.170057
508 0.0829823
508 0.0954756
509 0.304688
510 0.965531
510 0.405459
510 0.181423
511 0.200559
511 0.312915
511 0.133619
511 0.119422
512 0.661991
512 0.0193498
512 0.0477382
513 0.474108
513 0.236352
513 0.4012
515 1.24335
515 0.140548
516 0.993184
516 0.336489
516 0.22957
517 0.18902
517 0.588113
517 0.139104
519 1.08466
519 0.0780097
519 0.299316
519 0.386654
520 0.163996
520 0.308348
520 0.656134
521 0.587971
522 0.392722
522 0.276176
522 0.462828
523 0.405935
523 0.272703
524 0.567094
524 0.135702
524 0.0133268
524 0.543223
525 0.247325
850 2.65103e-23
1148 0.0185168
1149 1.27984e-25
524 0.0529939
524 0.132028
524 0.0369565
523 0.0344244
523 0.040438
522 0.143981
522 0.0760752
522 0.0444482
521 0.235672
521 0.0904394
520 0.261698
520 0.206379
519 0.0444862
519 0.0894655
519 0.0368791
519 0.0699305
517 0.0437393
517 0.0496803
517 0.0511362
516 0.0483401
516 0.0687469
513 0.369398
513 0.0507935
513 0.0837165
512 0.0415508
512 0.135029
512 0.0532488
511 0.0731195
511 0.0759925
510 0.0475455
510 0.0436995
510 0.0875759
509 0.0544697
508 0.0342092
508 0.0453124
508 0.0570732
508 0.0466727
506 0.103594
505 0.0819283
505 0.0364499
504 0.0399785
503 0.0748105
502 0.322237
501 0.0974088
501 0.0626929
501 0.0814244
501 0.074751
500 0.0714476
500 0.0858361
500 0.104263
499 0.0369454
499 0.105916
498 0.13307
498 0.0359707
498 0.107162
498 0.157162
498 0.0788906
498 0.0532944
498 0.0640674
498 0.0446974
497 0.0362886
497 0.0896807
496 0.128289
496 0.0394319
496 0.0802603
496 0.14417
494 0.0962456
492 0.13913
492 0.0536165
491 0.0439619
491 0.0747941
491 0.0371664
491 0.0719469
490 0.0376876
490 0.0729436
490 0.436259
489 0.0351344
489 0.0897956
488 0.0422572
487 0.171477
486 0.0343906
486 0.0347876
486 0.046549
485 0.278566
484 0.0558987
482 0.0459689
480 0.0507725
480 0.0364649
479 0.0514933
479 0.0430952
479 0.0813506
479 0.102714
478 0.0345843
478 0.119851
478 0.185632
477 0.0852272
477 0.0484233
475 0.0633415
475 0.0366004
475 0.000495264
475 0.001564
475 0.00415988
475 3.10141e-23
475 0.180316
475 0.0572062
475 0.283828
478 2.12026
478 0.236265
478 0.0732002
479 0.907986
480 0.376977
480 0.176092
480 0.306648
481 0.220201
481 0.453589
482 0.557202
483 0.754601
483 0.0213734
484 0.724789
484 0.0125675
484 0.14515
484 0.358096
487 1.98578
487 0.383754
487 0.0480205
487 0.00193947
488 0.433505
488 0.522496
490 1.30626
490 0.0126324
491 0.916405
491 0.334747
492 0.361173
493 1.37004
495 1.0498
495 0.162173
495 0.290942
496 0.391888
496 0.222245
496 0.0408258
497 1.05632
498 0.425815
499 1.4256
500 0.407844
500 0.0919704
500 0.294043
500 0.100507
501 0.307439
501 0.535732
502 0.629072
502 0.28709
503 0.734381
503 0.324177
503 0.111629
504 0.802786
505 0.717259
505 0.260014
506 0.240705
506 0.499391
506 0.00543009
507 1.03723
509 1.16696
509 0.0154688
509 0.273098
509 0.422939
510 1.01386
511 0.56917
511 0.018463
513 1.30094
513 0.478327
514 0.495701
514 0.0192007
514 0.200549
514 0.118691
515 1.02833
516 0.449917
517 1.03041
517 0.133245
518 0.807226
518 0.68827
519 0.587028
519 0.0135145
519 0.527707
520 0.674786
520 0.0651464
521 0.970169
521 0.0618846
522 0.342894
522 0.0512716
522 0.362051
522 0.11954
523 0.649652
523 0.147455
524 0.534243
524 0.280083
524 0.137471
524 0.47176
524 0.0320118
525 0.0552891
850 2.61958e-23
920 0.00308899
1118 0.0131381
1149 0.00143066
1149 5.64464e-29
1118 0.00210851
1119 0.00179631
920 0.00223209
524 0.0539111
524 0.0554697
524 0.0546277
524 0.0620078
523 0.0818955
523 0.0938657
522 0.0532718
522 0.0452605
522 0.0440724
522 0.0762892
521 0.0532106
521 0.270328
520 0.0969876
520 0.0393545
519 0.0483911
519 0.0599062
519 0.113398
518 0.0354984
518 0.0964363
516 0.0419849
515 0.0396628
514 0.178243
514 0.0434177
514 0.0641672
514 0.0895153
513 0.0801676
513 0.124395
513 0.0491492
513 0.196221
513 0.0659101
511 0.069791
511 0.121734
511 0.0775355
510 0.0467675
509 0.0362793
509 0.0428948
509 0.0434412
506 0.044424
506 0.0291703
506 0.0422369
506 0.0631524
505 0.0402943
505 0.0938677
504 0.11717
503 0.034528
503 0.0957306
503 0.137459
502 0.0374165
501 0.0655731
501 0.065949
500 0.0616306
500 0.309686
500 0.136171
500 0.167498
499 0.0367155
498 0.0749745
497 0.0370791
496 0.0937652
496 0.144085
496 0.109255
495 0.0528616
495 0.0859692
495 0.0356726
492 0.0471396
491 0.0222695
491 0.0583311
490 0.288667
490 0.0486915
487 0.0437681
487 0.0323163
487 0.0394134
487 0.120458
484 0.034395
484 0.0661333
484 0.0423825
483 0.0436373
483 0.0381569
482 0.0398083
481 0.199496
480 0.0590436
479 0.060769
478 0.0615243
478 0.0674802
475 0.0446967
475 0.0565264
475 0.0638066
475 0.0375773
487 0.001564
491 0.001564
506 0.001564
506 0.0196175
491 0.00343394
487 0.017192
475 3.10141e-23
478 2.48605
479 0.874027
479 0.695149
479 0.0694806
480 0.136682
480 0.512954
480 0.110793
480 0.00647274
481 0.272515
481 0.489369
481 0.00818939
482 0.0341452
482 0.548967
483 0.41187
485 2.01495
486 0.352258
487 0.864597
487 0.387879
487 0.0280704
488 1.03439
489 0.160074
489 0.163835
490 0.554145
490 0.458735
490 0.101733
491 1.02402
492 0.40794
492 0.21801
493 0.713535
493 0.264967
494 0.256093
494 0.396399
494 0.256144
495 0.476808
496 0.669495
496 0.356229
496 0.134172
496 0.0522638
497 0.304393
497 0.437136
498 0.54583
498 0.415968
499 0.0876867
499 0.856621
500 0.0604443
500 0.199172
500 0.299734
502 1.4981
502 0.0694383
502 0.118729
502 0.082501
503 0.800274
503 0.0553472
503 0.341097
504 0.238441
504 0.148592
504 0.0187454
504 0.0266794
504 0.278392
505 0.343068
505 0.081391
505 0.00506369
505 0.00284835
505 0.567804
506 0.863856
506 0.245466
508 1.30624
508 0.393139
509 0.390961
509 0.350084
509 0.404701
510 0.17912
510 0.661123
511 0.940829
512 0.665976
512 0.232197
512 0.103708
513 0.0945128
513 0.401877
514 0.819625
514 0.081669
514 0.0339823
514 0.0115921
514 0.0797976
515 0.948296
515 0.357428
515 0.00480423
516 0.260439
518 2.13316
518 0.315822
518 0.383721
519 0.43591
519 0.0491684
521 2.16026
521 0.128559
521 0.13262
522 0.649541
522 0.00472356
523 1.3148
524 0.29731
524 0.242334
524 0.23475
524 0.171453
525 0.192449
850 2.62984e-23
878 0.00143419
898 0.00268428
1149 0.014001
1149 6.72596e-28
898 0.00111393
878 0.00186369
524 0.0384913
524 0.0546557
524 0.0274107
524 0.0817771
524 0.0513473
524 0.0500782
522 0.034899
522 0.0390693
522 0.113027
521 0.0446196
521 0.0354231
521 0.201405
519 0.0381943
519 0.0942625
518 0.0508026
518 0.0420833
518 0.0606657
516 0.0821044
515 0.0371999
515 0.0418823
514 0.0625015
514 0.0394763
514 0.0370329
514 0.0453031
513 0.0447864
513 0.0493825
512 0.0523528
512 0.0657446
512 0.0357268
511 0.0709995
510 0.127203
510 0.223279
509 0.0538839
509 0.106392
508 0.082074
508 0.0424788
506 0.122664
506 0.0469161
505 0.0565859
505 0.0356244
505 0.0111558
505 0.0225602
504 0.0903131
504 0.0468879
504 0.0511839
504 0.350354
504 0.0377261
503 0.0815327
503 0.0170767
503 0.277407
503 0.045509
503 0.10268
502 0.0415457
502 0.0337079
502 0.0703599
502 0.0442688
502 0.0414681
500 0.055203
500 0.0622314
500 0.0420673
499 0.0449898
499 0.147729
498 0.0685598
498 0.0389321
497 0.0801467
497 0.153232
496 0.0345062
496 0.156733
496 0.073529
495 0.154222
494 0.137575
494 0.0406716
493 0.0401786
493 0.0471619
492 0.051578
491 0.151342
490 0.035346
490 0.0491287
490 0.12222
489 0.0650362
489 0.295068
488 0.0683417
487 0.0577442
487 0.131676
487 0.0540923
486 0.0795038
485 0.105483
483 0.0441969
482 0.0423401
481 0.115101
481 0.0356694
481 0.0270608
481 0.0692844
481 0.0532032
480 0.04332
480 0.0366305
480 0.0824781
480 0.0412905
479 0.0389834
479 0.0450401
478 0.0884523
505 0.000121
522 0.001564
522 0.0133942
505 0.000904943
475 3.10141e-23
475 0.230312
475 0.318552
476 0.686247
477 0.906952
478 0.632574
479 0.898145
479 0.0422991
480 0.47434
480 0.363855
480 0.123819
480 0.0131758
482 1.77663
483 0.815808
484 0.271988
484 0.0291101
484 0.000400814
484 0.0278654
484 0.297448
484 0.132662
485 0.806843
486 0.193258
487 1.25274
488 0.949949
488 0.129735
488 0.167202
488 0.0530442
489 0.425617
489 0.0172844
489 0.254085
490 0.989266
491 0.598964
492 0.429139
492 0.201834
492 0.32234
492 0.136855
493 0.405221
493 0.14813
493 0.284473
493 0.0681995
494 0.729155
495 0.251379
495 0.486953
496 0.758372
496 1.33204
496 1.46943
496 0.0702235
496 2.73153
496 0.0295164
496 0.141059
496 0.654187
496 0.495726
496 1.94453
497 3.06957
497 2.99107
498 2.81787
498 2.76266
498 2.87072
498 3.4284
498 0.675288
475 0
31 0
516 0
494 0
480 0
476 0
477 0
483 0
520 0
475 0
76 0
496 0.0378457
496 0.0356512
496 0.0433407
495 0.0498094
494 0.0473623
493 0.0345984
493 0.0383713
493 0.0570577
493 0.1104
493 0.10443
492 0.0532603
492 0.0855551
492 0.131332
491 0.14341
490 0.0818489
489 0.0885157
489 0.118543
489 0.242467
488 0.047435
488 0.0424547
488 0.036304
488 0.0584178
487 0.0356879
486 0.0356815
485 0.0456576
484 0.0470688
484 0.191995
484 0.0361042
484 0.0486732
483 0.0401261
482 0.0562498
480 0.0464458
480 0.0356453
480 0.198996
479 0.0720048
479 0.072307
478 0.0810602
477 0.0436606
476 0.0511558
475 0.0891821
475 0.0492793
523 0
523 0.001564
523 0.0684028
523 0.0115696
525 0
659 0
499 0
499 0
501 0.001564
501 0.0337168
499 0.00424375
499 0.00520456
501 0
505 0
547 0
501 0.173563
501 0.168968
501 0.0502907
475 0
131 0
477 0.0686497
476 0.26379
480 0.00439097
494 0.0609882
516 4.38758
517 2.59319
517 2.8707
517 3.15499
517 2.42761
517 3.1188
517 2.87269
517 2.73773
518 2.89903
518 3.14389
518 1.88596
516 2.98931
516 0.438138
516 3.2433
516 3.07243
516 2.88845
516 2.73657
516 3.03099
516 3.38006
516 0.0777135
516 0.0370297
475 3.10141e-23
475 0.228789
476 0.634341
476 0.340446
476 0.080284
476 0.120003
476 0.0935337
476 0.0725305
477 0.285206
478 0.841599
479 1.17752
479 0.137655
480 0.171067
480 0.187341
480 0.14979
481 0.729097
482 0.599164
482 0.0731453
482 0.0258113
482 0.117471
482 0.415071
482 0.140847
482 0.0416551
484 1.35759
484 0.214231
485 0.384318
485 0.0539293
485 0.183297
486 0.843763
486 0.219794
488 1.16021
488 0.213144
488 0.419517
489 0.795292
490 0.285643
490 0.681379
490 0.0450305
491 0.256222
491 0.227553
492 0.861529
493 0.375667
494 1.20863
494 0.480969
496 0.973659
496 0.544585
497 0.720534
497 0.201785
500 2.00936
501 1.09634
501 0.0906197
501 0.406431
502 0.870286
503 0.0619469
503 0.192869
503 0.434813
504 0.245584
505 1.02137
505 0.0205005
505 0.114021
505 0.0233251
506 0.806998
506 0.0941413
507 0.831107
507 0.558987
508 0.231665
508 0.0363884
509 1.49857
510 0.704701
511 0.482779
511 0.138051
511 0.125852
511 0.302129
511 0.0799256
513 1.2362
513 0.0762729
513 0.336517
513 0.0153329
513 0.0616454
513 0.0573448
513 0.127701
514 0.851086
515 0.610078
516 0.617626
516 0.25371
517 0.607009
517 0.603903
517 0.0220853
517 0.0749265
517 0.0128641
518 0.273853
518 0.0216967
518 0.318758
519 1.09264
520 1.12187
520 0.150598
521 0.302343
521 0.157607
521 0.0273907
521 0.099615
521 0.145572
521 0.229707
521 0.0168604
521 0.0180257
522 0.768242
523 0.336428
523 0.0340846
524 0.947077
524 0.0463683
524 0.0653937
524 0.0262605
524 0.520095
524 0.135029
524 0.0393237
525 0.130852
850 2.64233e-23
1080 0.0144138
1149 0.00305443
1149 4.30202e-28
1080 0.00146324
524 0.049599
524 0.0982145
524 0.160731
524 0.0509335
523 0.0700377
523 0.0958336
522 0.0402674
521 0.0361255
521 0.0457204
521 0.041397
521 0.0570253
521 0.0578989
521 0.0590356
521 0.0361981
520 0.0737378
520 0.0374199
519 0.00177291
519 0.0446047
519 0.0379381
518 0.0728042
518 0.0811397
518 0.0732722
517 0.0408957
517 0.195566
517 0.134933
517 0.078226
517 0.0504466
516 0.0375681
515 0.10017
515 0.081169
514 0.106062
513 0.0624976
513 0.0837151
513 0.056406
513 0.0955332
511 0.0461459
511 0.0911008
511 0.0360345
511 0.0496276
511 0.0898663
509 0.246645
508 0.0576818
508 0.0397776
507 0.0374326
507 0.0427903
506 0.0347608
506 0.0677177
505 0.0341944
505 0.100494
505 0.215238
505 0.0475922
504 0.080097
503 0.0352316
503 0.109425
503 0.074847
502 0.0914917
501 0.081213
501 0.044439
500 0.0386823
497 0.0533288
497 0.102152
496 0.0619184
496 0.107804
494 0.135833
494 0.0819358
493 0.038588
492 0.0983162
491 0.0881893
491 0.050295
490 0.0515906
490 0.222661
490 0.0427986
489 0.0344418
488 0.0772395
488 0.0607304
486 0.0522187
485 0.142721
485 0.355771
484 0.0793747
484 0.162899
483 0.154693
483 0.176685
483 0.0817929
482 0.13686
482 0.0344381
482 0.0524856
482 0.0616609
482 0.142803
481 0.0345682
480 0.0505797
480 0.203947
480 0.0457462
479 0.0625969
479 0.144061
478 0.176404
478 0.0443088
477 0.0402039
476 0.133337
476 0.0623128
476 0.281562
476 0.041616
476 0.0367164
476 0.0388759
475 0.0864696
