500 -13
500 13
476 -13
476 13
506 -13
506 13
480 -13
480 13
489 -13
489 13
510 -10
510 10
510 -1
510 1
510 -1
510 1
510 -1
510 1
507 -12
507 12
507 -1
507 1
505 -13
505 13
509 1
509 -1
509 1
509 -1
524 -12
524 12
524 -1
524 1
493 -13
493 13
480 -12
480 12
480 -1
480 1
509 -11
509 11
509 -1
509 1
509 -1
509 1
498 1
497 -1
499 -13
499 13
484 1
484 -1
498 1
498 -1
475 -10
475 10
475 -1
475 1
475 -1
477 1
477 1
477 -1
477 1
477 -1
477 1
477 -1
476 1
476 -1
476 1
476 -1
476 1
476 -1
476 1
476 -1
476 1
476 -1
476 1
476 -1
476 1
476 -1
476 1
476 -1
476 1
476 -1
476 1
476 -1
476 1
476 -1
476 1
476 -1
476 1
476 -1
476 1
476 -1
476 1
476 -1
476 1
476 -1
476 1
476 -1
476 1
476 -1
476 1
476 -1
475 1
475 -1
475 1
475 -1
475 1
475 -1
475 1
475 -1
475 1
475 -1
475 1
475 -1
475 1
475 -1
475 -1
490 1
488 1
488 -1
488 1
488 -1
488 1
488 -1
487 1
487 -1
487 1
487 -1
486 1
486 -1
486 1
486 -1
486 1
486 -1
486 1
486 -1
486 1
486 -1
485 1
485 -1
485 1
485 -1
485 1
485 -1
485 1
485 -1
484 1
484 -1
484 1
484 -1
484 1
484 -1
484 1
484 -1
483 1
483 -1
482 1
482 -1
482 1
482 -1
482 1
482 -1
482 1
482 -1
481 1
481 -1
481 1
481 -1
481 1
481 -1
481 1
481 -1
480 1
480 -1
480 1
480 -1
480 1
480 -1
480 1
480 -1
479 1
479 -1
479 1
479 -1
479 1
479 -1
479 1
479 -1
479 1
479 -1
478 1
478 -1
477 1
477 -1
477 1
477 -1
477 1
477 -1
476 1
476 -1
475 1
475 -1
475 1
475 -1
475 1
475 -1
479 1
479 -1
507 -12
507 12
507 -1
507 1
495 -13
495 13
518 -13
518 13
508 -13
508 13
484 -9
484 9
484 -1
484 1
484 -1
484 1
484 -1
484 1
484 -1
484 1
480 1
480 -1
506 1
506 -1
482 1
482 -1
507 -13
507 13
507 -13
507 13
