475 7.07669e-21
475 6.60543e-05
475 0.0028092
475 2.04471e-21
475 6.01339e-10
475 0.000372706
475 4.39659e-06
475 1.89686e-05
475 0.0002276
475 5.00153e-05
475 2.69478e-31
475 3.08466e-25
475 4.8053e-05
475 0.000101979
475 5.22462e-08
475 9.54084e-22
475 2.71411e-12
475 1.05399e-07
475 1.50449e-20
475 2.96252e-15
475 1.53361e-05
475 6.6e-13
475 2.92046e-08
475 3.05234e-67
475 1.12757e-23
475 5.18149e-31
475 2.31256e-26
475 3.3778e-06
475 6.62149e-51
475 1.91141e-07
475 1.11658e-36
475 3.89891e-26
475 6.55298e-11
475 8.69044e-11
475 8.24868e-25
475 5.95797e-14
475 0.000281935
