475 9.16961e-23
475 0.033149
475 0.316522
475 0.438464
475 0.0376244
476 2.30733
476 0.0483603
476 1.46863
477 2.42985
477 0.308223
477 0.0892989
477 0.266543
477 0.00522041
478 0.251194
478 0.169336
478 0.594831
478 0.172615
478 0.221469
478 0.109488
478 0.348938
478 0.471639
478 0.227791
479 1.82905
479 0.792779
479 0.213533
479 0.378943
480 0.699539
480 0.409572
480 0.130272
480 0.436303
480 1.03642
481 1.77779
481 0.644586
481 0.397245
481 1.33185
481 0.04005
481 1.00386
482 0.589869
482 0.116959
482 0.72881
482 1.858
482 0.105755
482 0.426363
482 0.496356
482 0.691566
482 0.194022
483 1.19324
483 1.59494
483 3.2294
484 2.9717
484 2.79984
484 2.84304
484 2.89526
484 3.47292
484 0.164909
483 0.0369714
482 0.0407682
482 0.0422817
482 0.0473907
482 0.0370016
482 0.0410315
482 0.045334
482 0.0344968
482 0.0443894
482 0.0548503
481 0.0356981
481 0.0591295
481 0.0497633
481 0.0373474
481 0.0592528
480 0.0509655
480 0.0358041
480 0.0362692
480 0.0409265
479 0.0381433
479 0.0485247
479 0.0348341
479 0.0487632
478 0.0446726
478 0.0511329
478 0.0422761
478 0.0467354
478 0.0555246
478 0.080258
478 0.0344544
478 0.0466523
477 0.0550319
477 0.0396252
477 0.0755815
477 0.0632286
477 0.0411489
476 0.0846494
476 0.0362965
475 0.0475656
475 0.046892
475 0.0371704
475 0.00183723
475 0.00131987
475 0.0021515
475 0.00245829
475 0.00425024
475 0.00279752
475 0.00144633
475 0.00172546
475 0.00329019
475 0.00243032
475 0.00415301
475 0.00414391
475 0.00683983
475 0.00378864
475 0.0335731
480 0.183712
