475 9.16961e-23
475 0.116474
475 1.02917
475 0.0344735
475 0.0393553
475 0.375845
475 0.0255451
476 2.66714
477 2.05184
477 0.593864
477 0.0470456
477 0.15493
478 2.90604
478 0.0978719
479 0.984733
479 0.63552
479 1.28689
480 3.23125
480 0.141115
481 1.39681
481 0.0664369
481 1.84551
481 0.513634
482 0.458663
482 3.99328
483 3.60583
484 3.24098
484 3.09502
485 2.79002
485 2.95248
485 2.98383
485 3.10994
485 2.34154
485 0.0335604
482 0.036496
481 0.0520624
481 0.0643763
481 0.0408547
481 0.0390215
480 0.0679138
480 0.0662158
479 0.0482198
479 0.0575104
479 0.0391917
478 0.0369072
478 0.0474117
477 0.0345967
477 0.0459156
477 0.0374558
477 0.0712142
476 0.0453891
475 0.0413284
475 0.0815959
475 0.0341953
475 0.0779875
475 0.0391762
475 0.0483225
