475 9.16961e-23
475 0.246559
475 0.436629
476 1.83145
476 0.164257
476 0.22827
476 0.146367
476 0.374138
476 0.164503
476 0.029133
476 0.0493758
476 0.402987
476 0.343261
477 0.42829
477 0.906712
477 0.0456125
477 0.865266
477 0.288362
477 0.135902
478 1.28536
478 0.733638
478 0.820813
478 0.105064
478 0.0762525
479 0.557972
479 0.484921
479 1.11846
480 2.81299
480 1.26225
481 0.422556
481 0.258338
481 0.121277
481 0.321831
481 1.0949
481 1.5278
482 1.3311
482 0.221752
482 0.515074
482 2.31985
483 1.38674
483 0.346477
483 0.000478706
483 1.51531
484 2.09635
484 0.842787
484 1.09961
484 2.84133
485 2.93594
485 2.78261
485 2.82939
485 3.27289
485 1.09661
485 0.286553
484 0.034349
483 0.0442179
483 0.0358352
483 0.0449462
483 0.0441645
482 0.0343677
482 0.0442845
482 0.0378748
482 0.043774
481 0.0479862
481 0.0598007
481 0.0663357
481 0.0349755
481 0.0393771
481 0.0361261
480 0.0441383
480 0.0424125
479 0.0369015
479 0.0356853
479 0.0825729
478 0.044212
478 0.0769683
478 0.0687074
478 0.0390682
478 0.0846065
477 0.0375047
477 0.0438963
477 0.0430831
477 0.0469153
477 0.0362015
476 0.0472643
476 0.0428404
476 0.100889
476 0.0970382
476 0.0366861
476 0.102741
476 0.0680295
476 0.0793003
476 0.0697708
476 0.0420834
475 0.0421869
475 0.0475337
