475 9.16961e-23
475 0.274256
475 0.580383
475 1.12109
476 0.724631
476 0.0790949
476 0.389578
476 0.371587
476 0.345999
476 0.081035
477 2.14644
477 0.552399
477 0.117266
477 0.363611
478 0.291321
478 0.958002
478 1.90426
479 0.92358
479 0.47899
479 0.102331
479 0.568516
479 0.233698
480 1.29605
480 1.30906
481 2.64915
481 0.0112494
481 1.96188
482 0.328087
482 0.906661
482 0.891033
482 1.18054
483 2.65497
483 2.85683
484 0.673063
484 0.19953
484 1.35682
484 1.68922
485 2.91295
485 3.00422
485 2.81075
485 2.75982
486 3.38099
486 1.15011
484 0.0357246
484 0.0391683
484 0.0346493
483 0.0360512
482 0.0425642
482 0.0440571
482 0.041595
482 0.0472217
481 0.0447534
481 0.0391535
481 0.0381383
480 0.0710165
480 0.0560172
479 0.0553047
479 0.0585822
479 0.0430442
479 0.0343802
479 0.051693
478 0.0343935
478 0.037496
478 0.0445378
477 0.0376714
477 0.0452136
477 0.0596564
477 0.0471769
476 0.0701729
476 0.0421084
476 0.0345708
476 0.0666668
475 0.0761609
