475 1.93786e-21
475 1.86745e-20
475 3.01487e-09
475 4.61274e-14
475 9.64601e-16
475 1.56201e-51
475 3.32298e-07
475 4.70202e-65
475 1.71387e-07
475 1.57483e-15
475 0.00021813
475 5.07072e-05
475 1.18053e-05
475 5.61875e-06
475 3.52605e-06
475 6.10851e-06
286 1.44131e-22
475 1.93786e-21
475 5.82919e-06
475 8.85021e-81
475 8.98076e-67
475 7.62645e-10
475 3.15099e-20
475 4.13622e-37
475 2.28883e-08
475 6.41525e-36
475 1.11719e-29
475 1.62921e-16
475 3.00901e-07
475 8.39072e-22
475 4.07541e-13
475 1.65784e-24
475 3.84414e-27
475 2.27343e-43
475 5.10757e-45
475 5.32518e-24
475 3.76173e-20
475 6.56782e-47
475 2.2033e-45
475 2.21519e-06
475 5.37886e-12
475 1.74078e-19
475 2.29933e-24
475 7.21279e-33
475 7.98106e-47
475 4.04576e-43
475 3.7418e-05
475 0.000254213
475 1.93786e-21
475 1.4744e-05
475 4.91779e-06
475 1.67706e-64
475 5.02693e-07
0 2.03552e-21
475 1.93786e-21
475 1.06609e-37
475 2.8039e-20
475 1.04198e-05
475 5.68549e-76
475 2.48114e-07
475 4.13063e-10
475 4.10706e-06
475 6.15266e-22
475 2.11643e-164
475 0.000247672
475 1.25843e-05
475 1.54163e-05
475 9.55191e-06
475 1.93786e-21
475 6.14842e-12
475 8.95037e-112
475 2.17492e-28
475 9.9506e-27
475 1.12869e-50
475 1.56936e-05
475 7.51926e-18
475 5.56472e-12
475 3.20301e-60
475 5.87032e-22
475 3.20327e-06
475 1.02019e-65
475 0.000157699
475 2.38986e-05
475 7.14455e-06
475 3.63281e-05
475 3.2075e-06
475 2.50153e-06
475 1.22844e-05
475 8.81802e-06
475 3.276e-06
475 7.24223e-07
475 1.41429e-05
475 7.61348e-06
475 3.46479e-06
475 1.93786e-21
475 8.54614e-08
475 0.000299915
475 1.93786e-21
475 1.57342e-16
475 3.73323e-05
475 8.74072e-37
475 6.78613e-15
475 3.91543e-30
475 3.11226e-06
212 1.40825e-21
475 1.93786e-21
475 0.000287942
475 2.67436e-06
475 6.76499e-06
434 1.04592e-22
475 1.93786e-21
475 6.85286e-16
475 1.04453e-07
475 0.000191608
475 7.41597e-05
475 2.08061e-05
475 8.70082e-06
475 4.62122e-06
475 1.93786e-21
475 1.48759e-52
475 7.06738e-06
475 4.0617e-06
475 2.11408e-11
475 4.01429e-08
475 9.41436e-15
475 1.33421e-36
475 2.70586e-13
475 9.71123e-34
475 1.95022e-35
475 1.05954e-13
475 7.4977e-16
475 8.06866e-19
475 1.93593e-39
475 2.78152e-05
475 1.6362e-14
475 1.30173e-06
475 2.71736e-18
475 3.36629e-87
475 5.9626e-80
475 4.24762e-20
475 3.82561e-47
475 2.07285e-13
475 6.71735e-35
475 1.45146e-99
475 7.8174e-11
475 1.52649e-43
475 1.18791e-67
475 1.52752e-16
475 4.39937e-15
475 1.00562e-16
475 2.59003e-08
475 1.73141e-19
475 4.01394e-27
475 3.70893e-13
475 5.01921e-06
475 1.76233e-26
475 7.92344e-16
475 4.05119e-18
475 9.05319e-64
475 4.30811e-108
475 2.06932e-41
475 1.57947e-21
475 4.75731e-06
470 1.09182e-21
