475 0
495 2.35784e-05
494 1.51298e-05
500 1.76819e-06
505 0
627 0
475 0
490 1.25398e-05
492 2.09306e-05
475 0
113 0
475 0
483 1.67783e-05
479 0
437 0
475 0
493 2.27291e-05
492 1.44861e-05
493 1.73603e-05
493 1.00231e-05
492 4.29452e-06
491 0
485 0
475 0
491 2.17336e-05
475 0
280 0
475 0
525 0
850 0
1149 0
475 0
497 1.48027e-05
497 0
490 0
475 0
483 2.06156e-05
475 0
310 0
475 0
506 5.98563e-06
513 7.21097e-06
513 2.56565e-05
515 1.43898e-05
517 0
530 0
475 0
525 0
850 0
1149 0
475 0
525 0
850 0
1149 0
475 0
525 0
850 0
1149 0
475 0
501 2.03205e-05
488 0
372 0
475 0
502 2.47806e-05
501 1.15335e-05
499 7.64245e-06
504 1.97769e-05
503 0
495 0
475 0
478 2.08279e-05
475 0
313 0
475 0
482 1.79505e-06
485 2.52803e-06
512 0
773 0
475 0
494 1.81236e-05
493 8.34177e-06
493 1.13011e-05
492 1.56081e-05
493 4.53749e-06
499 6.09993e-06
499 0
460 0
475 0
525 0
850 0
1149 0
475 0
497 9.70146e-06
506 0
587 0
475 0
485 2.41346e-05
475 0
212 0
475 0
525 0
850 0
1149 0
475 0
525 0
850 0
1149 0
475 0
500 8.55251e-06
510 1.03366e-05
505 0
369 0
475 0
484 6.31017e-06
490 4.8406e-06
498 1.46427e-05
498 0
492 0
475 0
525 0
850 0
1149 0
475 0
478 2.43534e-05
475 0
204 0
475 0
492 1.3086e-06
525 0
1109 0
475 0
525 0
850 0
1149 0
475 0
514 1.92607e-05
513 9.30738e-06
496 1.69714e-05
502 0
543 0
475 0
476 6.58716e-06
494 0
657 0
475 0
482 1.82534e-05
481 8.67487e-06
499 1.89743e-06
503 0
601 0
475 0
489 1.12716e-05
493 8.22174e-06
516 0
756 0
475 0
515 8.98706e-06
518 6.31676e-06
524 2.1628e-05
524 1.25677e-05
523 1.73704e-05
525 0
571 0
475 0
489 2.06965e-06
494 2.59268e-05
490 9.96591e-06
490 3.00086e-06
488 9.17838e-06
475 0
159 0
475 0
485 6.48844e-06
502 0
658 0
475 0
483 4.52122e-06
484 1.30379e-05
483 1.86206e-05
509 1.46259e-05
506 2.24633e-07
506 1.03903e-05
481 6.66182e-06
481 7.69124e-06
483 1.58518e-06
486 1.55294e-05
482 8.53499e-06
484 6.07895e-06
479 4.38285e-06
475 0
278 0
475 0
522 1.55532e-05
520 0
502 0
475 0
525 0
850 0
1149 0
475 0
525 0
850 0
1149 0
475 0
507 2.36887e-05
499 9.42113e-06
475 0
174 0
475 0
485 3.65029e-06
512 1.31922e-06
525 0
914 0
1011 0
1149 0
475 0
505 2.04935e-05
501 1.97255e-05
496 1.56113e-05
486 0
392 0
475 0
485 1.94772e-05
475 0
386 0
475 0
517 4.46089e-06
525 0
860 0
475 0
476 7.37837e-07
487 2.43511e-05
475 0
22 0
475 0
488 2.62785e-05
477 1.10805e-05
475 1.67155e-05
475 0
333 0
475 0
488 1.58889e-05
486 1.84744e-05
485 1.42286e-05
490 1.62427e-05
492 1.45782e-05
492 1.47249e-05
492 0
515 0
475 0
495 5.63377e-06
503 2.56364e-05
502 6.48079e-06
475 0
0 0
475 0
479 2.68677e-05
475 0
0 0
475 0
525 0
850 0
1149 0
475 0
505 2.61277e-05
497 5.1521e-06
493 1.47205e-05
493 1.58667e-05
494 1.10969e-05
494 0
494 0
475 0
484 1.36631e-06
510 1.12428e-05
515 2.2286e-06
515 2.56012e-05
514 1.28885e-05
507 1.93489e-05
525 0
818 0
475 0
520 4.65372e-06
523 1.32917e-05
507 0
358 0
475 0
495 1.20599e-05
500 0
544 0
475 0
514 5.31142e-06
525 0
724 0
475 0
516 1.70743e-05
511 0
467 0
475 0
502 2.40303e-05
501 5.8311e-06
475 0
0 0
475 0
525 0
850 0
1149 0
475 0
475 1.91014e-06
476 6.21856e-06
514 1.17901e-05
511 0
411 0
475 0
476 8.60749e-06
487 1.51025e-05
493 3.56844e-06
494 0
592 0
475 0
484 2.00848e-05
475 0
347 0
475 0
494 1.06962e-05
496 1.74451e-05
525 0
988 0
475 0
477 6.89868e-06
483 1.54242e-05
484 3.89357e-06
484 2.18156e-05
484 1.18728e-05
488 1.59549e-05
479 0
356 0
475 0
525 0
850 0
1149 0
475 0
513 1.64988e-05
508 0
465 0
475 0
478 2.19415e-05
476 1.13095e-05
475 0
470 0
475 0
482 2.68769e-05
475 0
0 0
475 0
490 2.07555e-05
475 0
335 0
475 0
520 2.15179e-05
514 2.04149e-05
509 1.56009e-05
505 1.11497e-05
503 0
311 0
475 0
525 0
850 0
1149 0
475 0
478 2.50676e-05
477 1.46159e-05
475 0
384 0
475 0
495 2.1777e-05
495 2.04934e-05
525 0
894 0
1038 0
1149 0
475 0
495 2.60687e-05
493 4.00055e-06
480 1.72601e-05
483 1.13196e-06
491 8.47825e-06
500 8.59021e-06
490 1.10336e-05
508 0
948 0
475 0
493 1.11794e-05
496 1.33107e-06
493 0
447 0
475 0
525 0
850 0
1149 0
475 0
525 0
850 0
1149 0
475 0
490 2.30882e-05
484 1.64912e-05
498 1.48761e-05
495 1.38182e-05
500 0
697 0
475 0
525 0
850 0
1149 0
475 0
521 1.81548e-05
514 0
450 0
475 0
488 8.11871e-06
497 1.82703e-05
483 2.29268e-05
505 0
986 0
475 0
519 1.00047e-05
525 0
611 0
475 0
525 0
850 0
1149 0
475 0
484 3.0698e-06
502 2.62856e-06
511 0
647 0
475 0
525 0
850 0
1149 0
475 0
510 1.08064e-05
517 0
579 0
475 0
525 0
850 0
1149 0
475 0
504 1.65118e-05
503 1.61827e-05
502 1.64317e-05
501 8.55136e-06
498 0
468 0
475 0
475 2.66177e-05
475 0
0 0
475 0
525 0
850 0
1149 0
475 0
487 2.01932e-05
480 1.45881e-05
475 0
331 0
475 0
480 2.48547e-05
475 0
55 0
475 0
496 1.00968e-05
501 1.66918e-05
498 2.06105e-05
525 0
930 0
475 0
505 2.3843e-05
475 0
203 0
475 0
477 1.59212e-05
475 0
442 0
475 0
497 5.6263e-06
511 1.7072e-05
494 0
336 0
475 0
504 2.20997e-05
487 3.48457e-06
487 0
407 0
475 0
477 1.36306e-05
479 9.95046e-06
478 0
468 0
475 0
491 1.3062e-05
492 1.31775e-05
476 5.27086e-06
475 0
358 0
475 0
497 2.69489e-05
475 0
0 0
475 0
499 3.29419e-06
502 5.1978e-06
506 5.34765e-06
521 0
723 0
