475 1.93786e-21
475 1.06631e-29
475 2.90619e-45
475 9.73345e-06
475 0
475 9.16534e-07
475 4.47991e-05
475 5.00669e-07
475 1.40692e-17
475 1.0551e-60
475 2.42456e-51
475 2.38592e-12
475 1.33117e-45
475 2.21812e-36
475 6.82874e-06
475 5.03668e-36
475 1.52817e-05
475 8.03238e-51
475 2.89535e-93
475 5.71777e-12
475 1.47236e-17
475 8.8577e-08
475 1.52016e-11
475 6.74096e-12
475 1.07611e-48
475 4.07536e-12
475 1.53958e-32
475 1.05358e-28
475 1.47403e-23
475 3.61924e-21
475 3.02267e-06
475 0.000218829
