475 1.93786e-21
475 8.73345e-28
475 8.51889e-68
475 3.00291e-07
475 6.87639e-09
475 0.000127607
475 5.17067e-15
475 6.89957e-43
475 1.68113e-12
475 1.86012e-42
475 1.23103e-59
475 3.8595e-48
475 7.21272e-07
475 1.72469e-122
475 9.74428e-87
475 8.94718e-20
475 4.88916e-17
475 1.88269e-07
475 6.10761e-80
475 3.11354e-27
475 6.24734e-47
475 1.82283e-158
475 2.75139e-46
475 1.21654e-53
475 5.32689e-31
475 5.22535e-43
475 2.56341e-15
475 1.33961e-44
475 1.194e-52
475 6.29542e-33
475 2.5352e-21
475 1.97046e-19
475 1.01646e-80
475 9.41456e-40
475 5.92064e-71
475 6.93761e-41
475 2.38036e-16
475 1.19142e-65
475 6.866e-08
475 9.45383e-13
475 5.82836e-24
475 1.55076e-18
475 0.000171108
