475 2.39303e-23
475 0.007431
478 2.14173
478 0.0186655
479 0.42681
479 0.14437
480 0.579489
480 0.530592
481 0.0570465
481 0.214013
481 0.290689
481 0.0870175
482 0.461788
482 0.0335252
483 0.301074
486 2.3579
488 0.670405
489 1.18486
489 0.0502986
490 0.425102
491 0.801724
495 2.4273
496 0.431044
496 0.330165
497 0.506846
498 0.558709
499 0.850521
503 2.18725
503 0.40585
504 0.188809
504 0.147272
504 0.034213
505 0.551088
505 0.195338
505 0.0139507
506 0.315307
508 1.62022
508 0.164406
509 0.670167
509 0.0175102
510 0.214504
510 0.372195
511 0.53719
511 0.298088
511 0.0123962
512 0.394178
513 0.309033
513 0.166868
513 0.368764
514 0.690857
515 0.161611
516 0.583996
516 0.183222
517 0.376323
517 0.223885
517 0.14813
517 0.186632
518 0.163923
519 0.602608
519 0.104211
519 0.370997
520 0.450863
520 0.0846873
521 0.176875
523 1.8707
524 0.449307
524 0.114781
524 0.106159
525 0.101292
851 1.78785e-23
878 0.00115646
960 0.00158753
1006 0.00174407
1131 0.00431971
1145 0.000515133
1150 2.28868e-25
1131 0.00142797
1007 0.00101262
1008 0.00175971
1008 0.00156111
960 0.00229505
960 0.00192448
524 0.00274107
524 0.0583445
524 0.0426069
524 0.0461934
524 0.0370804
523 0.102834
521 0.10205
519 0.0423999
519 0.0424434
519 0.0347559
518 0.0352151
517 0.066476
517 0.0436719
517 0.0344843
517 0.0383285
516 0.040823
516 0.0377644
514 0.0728243
513 0.0461524
513 0.0616986
513 0.113101
512 0.0554537
511 0.0492269
511 0.0559726
511 0.0528398
510 0.0901227
510 0.0621959
509 0.0372684
509 0.0369742
508 0.0362406
508 0.0389638
506 0.0887994
505 0.0857235
505 0.0357058
505 0.0412956
504 0.0502216
504 0.0342362
504 0.045445
503 0.0555663
503 0.0625273
499 0.0161407
499 0.175999
498 0.0703897
498 0.426393
498 0.0352626
497 0.0508789
496 0.0653161
496 0.0448848
495 0.102122
490 0.036971
489 0.118896
489 0.0723683
488 0.0381348
487 0.35559
483 0.0818833
482 0.0384646
482 0.0968306
481 0.0462096
481 0.0485285
481 0.0363866
481 0.0364283
480 0.0362028
480 0.0476048
479 0.256834
479 0.050184
479 0.461677
479 0.150972
478 0.0410618
478 0.0484286
475 0.00780052
475 0.0180605
475 0.0167751
475 0.0132105
475 0.00861959
475 0.00853296
475 0.00783528
475 0.00542625
475 0.0203182
475 0.0172942
475 0.051076
475 0.0323379
475 0.0419526
475 0.0344257
475 0.197684
475 0.0355089
499 0.001564
499 0.00066032
