475 2.39303e-23
475 0.107406
476 1.13215
479 1.20715
481 1.26138
482 1.06383
483 0.723188
484 0.389322
484 0.236461
484 0.0478501
486 1.18759
487 0.589785
487 0.0475945
488 0.532207
490 0.877804
490 0.47716
491 0.121828
491 0.125094
491 0.0493785
491 0.319221
493 0.887016
493 0.355524
495 1.30963
496 0.138659
496 0.219669
496 0.138515
496 0.0582833
496 0.0495384
496 0.036206
498 1.05253
498 0.0767813
498 0.0613744
498 0.0210252
498 0.0624752
499 0.215629
499 0.223383
499 0.324321
500 0.1799
500 0.399111
501 0.616311
501 0.0191099
501 0.0441544
502 0.398594
503 0.462361
503 0.0307324
503 0.131107
504 0.801695
505 0.69783
505 0.211607
505 0.0313834
506 0.451405
506 0.0334004
506 0.0203001
507 0.266283
508 1.04695
509 0.297604
509 0.172629
510 0.479291
510 0.566734
511 0.559737
511 0.0550138
513 0.985571
515 1.33467
515 0.466191
516 0.123361
516 0.350293
516 0.0741734
517 0.752886
518 0.310828
519 0.723454
519 0.077278
520 0.321672
521 0.804138
522 1.24803
524 1.08098
524 0.178016
524 0.0723789
525 0.0474458
850 1.78732e-23
1149 0.011243
1149 5.88984e-27
524 0.0682691
524 0.0441304
524 0.0408785
522 0.0729964
521 0.109111
520 0.0410986
519 0.0710299
519 0.129487
518 0.0400798
517 0.0409055
516 0.0521524
516 0.336149
516 0.0986135
515 0.0381256
511 0.0753892
510 0.0393058
509 0.0531842
508 0.0508944
507 0.0699562
506 0.0635209
506 0.0473172
505 0.0579909
505 0.155567
504 0.0639959
503 0.0484211
503 0.0384896
503 0.0390962
502 0.0376562
501 0.0426536
501 0.0506987
500 0.15645
500 0.0825923
499 0.0563703
499 0.302601
499 0.220803
499 0.460206
498 0.0579337
498 0.114903
498 0.0457936
498 0.0693099
498 0.168618
496 0.131221
496 0.14601
496 0.0451613
496 0.121711
496 0.0566447
496 0.0385113
495 0.0352676
493 0.0596637
493 0.0892562
491 0.105716
491 0.554645
491 0.05106
491 0.0491875
491 0.529624
490 0.195614
490 0.0775102
488 0.047174
487 0.153718
487 0.0542033
486 0.0622093
484 0.0346351
484 0.0396704
484 0.0935681
484 0.10523
484 0.0392151
483 0.13567
482 0.0595212
481 0.0873582
479 0.202155
476 0.0357783
475 0.0549971
475 0.0838404
499 0.000121
499 0.000917631
