475 2.39303e-23
475 0.428614
476 0.500903
476 0.232248
476 0.0578022
477 0.177551
479 1.58196
480 0.637682
482 1.47649
483 0.217137
483 0.427762
485 0.855501
485 0.0564665
486 0.471055
486 0.109042
486 0.00411453
486 0.194991
487 0.316361
487 0.141627
487 0.305897
489 0.9451
489 0.384069
490 0.405003
492 0.977383
492 0.328059
493 0.444277
493 0.245353
494 0.719055
495 0.0708543
495 0.630366
497 0.969765
497 0.233098
498 0.617762
500 1.22537
500 0.0563449
501 0.831129
503 0.965416
504 0.413056
506 1.48556
506 0.0450931
506 0.0913508
507 0.519257
507 0.273419
508 0.267907
508 0.433825
509 0.301185
509 0.0151147
509 0.313921
510 0.74767
516 3.64195
517 0.771794
517 0.0625165
518 0.567875
519 0.709066
519 0.00597671
520 0.616376
522 1.36806
522 0.00542654
522 0.306538
525 1.51462
850 1.77954e-23
1013 0.00645325
1148 0.00477063
1150 9.76446e-26
1013 0.00233103
1013 0.000728223
522 0.0709394
520 0.0458765
519 0.0626762
519 0.0547125
518 0.0374951
517 0.0740162
516 0.16291
516 0.0522648
510 0.0522555
509 0.0599881
509 0.0799084
509 0.155122
508 0.0432523
508 0.0445854
507 0.0360302
507 0.288561
506 0.205079
506 0.0344037
506 0.0357331
504 0.0893525
503 0.284123
501 0.0350734
500 0.12037
500 0.0397615
500 0.0552315
498 0.19445
497 0.0667877
495 0.0898808
495 0.21408
494 0.231747
493 0.0435747
493 0.124213
492 0.117429
490 0.0391587
489 0.0464722
487 0.0362963
487 0.209242
486 0.136915
486 0.0353681
486 0.0501747
485 0.0414874
485 0.0702907
485 0.0484732
485 0.0388118
483 0.0403092
483 0.0690746
482 0.0542478
477 0.041376
476 0.0625758
476 0.159674
476 0.0515369
