475 2.39303e-23
476 1.04097
478 1.05675
482 2.43317
482 0.132375
482 0.123172
482 0.0308407
486 2.25527
487 0.398341
487 0.527916
488 0.097947
488 0.65149
489 0.0417859
490 0.70719
490 0.557018
491 0.439435
493 0.93632
493 0.420689
493 0.127542
494 0.180626
494 0.0892545
494 0.120189
495 0.693019
496 0.593138
497 0.6191
497 0.218298
498 0.236079
499 0.46663
499 0.0889291
499 0.437792
499 0.101742
500 0.1428
500 0.013099
500 0.167385
500 0.177314
501 0.683853
502 0.244687
502 0.126539
502 0.167516
505 2.00603
507 0.992421
507 0.027775
507 0.000183053
509 1.47149
510 0.245207
510 0.284761
510 0.182497
512 1.18889
513 0.612073
513 0.0609414
515 1.3011
516 0.588857
517 0.77006
518 0.390396
518 0.423049
519 0.151508
519 0.343342
520 0.443887
520 0.24844
520 0.0102274
521 0.136058
521 0.0390833
521 0.233729
521 0.174934
521 0.0223507
522 0.226873
523 0.713837
523 0.0274868
523 0.126248
523 0.315179
524 0.572961
524 0.048489
525 0.0771945
851 1.7895e-23
1144 0.0110913
1150 3.06203e-25
524 0.0811303
523 0.0574474
523 0.0669108
523 0.103847
523 0.0786605
523 0.338244
523 0.0573153
522 0.0424988
521 0.045443
521 0.132261
521 0.0770048
521 0.0625402
521 0.0427997
520 0.0671186
519 0.038037
519 0.049269
518 0.046131
518 0.042949
517 0.0863489
515 0.134786
513 0.0711155
513 0.218987
513 0.0392463
512 0.0725305
510 0.343593
510 0.0413079
510 0.262321
507 0.0632382
507 0.113188
507 0.090433
505 0.0347272
502 0.0613729
502 0.106135
501 0.100016
500 0.061676
500 0.037371
500 0.0436106
500 0.0402476
499 0.0352944
499 0.0998648
499 0.193784
498 0.0353686
497 0.0521337
497 0.037489
496 0.0504424
495 0.0522078
494 0.0507702
494 0.0424278
494 0.276125
493 0.126665
493 0.137159
493 0.0358054
491 0.0403931
490 0.0905652
490 0.049559
488 0.0423315
487 0.0695353
487 0.066078
486 0.0406479
482 0.169977
482 0.0653154
482 0.0360384
482 0.142146
478 0.0714654
476 0.0351941
