475 2.39303e-23
475 0.596791
476 0.636658
477 0.192764
478 0.755291
478 0.342262
479 0.250058
479 0.276242
480 0.181819
480 0.0296367
481 1.23584
482 0.176425
482 0.28115
483 0.325202
483 0.122541
484 0.712197
485 0.302699
485 0.00152869
485 0.198158
485 0.0492129
485 0.283962
486 0.491489
487 0.311393
487 0.138496
487 0.149295
489 1.05802
491 1.33295
491 0.334249
491 0.0177799
492 0.688441
493 0.273528
494 0.500287
495 0.919858
496 0.326996
497 0.817446
498 0.519809
498 0.0789221
498 0.0631734
498 0.170929
499 0.773124
501 1.13727
501 0.0292698
503 1.21579
503 0.0653488
503 0.0620871
504 0.101712
505 1.12689
509 2.28991
511 1.62567
511 0.0231828
514 1.78722
514 0.233403
514 0.0725391
515 0.636725
515 0.0526335
516 0.116841
516 0.21848
517 1.11665
518 0.0958317
519 0.723617
520 0.708665
520 0.345018
520 0.0282383
521 0.0846403
521 0.131266
523 1.88061
524 0.0267742
524 0.147431
524 0.222943
525 0.285392
850 1.7845e-23
993 0.00564609
1009 0.0012092
1149 0.00570598
1149 4.5967e-26
1009 0.00202149
993 0.00116603
994 0.00179422
524 0.0615676
524 0.0431974
524 0.0831406
521 0.0347921
521 0.18936
521 0.105278
521 0.075301
520 0.0348703
520 0.0432772
519 0.0794402
518 0.0637093
518 0.488739
516 0.0430622
516 0.0451028
515 0.0370451
515 0.0506302
514 0.0540498
514 0.0693326
514 0.0518155
514 0.0822054
511 0.0503479
511 0.181489
511 0.166084
511 0.0453961
509 0.0371901
505 0.0658253
504 0.112818
503 0.0581336
503 0.0362742
503 0.0532976
501 0.062799
501 0.0380346
499 0.0578456
498 0.0398163
498 0.0349201
498 0.0714428
497 0.0629604
496 0.519474
495 0.0438393
494 0.051017
492 0.0359166
491 0.0452915
491 0.119381
489 0.0655463
487 0.0439727
487 0.065492
487 0.125824
486 0.0400725
485 0.0623342
485 0.124099
485 0.0414433
485 0.0825472
484 0.0584385
483 0.0431391
483 0.0469003
483 0.189373
483 0.0481753
482 0.0443236
482 0.154937
480 0.0451799
480 0.0361468
480 0.529211
480 0.207487
479 0.0461652
478 0.0644082
478 0.302172
477 0.23949
476 0.0471128
475 0.0368439
