475 2.39303e-23
475 0.37667
475 0.0931123
476 0.28967
476 0.311433
477 0.213848
477 0.409628
478 0.146867
478 0.344391
478 0.251579
478 0.0141732
479 0.115238
479 0.397136
479 0.0459072
479 0.141146
481 1.11458
483 1.00304
484 0.46338
485 0.571505
485 0.0697022
486 0.850388
487 0.508202
487 0.0175364
488 0.601783
488 0.294138
491 1.43939
491 0.228498
491 0.289801
492 0.622585
493 0.18219
493 0.333466
493 0.191738
494 0.0624
494 0.191727
494 0.0144623
494 0.220443
494 0.0775791
495 0.258679
496 0.753191
496 0.0508503
497 0.413305
503 4.17017
506 1.66316
509 2.044
511 1.64572
512 0.79109
514 0.656693
514 0.114444
514 0.124787
515 0.741608
515 0.0764557
516 0.307424
516 0.44072
516 0.0827471
516 0.0899967
518 0.928112
519 0.976244
520 0.552118
522 1.1731
522 0.330969
523 0.16143
523 0.126801
525 1.14723
850 1.77851e-23
859 0.000549389
1006 0.00451706
1149 0.00431598
1150 3.61509e-28
523 0.0385436
523 0.0616635
522 0.0555629
522 0.0787815
520 0.0366807
519 0.0991806
518 0.193867
516 0.0559795
516 0.10728
516 0.0385188
516 0.0550217
515 0.111181
515 0.090173
514 0.0372292
514 0.0988341
514 0.238786
514 0.203994
514 0.0649812
512 0.074467
511 0.109921
509 0.0591419
506 0.054966
497 0.0705766
496 0.0515016
495 0.362402
494 0.0569995
494 0.157
494 0.0704235
494 0.125204
494 0.0443699
493 0.0469948
493 0.193842
493 0.0392877
492 0.226712
491 0.0354977
491 0.0834634
491 0.08743
488 0.0422717
487 0.0424981
487 0.0748888
486 0.0373768
485 0.0769637
485 0.191352
484 0.0952861
481 0.0539146
479 0.0444864
479 0.038083
479 0.0706932
479 0.0395447
478 0.0825929
478 0.0806617
478 0.133767
478 0.0368428
477 0.0405966
477 0.0463189
476 0.0627654
476 0.472437
475 0.0558577
475 0.15921
