0 -1
475 1
0 -1
362 1
0 -1
465 1
0 -1
475 1
0 -1
475 1
0 -1
0 1
0 -1
0 1
0 -1
475 1
0 -1
475 1
0 -1
0 1
0 -1
0 1
0 -1
398 1
0 -1
11 1
0 -1
475 1
0 -1
475 1
0 -1
232 1
0 -1
475 1
0 -1
475 1
0 -1
332 1
0 -1
475 1
0 -1
475 1
0 -1
197 1
0 -1
475 1
0 -1
475 1
0 -1
475 1
0 -1
475 1
0 -1
475 1
0 -1
475 1
0 -1
475 1
0 -1
475 1
0 -1
475 1
0 -1
475 1
0 -1
475 1
0 -1
475 1
0 -1
475 1
0 -1
475 1
0 -1
384 1
0 -1
475 1
0 -1
475 1
0 -1
273 1
0 -1
171 1
0 -1
46 1
0 -1
120 1
0 -1
475 1
0 -1
475 1
0 -1
475 1
0 -1
475 1
0 -1
463 1
0 -1
475 1
0 -1
475 1
0 -1
475 1
0 -1
475 1
0 -1
475 1
0 -1
0 1
0 -1
475 1
0 -1
253 1
0 -1
475 1
0 -1
350 1
0 -1
253 1
0 -1
475 1
0 -1
0 1
0 -1
397 1
0 -1
475 1
0 -1
475 1
0 -1
475 1
0 -1
475 1
0 -1
475 1
0 -1
475 1
0 -1
475 1
0 -1
202 1
0 -1
475 1
0 -1
475 1
0 -1
475 1
0 -1
475 1
0 -1
475 1
0 -1
475 1
0 -1
475 1
0 -1
100 1
0 -1
257 1
0 -1
336 1
0 -1
475 1
0 -1
237 1
0 -1
475 1
0 -1
475 1
0 -1
475 1
0 -1
475 1
0 -1
475 1
0 -1
176 1
0 -1
191 1
0 -1
475 1
0 -1
224 1
0 -1
0 1
0 -1
475 1
0 -1
470 1
0 -1
314 1
0 -1
475 1
0 -1
475 1
0 -1
455 1
0 -1
475 1
0 -1
475 1
0 -1
0 1
0 -1
475 1
0 -1
475 1
0 -1
475 1
0 -1
0 1
0 -1
163 1
0 -1
475 1
0 -1
475 1
0 -1
404 1
0 -1
475 1
0 -1
475 1
0 -1
475 1
0 -1
475 1
0 -1
316 1
0 -1
475 1
0 -1
242 1
0 -1
475 1
0 -1
333 1
0 -1
475 1
0 -1
148 1
0 -1
241 1
0 -1
475 1
0 -1
475 1
0 -1
475 1
0 -1
475 1
0 -1
475 1
0 -1
475 1
0 -1
475 1
0 -1
475 1
0 -1
258 1
0 -1
242 1
0 -1
475 1
0 -1
475 1
0 -1
475 1
0 -1
43 1
0 -1
0 1
0 -1
475 1
0 -1
475 1
0 -1
299 1
0 -1
475 1
0 -1
475 1
0 -1
475 1
0 -1
475 1
0 -1
467 1
0 -1
224 1
0 -1
461 1
0 -1
475 1
0 -1
475 1
0 -1
361 1
0 -1
475 1
0 -1
475 1
0 -1
0 1
0 -1
475 1
0 -1
0 1
0 -1
239 1
0 -1
449 1
0 -1
286 1
0 -1
475 1
0 -1
475 1
0 -1
475 1
0 -1
475 1
0 -1
0 1
0 -1
475 1
0 -1
475 1
0 -1
0 1
0 -1
475 1
0 -1
475 1
0 -1
172 1
0 -1
107 1
0 -1
475 1
0 -1
475 1
0 -1
475 1
0 -1
0 1
0 -1
475 1
0 -1
475 1
0 -1
0 1
0 -1
158 1
0 -1
0 1
0 -1
475 1
0 -1
475 1
0 -1
153 1
0 -1
475 1
0 -1
475 1
0 -1
475 1
0 -1
475 1
0 -1
475 1
0 -1
0 1
0 -1
475 1
0 -1
258 1
0 -1
475 1
0 -1
475 1
0 -1
475 1
0 -1
122 1
0 -1
475 1
0 -1
475 1
0 -1
475 1
0 -1
195 1
0 -1
475 1
0 -1
221 1
0 -1
0 1
0 -1
195 1
0 -1
475 1
0 -1
475 1
0 -1
475 1
0 -1
475 1
0 -1
475 1
0 -1
475 1
0 -1
475 1
0 -1
475 1
0 -1
475 1
0 -1
475 1
0 -1
475 1
0 -1
475 1
0 -1
475 1
0 -1
475 1
0 -1
475 1
0 -1
475 1
0 -1
265 1
0 -1
475 1
0 -1
0 1
0 -1
0 1
0 -1
475 1
0 -1
475 1
0 -1
475 1
0 -1
14 1
0 -1
475 1
0 -1
475 1
0 -1
199 1
0 -1
0 1
0 -1
475 1
0 -1
475 1
0 -1
475 1
0 -1
475 1
0 -1
325 1
0 -1
475 1
0 -1
475 1
0 -1
475 1
0 -1
475 1
0 -1
475 1
0 -1
475 1
0 -1
0 1
0 -1
475 1
0 -1
475 1
0 -1
0 1
0 -1
475 1
0 -1
475 1
0 -1
0 1
0 -1
475 1
0 -1
475 1
0 -1
475 1
0 -1
267 1
0 -1
475 1
0 -1
475 1
0 -1
0 1
0 -1
475 1
0 -1
475 1
0 -1
475 1
0 -1
475 1
0 -1
0 1
0 -1
446 1
0 -1
475 1
0 -1
0 1
0 -1
475 1
0 -1
417 1
0 -1
475 1
0 -1
475 1
0 -1
475 1
0 -1
475 1
0 -1
279 1
0 -1
475 1
0 -1
475 1
0 -1
475 1
0 -1
475 1
0 -1
475 1
0 -1
475 1
0 -1
350 1
0 -1
475 1
0 -1
475 1
0 -1
351 1
0 -1
475 1
0 -1
475 1
0 -1
295 1
0 -1
245 1
0 -1
475 1
0 -1
0 1
0 -1
475 1
0 -1
475 1
0 -1
475 1
0 -1
475 1
0 -1
475 1
0 -1
30 1
0 -1
475 1
0 -1
475 1
0 -1
39 1
0 -1
475 1
0 -1
475 1
0 -1
475 1
0 -1
475 1
0 -1
475 1
0 -1
475 1
0 -1
475 1
0 -1
475 1
0 -1
0 1
0 -1
373 1
0 -1
475 1
0 -1
66 1
0 -1
475 1
0 -1
200 1
0 -1
475 1
0 -1
475 1
0 -1
32 1
0 -1
475 1
0 -1
475 1
0 -1
475 1
0 -1
475 1
0 -1
0 1
0 -1
0 1
0 -1
325 1
0 -1
475 1
0 -1
475 1
0 -1
475 1
0 -1
475 1
0 -1
475 1
0 -1
475 1
0 -1
0 1
0 -1
475 1
0 -1
0 1
0 -1
475 1
0 -1
475 1
0 -1
216 1
0 -1
475 1
0 -1
225 1
0 -1
475 1
0 -1
475 1
0 -1
475 1
0 -1
475 1
0 -1
475 1
0 -1
0 1
0 -1
475 1
0 -1
74 1
0 -1
475 1
0 -1
475 1
0 -1
258 1
0 -1
475 1
0 -1
475 1
0 -1
16 1
0 -1
283 1
0 -1
0 1
0 -1
475 1
0 -1
475 1
0 -1
475 1
0 -1
475 1
0 -1
475 1
0 -1
182 1
0 -1
0 1
0 -1
475 1
0 -1
475 1
0 -1
475 1
0 -1
475 1
0 -1
475 1
0 -1
293 1
0 -1
475 1
0 -1
475 1
0 -1
475 1
0 -1
66 1
0 -1
475 1
0 -1
475 1
0 -1
475 1
0 -1
475 1
0 -1
308 1
0 -1
0 1
0 -1
250 1
0 -1
31 1
0 -1
475 1
0 -1
475 1
0 -1
475 1
0 -1
475 1
0 -1
475 1
0 -1
475 1
0 -1
475 1
0 -1
475 1
0 -1
475 1
0 -1
475 1
0 -1
475 1
0 -1
438 1
0 -1
475 1
0 -1
0 1
0 -1
430 1
0 -1
475 1
0 -1
475 1
0 -1
259 1
0 -1
475 1
0 -1
475 1
0 -1
373 1
0 -1
475 1
0 -1
257 1
0 -1
475 1
0 -1
475 1
0 -1
199 1
0 -1
475 1
0 -1
475 1
0 -1
475 1
0 -1
475 1
0 -1
475 1
0 -1
264 1
0 -1
475 1
0 -1
306 1
0 -1
56 1
0 -1
235 1
0 -1
475 1
0 -1
475 1
0 -1
475 1
0 -1
20 1
0 -1
162 1
0 -1
475 1
0 -1
475 1
0 -1
475 1
0 -1
365 1
0 -1
0 1
0 -1
60 1
0 -1
399 1
0 -1
475 1
0 -1
68 1
0 -1
475 1
0 -1
475 1
0 -1
475 1
0 -1
475 1
0 -1
475 1
0 -1
475 1
0 -1
475 1
0 -1
0 1
0 -1
372 1
0 -1
66 1
0 -1
237 1
0 -1
475 1
0 -1
475 1
0 -1
475 1
0 -1
475 1
0 -1
0 1
0 -1
308 1
0 -1
475 1
0 -1
40 1
0 -1
475 1
0 -1
184 1
0 -1
475 1
0 -1
354 1
0 -1
475 1
0 -1
475 1
0 -1
475 1
0 -1
475 1
0 -1
475 1
0 -1
369 1
0 -1
475 1
0 -1
359 1
0 -1
475 1
0 -1
475 1
0 -1
475 1
0 -1
475 1
0 -1
475 1
0 -1
475 1
0 -1
475 1
0 -1
183 1
0 -1
475 1
0 -1
475 1
0 -1
475 1
0 -1
475 1
0 -1
475 1
0 -1
214 1
0 -1
475 1
0 -1
328 1
0 -1
475 1
0 -1
475 1
0 -1
475 1
0 -1
475 1
0 -1
0 1
0 -1
475 1
0 -1
475 1
0 -1
0 1
0 -1
0 1
0 -1
0 1
0 -1
475 1
0 -1
475 1
0 -1
414 1
0 -1
475 1
0 -1
475 1
0 -1
475 1
0 -1
475 1
0 -1
475 1
0 -1
475 1
0 -1
475 1
0 -1
475 1
0 -1
475 1
0 -1
212 1
0 -1
0 1
0 -1
475 1
0 -1
215 1
0 -1
475 1
0 -1
0 1
0 -1
475 1
0 -1
121 1
0 -1
475 1
0 -1
302 1
0 -1
475 1
0 -1
311 1
0 -1
405 1
0 -1
475 1
0 -1
290 1
0 -1
475 1
0 -1
475 1
0 -1
366 1
0 -1
475 1
0 -1
8 1
0 -1
475 1
0 -1
475 1
0 -1
250 1
0 -1
0 1
0 -1
475 1
0 -1
475 1
0 -1
475 1
0 -1
475 1
0 -1
255 1
0 -1
475 1
0 -1
475 1
0 -1
0 1
0 -1
475 1
0 -1
475 1
0 -1
0 1
0 -1
475 1
0 -1
202 1
0 -1
467 1
0 -1
475 1
0 -1
433 1
0 -1
422 1
0 -1
475 1
0 -1
475 1
0 -1
475 1
0 -1
475 1
0 -1
475 1
0 -1
0 1
0 -1
475 1
0 -1
475 1
0 -1
326 1
0 -1
475 1
0 -1
475 1
0 -1
376 1
0 -1
303 1
0 -1
475 1
0 -1
475 1
0 -1
475 1
0 -1
475 1
0 -1
475 1
0 -1
475 1
0 -1
475 1
0 -1
475 1
0 -1
307 1
0 -1
475 1
0 -1
475 1
0 -1
475 1
0 -1
475 1
0 -1
475 1
0 -1
475 1
0 -1
475 1
0 -1
343 1
0 -1
475 1
0 -1
475 1
0 -1
387 1
0 -1
475 1
0 -1
475 1
0 -1
475 1
0 -1
475 1
0 -1
475 1
0 -1
475 1
0 -1
475 1
0 -1
475 1
0 -1
475 1
0 -1
475 1
0 -1
475 1
0 -1
347 1
0 -1
475 1
0 -1
0 1
0 -1
475 1
0 -1
228 1
0 -1
475 1
0 -1
475 1
0 -1
342 1
0 -1
475 1
0 -1
475 1
0 -1
475 1
0 -1
0 1
0 -1
407 1
0 -1
475 1
0 -1
377 1
0 -1
475 1
0 -1
475 1
0 -1
475 1
0 -1
475 1
0 -1
475 1
0 -1
475 1
0 -1
475 1
0 -1
475 1
0 -1
475 1
0 -1
475 1
0 -1
448 1
0 -1
475 1
0 -1
475 1
0 -1
61 1
0 -1
475 1
0 -1
475 1
0 -1
210 1
0 -1
475 1
0 -1
410 1
0 -1
475 1
0 -1
475 1
0 -1
475 1
0 -1
475 1
0 -1
0 1
0 -1
475 1
0 -1
364 1
0 -1
44 1
0 -1
475 1
0 -1
475 1
0 -1
475 1
0 -1
475 1
0 -1
475 1
0 -1
475 1
0 -1
475 1
0 -1
475 1
0 -1
475 1
0 -1
475 1
0 -1
475 1
0 -1
264 1
0 -1
218 1
0 -1
475 1
0 -1
378 1
0 -1
475 1
0 -1
475 1
0 -1
475 1
0 -1
371 1
0 -1
475 1
0 -1
475 1
0 -1
475 1
0 -1
219 1
0 -1
475 1
0 -1
0 1
0 -1
0 1
0 -1
0 1
0 -1
475 1
0 -1
475 1
0 -1
0 1
0 -1
475 1
0 -1
475 1
0 -1
475 1
0 -1
475 1
0 -1
475 1
0 -1
242 1
0 -1
309 1
0 -1
282 1
0 -1
475 1
0 -1
475 1
0 -1
475 1
0 -1
475 1
0 -1
475 1
0 -1
475 1
0 -1
475 1
0 -1
475 1
0 -1
475 1
0 -1
475 1
0 -1
475 1
0 -1
475 1
0 -1
475 1
0 -1
475 1
0 -1
475 1
0 -1
475 1
0 -1
390 1
0 -1
475 1
0 -1
475 1
0 -1
250 1
0 -1
475 1
0 -1
475 1
0 -1
475 1
0 -1
475 1
0 -1
475 1
0 -1
475 1
0 -1
475 1
0 -1
475 1
0 -1
475 1
0 -1
475 1
0 -1
407 1
0 -1
475 1
0 -1
475 1
0 -1
475 1
0 -1
475 1
0 -1
475 1
0 -1
475 1
0 -1
475 1
0 -1
475 1
0 -1
475 1
0 -1
475 1
0 -1
280 1
0 -1
475 1
0 -1
475 1
0 -1
475 1
0 -1
475 1
0 -1
264 1
0 -1
475 1
0 -1
475 1
0 -1
475 1
0 -1
475 1
0 -1
475 1
0 -1
475 1
0 -1
475 1
0 -1
475 1
0 -1
475 1
0 -1
475 1
0 -1
329 1
0 -1
475 1
0 -1
475 1
0 -1
33 1
0 -1
475 1
0 -1
475 1
0 -1
475 1
0 -1
475 1
0 -1
168 1
0 -1
475 1
0 -1
475 1
0 -1
475 1
0 -1
475 1
0 -1
475 1
0 -1
475 1
0 -1
475 1
0 -1
302 1
0 -1
475 1
0 -1
475 1
0 -1
194 1
0 -1
288 1
0 -1
475 1
0 -1
475 1
0 -1
475 1
0 -1
0 1
0 -1
475 1
0 -1
475 1
0 -1
475 1
0 -1
0 1
0 -1
475 1
0 -1
475 1
0 -1
475 1
0 -1
475 1
0 -1
475 1
0 -1
194 1
0 -1
475 1
0 -1
359 1
0 -1
475 1
0 -1
475 1
0 -1
475 1
0 -1
0 1
0 -1
475 1
0 -1
475 1
0 -1
0 1
0 -1
475 1
0 -1
475 1
0 -1
475 1
0 -1
475 1
0 -1
238 1
0 -1
475 1
0 -1
475 1
0 -1
475 1
0 -1
208 1
0 -1
475 1
0 -1
475 1
0 -1
475 1
0 -1
475 1
0 -1
475 1
0 -1
475 1
0 -1
360 1
0 -1
475 1
0 -1
475 1
0 -1
96 1
0 -1
117 1
0 -1
475 1
0 -1
475 1
0 -1
475 1
0 -1
475 1
0 -1
475 1
0 -1
475 1
0 -1
202 1
0 -1
0 1
0 -1
475 1
0 -1
475 1
0 -1
98 1
0 -1
0 1
0 -1
475 1
0 -1
132 1
0 -1
475 1
0 -1
475 1
0 -1
475 1
0 -1
90 1
0 -1
475 1
0 -1
289 1
0 -1
475 1
0 -1
138 1
0 -1
475 1
0 -1
475 1
0 -1
475 1
0 -1
0 1
0 -1
475 1
0 -1
475 1
0 -1
475 1
0 -1
475 1
0 -1
267 1
0 -1
68 1
0 -1
0 1
0 -1
475 1
0 -1
475 1
0 -1
475 1
0 -1
475 1
0 -1
475 1
0 -1
475 1
0 -1
475 1
0 -1
475 1
0 -1
475 1
0 -1
475 1
0 -1
475 1
0 -1
475 1
0 -1
57 1
0 -1
335 1
0 -1
0 1
0 -1
315 1
0 -1
475 1
0 -1
327 1
0 -1
230 1
0 -1
475 1
0 -1
475 1
0 -1
422 1
0 -1
475 1
0 -1
475 1
0 -1
475 1
0 -1
475 1
0 -1
330 1
0 -1
475 1
0 -1
120 1
0 -1
306 1
0 -1
475 1
0 -1
475 1
0 -1
475 1
0 -1
0 1
0 -1
475 1
0 -1
475 1
0 -1
475 1
0 -1
475 1
0 -1
475 1
0 -1
426 1
0 -1
475 1
0 -1
475 1
0 -1
475 1
0 -1
0 1
0 -1
475 1
0 -1
475 1
0 -1
475 1
0 -1
475 1
0 -1
475 1
0 -1
475 1
0 -1
460 1
0 -1
368 1
0 -1
475 1
0 -1
475 1
0 -1
357 1
0 -1
475 1
0 -1
475 1
0 -1
475 1
0 -1
475 1
0 -1
475 1
0 -1
475 1
0 -1
0 1
0 -1
475 1
0 -1
475 1
0 -1
475 1
0 -1
475 1
0 -1
384 1
0 -1
475 1
0 -1
475 1
0 -1
475 1
0 -1
475 1
0 -1
475 1
0 -1
272 1
0 -1
475 1
0 -1
475 1
0 -1
475 1
0 -1
475 1
0 -1
0 1
0 -1
421 1
0 -1
475 1
0 -1
429 1
0 -1
305 1
0 -1
39 1
0 -1
475 1
0 -1
118 1
0 -1
475 1
0 -1
0 1
0 -1
475 1
0 -1
475 1
0 -1
475 1
0 -1
475 1
0 -1
475 1
0 -1
475 1
0 -1
475 1
0 -1
140 1
0 -1
475 1
0 -1
369 1
0 -1
475 1
0 -1
475 1
0 -1
475 1
0 -1
241 1
0 -1
475 1
0 -1
288 1
0 -1
475 1
0 -1
41 1
0 -1
475 1
0 -1
475 1
0 -1
475 1
0 -1
475 1
0 -1
202 1
0 -1
475 1
0 -1
239 1
0 -1
475 1
0 -1
475 1
0 -1
475 1
0 -1
297 1
0 -1
475 1
0 -1
475 1
0 -1
475 1
0 -1
305 1
0 -1
475 1
0 -1
475 1
0 -1
475 1
0 -1
311 1
0 -1
0 1
0 -1
0 1
0 -1
475 1
0 -1
475 1
0 -1
204 1
0 -1
475 1
0 -1
475 1
0 -1
475 1
0 -1
475 1
0 -1
89 1
0 -1
475 1
0 -1
475 1
0 -1
475 1
0 -1
475 1
0 -1
475 1
0 -1
475 1
0 -1
475 1
0 -1
475 1
0 -1
475 1
0 -1
330 1
0 -1
475 1
0 -1
214 1
0 -1
475 1
0 -1
475 1
0 -1
475 1
0 -1
475 1
0 -1
475 1
0 -1
475 1
0 -1
353 1
0 -1
475 1
0 -1
475 1
0 -1
475 1
0 -1
445 1
0 -1
287 1
0 -1
35 1
0 -1
475 1
0 -1
475 1
0 -1
475 1
0 -1
475 1
0 -1
475 1
0 -1
475 1
0 -1
475 1
0 -1
475 1
0 -1
0 1
0 -1
351 1
0 -1
475 1
0 -1
475 1
0 -1
475 1
0 -1
460 1
0 -1
289 1
0 -1
475 1
0 -1
198 1
0 -1
475 1
0 -1
475 1
0 -1
256 1
0 -1
475 1
0 -1
475 1
0 -1
0 1
0 -1
475 1
0 -1
475 1
0 -1
475 1
0 -1
306 1
0 -1
329 1
0 -1
0 1
0 -1
475 1
