475 7.91206e-21
475 2.38153e-05
475 0.00285605
475 8.98878e-06
475 0.00051061
475 0.00114312
475 0.000141301
475 1.75824e-29
475 1.73207e-14
475 1.5441e-26
475 2.11043e-13
475 4.46582e-15
475 0.000316108
475 7.91206e-21
475 0.00335659
475 6.75101e-05
475 7.3488e-06
475 5.16058e-05
475 3.34899e-05
475 7.09516e-06
475 3.83453e-05
475 8.48904e-05
475 9.27427e-10
475 8.30878e-05
475 0.000156835
475 1.35839e-07
475 0.000775291
475 0.000281184
475 5.65909e-05
475 7.91206e-21
475 1.54337e-06
475 0.000124487
276 5.74547e-21
475 7.91206e-21
475 0.005
475 7.91206e-21
475 3.05585e-07
475 0.00282505
475 2.32375e-05
475 0.00130815
475 0.000843259
475 7.91206e-21
475 0.005
475 7.91206e-21
475 0.005
475 7.91206e-21
475 0.00287857
475 9.38969e-05
398 2.94232e-21
475 7.91206e-21
475 0.00306152
475 0.00193848
475 7.91206e-21
475 0.005
