475 7.05457e-22
475 3.28672
475 1.71328
475 7.05457e-22
475 3.19285
475 1.72079
475 0.0863648
475 7.05457e-22
475 3.15827
475 1.84173
475 7.05457e-22
475 3.21923
475 1.47687
475 0.303901
475 7.05457e-22
475 3.13219
475 1.86781
475 7.05457e-22
475 3.16419
475 1.54946
475 0.200861
475 0.0854921
475 7.05457e-22
475 3.25455
475 1.74545
475 7.05457e-22
475 3.16838
475 1.69971
475 0.131909
475 7.05457e-22
475 3.2294
475 1.58341
475 0.154939
475 0.0269786
475 0.00526767
475 7.05457e-22
475 3.16928
475 1.83072
