0 -1
475 1
0 -1
0 1
0 -1
475 1
0 -1
475 1
0 -1
338 1
0 -1
475 1
0 -1
475 1
0 -1
475 1
0 -1
253 1
0 -1
475 1
0 -1
180 1
0 -1
475 1
0 -1
475 1
0 -1
210 1
0 -1
475 1
0 -1
267 1
0 -1
475 1
0 -1
475 1
0 -1
236 1
0 -1
475 1
0 -1
475 1
0 -1
442 1
0 -1
475 1
0 -1
475 1
0 -1
222 1
0 -1
275 1
0 -1
282 1
0 -1
75 1
0 -1
475 1
0 -1
475 1
0 -1
475 1
0 -1
186 1
0 -1
475 1
0 -1
208 1
0 -1
475 1
0 -1
367 1
0 -1
425 1
0 -1
475 1
0 -1
0 1
0 -1
475 1
0 -1
341 1
0 -1
475 1
0 -1
347 1
0 -1
416 1
0 -1
233 1
0 -1
475 1
0 -1
475 1
0 -1
475 1
0 -1
475 1
0 -1
475 1
0 -1
297 1
0 -1
112 1
0 -1
475 1
0 -1
475 1
0 -1
475 1
0 -1
0 1
0 -1
475 1
0 -1
475 1
0 -1
475 1
0 -1
0 1
0 -1
99 1
0 -1
475 1
0 -1
440 1
0 -1
183 1
0 -1
475 1
0 -1
475 1
0 -1
0 1
0 -1
430 1
0 -1
378 1
0 -1
475 1
0 -1
176 1
0 -1
475 1
0 -1
475 1
0 -1
475 1
0 -1
353 1
0 -1
93 1
0 -1
475 1
0 -1
0 1
0 -1
475 1
0 -1
253 1
0 -1
175 1
0 -1
98 1
0 -1
475 1
0 -1
298 1
0 -1
152 1
0 -1
318 1
0 -1
421 1
0 -1
475 1
0 -1
475 1
0 -1
390 1
0 -1
475 1
0 -1
244 1
0 -1
475 1
0 -1
221 1
0 -1
29 1
0 -1
262 1
0 -1
475 1
0 -1
475 1
0 -1
475 1
0 -1
475 1
