475 3.53823e-21
475 0.001
475 3.53823e-21
475 5.07955e-10
475 6.09342e-05
475 3.21801e-08
475 7.40808e-09
475 4.511e-09
475 7.83526e-08
475 5.04404e-07
475 1.58544e-07
475 1.79337e-06
475 0.000936487
475 3.53823e-21
475 5.33343e-08
475 4.58369e-10
475 4.15278e-08
475 0.000295024
475 0.000358962
475 5.71129e-40
475 6.961e-21
475 2.20437e-28
475 0.000236319
475 9.30457e-06
475 1.28354e-05
475 3.21448e-05
475 2.08327e-06
475 1.91463e-05
475 2.0568e-06
475 8.74386e-06
475 8.67349e-06
475 7.81069e-06
475 6.80086e-06
475 3.53823e-21
475 0.000162089
475 1.18646e-12
475 3.39766e-06
475 5.18417e-08
475 9.32124e-05
475 5.26924e-11
475 7.82919e-11
475 2.92618e-09
475 0.000386849
475 3.48336e-09
475 2.45048e-22
475 4.60833e-11
475 3.01105e-16
475 1.10343e-07
475 1.87172e-26
475 1.99456e-10
475 1.00869e-33
475 3.05543e-07
475 5.3965e-06
475 1.23152e-32
475 1.10923e-26
475 1.67236e-07
475 2.40778e-07
475 1.17735e-42
475 1.02905e-36
475 4.28934e-22
475 8.70923e-27
475 8.88357e-07
475 1.44466e-20
475 8.1113e-05
475 6.07557e-54
475 1.11937e-21
475 0.000123902
475 7.14682e-05
475 4.47119e-05
475 1.85836e-05
475 7.50554e-06
475 3.53823e-21
475 1.00185e-05
475 6.43198e-08
475 1.45691e-08
475 1.07889e-14
475 1.27964e-08
475 0.00049316
475 0.000145701
475 7.40247e-07
475 1.09787e-39
475 8.19626e-09
475 2.33218e-05
475 2.25205e-32
475 1.73386e-05
475 0.00030962
475 3.53823e-21
475 3.51062e-07
475 2.32757e-19
475 0
475 9.68134e-07
475 5.82259e-10
475 4.89364e-41
290 2.31375e-21
475 3.53823e-21
475 5.48764e-06
475 8.94325e-10
0 3.78347e-21
475 3.53823e-21
475 5.1683e-08
475 4.66116e-07
164 3.08129e-21
475 3.53823e-21
475 0.001
475 3.53823e-21
475 3.49437e-06
475 2.94056e-06
475 3.47717e-09
406 1.97938e-21
475 3.53823e-21
475 0.001
475 3.53823e-21
475 0.001
475 3.53823e-21
475 2.83261e-06
475 5.9858e-07
199 3.03299e-21
475 3.53823e-21
475 1.0674e-07
475 0.000608651
475 0.000391243
475 3.53823e-21
475 9.11972e-09
475 1.87127e-06
475 1.56051e-07
475 4.92534e-06
475 6.77639e-06
475 0.000344388
475 8.52802e-06
475 8.42988e-09
475 4.15809e-08
475 3.55785e-08
475 9.53286e-05
475 1.07805e-06
475 2.02082e-17
475 9.44722e-23
475 5.27185e-13
475 7.96719e-12
475 0.00023359
475 1.80355e-14
475 4.70442e-41
475 3.43164e-12
475 1.91175e-14
475 0.00015359
475 1.41344e-05
475 1.6923e-05
475 6.29291e-05
475 1.58006e-06
475 9.01093e-06
475 2.20743e-05
475 2.07232e-06
475 1.13526e-05
475 9.59701e-06
475 3.53823e-21
475 3.33398e-05
475 0.00015364
475 3.58811e-06
475 4.39035e-05
475 7.37086e-06
48 3.26655e-21
475 3.53823e-21
475 1.17321e-06
475 0.000998827
475 3.53823e-21
475 3.03427e-14
475 0.000212775
393 1.76487e-21
475 3.53823e-21
475 6.11434e-05
475 7.7368e-15
76 3.41069e-21
475 3.53823e-21
475 0.001
475 3.53823e-21
475 0.001
475 3.53823e-21
475 0.00044798
475 0.00055202
475 3.53823e-21
475 5.95279e-05
475 4.22897e-06
362 2.09192e-21
475 3.53823e-21
475 2.80737e-07
475 8.50547e-09
475 3.17652e-06
475 1.99074e-10
475 0
475 0.000937675
475 3.25598e-05
475 6.32334e-07
475 8.57286e-06
475 9.28099e-06
475 5.44592e-08
254 2.19366e-22
475 3.53823e-21
475 1.53396e-08
475 6.57643e-07
475 1.00569e-07
475 0.00093638
475 1.53687e-05
475 1.56161e-05
475 1.71373e-05
475 9.30374e-06
475 5.42082e-06
475 3.53823e-21
475 2.39948e-06
475 0.000165244
0 3.2421e-21
475 3.53823e-21
475 0.000122309
475 6.76972e-07
475 5.6311e-09
428 2.35114e-21
475 3.53823e-21
475 4.8515e-06
475 1.1711e-08
57 3.61857e-21
475 3.53823e-21
475 0.000204317
475 5.74917e-07
475 2.28861e-07
475 5.00105e-18
224 2.85288e-21
475 3.53823e-21
475 3.09141e-08
475 1.59625e-09
475 0.000999967
475 3.53823e-21
475 2.37244e-06
475 1.12983e-08
475 0.000111126
475 1.93705e-23
475 0
475 1.98467e-14
475 0.000359156
475 3.78957e-07
475 2.63618e-05
475 1.10897e-10
475 1.19644e-22
475 2.59634e-07
475 2.71893e-25
475 4.3998e-25
475 0.000500333
475 3.53823e-21
475 1.08414e-05
475 4.87009e-13
0 3.94917e-21
475 3.53823e-21
475 0.000147805
475 4.33477e-05
475 7.20432e-09
475 1.00046e-14
475 0.000190816
475 4.26808e-08
475 9.37132e-05
475 5.97169e-12
475 5.21692e-09
475 2.13456e-18
475 0.000113908
475 9.72088e-07
475 1.96213e-05
475 1.04812e-05
475 2.2027e-15
475 5.79989e-09
475 6.69626e-12
475 1.15307e-21
475 9.23663e-12
475 0.000167865
475 2.51984e-30
475 4.00676e-42
475 2.50781e-37
475 6.10324e-60
475 2.43894e-72
475 1.38974e-51
475 2.54057e-18
475 8.64398e-14
475 2.89232e-81
475 8.05018e-12
475 1.60268e-48
475 5.10475e-11
475 2.8035e-06
475 2.5364e-42
475 3.92109e-16
475 2.9109e-62
475 5.18247e-81
475 7.12053e-26
475 7.76362e-37
475 0.000208606
475 3.53823e-21
475 2.31462e-05
475 0.000254732
475 0.000722122
475 3.53823e-21
475 2.68856e-06
475 9.71319e-07
447 1.88587e-21
475 3.53823e-21
475 0.00017963
475 8.93145e-07
475 3.05925e-08
475 2.65632e-05
475 0.000792883
475 3.53823e-21
475 0.000404839
475 5.11274e-05
475 3.30743e-05
245 1.80557e-21
475 3.53823e-21
475 9.11904e-15
475 4.75112e-06
475 0.000835914
475 0.000101676
475 4.9255e-06
475 1.88289e-05
475 4.23729e-06
475 1.42407e-05
475 8.42535e-06
475 7.00144e-06
475 3.53823e-21
475 4.23377e-05
475 2.58955e-26
370 2.32585e-21
475 3.53823e-21
475 0.000874486
475 8.34897e-05
475 1.74054e-06
475 1.10315e-05
475 9.35301e-07
475 8.45992e-06
475 1.25476e-05
475 7.30937e-06
475 3.53823e-21
475 0.000793588
475 0.000206412
475 3.53823e-21
475 6.14203e-07
475 1.06775e-07
475 3.22441e-06
475 4.92483e-10
475 6.02183e-09
475 4.69496e-05
475 2.59545e-05
475 0.000923144
475 3.53823e-21
475 5.40456e-07
475 0.000147104
475 9.95611e-14
345 1.94088e-21
475 3.53823e-21
475 7.39658e-06
475 2.04452e-07
369 2.02248e-21
475 3.53823e-21
475 0.001
475 3.53823e-21
475 3.39739e-06
475 1.01645e-15
0 4.07005e-21
475 3.53823e-21
475 0.001
475 3.53823e-21
475 1.49474e-07
475 4.355e-05
475 1.01573e-23
475 0
475 1.84422e-09
475 0.000956299
475 3.53823e-21
475 1.08611e-08
475 0.000999989
475 3.53823e-21
475 1.62342e-06
475 4.94384e-06
433 1.89008e-21
475 3.53823e-21
475 1.53818e-05
475 9.26809e-52
267 2.55891e-21
475 3.53823e-21
475 1.24079e-11
475 1.48369e-07
475 0.000829431
475 8.19413e-26
475 0.000170421
475 3.53823e-21
475 2.07761e-05
475 0.000979224
475 3.53823e-21
475 2.26235e-06
475 0.000113753
475 3.07628e-09
475 0.000883982
475 3.53823e-21
475 1.12866e-07
475 4.79032e-05
344 2.11314e-21
475 3.53823e-21
475 4.69865e-11
475 4.39804e-09
149 3.12576e-21
475 3.53823e-21
475 0.000203691
475 1.75771e-15
475 0.000466167
475 0.000330141
475 3.53823e-21
475 5.28888e-08
475 1.41999e-08
475 3.12329e-08
475 7.39034e-14
475 0.000117991
475 2.14331e-14
475 1.0747e-05
475 0.000609827
475 2.24353e-47
475 5.57259e-57
475 2.39659e-38
475 6.33464e-103
475 4.19635e-33
475 2.03526e-08
475 5.28244e-11
475 8.63758e-31
475 6.834e-09
475 1.77518e-35
475 1.08862e-30
475 0.00026131
475 3.53823e-21
475 0.00037171
475 8.39233e-11
475 3.47702e-85
0 3.09411e-21
475 3.53823e-21
475 3.07648e-07
475 2.13511e-12
475 0.000822105
475 2.12646e-12
475 0.000177587
475 3.53823e-21
475 8.24259e-08
475 2.08805e-42
63 3.77231e-21
475 3.53823e-21
475 8.30013e-06
475 0.000637482
475 1.66307e-05
475 2.66549e-18
475 3.57481e-08
475 4.93866e-15
475 6.15616e-18
475 1.07185e-36
475 1.47425e-07
475 1.63207e-29
475 3.55492e-20
475 2.61314e-61
475 7.77952e-07
475 1.38459e-20
475 4.80201e-06
475 0
475 5.77701e-18
475 1.3407e-06
266 1.50951e-21
475 3.53823e-21
475 5.33141e-05
475 0.000946686
475 3.53823e-21
475 7.60636e-06
475 0.000693176
475 3.85438e-13
475 2.94136e-14
475 8.24037e-18
475 1.30646e-27
475 8.33241e-29
475 2.20109e-19
475 5.21727e-07
475 1.49938e-16
475 6.24202e-25
475 2.72988e-64
475 2.1815e-08
475 6.85321e-17
475 0.000298674
475 3.53823e-21
475 3.6316e-07
475 0.00048588
475 2.36289e-12
475 3.17066e-13
475 1.98917e-14
475 8.16876e-06
475 7.49022e-23
475 6.87919e-08
475 1.18128e-49
475 0.000505519
475 3.53823e-21
475 1.80991e-06
475 4.61968e-20
475 3.12868e-10
334 2.168e-21
475 3.53823e-21
475 1.41391e-05
475 7.89708e-06
475 0.000742098
475 7.41342e-28
475 4.05739e-20
475 5.23106e-06
427 9.10629e-22
475 3.53823e-21
475 1.33101e-08
475 1.39026e-09
475 8.67005e-05
475 0.000822875
475 6.43505e-05
475 7.73183e-06
475 9.85265e-06
475 1.06872e-06
427 1.65436e-22
475 3.53823e-21
475 1.90748e-06
475 6.73769e-11
475 1.49881e-07
475 5.80064e-09
475 1.79879e-07
475 0.000563786
475 6.13782e-08
475 5.36001e-23
475 7.22906e-20
475 6.879e-15
475 7.10576e-24
475 2.20984e-10
475 1.96184e-27
475 1.4331e-14
475 1.22269e-08
475 9.44251e-28
475 9.68076e-06
475 2.72863e-09
475 3.79849e-23
475 2.4347e-07
475 4.43973e-28
475 1.90871e-10
475 4.01562e-13
475 3.11323e-23
475 8.31287e-06
360 1.33294e-21
475 3.53823e-21
475 2.42896e-09
475 5.48468e-06
475 0.000119251
475 0.000875262
475 3.53823e-21
475 1.06552e-07
475 0.00067008
475 3.00387e-15
475 2.68892e-40
475 2.00322e-15
475 1.48105e-06
475 9.76094e-19
475 3.00533e-33
475 1.29949e-27
475 2.52223e-12
475 7.99012e-10
475 1.06578e-22
475 2.66086e-06
475 1.00202e-09
475 1.47925e-08
475 7.00802e-21
475 6.06791e-06
475 2.31169e-20
475 2.79382e-38
475 0.000319587
475 3.53823e-21
475 6.73853e-06
475 1.85993e-06
475 3.57719e-07
475 0
475 0.00091176
475 1.77209e-05
475 2.85522e-05
475 8.66233e-06
475 6.23598e-06
475 2.57404e-06
475 4.01429e-07
475 9.33957e-06
475 5.79715e-06
475 3.53823e-21
475 4.73506e-08
475 0.000596276
475 2.48881e-34
475 8.41828e-11
475 2.88904e-07
475 0.000120845
475 3.74577e-18
475 6.99359e-10
475 9.30954e-37
475 6.3843e-33
475 2.35448e-12
475 4.48157e-11
475 1.59787e-31
475 2.55757e-53
475 2.17085e-40
475 1.13016e-11
475 4.27685e-27
475 5.49505e-48
475 1.38637e-06
475 0
475 4.37232e-144
475 1.98115e-07
475 3.29706e-06
0 1.95829e-21
475 3.53823e-21
475 5.23989e-07
475 6.34932e-06
475 0.000299644
475 0.000127497
475 2.0076e-08
475 1.845e-11
475 0.000565965
475 3.53823e-21
475 0.001
475 3.53823e-21
475 0.000211219
475 0.000657247
475 4.29561e-05
475 1.30641e-05
475 3.31963e-05
475 1.41462e-05
475 7.43117e-06
475 1.3418e-05
475 7.323e-06
475 3.53823e-21
475 0.000678574
475 8.21737e-33
475 2.37333e-06
475 0.000319052
475 3.53823e-21
475 3.96672e-08
475 4.81082e-05
475 4.15788e-07
475 1.01324e-08
475 1.66965e-08
475 0.00095141
475 3.53823e-21
475 4.60328e-15
475 1.13906e-08
475 1.64602e-06
475 3.09038e-05
475 3.74263e-06
475 3.51299e-10
406 2.17325e-21
475 3.53823e-21
475 2.14785e-05
475 0.000872731
475 2.4917e-05
475 3.9712e-05
475 3.58248e-07
475 1.08744e-05
475 8.89684e-06
475 6.00649e-06
475 6.7388e-06
475 8.28715e-06
475 3.53823e-21
475 7.88423e-06
475 3.39765e-05
475 1.81999e-07
475 4.63505e-06
475 9.54857e-05
475 4.32874e-07
475 9.70181e-05
475 0.000422101
475 3.80817e-15
475 8.8656e-29
475 7.18095e-13
475 9.5182e-12
475 3.68124e-06
17 2.25624e-21
475 3.53823e-21
475 5.55552e-05
475 1.02181e-05
475 4.85305e-07
475 9.72182e-05
475 2.86184e-10
475 9.61439e-09
475 1.87485e-17
475 0.000836513
475 3.53823e-21
475 6.25243e-19
475 1.46932e-05
398 2.12303e-21
475 3.53823e-21
475 0.001
475 3.53823e-21
475 0.001
475 3.53823e-21
475 4.90282e-07
475 2.85902e-05
475 1.65808e-07
475 0.000282164
475 2.2009e-05
475 0.000666581
475 3.53823e-21
475 0.00033221
475 9.4981e-08
475 0.000667695
475 3.53823e-21
475 2.26171e-10
475 3.14451e-16
190 2.89234e-21
475 3.53823e-21
475 5.88618e-06
475 0.000994114
475 3.53823e-21
475 2.1162e-09
475 1.79226e-08
475 4.28597e-05
0 3.71848e-21
475 3.53823e-21
475 1.16922e-07
475 2.19552e-09
475 0.000437167
475 1.45994e-28
475 2.74845e-06
475 3.48895e-18
475 2.77899e-09
475 2.1824e-23
475 0.000440149
475 5.85709e-05
475 2.6943e-05
475 8.35865e-06
475 1.16286e-05
475 8.94333e-06
475 5.36927e-06
475 3.53823e-21
475 2.35028e-10
475 0.001
475 3.53823e-21
475 0.001
475 3.53823e-21
475 0.000418125
475 6.51249e-13
475 3.24518e-07
475 1.70926e-51
475 5.71602e-22
475 6.99474e-07
258 2.01092e-21
475 3.53823e-21
475 7.47509e-09
475 7.97322e-08
475 2.15431e-05
475 0.000282947
475 9.55162e-05
475 7.3093e-10
475 9.77889e-09
475 2.21624e-12
475 1.82538e-08
475 8.01582e-14
475 2.26659e-10
475 3.21622e-08
475 6.64592e-07
475 1.28996e-09
475 1.60492e-14
475 2.39567e-10
475 1.23726e-17
475 2.56806e-09
475 0.000499909
475 5.88551e-05
475 2.713e-05
475 6.69878e-06
475 6.58471e-06
475 3.53823e-21
475 1.14018e-12
475 4.47504e-07
475 6.86764e-05
475 0.000358196
475 6.85504e-10
475 0.000572679
475 3.53823e-21
475 2.79519e-07
475 1.51761e-12
475 6.65992e-13
475 2.29993e-06
475 0.000684877
475 5.40601e-10
475 5.93095e-07
475 1.57983e-59
475 0.000115709
475 4.67765e-10
475 8.28741e-165
475 3.92976e-73
475 1.5245e-86
475 4.07031e-09
475 1.15536e-26
475 1.34761e-10
475 7.79174e-09
475 3.30263e-56
475 1.37343e-05
475 9.2184e-118
475 5.24217e-34
475 9.70338e-28
475 5.5048e-56
475 8.22115e-12
475 2.22513e-113
475 2.0699e-32
475 6.03636e-81
475 1.82209e-05
475 2.43798e-13
475 4.37411e-74
475 8.92496e-145
475 0.000164273
475 3.53823e-21
475 0.001
475 3.53823e-21
475 5.91305e-06
475 4.30739e-05
475 6.33833e-07
380 2.00763e-21
475 3.53823e-21
475 0.000175117
475 6.50934e-05
475 0.000498531
475 6.11368e-09
475 1.4525e-10
475 1.34766e-06
475 9.84235e-08
475 3.43827e-43
475 8.08293e-07
475 5.87408e-12
475 2.33505e-55
475 4.43371e-29
475 7.49171e-49
475 1.53699e-13
475 6.86559e-18
475 9.2619e-27
475 2.13262e-26
475 1.34202e-13
475 8.24267e-22
475 2.34848e-50
475 2.40532e-09
475 6.99394e-05
475 1.20689e-65
475 1.20748e-76
475 5.72959e-81
475 2.09177e-40
475 1.90878e-76
475 4.04079e-36
475 2.37522e-34
475 9.39875e-07
475 1.44644e-48
475 7.84785e-23
475 3.55731e-21
475 2.46833e-128
475 3.54474e-14
475 1.38571e-09
475 1.20951e-19
475 3.43338e-33
475 4.87949e-27
475 6.57061e-06
475 7.94618e-18
475 2.14492e-11
475 1.08754e-33
475 2.84143e-58
475 4.82469e-59
475 2.78815e-42
475 6.39684e-64
475 0.000118104
475 3.77074e-05
475 7.99031e-06
475 6.11667e-06
475 7.99105e-06
475 3.63483e-06
