513 -13
513 13
487 -13
487 13
484 -12
484 12
484 -1
484 1
482 1
482 -1
483 1
483 -1
483 1
483 -1
487 -13
487 13
508 -12
508 12
508 -1
508 1
510 1
510 -1
510 1
510 -1
509 -13
509 13
505 -12
505 12
505 -1
505 1
488 -13
488 13
512 1
513 -1
503 1
503 -1
506 -13
506 13
521 1
521 -1
494 1
494 -1
503 1
503 -1
505 1
505 -1
505 1
501 -1
501 1
501 -1
501 1
501 -1
500 1
500 -1
501 1
501 -1
502 1
502 -1
502 1
502 -1
502 1
502 -1
502 1
502 -1
502 1
502 -1
503 1
503 -1
505 1
505 -1
501 1
501 -1
505 -12
505 12
505 -1
506 1
518 1
518 -1
509 1
509 -1
508 1
508 -1
486 1
486 -1
487 -13
487 13
501 -13
501 13
477 -12
477 12
477 -1
477 1
477 1
477 -1
477 1
477 -1
477 1
477 -1
488 -13
488 13
481 -13
481 13
476 -13
476 13
492 -12
492 12
492 -1
492 1
508 1
508 -1
508 1
508 -1
522 1
522 -1
520 1
521 -1
492 1
493 -1
478 -12
478 12
478 -1
478 1
482 -13
482 13
475 -12
475 12
475 -1
475 1
500 1
500 -1
500 1
500 -1
500 1
500 -1
502 -13
502 13
492 -13
492 13
522 -13
522 13
485 -13
485 13
512 -12
512 12
512 -1
512 1
507 1
503 -1
503 1
503 -1
503 1
503 -1
504 1
504 -1
504 1
504 -1
505 1
505 -1
503 1
503 -1
506 1
506 -1
489 -13
489 13
494 -12
494 12
494 -1
494 1
495 -13
495 13
480 -13
480 13
490 -13
490 13
504 -12
504 12
504 -1
504 1
490 -13
490 13
487 1
487 -1
489 -1
489 1
489 -1
489 1
489 1
489 -1
488 1
488 -1
489 1
488 -1
488 1
488 -1
488 1
488 -1
488 1
488 -1
479 1
479 -1
480 1
480 -1
481 1
481 -1
504 -13
504 13
513 -13
513 13
479 -12
479 12
479 -1
479 1
484 -13
484 13
489 -13
489 13
486 -13
486 13
523 -12
523 12
523 -1
523 1
490 -13
490 13
476 -13
476 13
512 -13
512 13
492 -13
492 13
516 -12
516 12
516 -1
516 1
493 -13
493 13
492 -12
492 12
492 -1
492 1
503 -13
503 13
496 -13
496 13
492 -13
492 13
493 -13
493 13
477 1
476 -1
495 1
495 -1
476 1
476 -1
490 1
490 -1
522 1
522 -1
523 1
524 -1
504 -12
504 12
504 -1
504 1
