475 0
525 0
850 0
1149 0
475 0
492 0
525 0
1102 0
492 0.172759
475 0
497 0
502 0
502 1.0485
497 1.05741
510 0
635 0
505 0
555 0
475 0
525 0
850 0
1149 0
475 0
515 0
515 0.137423
515 2.84281
515 2.88096
515 3.10001
515 1.95449
515 0.00734021
499 0
499 0
494 0
503 0
515 0
652 0
525 0
854 0
1094 0
503 0.02626
494 0.0277502
499 0.0243531
499 0.0271574
475 0
525 0
850 0
1149 0
475 0
525 0
850 0
1149 0
475 0
477 0
487 0
575 0
477 0.993
475 0
525 0
850 0
1149 0
475 0
514 0
514 0.38296
514 3.3745
514 1.01797
515 0
492 0
487 0
358 0
519 0
558 0
525 0
676 0
482 0
191 0
507 0
447 0
492 0.0448777
515 0.252985
