475 7.05457e-22
475 3.12845
475 1.87155
475 7.05457e-22
475 3.15865
475 1.55591
475 0.256392
475 0.0290509
475 7.05457e-22
475 3.22536
475 1.69494
475 0.060305
475 0.00671607
475 0.0126838
475 7.05457e-22
475 3.10956
475 1.76008
475 0.112227
475 0.0125846
475 0.00554313
475 7.05457e-22
475 3.07133
475 1.80138
475 0.127283
475 7.05457e-22
475 3.13422
475 1.86578
475 7.05457e-22
475 3.20616
475 1.69739
475 0.048587
475 0.0478575
475 7.05457e-22
475 3.25464
475 1.74536
475 7.05457e-22
475 3.23577
475 1.71365
475 0.0505862
475 7.05457e-22
475 3.2481
475 1.7519
