475 9.16961e-23
475 0.649038
475 0.946346
475 0.461342
476 0.400566
476 0.516081
476 0.69565
476 1.01466
477 1.46045
478 1.6171
478 0.25658
478 1.15213
479 2.82645
479 1.05612
480 0.511397
480 0.322594
480 0.560582
481 2.2271
481 0.919181
481 1.00036
481 0.144191
482 1.02751
482 0.00986667
482 1.69665
482 1.60312
482 0.38103
483 0.446516
483 3.38299
484 3.47953
485 2.96456
485 2.95664
485 2.74745
486 2.72855
486 2.94634
486 3.49136
486 0.208814
486 0.0167723
483 0.0519294
482 0.0484224
482 0.0347339
482 0.0455281
482 0.0636309
482 0.0358363
481 0.0473036
481 0.0342931
481 0.0495126
481 0.0350257
480 0.0446173
480 0.0774746
480 0.0629829
479 0.0370254
479 0.0632545
478 0.0679172
478 0.040314
478 0.0371222
477 0.0424817
476 0.0447484
476 0.0386294
476 0.059993
475 0.0574022
475 0.0542129
475 9.16961e-23
475 0.0370164
475 0.163017
475 0.0576007
475 0.118532
475 0.10324
475 0.337145
475 0.112596
475 0.294825
475 0.905493
476 0.477195
476 0.0045345
476 0.646713
476 0.69596
477 1.23508
477 0.330971
477 0.19224
477 0.0123208
477 1.13319
478 2.84933
478 0.250328
478 0.102497
478 0.00759425
479 1.7586
479 0.463295
479 0.107475
479 1.26718
480 0.667429
480 0.160135
480 1.29334
481 1.55686
481 0.184181
481 0.471689
481 0.436562
481 0.731735
482 2.41985
482 0.325042
482 0.88584
482 1.49655
483 1.27005
483 0.605289
483 1.80206
484 3.29049
484 3.04409
485 2.62971
485 2.85233
485 2.8523
485 3.18891
485 2.06472
483 0.0365335
483 0.0410315
483 0.0371593
482 0.0350809
482 0.0376502
482 0.0573019
481 0.0632749
481 0.0477597
481 0.0592822
481 0.0641718
481 0.0391337
480 0.0626477
480 0.0446719
480 0.0369215
479 0.0573898
479 0.0448779
479 0.037832
479 0.0359215
478 0.0468302
478 0.0744693
478 0.0439049
478 0.0543231
477 0.040119
477 0.0560715
477 0.0526952
477 0.0594944
477 0.0592517
476 0.0366082
476 0.0683731
476 0.0906994
476 0.0621233
475 0.0396679
475 0.0519005
475 0.056949
475 0.0555418
475 0.0688827
475 0.050869
475 0.0910684
475 0.06354
475 0.00373209
475 0.00345862
475 0.00505675
475 0.00180211
475 0.030795
475 9.16961e-23
476 3.2511
476 0.921598
476 0.42499
477 0.207079
477 0.193576
477 0.0880896
477 0.452201
477 0.140976
477 0.181575
477 0.0738118
477 0.41523
478 2.14724
478 0.418167
478 0.246131
479 2.39077
479 0.695274
479 0.361098
479 0.0925055
479 0.38981
480 1.55764
480 0.310196
480 0.763348
480 0.0249014
480 1.04231
481 0.977581
481 1.55431
482 1.84913
482 0.500075
482 0.110459
482 1.91246
482 0.0831435
482 0.169795
482 0.488606
483 3.64297
484 1.89502
484 1.52054
484 2.96735
485 2.82603
485 2.72335
485 2.85388
485 3.1365
485 2.25074
485 0.0053406
482 0.0366546
482 0.0427073
482 0.0364813
482 0.0539657
482 0.0399631
482 0.0352223
482 0.0458306
481 0.038888
481 0.0479109
480 0.0679709
480 0.0477502
480 0.0484485
480 0.045472
480 0.0498791
479 0.0540483
479 0.0359429
479 0.0556868
479 0.0383556
478 0.0540218
478 0.0414337
477 0.0820679
477 0.041713
477 0.0573647
477 0.0958642
477 0.0420983
477 0.0893509
477 0.098328
477 0.0225742
477 0.0727675
476 0.0554406
476 0.076906
476 0.0877315
477 0.001564
477 0.00270467
475 9.16961e-23
475 0.230835
475 1.02081
475 0.517366
476 0.976207
476 0.150441
476 0.0638881
476 0.913185
476 0.0057649
476 0.311855
476 0.598153
477 0.393858
477 0.00917515
477 0.157301
477 0.286693
477 0.0299748
477 1.5844
478 0.59296
478 0.928396
478 0.351118
478 0.397395
478 0.841412
478 0.0173378
478 0.0237292
479 0.158529
479 0.314001
479 0.858685
479 0.0517489
479 0.988539
479 0.582748
480 2.29082
480 0.152325
480 0.778315
481 0.395054
481 0.379806
481 0.360204
481 0.677518
481 0.817366
481 0.421133
481 0.0380253
482 1.35335
482 1.58744
482 0.690758
483 2.13333
483 1.87133
483 0.896094
483 0.14568
483 0.0253998
483 0.898282
483 0.336754
484 3.05228
484 3.00624
485 2.85408
485 2.67925
485 2.94039
485 3.52504
485 0.0896092
483 0.0365777
483 0.0349831
483 0.0389113
483 0.0410315
483 0.0376903
483 0.0420725
483 0.0409151
482 0.0373176
482 0.0530852
482 0.0555223
481 0.0345751
481 0.0503515
481 0.0399741
481 0.0456104
481 0.0414373
481 0.0375769
481 0.0382196
480 0.0475223
480 0.0391153
480 0.0577696
479 0.0451511
479 0.0733353
479 0.0503238
479 0.0395146
479 0.034415
479 0.0421882
478 0.0372607
478 0.0407534
478 0.0346846
478 0.034343
478 0.0414605
478 0.0765545
478 0.0545766
477 0.037952
477 0.0672412
477 0.0376428
477 0.0663768
477 0.0538657
477 0.0707968
476 0.0363184
476 0.0809644
476 0.0545472
476 0.039219
476 0.0487012
476 0.0399735
475 0.0690119
475 0.0487185
475 0.0414562
475 9.16961e-23
475 0.274256
475 0.580383
475 1.12109
476 0.724631
476 0.0790949
476 0.389578
476 0.371587
476 0.345999
476 0.081035
477 2.14644
477 0.552399
477 0.117266
477 0.363611
478 0.291321
478 0.958002
478 1.90426
479 0.92358
479 0.47899
479 0.102331
479 0.568516
479 0.233698
480 1.29605
480 1.30906
481 2.64915
481 0.0112494
481 1.96188
482 0.328087
482 0.906661
482 0.891033
482 1.18054
483 2.65497
483 2.85683
484 0.673063
484 0.19953
484 1.35682
484 1.68922
485 2.91295
485 3.00422
485 2.81075
485 2.75982
486 3.38099
486 1.15011
484 0.0357246
484 0.0391683
484 0.0346493
483 0.0360512
482 0.0425642
482 0.0440571
482 0.041595
482 0.0472217
481 0.0447534
481 0.0391535
481 0.0381383
480 0.0710165
480 0.0560172
479 0.0553047
479 0.0585822
479 0.0430442
479 0.0343802
479 0.051693
478 0.0343935
478 0.037496
478 0.0445378
477 0.0376714
477 0.0452136
477 0.0596564
477 0.0471769
476 0.0701729
476 0.0421084
476 0.0345708
476 0.0666668
475 0.0761609
475 9.16961e-23
475 0.116474
475 1.02917
475 0.0344735
475 0.059
476 2.54995
476 1.08966
477 0.337305
477 0.0451944
477 0.338458
477 0.308875
477 0.214163
477 0.426294
477 0.557528
477 0.473913
478 0.766166
478 1.60696
479 1.19694
479 2.13255
480 1.2394
480 0.101061
480 0.164843
480 0.67465
480 0.126562
480 1.55486
481 0.397137
481 1.61745
481 0.347072
481 0.846111
481 0.104535
482 0.533213
482 0.161155
482 3.39705
483 0.621209
483 0.496555
483 2.84423
484 3.33131
484 2.85367
485 2.85606
485 2.86641
485 2.79298
485 3.29446
485 1.64206
483 0.0407445
483 0.0363048
483 0.0445303
482 0.0546636
482 0.0468042
481 0.0547021
481 0.0364616
481 0.0415535
481 0.0644124
481 0.0391438
480 0.0448824
480 0.0466164
480 0.0624659
480 0.0412118
480 0.0620463
480 0.0645373
479 0.0482163
479 0.0348878
478 0.0440824
478 0.0528069
477 0.0702511
477 0.0450732
477 0.0865969
477 0.0502971
477 0.0677884
477 0.00968959
477 0.0404234
477 0.0398299
477 0.08626
477 0.0929644
476 0.036387
476 0.0662038
475 0.0345454
475 0.0779875
475 0.0391762
475 0.0483225
475 9.16961e-23
475 0.436638
477 4.80748
477 0.213021
477 0.128874
477 0.172404
477 0.15917
477 0.0812607
478 1.56664
478 0.0190537
478 0.152223
478 2.30913
479 0.204664
479 0.087547
479 0.738863
479 0.81867
479 0.085507
480 1.68914
480 0.0640481
480 1.542
480 0.706233
481 0.634023
481 0.326938
481 0.293454
481 0.710104
481 1.20897
481 0.852614
481 0.151969
482 1.08929
482 0.10929
482 0.0777152
482 0.368375
482 0.219439
482 0.235788
482 0.664008
482 0.572783
482 0.61496
483 2.76866
484 3.39834
484 0.872364
484 3.05122
485 2.73151
485 2.65873
485 2.86385
485 3.15759
485 2.64341
483 0.0412567
482 0.0421978
482 0.0369155
482 0.0518738
482 0.0364587
482 0.0405532
482 0.0479662
482 0.04212
482 0.0407187
482 0.0399058
481 0.0490189
481 0.0590909
481 0.0552518
481 0.0503379
481 0.039814
481 0.063288
481 0.0683529
480 0.0356168
480 0.0407217
480 0.0374658
480 0.0525267
479 0.0431999
479 0.0385561
479 0.0741443
479 0.0364199
479 0.0554193
478 0.0541041
478 0.0373852
478 0.0395726
478 0.0552427
477 0.04424
477 0.0467688
477 0.0506832
477 0.0764534
477 0.0623658
475 0.0560236
475 9.16961e-23
475 0.033149
475 0.316522
475 0.438464
475 0.0376244
476 2.30733
476 0.0483603
476 1.46863
477 2.42985
477 0.308223
477 0.0892989
477 0.266543
477 0.00522041
478 0.251194
478 0.169336
478 0.594831
478 0.172615
478 0.221469
478 0.109488
478 0.348938
478 0.471639
478 0.227791
479 1.82905
479 0.792779
479 0.213533
479 0.378943
480 0.699539
480 0.409572
480 0.130272
480 0.436303
480 1.03642
481 1.77779
481 0.644586
481 0.397245
481 1.33185
481 0.04005
481 1.00386
482 0.589869
482 0.116959
482 0.72881
482 1.858
482 0.105755
482 0.426363
482 0.496356
482 0.691566
482 0.194022
483 1.19324
483 1.59494
483 3.2294
484 2.9717
484 2.79984
484 2.84304
484 2.89526
484 3.47292
484 0.164909
483 0.0369714
482 0.0407682
482 0.0422817
482 0.0473907
482 0.0370016
482 0.0410315
482 0.045334
482 0.0344968
482 0.0443894
482 0.0548503
481 0.0356981
481 0.0591295
481 0.0497633
481 0.0373474
481 0.0592528
480 0.0509655
480 0.0358041
480 0.0362692
480 0.0409265
479 0.0381433
479 0.0485247
479 0.0348341
479 0.0487632
478 0.0446726
478 0.0511329
478 0.0422761
478 0.0467354
478 0.0555246
478 0.080258
478 0.0344544
478 0.0466523
477 0.0550319
477 0.0396252
477 0.0755815
477 0.0632286
477 0.0411489
476 0.0846494
476 0.0362965
475 0.0475656
475 0.046892
475 0.0371704
475 0.00183723
475 0.00131987
475 0.0021515
475 0.00245829
475 0.00425024
475 0.00279752
475 0.00144633
475 0.00172546
475 0.00329019
475 0.00243032
475 0.00415301
475 0.00414391
475 0.00683983
475 0.00378864
475 0.0335731
480 0.183712
475 9.16961e-23
475 0.0933456
475 0.542204
475 0.000656114
475 0.816084
476 1.97189
476 0.0463963
476 0.164499
476 0.0638469
476 0.58277
476 0.270725
477 0.997611
477 0.53392
477 0.12429
477 0.544156
477 0.0661115
477 0.0166138
477 0.430107
478 0.551955
478 0.56632
478 0.619493
478 0.916935
478 0.243464
478 0.069615
479 0.842462
479 2.19066
480 0.195267
480 0.412168
480 1.52417
480 0.0660515
480 0.149911
480 0.637759
481 1.5157
481 0.00437202
481 0.0669215
481 0.399864
481 0.0309911
482 2.37402
482 0.0829932
482 2.86353
483 2.54198
483 3.56283
484 1.47744
484 3.02949
485 2.79465
485 2.77575
485 2.78201
485 3.03711
485 2.29417
485 0.0662962
483 0.0352083
482 0.0479531
482 0.0364826
482 0.0600239
481 0.0480456
481 0.0627413
481 0.0552877
481 0.0365444
481 0.0416324
480 0.0648132
480 0.041209
480 0.0342217
480 0.0355826
480 0.066216
480 0.0358939
479 0.0508761
479 0.0404655
478 0.0548216
478 0.0818644
478 0.0762545
478 0.0405751
478 0.0669538
478 0.0431063
477 0.0464332
477 0.0490841
477 0.0473102
477 0.0756795
477 0.0585606
477 0.0441102
477 0.0466448
476 0.0377495
476 0.0601206
476 0.034425
476 0.0664422
476 0.0841854
476 0.0721355
475 0.0441095
475 0.0542555
475 0.0704107
475 9.16961e-23
475 0.246559
475 0.436629
476 1.83145
476 0.164257
476 0.22827
476 0.146367
476 0.374138
476 0.164503
476 0.029133
476 0.0493758
476 0.402987
476 0.343261
477 0.42829
477 0.906712
477 0.0456125
477 0.865266
477 0.288362
477 0.135902
478 1.28536
478 0.733638
478 0.820813
478 0.105064
478 0.0762525
479 0.557972
479 0.484921
479 1.11846
480 2.81299
480 1.26225
481 0.422556
481 0.258338
481 0.121277
481 0.321831
481 1.0949
481 1.5278
482 1.3311
482 0.221752
482 0.515074
482 2.31985
483 1.38674
483 0.346477
483 0.000478706
483 1.51531
484 2.09635
484 0.842787
484 1.09961
484 2.84133
485 2.93594
485 2.78261
485 2.82939
485 3.27289
485 1.09661
485 0.286553
484 0.034349
483 0.0442179
483 0.0358352
483 0.0449462
483 0.0441645
482 0.0343677
482 0.0442845
482 0.0378748
482 0.043774
481 0.0479862
481 0.0598007
481 0.0663357
481 0.0349755
481 0.0393771
481 0.0361261
480 0.0441383
480 0.0424125
479 0.0369015
479 0.0356853
479 0.0825729
478 0.044212
478 0.0769683
478 0.0687074
478 0.0390682
478 0.0846065
477 0.0375047
477 0.0438963
477 0.0430831
477 0.0469153
477 0.0362015
476 0.0472643
476 0.0428404
476 0.100889
476 0.0970382
476 0.0366861
476 0.102741
476 0.0680295
476 0.0793003
476 0.0697708
476 0.0420834
475 0.0421869
475 0.0475337
