# Energy z_(mm) Energy_Dep Net_Charge
4000 0 4.7881e-22 -0.9269
4000 1 1.27912e-24 0.0002
4000 2 2.16816e-24 0.0003
4000 3 1.50014e-24 0.0002
4000 4 2.26404e-24 0.0003
4000 5 1.3242e-24 0.0002
4000 6 2.69911e-24 0.0004
4000 7 1.09716e-24 0.0002
4000 8 1.0742e-24 0.0002
4000 9 1.90535e-24 0.0003
4000 10 3.16223e-24 0.0005
4000 11 3.87338e-24 0.0005
4000 12 2.02022e-24 0.0003
4000 13 1.41181e-24 0.0003
4000 14 0 0
4000 15 1.23255e-24 0.0002
4000 16 1.46328e-24 0.0002
4000 17 7.16135e-25 0.0001
4000 18 3.92652e-24 0.0005
4000 19 1.28675e-24 0.0002
4000 20 1.45292e-24 0.0002
4000 21 7.33298e-25 0.0001
4000 22 6.70909e-25 0.0001
4000 23 6.75457e-25 0.0001
4000 24 2.64244e-24 0.0004
4000 25 2.96364e-24 0.0004
4000 26 4.41847e-24 0.0007
4000 27 2.30479e-24 0.0003
4000 28 1.44413e-24 0.0002
4000 29 1.8002e-24 0.0003
4000 30 1.3501e-24 0.0002
4000 31 1.36882e-24 0.0002
4000 32 1.98901e-24 0.0004
4000 33 2.1656e-24 0.0004
4000 34 0 0
4000 35 1.55756e-24 0.0002
4000 36 2.09148e-24 0.0003
4000 37 8.01769e-25 0.0001
4000 38 1.92664e-24 0.0003
4000 39 1.98417e-24 0.0003
4000 40 1.42628e-24 0.0003
4000 41 0 0
4000 42 2.21901e-24 0.0003
4000 43 3.15455e-24 0.0005
4000 44 7.19168e-25 0.0001
4000 45 7.24169e-25 0.0002
4000 46 1.21219e-24 0.0002
4000 47 7.17505e-25 0.0001
4000 48 3.90323e-25 0.0001
4000 49 0 0
4000 50 7.35002e-25 0.0001
4000 51 1.29102e-24 0.0002
4000 52 1.49009e-24 0.0002
4000 53 3.01501e-24 0.0005
4000 54 2.47403e-24 0.0004
4000 55 2.40142e-24 0.0004
4000 56 1.39169e-24 0.0002
4000 57 6.5593e-25 0.0001
4000 58 6.98211e-25 0.0001
4000 59 9.56612e-25 0.0002
4000 60 1.90065e-24 0.0003
4000 61 2.27611e-24 0.0004
4000 62 2.37675e-24 0.0004
4000 63 5.00297e-25 0.0001
4000 64 1.86403e-24 0.0003
4000 65 9.45817e-25 0.0002
4000 66 7.13136e-25 0.0001
4000 67 1.29628e-24 0.0002
4000 68 3.90733e-24 0.0007
4000 69 1.76608e-24 0.0003
4000 70 2.9161e-24 0.0005
4000 71 2.05005e-24 0.0003
4000 72 2.11443e-24 0.0003
4000 73 2.72389e-24 0.0004
4000 74 2.63301e-24 0.0004
4000 75 2.53584e-24 0.0004
4000 76 2.09084e-24 0.0003
4000 77 1.69078e-24 0.0003
4000 78 1.21325e-24 0.0002
4000 79 2.11706e-24 0.0004
4000 80 1.17912e-24 0.0002
4000 81 6.36559e-25 0.0001
4000 82 0 0
4000 83 7.12223e-25 0.0001
4000 84 1.90835e-24 0.0003
4000 85 1.0659e-24 0.0002
4000 86 1.92725e-24 0.0003
4000 87 1.45387e-24 0.0002
4000 88 2.34565e-24 0.0005
4000 89 3.65756e-25 0.0001
4000 90 2.37852e-25 0.0001
4000 91 1.65118e-24 0.0003
4000 92 1.13115e-24 0.0002
4000 93 1.96658e-24 0.0003
4000 94 2.0805e-24 0.0003
4000 95 2.21831e-24 0.0004
4000 96 2.24463e-24 0.0004
4000 97 4.41159e-24 0.0007
4000 98 2.15251e-24 0.0004
4000 99 1.80277e-24 0.0003
4000 100 3.18895e-24 0.0005
4000 101 7.21185e-25 0.0001
4000 102 5.72999e-25 0.0001
4000 103 3.24838e-24 0.0005
4000 104 9.34198e-25 0.0002
4000 105 3.13678e-24 0.0005
4000 106 2.21702e-24 0.0004
4000 107 1.26768e-24 0.0002
4000 108 1.62067e-24 0.0003
4000 109 1.32394e-24 0.0003
4000 110 1.2537e-24 0.0002
4000 111 0 0
4000 112 2.16618e-24 0.0004
4000 113 3.36972e-24 0.0006
4000 114 1.72139e-24 0.0003
4000 115 2.38695e-24 0.0004
4000 116 4.34362e-24 0.0007
4000 117 5.44234e-25 0.0001
4000 118 1.09224e-24 0.0002
4000 119 5.45689e-25 0.0001
4000 120 1.22259e-24 0.0002
4000 121 2.47534e-24 0.0004
4000 122 1.21845e-24 0.0002
4000 123 1.72858e-24 0.0004
4000 124 1.92268e-24 0.0003
4000 125 2.36751e-24 0.0004
4000 126 1.75926e-24 0.0003
4000 127 2.90981e-24 0.0005
4000 128 1.83892e-24 0.0003
4000 129 1.71739e-24 0.0004
4000 130 4.13792e-24 0.0007
4000 131 1.18022e-24 0.0002
4000 132 1.88759e-24 0.0003
4000 133 4.49359e-24 0.0009
4000 134 0 0
4000 135 2.08125e-24 0.0004
4000 136 1.86964e-24 0.0003
4000 137 1.92811e-24 0.0004
4000 138 2.39784e-24 0.0005
4000 139 1.26445e-24 0.0002
4000 140 1.05025e-24 0.0002
4000 141 2.24859e-24 0.0004
4000 142 2.8189e-24 0.0005
4000 143 3.33317e-24 0.0006
4000 144 2.713e-24 0.0005
4000 145 2.75686e-24 0.0005
4000 146 3.73807e-24 0.0007
4000 147 3.63555e-25 0.0001
4000 148 1.49864e-24 0.0004
4000 149 1.45943e-24 0.0003
4000 150 2.39598e-24 0.0004
4000 151 1.6199e-24 0.0004
4000 152 4.52807e-24 0.0009
4000 153 1.74215e-24 0.0003
4000 154 3.80273e-24 0.0007
4000 155 1.28628e-24 0.0002
4000 156 4.85355e-24 0.0009
4000 157 1.87886e-24 0.0004
4000 158 3.11066e-24 0.0005
4000 159 2.41764e-24 0.0005
4000 160 1.19175e-24 0.0002
4000 161 1.71993e-24 0.0003
4000 162 2.19587e-24 0.0004
4000 163 5.9888e-25 0.0001
4000 164 4.41442e-24 0.0009
4000 165 4.02692e-24 0.0008
4000 166 1.81217e-24 0.0003
4000 167 6.29431e-25 0.0001
4000 168 4.27893e-24 0.0008
4000 169 1.50351e-24 0.0003
4000 170 1.09652e-24 0.0002
4000 171 1.83568e-24 0.0004
4000 172 2.28494e-24 0.0005
4000 173 3.1585e-24 0.0007
4000 174 8.92207e-25 0.0002
4000 175 7.02467e-25 0.0002
4000 176 3.73907e-24 0.0007
4000 177 2.41159e-24 0.0005
4000 178 1.0567e-24 0.0003
4000 179 3.37413e-24 0.0006
4000 180 1.52726e-24 0.0003
4000 181 3.0845e-24 0.0007
4000 182 2.44955e-24 0.0005
4000 183 4.9599e-24 0.0011
4000 184 3.51273e-24 0.0006
4000 185 2.62935e-24 0.0005
4000 186 5.74111e-25 0.0001
4000 187 1.9193e-24 0.0004
4000 188 3.33555e-24 0.0006
4000 189 2.67077e-24 0.0005
4000 190 1.5484e-24 0.0003
4000 191 1.48263e-24 0.0004
4000 192 1.96286e-24 0.0004
4000 193 1.95433e-24 0.0004
4000 194 1.58475e-24 0.0003
4000 195 2.55843e-24 0.0006
4000 196 2.12708e-24 0.0004
4000 197 2.64329e-24 0.0006
4000 198 3.67718e-24 0.0007
4000 199 3.42246e-24 0.0007
4000 200 2.82751e-24 0.0005
4000 201 2.39873e-24 0.0005
4000 202 4.0726e-24 0.0008
4000 203 3.56942e-24 0.0007
4000 204 1.92313e-24 0.0004
4000 205 9.67397e-25 0.0002
4000 206 3.18809e-24 0.0007
4000 207 2.13339e-24 0.0005
4000 208 2.10562e-24 0.0004
4000 209 2.67005e-24 0.0005
4000 210 1.32206e-24 0.0003
4000 211 2.40688e-24 0.0005
4000 212 2.99627e-24 0.0006
4000 213 2.3155e-24 0.0006
4000 214 1.11686e-24 0.0004
4000 215 3.81438e-24 0.0008
4000 216 1.01391e-24 0.0002
4000 217 2.06388e-24 0.0005
4000 218 2.77785e-24 0.0006
4000 219 3.04327e-24 0.0006
4000 220 2.08149e-24 0.0004
4000 221 2.31845e-24 0.0005
4000 222 1.41052e-24 0.0003
4000 223 1.31472e-24 0.0003
4000 224 2.89491e-24 0.0006
4000 225 2.3814e-24 0.0006
4000 226 1.01704e-24 0.0002
4000 227 2.03145e-24 0.0004
4000 228 8.62631e-25 0.0002
4000 229 5.5369e-25 0.0001
4000 230 2.94556e-24 0.0007
4000 231 2.54237e-24 0.0005
4000 232 1.99657e-24 0.0004
4000 233 2.70957e-24 0.0005
4000 234 1.05024e-24 0.0003
4000 235 3.19638e-24 0.0007
4000 236 2.32426e-24 0.0005
4000 237 2.43994e-24 0.0005
4000 238 6.78039e-25 0.0002
4000 239 1.67044e-24 0.0004
4000 240 1.5752e-24 0.0003
4000 241 2.74951e-24 0.0007
4000 242 1.40967e-24 0.0003
4000 243 3.08228e-24 0.0008
4000 244 2.88645e-24 0.0007
4000 245 1.84e-24 0.0004
4000 246 1.9096e-24 0.0004
4000 247 4.3339e-24 0.0009
4000 248 1.28917e-24 0.0003
4000 249 1.52015e-24 0.0003
4000 250 1.17871e-24 0.0003
4000 251 2.28063e-24 0.0005
4000 252 2.81949e-24 0.0006
4000 253 1.50256e-24 0.0004
4000 254 2.44697e-24 0.0005
4000 255 3.84725e-24 0.0008
4000 256 1.54445e-24 0.0003
4000 257 2.4196e-24 0.0006
4000 258 2.3229e-24 0.0005
4000 259 2.02441e-24 0.0004
4000 260 4.74628e-24 0.001
4000 261 2.88456e-24 0.0006
4000 262 2.95906e-24 0.0006
4000 263 1.95697e-24 0.0004
4000 264 2.48462e-24 0.0006
4000 265 1.69915e-24 0.0004
4000 266 5.45736e-24 0.0012
4000 267 2.07218e-24 0.0005
4000 268 2.17738e-24 0.0005
4000 269 7.74865e-25 0.0002
4000 270 1.6246e-24 0.0004
4000 271 1.0278e-24 0.0002
4000 272 3.1157e-24 0.0007
4000 273 3.6746e-24 0.0007
4000 274 3.2503e-24 0.0007
4000 275 3.35834e-24 0.0007
4000 276 4.65658e-24 0.0012
4000 277 6.41314e-25 0.0002
4000 278 4.03607e-24 0.0009
4000 279 3.21503e-24 0.0008
4000 280 3.23069e-24 0.0007
4000 281 2.19577e-24 0.0005
4000 282 4.54998e-24 0.001
4000 283 2.21447e-24 0.0005
4000 284 1.67984e-24 0.0004
4000 285 2.62744e-24 0.0006
4000 286 2.38994e-24 0.0006
4000 287 2.11425e-24 0.0006
4000 288 2.2263e-24 0.0005
4000 289 3.40289e-24 0.0008
4000 290 2.48665e-24 0.0006
4000 291 4.07764e-24 0.0009
4000 292 3.01467e-24 0.0007
4000 293 1.7333e-24 0.0005
4000 294 1.76214e-24 0.0004
4000 295 2.14058e-24 0.0005
4000 296 1.79477e-24 0.0004
4000 297 2.27225e-24 0.0006
4000 298 1.48997e-24 0.0005
4000 299 3.95934e-24 0.0009
4000 300 1.49815e-24 0.0004
4000 301 2.53057e-24 0.0006
4000 302 2.45866e-24 0.0006
4000 303 3.48237e-24 0.0009
4000 304 2.52961e-24 0.0006
4000 305 7.34479e-25 0.0002
4000 306 4.34725e-25 0.0001
4000 307 1.6679e-24 0.0005
4000 308 2.56716e-24 0.0007
4000 309 9.73702e-25 0.0002
4000 310 3.02796e-24 0.0007
4000 311 1.60603e-24 0.0004
4000 312 1.21717e-24 0.0003
4000 313 8.56937e-25 0.0002
4000 314 2.28003e-24 0.0006
4000 315 3.82059e-24 0.001
4000 316 1.0265e-24 0.0003
4000 317 1.90454e-24 0.0005
4000 318 2.32182e-24 0.0005
4000 319 5.33271e-24 0.0013
4000 320 2.45433e-24 0.0006
4000 321 2.46437e-24 0.0006
4000 322 2.26817e-24 0.0005
4000 323 4.06704e-24 0.0011
4000 324 2.40889e-24 0.0007
4000 325 3.96663e-24 0.001
4000 326 1.7502e-24 0.0005
4000 327 3.83034e-24 0.0009
4000 328 1.38023e-24 0.0004
4000 329 1.42345e-24 0.0004
4000 330 1.18613e-24 0.0003
4000 331 1.96655e-24 0.0005
4000 332 1.38285e-24 0.0003
4000 333 1.39241e-24 0.0004
4000 334 1.03958e-24 0.0003
4000 335 2.83595e-24 0.0007
4000 336 1.0759e-24 0.0003
4000 337 2.80072e-24 0.0007
4000 338 5.01681e-24 0.0012
4000 339 2.71157e-24 0.0007
4000 340 1.04432e-24 0.0003
4000 341 1.51005e-24 0.0004
4000 342 1.71226e-24 0.0005
4000 343 1.4255e-24 0.0004
4000 344 1.88283e-24 0.0005
4000 345 3.71224e-24 0.0009
4000 346 2.41975e-24 0.0006
4000 347 1.25351e-24 0.0003
4000 348 1.24728e-24 0.0003
4000 349 1.46268e-24 0.0004
4000 350 3.30296e-24 0.0008
4000 351 2.65327e-24 0.0007
4000 352 1.93024e-24 0.0005
4000 353 1.15731e-24 0.0003
4000 354 3.31694e-24 0.0009
4000 355 4.12915e-24 0.001
4000 356 2.04389e-24 0.0005
4000 357 3.06243e-24 0.0008
4000 358 1.14522e-24 0.0004
4000 359 1.86225e-24 0.0005
4000 360 1.5146e-24 0.0004
4000 361 3.26806e-24 0.0008
4000 362 1.90863e-24 0.0006
4000 363 2.51946e-24 0.0007
4000 364 1.46069e-24 0.0004
4000 365 3.52992e-24 0.001
4000 366 7.3496e-25 0.0002
4000 367 2.52345e-24 0.0007
4000 368 1.95867e-24 0.0005
4000 369 6.89601e-25 0.0002
4000 370 3.8728e-24 0.0011
4000 371 1.96962e-24 0.0005
4000 372 2.44508e-24 0.0007
4000 373 4.58391e-24 0.0012
4000 374 1.93473e-24 0.0006
4000 375 1.80241e-24 0.0004
4000 376 9.55625e-25 0.0003
4000 377 2.87991e-24 0.0008
4000 378 2.12696e-24 0.0006
4000 379 9.39186e-25 0.0004
4000 380 1.15423e-24 0.0003
4000 381 2.75718e-24 0.0008
4000 382 1.8703e-24 0.0005
4000 383 2.08609e-24 0.0006
4000 384 1.14603e-24 0.0004
4000 385 2.17989e-24 0.0006
4000 386 1.65724e-24 0.0006
4000 387 0 0
4000 388 2.56358e-24 0.0007
4000 389 8.35074e-25 0.0003
4000 390 3.33817e-24 0.0008
4000 391 2.96517e-24 0.0009
4000 392 2.0691e-24 0.0006
4000 393 1.47323e-24 0.0004
4000 394 0 0
4000 395 1.47962e-24 0.0005
4000 396 3.29977e-24 0.0009
4000 397 3.80878e-24 0.0011
4000 398 1.6914e-24 0.0005
4000 399 3.14952e-24 0.0009
4000 400 1.56974e-24 0.0004
4000 401 3.37027e-24 0.0009
4000 402 1.04138e-24 0.0003
4000 403 1.60556e-24 0.0005
4000 404 2.02488e-24 0.0006
4000 405 2.10249e-24 0.0006
4000 406 2.11316e-24 0.0006
4000 407 1.74316e-24 0.0005
4000 408 1.16698e-24 0.0004
4000 409 7.70781e-25 0.0002
4000 410 1.89519e-24 0.0005
4000 411 1.29688e-24 0.0004
4000 412 1.62438e-24 0.0004
4000 413 1.33111e-24 0.0004
4000 414 3.06573e-24 0.0009
4000 415 2.33932e-24 0.0007
4000 416 2.56641e-24 0.0007
4000 417 2.1114e-24 0.0006
4000 418 1.69908e-24 0.0006
4000 419 2.20832e-24 0.0006
4000 420 3.4708e-24 0.001
4000 421 2.16548e-24 0.0007
4000 422 2.8367e-24 0.0008
4000 423 2.12232e-24 0.0006
4000 424 1.58313e-24 0.0005
4000 425 1.27707e-24 0.0004
4000 426 4.77669e-25 0.0001
4000 427 2.7343e-24 0.0008
4000 428 1.01893e-24 0.0003
4000 429 2.45063e-24 0.0006
4000 430 5.99426e-25 0.0002
4000 431 1.55239e-24 0.0004
4000 432 3.24435e-24 0.0009
4000 433 2.25605e-24 0.0006
4000 434 2.16963e-24 0.0007
4000 435 1.82402e-24 0.0006
4000 436 3.26917e-24 0.0009
4000 437 2.7442e-24 0.0008
4000 438 1.72282e-24 0.0005
4000 439 3.36298e-24 0.0009
4000 440 1.80185e-24 0.0006
4000 441 8.58152e-25 0.0002
4000 442 1.41672e-24 0.0004
4000 443 1.39967e-24 0.0005
4000 444 6.33229e-25 0.0002
4000 445 1.86819e-24 0.0006
4000 446 1.98091e-24 0.0005
4000 447 9.97001e-25 0.0003
4000 448 1.33361e-24 0.0004
4000 449 1.36465e-24 0.0004
4000 450 3.25181e-24 0.0009
4000 451 6.99426e-25 0.0003
4000 452 1.20095e-24 0.0004
4000 453 5.69289e-25 0.0002
4000 454 9.72155e-25 0.0003
4000 455 3.78231e-25 0.0001
4000 456 1.5987e-24 0.0005
4000 457 1.02185e-24 0.0004
4000 458 1.60415e-24 0.0004
4000 459 9.58938e-25 0.0003
4000 460 1.46559e-24 0.0005
4000 461 1.41635e-24 0.0004
4000 462 2.87653e-24 0.0008
4000 463 1.02661e-24 0.0003
4000 464 4.83753e-25 0.0002
4000 465 1.91646e-24 0.0006
4000 466 1.79659e-24 0.0005
4000 467 1.71528e-24 0.0005
4000 468 1.46137e-24 0.0005
4000 469 1.05137e-24 0.0003
4000 470 4.48592e-25 0.0002
4000 471 2.08658e-24 0.0006
4000 472 1.35227e-24 0.0004
4000 473 7.71601e-25 0.0002
4000 474 2.02442e-24 0.0006
4000 475 0.00315985 0.711
4000 476 0 0
4000 477 0 0
4000 478 0 0
4000 479 0 0
4000 480 0 0
4000 481 0 0
4000 482 0 0
4000 483 0 0
4000 484 0 0
4000 485 0 0
4000 486 0 0
4000 487 0 0
4000 488 0 0
4000 489 0 0
4000 490 0 0
4000 491 0 0
4000 492 0 0
4000 493 0 0
4000 494 0 0
4000 495 0 0
4000 496 0 0
4000 497 0 0
4000 498 0 0
4000 499 0 0
4000 500 0 0
4000 501 0 0
4000 502 0 0
4000 503 0 0
4000 504 0 0
4000 505 0 0
4000 506 0 0
4000 507 0 0
4000 508 0 0
4000 509 0 0
4000 510 0 0
4000 511 0 0
4000 512 0 0
4000 513 0 0
4000 514 0 0
4000 515 0 0
4000 516 0 0
4000 517 0 0
4000 518 0 0
4000 519 0 0
4000 520 0 0
4000 521 0 0
4000 522 0 0
4000 523 0 0
4000 524 0 0
4000 525 0 0
4000 526 0 0
4000 527 0 0
4000 528 0 0
4000 529 0 0
4000 530 0 0
4000 531 0 0
4000 532 0 0
4000 533 0 0
4000 534 0 0
4000 535 0 0
4000 536 0 0
4000 537 0 0
4000 538 0 0
4000 539 0 0
4000 540 0 0
4000 541 0 0
4000 542 0 0
4000 543 0 0
4000 544 0 0
4000 545 0 0
4000 546 0 0
4000 547 0 0
4000 548 0 0
4000 549 0 0
4000 550 0 0
4000 551 0 0
4000 552 0 0
4000 553 0 0
4000 554 0 0
4000 555 0 0
4000 556 0 0
4000 557 0 0
4000 558 0 0
4000 559 0 0
4000 560 0 0
4000 561 0 0
4000 562 0 0
4000 563 0 0
4000 564 0 0
4000 565 0 0
4000 566 0 0
4000 567 0 0
4000 568 0 0
4000 569 0 0
4000 570 0 0
4000 571 0 0
4000 572 0 0
4000 573 0 0
4000 574 0 0
4000 575 0 0
4000 576 0 0
4000 577 0 0
4000 578 0 0
4000 579 0 0
4000 580 0 0
4000 581 0 0
4000 582 0 0
4000 583 0 0
4000 584 0 0
4000 585 0 0
4000 586 0 0
4000 587 0 0
4000 588 0 0
4000 589 0 0
4000 590 0 0
4000 591 0 0
4000 592 0 0
4000 593 0 0
4000 594 0 0
4000 595 0 0
4000 596 0 0
4000 597 0 0
4000 598 0 0
4000 599 0 0
4000 600 0 0
4000 601 0 0
4000 602 0 0
4000 603 0 0
4000 604 0 0
4000 605 0 0
4000 606 0 0
4000 607 0 0
4000 608 0 0
4000 609 0 0
4000 610 0 0
4000 611 0 0
4000 612 0 0
4000 613 0 0
4000 614 0 0
4000 615 0 0
4000 616 0 0
4000 617 0 0
4000 618 0 0
4000 619 0 0
4000 620 0 0
4000 621 0 0
4000 622 0 0
4000 623 0 0
4000 624 0 0
4000 625 0 0
4000 626 0 0
4000 627 0 0
4000 628 0 0
4000 629 0 0
4000 630 0 0
4000 631 0 0
4000 632 0 0
4000 633 0 0
4000 634 0 0
4000 635 0 0
4000 636 0 0
4000 637 0 0
4000 638 0 0
4000 639 0 0
4000 640 0 0
4000 641 0 0
4000 642 0 0
4000 643 0 0
4000 644 0 0
4000 645 0 0
4000 646 0 0
4000 647 0 0
4000 648 0 0
4000 649 0 0
4000 650 0 0
4000 651 0 0
4000 652 0 0
4000 653 0 0
4000 654 0 0
4000 655 0 0
4000 656 0 0
4000 657 0 0
4000 658 0 0
4000 659 0 0
4000 660 0 0
4000 661 0 0
4000 662 0 0
4000 663 0 0
4000 664 0 0
4000 665 0 0
4000 666 0 0
4000 667 0 0
4000 668 0 0
4000 669 0 0
4000 670 0 0
4000 671 0 0
4000 672 0 0
4000 673 0 0
4000 674 0 0
4000 675 0 0
4000 676 0 0
4000 677 0 0
4000 678 0 0
4000 679 0 0
4000 680 0 0
4000 681 0 0
4000 682 0 0
4000 683 0 0
4000 684 0 0
4000 685 0 0
4000 686 0 0
4000 687 0 0
4000 688 0 0
4000 689 0 0
4000 690 0 0
4000 691 0 0
4000 692 0 0
4000 693 0 0
4000 694 0 0
4000 695 0 0
4000 696 0 0
4000 697 0 0
4000 698 0 0
4000 699 0 0
4000 700 0 0
4000 701 0 0
4000 702 0 0
4000 703 0 0
4000 704 0 0
4000 705 0 0
4000 706 0 0
4000 707 0 0
4000 708 0 0
4000 709 0 0
4000 710 0 0
4000 711 0 0
4000 712 0 0
4000 713 0 0
4000 714 0 0
4000 715 0 0
4000 716 0 0
4000 717 0 0
4000 718 0 0
4000 719 0 0
4000 720 0 0
4000 721 0 0
4000 722 0 0
4000 723 0 0
4000 724 0 0
4000 725 0 0
4000 726 0 0
4000 727 0 0
4000 728 0 0
4000 729 0 0
4000 730 0 0
4000 731 0 0
4000 732 0 0
4000 733 0 0
4000 734 0 0
4000 735 0 0
4000 736 0 0
4000 737 0 0
4000 738 0 0
4000 739 0 0
4000 740 0 0
4000 741 0 0
4000 742 0 0
4000 743 0 0
4000 744 0 0
4000 745 0 0
4000 746 0 0
4000 747 0 0
4000 748 0 0
4000 749 0 0
4000 750 0 0
4000 751 0 0
4000 752 0 0
4000 753 0 0
4000 754 0 0
4000 755 0 0
4000 756 0 0
4000 757 0 0
4000 758 0 0
4000 759 0 0
4000 760 0 0
4000 761 0 0
4000 762 0 0
4000 763 0 0
4000 764 0 0
4000 765 0 0
4000 766 0 0
4000 767 0 0
4000 768 0 0
4000 769 0 0
4000 770 0 0
4000 771 0 0
4000 772 0 0
4000 773 0 0
4000 774 0 0
4000 775 0 0
4000 776 0 0
4000 777 0 0
4000 778 0 0
4000 779 0 0
4000 780 0 0
4000 781 0 0
4000 782 0 0
4000 783 0 0
4000 784 0 0
4000 785 0 0
4000 786 0 0
4000 787 0 0
4000 788 0 0
4000 789 0 0
4000 790 0 0
4000 791 0 0
4000 792 0 0
4000 793 0 0
4000 794 0 0
4000 795 0 0
4000 796 0 0
4000 797 0 0
4000 798 0 0
4000 799 0 0
4000 800 0 0
4000 801 0 0
4000 802 0 0
4000 803 0 0
4000 804 0 0
4000 805 0 0
4000 806 0 0
4000 807 0 0
4000 808 0 0
4000 809 0 0
4000 810 0 0
4000 811 0 0
4000 812 0 0
4000 813 0 0
4000 814 0 0
4000 815 0 0
4000 816 0 0
4000 817 0 0
4000 818 0 0
4000 819 0 0
4000 820 0 0
4000 821 0 0
4000 822 0 0
4000 823 0 0
4000 824 0 0
4000 825 0 0
4000 826 0 0
4000 827 0 0
4000 828 0 0
4000 829 0 0
4000 830 0 0
4000 831 0 0
4000 832 0 0
4000 833 0 0
4000 834 0 0
4000 835 0 0
4000 836 0 0
4000 837 0 0
4000 838 0 0
4000 839 0 0
4000 840 0 0
4000 841 0 0
4000 842 0 0
4000 843 0 0
4000 844 0 0
4000 845 0 0
4000 846 0 0
4000 847 0 0
4000 848 0 0
4000 849 0 0
4000 850 0 0
4000 851 0 0
4000 852 0 0
4000 853 0 0
4000 854 0 0
4000 855 0 0
4000 856 0 0
4000 857 0 0
4000 858 0 0
4000 859 0 0
4000 860 0 0
4000 861 0 0
4000 862 0 0
4000 863 0 0
4000 864 0 0
4000 865 0 0
4000 866 0 0
4000 867 0 0
4000 868 0 0
4000 869 0 0
4000 870 0 0
4000 871 0 0
4000 872 0 0
4000 873 0 0
4000 874 0 0
4000 875 0 0
4000 876 0 0
4000 877 0 0
4000 878 0 0
4000 879 0 0
4000 880 0 0
4000 881 0 0
4000 882 0 0
4000 883 0 0
4000 884 0 0
4000 885 0 0
4000 886 0 0
4000 887 0 0
4000 888 0 0
4000 889 0 0
4000 890 0 0
4000 891 0 0
4000 892 0 0
4000 893 0 0
4000 894 0 0
4000 895 0 0
4000 896 0 0
4000 897 0 0
4000 898 0 0
4000 899 0 0
4000 900 0 0
4000 901 0 0
4000 902 0 0
4000 903 0 0
4000 904 0 0
4000 905 0 0
4000 906 0 0
4000 907 0 0
4000 908 0 0
4000 909 0 0
4000 910 0 0
4000 911 0 0
4000 912 0 0
4000 913 0 0
4000 914 0 0
4000 915 0 0
4000 916 0 0
4000 917 0 0
4000 918 0 0
4000 919 0 0
4000 920 0 0
4000 921 0 0
4000 922 0 0
4000 923 0 0
4000 924 0 0
4000 925 0 0
4000 926 0 0
4000 927 0 0
4000 928 0 0
4000 929 0 0
4000 930 0 0
4000 931 0 0
4000 932 0 0
4000 933 0 0
4000 934 0 0
4000 935 0 0
4000 936 0 0
4000 937 0 0
4000 938 0 0
4000 939 0 0
4000 940 0 0
4000 941 0 0
4000 942 0 0
4000 943 0 0
4000 944 0 0
4000 945 0 0
4000 946 0 0
4000 947 0 0
4000 948 0 0
4000 949 0 0
4000 950 0 0
4000 951 0 0
4000 952 0 0
4000 953 0 0
4000 954 0 0
4000 955 0 0
4000 956 0 0
4000 957 0 0
4000 958 0 0
4000 959 0 0
4000 960 0 0
4000 961 0 0
4000 962 0 0
4000 963 0 0
4000 964 0 0
4000 965 0 0
4000 966 0 0
4000 967 0 0
4000 968 0 0
4000 969 0 0
4000 970 0 0
4000 971 0 0
4000 972 0 0
4000 973 0 0
4000 974 0 0
4000 975 0 0
4000 976 0 0
4000 977 0 0
4000 978 0 0
4000 979 0 0
4000 980 0 0
4000 981 0 0
4000 982 0 0
4000 983 0 0
4000 984 0 0
4000 985 0 0
4000 986 0 0
4000 987 0 0
4000 988 0 0
4000 989 0 0
4000 990 0 0
4000 991 0 0
4000 992 0 0
4000 993 0 0
4000 994 0 0
4000 995 0 0
4000 996 0 0
4000 997 0 0
4000 998 0 0
4000 999 0 0
4000 1000 0 0
4000 1001 0 0
4000 1002 0 0
4000 1003 0 0
4000 1004 0 0
4000 1005 0 0
4000 1006 0 0
4000 1007 0 0
4000 1008 0 0
4000 1009 0 0
4000 1010 0 0
4000 1011 0 0
4000 1012 0 0
4000 1013 0 0
4000 1014 0 0
4000 1015 0 0
4000 1016 0 0
4000 1017 0 0
4000 1018 0 0
4000 1019 0 0
4000 1020 0 0
4000 1021 0 0
4000 1022 0 0
4000 1023 0 0
4000 1024 0 0
4000 1025 0 0
4000 1026 0 0
4000 1027 0 0
4000 1028 0 0
4000 1029 0 0
4000 1030 0 0
4000 1031 0 0
4000 1032 0 0
4000 1033 0 0
4000 1034 0 0
4000 1035 0 0
4000 1036 0 0
4000 1037 0 0
4000 1038 0 0
4000 1039 0 0
4000 1040 0 0
4000 1041 0 0
4000 1042 0 0
4000 1043 0 0
4000 1044 0 0
4000 1045 0 0
4000 1046 0 0
4000 1047 0 0
4000 1048 0 0
4000 1049 0 0
4000 1050 0 0
4000 1051 0 0
4000 1052 0 0
4000 1053 0 0
4000 1054 0 0
4000 1055 0 0
4000 1056 0 0
4000 1057 0 0
4000 1058 0 0
4000 1059 0 0
4000 1060 0 0
4000 1061 0 0
4000 1062 0 0
4000 1063 0 0
4000 1064 0 0
4000 1065 0 0
4000 1066 0 0
4000 1067 0 0
4000 1068 0 0
4000 1069 0 0
4000 1070 0 0
4000 1071 0 0
4000 1072 0 0
4000 1073 0 0
4000 1074 0 0
4000 1075 0 0
4000 1076 0 0
4000 1077 0 0
4000 1078 0 0
4000 1079 0 0
4000 1080 0 0
4000 1081 0 0
4000 1082 0 0
4000 1083 0 0
4000 1084 0 0
4000 1085 0 0
4000 1086 0 0
4000 1087 0 0
4000 1088 0 0
4000 1089 0 0
4000 1090 0 0
4000 1091 0 0
4000 1092 0 0
4000 1093 0 0
4000 1094 0 0
4000 1095 0 0
4000 1096 0 0
4000 1097 0 0
4000 1098 0 0
4000 1099 0 0
4000 1100 0 0
4000 1101 0 0
4000 1102 0 0
4000 1103 0 0
4000 1104 0 0
4000 1105 0 0
4000 1106 0 0
4000 1107 0 0
4000 1108 0 0
4000 1109 0 0
4000 1110 0 0
4000 1111 0 0
4000 1112 0 0
4000 1113 0 0
4000 1114 0 0
4000 1115 0 0
4000 1116 0 0
4000 1117 0 0
4000 1118 0 0
4000 1119 0 0
4000 1120 0 0
4000 1121 0 0
4000 1122 0 0
4000 1123 0 0
4000 1124 0 0
4000 1125 0 0
4000 1126 0 0
4000 1127 0 0
4000 1128 0 0
4000 1129 0 0
4000 1130 0 0
4000 1131 0 0
4000 1132 0 0
4000 1133 0 0
4000 1134 0 0
4000 1135 0 0
4000 1136 0 0
4000 1137 0 0
4000 1138 0 0
4000 1139 0 0
4000 1140 0 0
4000 1141 0 0
4000 1142 0 0
4000 1143 0 0
4000 1144 0 0
4000 1145 0 0
4000 1146 0 0
4000 1147 0 0
4000 1148 0 0
4000 1149 0 0
