0 -1
0 1
0 -1
475 1
0 -1
336 1
0 -1
207 1
0 -1
344 1
0 -1
475 1
0 -1
0 1
0 -1
475 1
0 -1
475 1
0 -1
190 1
0 -1
3 1
0 -1
231 1
0 -1
419 1
0 -1
454 1
0 -1
312 1
0 -1
475 1
0 -1
475 1
0 -1
475 1
0 -1
199 1
0 -1
475 1
0 -1
326 1
0 -1
475 1
0 -1
475 1
0 -1
475 1
0 -1
475 1
0 -1
475 1
0 -1
373 1
0 -1
227 1
0 -1
475 1
0 -1
66 1
0 -1
475 1
0 -1
475 1
0 -1
0 1
0 -1
475 1
0 -1
366 1
0 -1
475 1
0 -1
475 1
0 -1
397 1
0 -1
475 1
0 -1
358 1
0 -1
321 1
0 -1
472 1
0 -1
475 1
0 -1
475 1
0 -1
265 1
0 -1
406 1
0 -1
0 1
0 -1
0 1
0 -1
475 1
0 -1
351 1
0 -1
246 1
0 -1
109 1
0 -1
263 1
0 -1
475 1
0 -1
475 1
0 -1
475 1
0 -1
162 1
0 -1
0 1
0 -1
367 1
0 -1
101 1
0 -1
475 1
0 -1
175 1
0 -1
338 1
0 -1
29 1
0 -1
475 1
0 -1
270 1
0 -1
475 1
0 -1
475 1
0 -1
0 1
0 -1
228 1
0 -1
475 1
0 -1
306 1
0 -1
366 1
0 -1
475 1
0 -1
475 1
0 -1
97 1
0 -1
475 1
0 -1
330 1
0 -1
0 1
0 -1
342 1
0 -1
0 1
0 -1
475 1
0 -1
475 1
0 -1
0 1
0 -1
0 1
0 -1
417 1
0 -1
325 1
0 -1
0 1
0 -1
92 1
0 -1
475 1
0 -1
475 1
0 -1
309 1
0 -1
475 1
0 -1
236 1
0 -1
0 1
0 -1
475 1
0 -1
475 1
0 -1
475 1
0 -1
100 1
0 -1
0 1
