475 2.50193e-21
475 4.37666e-07
475 2.0747e-06
0 2.68645e-21
475 2.50193e-21
475 5.24068e-16
475 3.99723e-24
475 3.60956e-05
475 0.000143571
475 7.92636e-17
475 3.43019e-07
475 0.000119762
475 2.42654e-58
475 1.8709e-50
475 1.5503e-39
475 3.49512e-29
475 1.51635e-12
475 1.11748e-159
475 1.04312e-19
475 1.23442e-34
475 1.94843e-74
475 1.91391e-63
475 4.71144e-41
475 6.78603e-34
475 1.37518e-29
475 3.72236e-35
475 1.28883e-19
475 1.28922e-20
475 1.75672e-72
475 2.63215e-87
475 3.00678e-08
475 3.93481e-11
475 1.27968e-18
475 1.15928e-36
475 7.06283e-41
475 1.26704e-83
475 1.30454e-07
475 8.39095e-20
475 1.01832e-16
475 2.0473e-17
475 8.47143e-69
475 2.23133e-37
475 5.12327e-22
475 1.80287e-55
475 1.90552e-45
475 4.47994e-207
475 3.50982e-32
475 2.27786e-20
475 1.38319e-51
475 4.98169e-08
475 5.07893e-35
475 3.86893e-46
475 0.000200018
475 2.50193e-21
475 2.97833e-05
475 4.14653e-18
475 5.52459e-07
336 1.75215e-21
475 2.50193e-21
475 2.26048e-19
475 6.05741e-23
475 2.29579e-31
207 2.08024e-21
475 2.50193e-21
475 9.79974e-16
475 1.15168e-06
475 1.32631e-47
344 1.53397e-21
475 2.50193e-21
475 7.63035e-09
475 2.49207e-05
475 0.000179979
475 4.19778e-14
475 1.61717e-13
475 1.24617e-87
475 7.7282e-39
475 6.01966e-11
475 7.91429e-08
475 2.3274e-37
475 7.80314e-28
475 2.3471e-32
475 2.38655e-11
475 6.85964e-10
475 2.74207e-08
475 3.87388e-11
475 2.37109e-28
475 8.26957e-31
475 2.91087e-09
475 5.12801e-05
475 4.25436e-80
475 3.39574e-08
475 6.50048e-36
475 8.9876e-37
475 6.78416e-07
475 5.39804e-37
475 1.49363e-32
475 2.33637e-22
475 4.89838e-53
475 5.64277e-13
475 7.99768e-68
475 4.24775e-09
475 5.1501e-13
475 3.66233e-18
475 3.79141e-20
475 5.12785e-07
475 4.1703e-36
475 7.29514e-08
475 2.10196e-25
475 3.01625e-07
475 7.54144e-08
475 2.81995e-37
475 6.22156e-06
475 3.95868e-23
475 4.19351e-20
475 3.60594e-20
475 1.31697e-24
475 7.93796e-15
475 2.25032e-53
475 5.90252e-06
475 6.92514e-101
475 5.7317e-15
475 2.89118e-12
475 4.90994e-13
475 0.000229899
475 2.50193e-21
475 7.44163e-08
475 4.03183e-06
0 2.59963e-21
475 2.50193e-21
475 2.211e-09
475 7.53823e-13
475 0.000499998
475 2.50193e-21
475 1.90708e-12
475 1.53212e-15
475 5.80145e-28
475 0.0005
475 2.50193e-21
475 0.000421894
475 5.2611e-05
475 3.76878e-06
475 6.02597e-06
475 3.09393e-06
475 1.54943e-06
475 5.05907e-06
475 6.87858e-07
190 2.22074e-22
475 2.50193e-21
475 7.1671e-05
475 1.02962e-05
3 2.62728e-21
475 2.50193e-21
475 2.68137e-07
475 5.16827e-09
475 4.98813e-20
475 1.77862e-07
231 1.84921e-21
475 2.50193e-21
475 1.82882e-17
475 0.000235961
475 1.65402e-22
475 3.4526e-16
475 8.92833e-06
419 9.69435e-22
475 2.50193e-21
475 2.30308e-16
475 7.4863e-08
454 1.40382e-21
475 2.50193e-21
475 8.28372e-08
475 8.5232e-06
312 1.6342e-21
475 2.50193e-21
475 0.0005
475 2.50193e-21
475 2.26933e-25
475 1.20129e-14
475 7.46621e-26
475 2.54096e-08
475 5.40989e-26
475 0.000499975
475 2.50193e-21
475 0.000193378
475 7.45442e-15
475 7.04797e-12
475 3.47845e-18
475 4.97907e-44
475 2.97126e-06
475 7.3768e-13
475 3.82974e-11
475 4.30245e-10
475 3.80716e-05
475 9.95642e-48
475 2.90414e-54
475 1.05854e-18
475 1.2751e-18
475 1.57451e-18
475 1.33322e-06
475 1.19546e-45
475 1.30837e-11
475 0.000264245
475 2.50193e-21
475 9.81693e-08
475 3.06742e-06
199 2.31888e-21
475 2.50193e-21
475 3.4914e-07
475 9.98271e-10
475 3.88224e-14
475 1.34486e-05
475 1.12517e-26
475 6.35933e-05
475 0.000422608
475 2.50193e-21
475 1.33859e-28
475 1.71619e-06
475 0
475 8.64869e-43
475 1.34862e-06
326 1.62748e-21
475 2.50193e-21
475 0.0005
475 2.50193e-21
475 0.0005
475 2.50193e-21
475 4.75102e-12
475 3.85567e-16
475 0.0005
475 2.50193e-21
475 0.000129868
475 2.16125e-06
475 6.29877e-13
475 2.28038e-12
475 2.88e-19
475 4.34964e-07
475 1.58536e-19
475 0.000261727
475 7.33106e-05
475 4.13726e-06
475 3.44604e-06
475 1.67159e-05
475 8.1994e-06
475 2.50193e-21
475 8.97348e-15
475 0.0005
475 2.50193e-21
475 3.41e-09
475 5.3907e-13
475 3.78646e-06
373 1.47021e-21
475 2.50193e-21
475 8.47057e-07
475 0.000235388
227 1.34837e-21
475 2.50193e-21
475 3.51051e-19
475 5.3931e-16
475 2.70939e-05
475 1.34152e-17
475 4.68868e-12
475 6.23062e-18
475 6.27946e-05
475 0.000410112
475 2.50193e-21
475 4.45883e-36
475 9.62145e-07
475 6.78294e-12
475 4.5692e-20
475 1.87753e-10
475 1.19071e-22
475 6.81003e-13
475 8.11099e-07
475 1.18202e-08
475 1.80131e-07
475 4.69882e-49
475 1.08901e-06
475 1.23992e-14
475 2.03693e-05
475 2.64215e-10
475 2.48728e-10
475 7.43697e-07
475 3.50715e-20
475 1.34589e-11
475 4.1045e-06
475 4.13271e-08
475 1.17435e-05
475 6.44228e-27
475 2.34679e-19
475 2.82826e-16
66 2.6056e-21
475 2.50193e-21
475 5.48626e-05
475 2.0207e-11
475 1.32857e-13
475 0.000445137
475 2.50193e-21
475 1.99977e-11
475 1.34033e-10
475 2.46973e-15
475 1.2514e-05
475 3.31496e-17
475 0.000193619
475 3.60083e-09
475 0.000293863
475 2.50193e-21
475 1.27288e-09
475 4.52492e-21
475 1.47533e-10
0 2.59662e-21
475 2.50193e-21
475 1.93662e-06
475 0.000498063
475 2.50193e-21
475 7.7262e-05
475 1.76122e-06
475 5.13517e-06
366 1.34518e-21
475 2.50193e-21
475 9.76487e-14
475 2.52745e-06
475 1.25095e-08
475 4.71806e-19
475 5.99663e-25
475 7.28156e-17
475 3.16732e-10
475 2.60214e-15
475 4.55924e-14
475 2.18212e-19
475 5.28922e-20
475 6.98824e-05
475 9.02739e-18
475 1.34977e-27
475 0.000390309
475 2.05131e-05
475 3.54735e-06
475 6.53576e-06
475 6.6719e-06
475 2.50193e-21
475 1.02157e-06
475 9.4511e-10
475 0.000498977
475 2.50193e-21
475 3.98959e-10
475 6.30177e-06
397 1.66703e-21
475 2.50193e-21
475 0.0005
475 2.50193e-21
475 1.48879e-12
475 2.61529e-15
475 0.000246205
475 5.88658e-12
475 1.7722e-17
475 7.94771e-06
475 5.55868e-36
475 9.66657e-07
475 8.53454e-40
475 2.20521e-37
475 1.58682e-08
475 0.000106027
475 1.08352e-05
475 2.38598e-05
475 6.31663e-07
475 3.27346e-05
475 2.47515e-05
475 5.56895e-06
475 1.97652e-05
475 7.0455e-06
475 4.54192e-06
475 7.48674e-06
358 8.37262e-23
475 2.50193e-21
475 4.6567e-07
475 2.78427e-17
475 1.21208e-37
475 3.42511e-13
475 2.17215e-05
475 6.03407e-21
475 8.83739e-32
475 7.5318e-15
475 7.5414e-08
475 6.0281e-09
475 0
475 9.27129e-18
475 1.33947e-06
475 1.70844e-05
321 1.67897e-21
475 2.50193e-21
475 6.19498e-11
475 1.83274e-06
472 1.60038e-21
475 2.50193e-21
475 1.24022e-07
475 0.000338189
475 5.70045e-05
475 5.15959e-05
475 1.1729e-05
475 1.85702e-05
475 1.55154e-05
475 7.27212e-06
475 2.50193e-21
475 0.0005
475 2.50193e-21
475 0.000109372
475 4.28835e-06
265 1.5552e-21
475 2.50193e-21
475 2.18683e-06
475 2.25966e-23
475 3.76506e-44
406 1.58964e-21
475 2.50193e-21
475 1.33255e-20
475 6.78782e-06
475 0
475 8.46233e-07
475 4.75394e-06
475 6.02798e-18
475 5.34138e-19
475 2.43661e-05
475 6.73167e-15
475 1.48441e-05
475 0
475 8.75749e-18
475 1.85949e-07
0 2.45901e-21
475 2.50193e-21
475 4.63009e-31
475 8.01688e-15
475 1.79403e-06
0 2.56603e-21
475 2.50193e-21
475 3.8123e-07
475 2.67479e-06
475 1.6188e-25
475 1.18308e-07
475 1.35567e-17
475 2.0755e-08
475 1.36262e-17
475 0.000496805
475 2.50193e-21
475 1.1284e-07
475 4.53058e-12
475 1.86817e-07
475 1.14127e-06
351 1.57855e-21
475 2.50193e-21
475 8.41211e-08
475 4.49831e-10
475 3.10275e-80
475 0
475 8.20958e-05
475 3.00069e-05
475 2.99954e-07
246 1.85278e-21
475 2.50193e-21
475 1.5398e-05
475 1.07115e-13
475 6.68234e-06
475 7.46006e-07
109 2.55735e-21
475 2.50193e-21
475 1.3565e-27
475 2.85871e-06
475 0
475 1.2965e-06
475 2.13818e-08
475 4.02811e-06
475 0
475 0.000271891
475 5.19683e-07
475 0
475 1.97373e-40
475 3.78938e-07
263 1.41864e-21
475 2.50193e-21
475 3.75188e-05
475 6.36542e-19
475 7.35599e-16
475 1.4932e-19
475 7.06157e-12
475 6.6851e-08
475 3.25092e-12
475 0.000384942
475 4.57355e-05
475 2.16491e-05
475 2.0274e-06
475 8.06051e-06
475 2.50193e-21
475 1.47307e-15
475 1.15968e-09
475 1.11401e-13
475 0.00020485
475 8.28029e-17
475 3.35607e-98
475 1.96084e-05
475 1.17883e-14
475 8.25656e-08
475 5.03763e-09
475 0.000275453
475 2.50193e-21
475 0.000361717
475 1.77341e-05
475 2.17577e-05
475 9.61902e-06
475 4.92186e-05
475 1.82379e-05
475 8.70688e-07
475 7.01816e-06
475 8.98563e-07
475 7.66219e-06
475 3.49426e-07
162 2.3392e-22
475 2.50193e-21
475 0.0005
475 2.50193e-21
475 1.01131e-07
475 1.51818e-05
0 2.51205e-21
475 2.50193e-21
475 6.0961e-10
475 1.29965e-11
475 0.00022318
475 3.81431e-22
475 5.20377e-19
475 3.83176e-07
475 3.23232e-15
475 2.18694e-05
475 4.82906e-30
475 3.85608e-46
475 5.03985e-15
475 6.68781e-12
475 1.80553e-49
475 4.37972e-09
475 2.62116e-67
475 4.41384e-12
475 4.00952e-46
475 4.71523e-23
475 3.631e-34
475 1.64609e-06
475 6.3967e-29
475 1.72101e-06
367 1.06482e-21
475 2.50193e-21
475 1.87007e-13
475 1.18821e-08
475 1.50398e-06
101 2.62408e-21
475 2.50193e-21
475 0.0005
475 2.50193e-21
475 0.000259491
475 3.91092e-08
475 3.24391e-27
475 1.77365e-12
475 1.28315e-21
475 2.26421e-66
475 2.06272e-10
475 2.57344e-06
175 1.49415e-21
475 2.50193e-21
475 2.13732e-11
475 3.22518e-18
338 1.50137e-21
475 2.50193e-21
475 3.06983e-05
475 5.40916e-07
29 2.69462e-21
475 2.50193e-21
475 9.40951e-34
475 8.43778e-10
475 1.05692e-12
475 5.87239e-24
475 3.26612e-07
475 3.10531e-08
475 3.21385e-13
475 1.81913e-16
475 1.72836e-06
475 5.10126e-08
475 2.64676e-08
475 0.000113605
475 3.6063e-10
475 3.08158e-21
475 2.19327e-05
475 1.20972e-10
475 2.23522e-10
475 5.39419e-10
475 2.68351e-30
475 1.3518e-24
475 5.65599e-06
475 0.000149502
475 1.85577e-12
475 3.03979e-49
475 8.47592e-48
475 9.95984e-45
475 3.34697e-36
475 6.13497e-14
475 1.46149e-36
475 2.79697e-16
475 2.1819e-14
475 2.27037e-92
475 7.80027e-43
475 9.63855e-18
475 9.97722e-45
475 1.66373e-21
475 4.71275e-37
475 1.16064e-45
475 1.92059e-06
475 2.77268e-11
475 1.43699e-106
475 1.13015e-50
475 1.7369e-23
475 2.00516e-40
475 3.98907e-22
475 7.86644e-34
475 0.000205218
475 2.50193e-21
475 2.08185e-41
475 1.17647e-05
270 1.71698e-21
475 2.50193e-21
475 6.80067e-10
475 4.48358e-08
475 1.83836e-19
475 0.000173216
475 0.000326739
475 2.50193e-21
475 1.31029e-06
475 0.00049869
475 2.50193e-21
475 5.25603e-05
475 1.1554e-05
0 2.35225e-21
475 2.50193e-21
475 1.70539e-29
475 1.35214e-06
475 2.82298e-05
475 5.83225e-07
228 2.09908e-21
475 2.50193e-21
475 1.34077e-22
475 4.90431e-06
475 0
475 0.000495096
475 2.50193e-21
475 1.64767e-20
475 2.4209e-31
475 2.29526e-06
475 0
475 2.31733e-05
475 1.54681e-10
475 7.21677e-06
306 1.57244e-21
475 2.50193e-21
475 7.27371e-20
475 1.43301e-05
475 8.58414e-13
475 1.49637e-08
366 1.5558e-21
475 2.50193e-21
475 0.0005
475 2.50193e-21
475 1.5805e-06
475 5.09239e-12
475 1.45473e-05
475 4.21086e-28
475 0
475 4.28426e-06
475 1.43279e-05
475 6.19188e-06
475 7.68946e-05
475 2.57829e-06
475 6.87135e-09
475 1.03916e-32
475 1.30825e-09
475 0.00010598
475 5.67196e-08
475 1.67811e-05
475 3.88899e-69
475 1.01093e-36
475 2.11271e-35
475 1.77621e-07
475 3.13839e-51
475 1.36077e-12
475 1.0442e-08
475 9.89254e-09
475 5.35151e-11
475 5.60068e-08
475 1.83421e-06
475 0.00014539
475 6.399e-05
475 2.9039e-05
475 5.6921e-06
475 5.62508e-06
475 4.94509e-06
475 2.50193e-21
475 2.63992e-08
475 1.11657e-06
97 2.65052e-21
475 2.50193e-21
475 0.0005
475 2.50193e-21
475 2.40429e-07
475 1.04527e-05
475 2.91769e-15
475 1.48045e-13
475 8.11728e-10
475 6.8093e-44
330 1.5319e-21
475 2.50193e-21
475 2.23679e-07
475 1.88234e-11
475 7.26065e-14
475 1.01138e-17
475 1.75646e-14
475 2.183e-13
475 2.70369e-07
475 2.59441e-07
0 2.75636e-21
475 2.50193e-21
475 1.02973e-14
475 7.17855e-20
475 1.34195e-14
475 4.65195e-08
475 1.02372e-05
342 1.63746e-21
475 2.50193e-21
475 4.09281e-07
475 1.70659e-07
0 2.86411e-21
475 2.50193e-21
475 0.000347935
475 7.69108e-05
475 2.20515e-05
475 2.35781e-05
475 1.6205e-05
475 2.59318e-06
475 1.37754e-06
475 9.34875e-06
475 2.50193e-21
475 1.89115e-11
475 1.85032e-09
475 0.000499998
475 2.50193e-21
475 1.28374e-15
475 6.18857e-09
475 1.12299e-05
475 4.90998e-13
475 1.93262e-06
475 7.49891e-12
475 6.6657e-07
0 2.769e-21
475 2.50193e-21
475 8.13461e-22
475 3.2004e-12
475 4.03662e-12
475 5.26294e-07
475 0
475 1.37536e-16
475 8.50743e-07
0 2.71804e-21
475 2.50193e-21
475 5.88888e-09
475 2.9269e-06
417 1.53754e-21
475 2.50193e-21
475 7.61459e-07
475 4.85919e-06
475 2.80986e-05
475 1.01022e-05
475 2.69856e-06
325 1.49248e-21
475 2.50193e-21
475 6.3181e-24
475 4.04602e-06
475 5.94191e-06
0 2.76484e-21
475 2.50193e-21
475 1.49356e-08
475 2.19808e-06
92 2.60811e-21
475 2.50193e-21
475 0.0005
475 2.50193e-21
475 2.1848e-05
475 5.52466e-20
475 7.35523e-24
475 1.02152e-20
475 3.62974e-05
475 1.32563e-29
475 6.72198e-09
475 1.95677e-20
475 9.81554e-06
475 0.000107925
475 1.08656e-13
475 0.000322719
475 1.3881e-06
475 2.50193e-21
475 3.38646e-16
475 9.13719e-44
309 1.62152e-21
475 2.50193e-21
475 4.64855e-06
475 4.88877e-16
475 0.000495351
475 2.50193e-21
475 9.10377e-05
475 4.45387e-06
236 1.63819e-21
475 2.50193e-21
475 4.28917e-07
475 3.32422e-28
475 4.2742e-09
475 7.15742e-10
475 3.81031e-06
0 2.58977e-21
475 2.50193e-21
475 2.86263e-05
475 1.00462e-11
475 0.000471374
475 2.50193e-21
475 5.99623e-10
475 7.59895e-17
475 2.80892e-08
475 3.31301e-10
475 5.92265e-23
475 9.52046e-23
475 0.000499971
475 2.50193e-21
475 0.0005
475 2.50193e-21
475 8.5968e-15
475 8.87895e-06
475 5.88638e-06
475 3.44873e-12
475 7.4198e-05
475 0
475 6.88561e-12
475 6.83991e-27
475 4.00333e-06
100 2.17501e-21
475 2.50193e-21
475 8.64635e-17
475 2.19584e-05
0 2.64816e-21
