475 9.16961e-23
475 0.162432
475 0.790051
475 0.864476
476 0.896945
476 0.494797
476 1.22692
477 0.515116
477 0.123992
477 0.927564
477 0.342067
477 0.362104
477 0.0635735
478 1.51015
478 0.271039
478 0.269333
478 0.0424414
479 2.70027
479 0.0821506
479 1.13456
480 0.657187
480 0.354477
480 1.24353
480 0.0661844
481 3.05478
481 0.607461
482 1.28578
482 0.419026
482 0.055998
482 0.815305
482 0.868585
482 1.19265
483 1.88007
483 0.197846
483 0.497907
484 3.08332
484 1.22043
484 2.9959
485 2.89045
485 2.8104
485 2.76478
485 2.951
486 3.50256
484 0.0382459
483 0.0123162
483 0.0100975
483 0.0402133
483 0.0419322
482 0.0508961
482 0.046475
482 0.0342315
482 0.0415125
482 0.0523201
482 0.0595185
481 0.0528584
481 0.0419388
480 0.0595821
480 0.0548325
480 0.055697
480 0.0364975
479 0.0404766
479 0.0622796
479 0.0462735
478 0.0382155
478 0.0653672
478 0.0437356
478 0.0422275
477 0.0710506
477 0.0620523
477 0.0496787
477 0.0447872
477 0.0494777
477 0.0512583
476 0.0642729
476 0.0948672
476 0.0480065
475 0.063742
475 0.0451285
475 0.0746365
483 0.001564
483 0.0161207
