475 9.16961e-23
475 0.0439818
475 0.208911
475 0.234315
475 0.385358
475 0.103787
475 0.0360897
475 0.265292
475 0.82821
476 0.444855
476 0.921905
476 0.154032
476 0.452589
476 0.0561746
476 0.329291
476 0.4246
477 0.791142
477 0.38876
477 0.33978
477 0.0965132
477 0.429998
478 0.675635
478 0.857781
478 0.52463
478 0.509983
479 1.53268
479 2.1731
480 0.227761
480 0.450649
480 0.221956
480 0.0504305
480 0.34841
480 0.24067
480 0.447859
480 0.303768
480 0.147928
480 0.593131
480 0.21149
480 0.194043
481 0.156895
481 0.0584249
481 0.373586
481 0.094697
481 0.316013
481 0.453868
482 2.8925
482 1.35678
483 2.56836
483 0.480304
483 0.277638
483 0.647472
483 2.01869
483 0.341595
483 0.432414
484 3.05957
484 2.83943
485 2.91786
485 2.76341
485 3.00797
485 3.45756
485 0.212235
485 0.0341334
485 0.0228488
483 0.0405991
483 0.0392702
483 0.0457413
483 0.036318
483 0.0486874
483 0.0480526
482 0.0391939
482 0.045085
481 0.0418084
481 0.0442328
481 0.0558375
481 0.0384268
481 0.0344046
481 0.0423174
481 0.0549601
480 0.0425392
480 0.0382324
480 0.0547069
480 0.0423236
480 0.0513829
480 0.0419245
480 0.0363907
480 0.0460584
480 0.046675
480 0.0387831
480 0.0615455
479 0.0461703
479 0.0366741
478 0.0356428
478 0.052481
478 0.0649112
478 0.0537869
477 0.0731447
477 0.0360384
477 0.0611298
477 0.040208
477 0.0663938
476 0.0743284
476 0.0560916
476 0.0768392
476 0.0344645
476 0.0385504
476 0.0748867
476 0.0349603
475 0.0682851
475 0.0487826
475 0.0782648
475 0.0941222
475 0.0370905
475 0.0640968
475 0.0298678
475 0.00503325
475 0.0305099
