475 9.16961e-23
475 0.12116
475 0.14886
475 0.698094
475 0.452064
475 0.164162
475 0.282416
475 0.435405
476 0.813078
476 1.10307
476 0.255076
478 4.48842
478 0.621919
478 0.385499
479 2.20377
479 0.260366
479 1.09596
479 0.131664
480 0.446922
480 0.753075
481 2.38454
481 0.0821535
481 0.761279
481 0.136853
481 0.642334
481 0.0891112
482 2.29211
482 0.691227
482 1.17092
483 2.65402
483 0.0500689
483 1.2253
483 0.884966
483 0.447242
483 0.639413
484 2.34973
484 2.0547
485 2.82258
485 2.62653
485 2.75466
485 2.94698
485 3.48431
485 0.489587
483 0.0424865
483 0.0438048
483 0.0352359
483 0.0388759
483 0.0344322
482 0.0559217
482 0.0560115
482 0.0360691
481 0.0392013
481 0.0362821
481 0.0360446
481 0.0395933
481 0.035293
481 0.0346734
480 0.0581928
480 0.062397
479 0.0365965
479 0.0595319
479 0.0348272
478 0.0358694
478 0.0474092
478 0.0403654
476 0.092596
476 0.0507914
475 0.0589238
475 0.0677014
475 0.0610996
475 0.0597116
475 0.0875172
475 0.0409701
