475 9.16961e-23
475 0.27333
475 0.0877007
475 0.198351
475 0.708248
475 0.221996
475 0.597626
476 0.742982
476 0.805685
476 0.377982
476 0.394924
476 0.042877
476 0.0839894
476 0.0357333
477 0.3196
477 0.346341
477 0.454839
477 0.360367
477 0.467109
477 0.653137
478 1.53109
478 0.740161
478 0.201026
478 0.440383
478 0.072092
479 0.246166
479 0.836713
479 0.444563
479 0.48262
479 0.938977
480 0.799348
480 0.158835
480 1.18986
480 0.617978
480 0.520956
481 0.404343
481 0.708416
481 0.199937
481 0.797843
482 2.80012
482 1.77643
482 0.801537
483 0.832781
483 1.30515
483 2.35791
483 0.498387
483 0.431693
484 3.14918
484 2.92326
485 2.86057
485 2.69298
485 2.96269
485 3.52237
485 0.291978
485 0.0375285
483 0.0373697
483 0.0361285
483 0.0471329
483 0.0416185
482 0.0507324
482 0.0364584
482 0.035454
481 0.0569028
481 0.0653578
481 0.0667984
481 0.0692083
480 0.0427553
480 0.0593033
480 0.0355175
480 0.0384441
480 0.0358357
479 0.0637828
479 0.0454182
479 0.0538131
479 0.0391149
479 0.0484772
478 0.0544238
478 0.0533319
478 0.0679612
478 0.0358559
478 0.0409931
477 0.0830026
477 0.0485495
477 0.0393225
477 0.0507327
477 0.053958
477 0.0554581
476 0.0454878
476 0.0792127
476 0.0365652
476 0.0382573
476 0.0603787
476 0.0615689
476 0.0540301
475 0.0349655
475 0.0438669
475 0.0348545
475 0.0354089
475 0.0375997
475 0.0998963
