475 7.91206e-21
475 0.00147414
475 0.00273072
475 7.27734e-07
475 0.000127744
475 6.08885e-12
475 1.58351e-08
475 5.74266e-13
475 0.000666645
475 7.91206e-21
475 0.005
475 7.91206e-21
475 4.33283e-07
475 0.00499957
475 7.91206e-21
475 0.00169404
475 1.06261e-05
475 0.000252121
475 0.00304322
475 7.91206e-21
475 3.61315e-11
475 0.000553466
0 7.8948e-21
475 7.91206e-21
475 0.005
475 7.91206e-21
475 0.00188015
475 5.20172e-06
475 0.00132263
475 0.00100903
475 2.97667e-10
475 0.00019579
475 0.000587193
475 7.91206e-21
475 5.21271e-08
475 0.000495785
475 0
475 0.000178065
475 5.49159e-14
183 6.52198e-21
475 7.91206e-21
475 0.005
475 7.91206e-21
475 0.0034311
475 0.0015689
