475 1.11712e-21
475 2.96806
475 0.031943
475 1.11712e-21
475 2.9979
475 0.00209775
475 1.11712e-21
475 3
475 1.11712e-21
475 2.96774
475 0.0162656
475 0.0159971
475 1.11712e-21
475 3
475 1.11712e-21
475 3
475 1.11712e-21
475 2.9441
475 0.0517466
475 0.00415263
475 1.11712e-21
475 2.99692
475 0.00308358
475 1.11712e-21
475 2.93829
475 0.0617141
475 1.11712e-21
475 3
475 1.11712e-21
475 2.93665
475 0.0252065
475 0.0381456
475 1.11712e-21
475 3
475 1.11712e-21
475 2.98863
475 0.0113662
475 1.11712e-21
475 2.96087
475 0.0287229
475 0.0104038
475 1.11712e-21
475 2.99057
475 0.00943465
475 1.11712e-21
475 3
475 1.11712e-21
475 2.99719
475 0.00280934
475 1.11712e-21
475 2.92794
475 0.0541036
475 0.0179545
475 1.11712e-21
475 3
475 1.11712e-21
475 2.92742
475 0.0401408
475 0.0324355
475 1.11712e-21
475 3
475 1.11712e-21
475 3
475 1.11712e-21
475 2.99317
475 0.00683027
475 1.11712e-21
475 3
475 1.11712e-21
475 2.95676
475 0.0432408
475 1.11712e-21
475 2.95566
475 0.0329359
475 0.0113993
475 1.11712e-21
475 2.94698
475 0.0530248
475 1.11712e-21
475 3
475 1.11712e-21
475 2.95011
475 0.0357182
475 0.0141761
475 1.11712e-21
475 3
475 1.11712e-21
475 2.96849
475 0.0118699
475 0.019636
475 1.11712e-21
475 3
475 1.11712e-21
475 3
475 1.11712e-21
475 2.99291
475 0.00709087
475 1.11712e-21
475 2.96256
475 0.0197731
475 0.00585764
475 0.0118073
475 1.11712e-21
475 2.91668
475 0.0642479
475 0.0183966
475 0.000676983
475 1.11712e-21
475 3
475 1.11712e-21
475 3
475 1.11712e-21
475 2.96332
475 0.0366841
475 1.11712e-21
475 2.97661
475 0.0233883
475 1.11712e-21
475 2.97975
475 0.0063204
475 0.0139313
475 1.11712e-21
475 3
475 1.11712e-21
475 2.98688
475 0.0131211
475 1.11712e-21
475 3
475 1.11712e-21
475 2.99678
475 0.00322082
475 1.11712e-21
475 3
475 1.11712e-21
475 2.95593
475 0.0325326
475 0.0115352
475 1.11712e-21
475 2.97952
475 0.00121527
475 0.0106955
475 0.0085666
475 1.11712e-21
475 2.98849
475 0.0115082
475 1.11712e-21
475 3
475 1.11712e-21
475 2.96776
475 0.0199287
475 0.0123151
475 1.11712e-21
475 2.98791
475 0.0120853
475 1.11712e-21
475 2.92338
475 0.0766177
475 1.11712e-21
475 2.95138
475 0.0084738
475 0.0121309
475 0.0249252
475 0.00308628
475 1.11712e-21
475 3
475 1.11712e-21
475 3
475 1.11712e-21
475 2.97077
475 0.0292331
475 1.11712e-21
475 3
475 1.11712e-21
475 2.95033
475 0.0496732
475 1.11712e-21
475 3
475 1.11712e-21
475 2.9747
475 0.0253047
475 1.11712e-21
475 2.94054
475 0.0594565
475 1.11712e-21
475 2.95166
475 0.0215422
475 0.026793
475 1.11712e-21
475 3
475 1.11712e-21
475 3
475 1.11712e-21
475 2.93999
475 0.017023
475 0.0349482
475 0.00803487
475 1.11712e-21
475 2.98347
475 0.0165335
475 1.11712e-21
475 2.97757
475 0.0179937
475 0.00444049
475 1.11712e-21
475 3
475 1.11712e-21
475 2.96833
475 0.00998514
475 0.0216822
475 1.11712e-21
475 3
475 1.11712e-21
475 2.97503
475 0.0249666
475 1.11712e-21
475 3
475 1.11712e-21
475 2.96195
475 0.0380497
475 1.11712e-21
475 2.94971
475 0.0502861
475 1.11712e-21
475 2.97142
475 0.02579
475 0.0027856
475 1.11712e-21
475 2.97274
475 0.00820847
475 0.0113746
475 0.00768138
475 1.11712e-21
475 2.97493
475 0.0250731
475 1.11712e-21
475 3
475 1.11712e-21
475 2.97445
475 0.0255489
475 1.11712e-21
475 2.98357
475 0.00679593
475 0.00963285
475 1.11712e-21
475 2.98213
475 0.0118752
475 0.00599679
475 1.11712e-21
475 3
475 1.11712e-21
475 3
475 1.11712e-21
475 2.99766
475 0.0023423
475 1.11712e-21
475 3
475 1.11712e-21
475 3
475 1.11712e-21
475 2.98789
475 0.0121065
475 1.11712e-21
475 3
475 1.11712e-21
475 2.9877
475 0.0123048
475 1.11712e-21
475 2.96407
475 0.0179554
475 0.0179713
475 1.11712e-21
475 3
475 1.11712e-21
475 3
475 1.11712e-21
475 3
475 1.11712e-21
475 3
475 1.11712e-21
475 2.98234
475 0.017663
475 1.11712e-21
475 2.99326
475 0.00674209
475 1.11712e-21
475 2.97645
475 0.0102623
475 0.0132892
475 1.11712e-21
475 2.92767
475 0.0714037
475 0.000923255
475 1.11712e-21
475 3
