475 1.80497e-20
475 0.0222563
475 0.0277437
475 1.80497e-20
475 0.05
475 1.80497e-20
475 0.05
475 1.80497e-20
475 0.05
475 1.80497e-20
475 0.05
475 1.80497e-20
475 0.05
475 1.80497e-20
475 0.0433421
475 0.00665788
475 1.80497e-20
475 0.05
475 1.80497e-20
475 0.036381
475 0.013619
475 1.80497e-20
475 0.05
475 1.80497e-20
475 0.037367
475 0.012633
475 1.80497e-20
475 0.02529
475 0.02471
475 1.80497e-20
475 0.0317316
475 0.0165836
475 0.00168481
475 1.80497e-20
475 0.05
475 1.80497e-20
475 0.0469879
475 0.0030121
475 1.80497e-20
475 0.05
475 1.80497e-20
475 0.05
475 1.80497e-20
475 0.01558
475 0.03442
475 1.80497e-20
475 0.05
475 1.80497e-20
475 0.05
475 1.80497e-20
475 0.0260517
475 0.00264323
475 0.0213051
475 1.80497e-20
475 0.0485197
475 0.00148032
475 1.80497e-20
475 0.00279554
475 0.0315724
475 0.015632
475 1.80497e-20
475 0.05
475 1.80497e-20
475 0.05
475 1.80497e-20
475 0.05
475 1.80497e-20
475 0.05
475 1.80497e-20
475 0.05
475 1.80497e-20
475 0.0386021
475 0.0113979
475 1.80497e-20
475 0.05
475 1.80497e-20
475 0.05
475 1.80497e-20
475 0.0392063
475 0.0107937
475 1.80497e-20
475 0.05
475 1.80497e-20
475 0.05
475 1.80497e-20
475 0.05
475 1.80497e-20
475 0.0119077
475 0.0326264
475 8.05612e-08
475 0.00546581
475 1.80497e-20
475 0.0475278
475 0.00247218
475 1.80497e-20
475 0.05
475 1.80497e-20
475 0.0309044
475 0.00105405
475 0.00511675
475 0.0129248
475 1.80497e-20
475 0.0487258
475 0.00127415
475 1.80497e-20
475 0.0241512
475 0.0258488
475 1.80497e-20
475 0.05
475 1.80497e-20
475 0.05
475 1.80497e-20
475 0.0313492
475 0.006251
475 0.0123998
475 1.80497e-20
475 0.05
475 1.80497e-20
475 0.0257267
475 0.0242733
475 1.80497e-20
475 0.05
475 1.80497e-20
475 0.0438812
475 0.00611885
475 1.80497e-20
475 0.0354601
475 0.0145399
475 1.80497e-20
475 0.0420389
475 0.0079611
475 1.80497e-20
475 0.05
475 1.80497e-20
475 0.0101057
475 0.0175906
475 0.0143095
475 0.00799413
475 1.80497e-20
475 0.05
475 1.80497e-20
475 0.05
475 1.80497e-20
475 0.05
475 1.80497e-20
475 0.05
475 1.80497e-20
475 0.05
475 1.80497e-20
475 0.0372417
475 0.0127583
475 1.80497e-20
475 0.05
475 1.80497e-20
475 0.0450798
475 0.00492016
475 1.80497e-20
475 0.05
475 1.80497e-20
475 0.027208
475 0.00831985
475 0.0144722
475 1.80497e-20
475 0.05
475 1.80497e-20
475 0.05
475 1.80497e-20
475 0.0456944
475 0.00430562
475 1.80497e-20
475 0.0468442
475 0.00315575
475 1.80497e-20
475 0.05
475 1.80497e-20
475 0.0261245
475 0.0122786
475 0.0115969
475 1.80497e-20
475 0.05
475 1.80497e-20
475 0.05
475 1.80497e-20
475 0.0236536
475 0.0259959
475 0.000350491
475 1.80497e-20
475 0.0329186
475 0.00108115
475 0.00412276
475 0.0118775
475 1.80497e-20
475 0.05
475 1.80497e-20
475 0.0384997
475 0.0115003
475 1.80497e-20
475 0.05
475 1.80497e-20
475 0.0223909
475 0.0276091
475 1.80497e-20
475 0.05
475 1.80497e-20
475 0.05
475 1.80497e-20
475 0.0299102
475 0.0200898
475 1.80497e-20
475 0.00970801
475 0.040292
475 1.80497e-20
475 0.05
475 1.80497e-20
475 0.05
475 1.80497e-20
475 0.05
475 1.80497e-20
475 0.0384984
475 0.0115016
475 1.80497e-20
475 0.05
475 1.80497e-20
475 0.0478418
475 0.00215822
475 1.80497e-20
475 0.0188201
475 0.00639182
475 0.0140307
475 0.0107574
475 1.80497e-20
475 0.00533069
475 0.0380459
475 0.00662344
475 1.80497e-20
475 0.05
475 1.80497e-20
475 0.05
475 1.80497e-20
475 0.0291072
475 0.00950322
475 0.0113896
475 1.80497e-20
475 0.0081813
475 0.0238619
475 0.0179568
475 1.80497e-20
475 0.05
475 1.80497e-20
475 0.0205055
475 0.0128978
475 0.0042125
475 0.0123842
475 1.80497e-20
475 0.05
475 1.80497e-20
475 0.05
475 1.80497e-20
475 0.0385313
475 0.0114687
475 1.80497e-20
475 0.05
475 1.80497e-20
475 0.05
475 1.80497e-20
475 0.030307
475 0.000406052
475 0.0192869
