475 5.00381e-22
475 6.86094e-06
475 3.79175e-06
475 4.90855e-09
240 2.51794e-22
475 5.00381e-22
475 1.01173e-06
475 8.61776e-06
475 5.32863e-06
475 1.76987e-08
389 1.45599e-22
475 5.00381e-22
475 4.43484e-07
475 3.11653e-06
475 2.8233e-06
475 1.94196e-06
475 2.44697e-06
475 9.22775e-06
475 5.00381e-22
475 1.88663e-06
475 1.29142e-05
475 2.32903e-09
57 2.63632e-22
475 5.00381e-22
475 1.12589e-05
475 8.74107e-06
475 5.00381e-22
475 1.40487e-05
475 8.96005e-10
400 1.5654e-22
475 5.00381e-22
475 1.29089e-05
475 7.09113e-06
475 5.00381e-22
475 4.65916e-06
475 5.39613e-06
475 5.80392e-09
340 2.10727e-22
475 5.00381e-22
475 1.43424e-05
475 3.38978e-09
0 2.89677e-22
475 5.00381e-22
475 4.85881e-06
475 1.25545e-06
475 6.91788e-06
475 6.96786e-06
475 5.00381e-22
475 5.44496e-06
475 1.41774e-06
475 9.02937e-06
475 4.10793e-06
475 5.00381e-22
475 9.39235e-06
475 5.31272e-06
475 4.77868e-09
14 2.94093e-22
475 5.00381e-22
475 9.21597e-06
475 6.51524e-06
475 4.26879e-06
475 5.00381e-22
475 1.04874e-05
475 9.51258e-06
475 5.00381e-22
475 1.29952e-05
475 1.04533e-08
322 1.82912e-22
475 5.00381e-22
475 5.66989e-06
475 1.10193e-06
475 4.10194e-06
475 1.45919e-08
290 2.25915e-22
475 5.00381e-22
475 6.47242e-06
475 6.1844e-06
475 7.34318e-06
475 5.00381e-22
475 1.09066e-05
475 9.09339e-06
475 5.00381e-22
475 1.33074e-05
475 6.69262e-06
475 5.00381e-22
475 7.54857e-06
475 3.15651e-06
475 9.29492e-06
475 5.00381e-22
475 1.28055e-05
475 7.1945e-06
475 5.00381e-22
475 1.15612e-05
475 3.44196e-08
421 1.75149e-22
475 5.00381e-22
475 5.37066e-06
475 2.07993e-06
475 1.95478e-06
475 5.71976e-06
475 4.87486e-06
475 5.00381e-22
475 8.5368e-06
475 2.93112e-06
475 1.04843e-08
334 2.05766e-22
475 5.00381e-22
475 1.16442e-05
475 3.90171e-09
429 1.73073e-22
475 5.00381e-22
475 1.17588e-05
475 8.24117e-06
475 5.00381e-22
475 8.59041e-06
475 6.8246e-06
475 3.6532e-09
0 2.46759e-22
475 5.00381e-22
475 1.31863e-05
475 4.57886e-09
146 2.59196e-22
475 5.00381e-22
475 4.49339e-06
475 2.39635e-06
475 1.48909e-06
475 1.60009e-06
475 2.15731e-06
475 7.86377e-06
475 5.00381e-22
475 2.4372e-06
475 1.08147e-06
475 2.19041e-06
475 1.47623e-06
475 1.91514e-06
475 6.81614e-06
475 4.08341e-06
475 5.00381e-22
475 1.29271e-05
475 1.23111e-08
280 2.47879e-22
475 5.00381e-22
475 7.26386e-06
475 1.12424e-06
475 7.48766e-07
475 2.81761e-06
475 1.80417e-09
207 2.46726e-22
475 5.00381e-22
475 7.35549e-06
475 4.46648e-06
475 8.17803e-06
475 5.00381e-22
475 8.32053e-06
475 4.07391e-06
475 3.99388e-09
196 2.45042e-22
475 5.00381e-22
475 1.43022e-05
475 2.50975e-09
0 3.00627e-22
475 5.00381e-22
475 4.33039e-06
475 6.66389e-06
475 1.25981e-08
406 1.88502e-22
475 5.00381e-22
475 6.19287e-06
475 3.5337e-06
475 7.23752e-07
475 8.93934e-10
223 2.81668e-22
475 5.00381e-22
475 7.31275e-06
475 5.03575e-06
475 7.6515e-06
475 5.00381e-22
475 3.88766e-06
475 2.2244e-06
475 2.75957e-07
475 6.72118e-06
475 6.89081e-06
475 5.00381e-22
475 5.86763e-06
475 7.72292e-06
475 7.17641e-10
396 1.57415e-22
475 5.00381e-22
475 1.00361e-06
475 1.74716e-07
475 0
346 2.87335e-22
475 5.00381e-22
475 1.4324e-05
475 5.67598e-06
475 5.00381e-22
475 1.16249e-06
475 5.90643e-06
475 6.82369e-06
475 6.10739e-06
475 5.00381e-22
475 5.21477e-06
475 6.04932e-06
475 1.93419e-09
128 3.11331e-22
475 5.00381e-22
475 7.04524e-06
475 5.63388e-06
475 6.1264e-08
465 1.60846e-22
475 5.00381e-22
475 9.23138e-06
475 4.51287e-06
475 6.25575e-06
475 5.00381e-22
475 6.03132e-06
475 8.17965e-06
475 1.89955e-08
403 1.5111e-22
475 5.00381e-22
475 1.10591e-05
475 1.20261e-08
442 2.42045e-22
475 5.00381e-22
475 5.46553e-06
475 6.63477e-06
475 2.49861e-09
0 3.15075e-22
475 5.00381e-22
475 1.35866e-05
475 6.41342e-06
475 5.00381e-22
475 8.63787e-06
475 4.09346e-06
475 7.82987e-09
0 3.04149e-22
475 5.00381e-22
475 1.18373e-05
475 1.09494e-08
222 2.81997e-22
475 5.00381e-22
475 9.03598e-06
475 2.00997e-06
475 8.95404e-06
475 5.00381e-22
475 2.06354e-06
475 8.7851e-06
475 5.71471e-09
343 2.58166e-22
475 5.00381e-22
475 4.58527e-06
475 9.65365e-06
475 3.70684e-09
0 2.73914e-22
475 5.00381e-22
475 1.26456e-05
475 2.13519e-09
0 3.5653e-22
475 5.00381e-22
475 9.34589e-07
475 1.00598e-05
475 9.00562e-06
475 5.00381e-22
475 4.86959e-07
475 8.01795e-06
475 0
110 3.87537e-22
475 5.00381e-22
475 4.21817e-06
475 1.00578e-05
475 4.95371e-09
284 1.92811e-22
475 5.00381e-22
475 2.20219e-06
475 9.04795e-06
475 8.74986e-06
475 5.00381e-22
475 6.3702e-06
475 3.61388e-06
475 1.9215e-06
475 8.09442e-06
475 5.00381e-22
475 1.05977e-05
475 9.40233e-06
475 5.00381e-22
475 3.33149e-06
475 1.86413e-07
475 1.05069e-05
475 2.01659e-08
318 1.76443e-22
475 5.00381e-22
475 6.61703e-06
475 8.24299e-06
475 5.13998e-06
475 5.00381e-22
475 1.35005e-05
475 6.40846e-08
447 1.86321e-22
475 5.00381e-22
475 9.53829e-06
475 1.77941e-06
475 8.6823e-06
475 5.00381e-22
475 3.80515e-06
475 6.59041e-06
475 9.60444e-06
475 5.00381e-22
475 4.64104e-06
475 4.98191e-07
475 1.05124e-05
475 5.0122e-09
291 1.7414e-22
475 5.00381e-22
475 1.26387e-05
475 7.36134e-06
475 5.00381e-22
475 9.81425e-06
475 1.73579e-06
475 7.03677e-09
0 3.69093e-22
475 5.00381e-22
475 8.48899e-07
475 7.65804e-06
475 7.12022e-06
475 2.60048e-09
208 1.87149e-22
475 5.00381e-22
475 8.49504e-06
475 3.45999e-06
475 8.04498e-06
475 5.00381e-22
475 6.24661e-06
475 6.45848e-06
475 6.27073e-08
452 1.89579e-22
475 5.00381e-22
475 4.27646e-07
475 1.12903e-05
475 5.91274e-09
0 3.75095e-22
475 5.00381e-22
475 9.88526e-06
475 7.89069e-07
475 9.32567e-06
475 5.00381e-22
475 8.22483e-06
475 1.59997e-06
475 1.75228e-06
475 8.42292e-06
475 5.00381e-22
475 7.5625e-06
475 2.32231e-06
475 3.48867e-06
475 1.82584e-08
448 1.70373e-22
475 5.00381e-22
475 1.27186e-05
475 4.22627e-09
270 2.35009e-22
475 5.00381e-22
475 6.69653e-06
475 7.1298e-06
475 1.22933e-08
307 1.98091e-22
475 5.00381e-22
475 1.14415e-05
475 8.55845e-06
475 5.00381e-22
475 1.2174e-05
475 6.21419e-09
311 1.98192e-22
475 5.00381e-22
475 3.51266e-06
475 3.40861e-06
475 6.36469e-06
475 6.71404e-06
475 5.00381e-22
475 1.09291e-05
475 9.07095e-06
475 5.00381e-22
475 7.97952e-06
475 6.02886e-06
475 9.799e-10
204 2.33985e-22
475 5.00381e-22
475 8.73095e-06
475 4.56742e-06
475 6.70164e-06
475 5.00381e-22
475 1.12102e-05
475 8.78985e-06
475 5.00381e-22
475 4.07132e-07
475 7.71822e-06
475 1.14534e-06
475 3.59888e-06
475 7.13042e-06
475 5.00381e-22
475 6.85367e-06
475 3.18339e-08
475 5.62994e-06
475 7.48456e-06
475 5.00381e-22
475 1.07633e-05
475 9.2367e-06
475 5.00381e-22
475 1.04087e-05
475 9.59131e-06
475 5.00381e-22
475 1.05113e-05
475 4.24984e-09
309 2.73075e-22
475 5.00381e-22
475 9.03123e-06
475 4.88589e-06
475 6.08288e-06
475 5.00381e-22
475 4.72394e-06
475 5.72858e-06
475 9.54748e-06
475 5.00381e-22
475 8.31109e-06
475 6.34272e-06
475 5.34618e-06
475 5.00381e-22
475 4.61007e-06
475 2.03557e-06
475 2.23687e-06
475 2.03292e-06
475 9.08458e-06
475 5.00381e-22
475 1.30891e-05
475 6.91086e-06
475 5.00381e-22
475 1.27163e-05
475 7.28371e-06
475 5.00381e-22
475 1.08078e-05
475 9.19215e-06
475 5.00381e-22
475 1.40773e-05
475 3.10078e-08
427 1.86377e-22
475 5.00381e-22
475 1.31186e-05
475 1.24551e-08
301 2.38978e-22
