475 0
525 0
850 0
1149 0
475 0
490 0
498 0
525 0
993 0
498 0.0977922
490 0.0181435
475 0
486 0
501 0
634 0
486 0.108407
475 0
479 0
505 0
737 0
479 0.0633109
475 0
485 0
501 0
637 0
485 0.120334
475 0
525 0
850 0
1149 0
475 0
478 0
478 0.293294
475 0
204 0
475 0
364 0
525 0
869 0
1095 0
1149 0
475 0
525 0
850 0
1149 0
475 0
513 0
510 0
489 0
513 0.235588
475 0
519 0
525 0
973 0
519 0.0369186
475 0
524 0
524 0.0706065
525 0
831 0
524 0
525 0
548 0
524 0.0438479
513 0
410 0
475 0
478 0
478 0
483 0
529 0
478 0.342468
478 0.0906857
475 0
525 0
850 0
1149 0
475 0
481 0
481 0.189958
475 0
401 0
476 0
436 0
475 0
525 0
850 0
1149 0
475 0
525 0
850 0
1149 0
475 0
525 0
850 0
1149 0
475 0
495 0
499 0
540 0
495 0.180274
475 0
495 0
498 0
488 0
485 0
401 0
488 0.11401
498 0.283464
495 0.165597
475 0
525 0
850 0
1149 0
475 0
484 0
509 0
521 0
525 0
915 0
927 0
521 0.0201438
509 0.116264
484 0.0314859
475 0
480 0
475 0
435 0
480 0.25267
475 0
525 0
850 0
1149 0
475 0
478 0
478 0.249172
475 0
412 0
476 0
480 0
481 0
507 0
480 0.0374099
476 0.0679386
475 0
502 0
502 0
497 0
451 0
502 0.22847
502 0.240451
475 0
493 0
503 0
596 0
493 0.149252
475 0
482 0
475 0
162 0
482 0.369853
475 0
520 0
525 0
652 0
520 0.119324
475 0
525 0
850 0
1149 0
475 0
495 0
509 0
641 0
495 0.114394
475 0
503 0
485 0
327 0
503 0.333734
475 0
512 0
512 0
517 0
507 0
450 0
517 0.375211
512 0.191721
512 0.103184
475 0
505 0
505 0.29054
475 0
0 0
505 0
506 0
475 0
485 0
501 0
654 0
485 0.122371
475 0
525 0
850 0
1149 0
475 0
500 0
507 0
567 0
500 0.167836
475 0
525 0
850 0
1149 0
475 0
525 0
850 0
1149 0
475 0
525 0
850 0
1149 0
475 0
525 0
850 0
1149 0
475 0
496 0
507 0
604 0
496 0.133514
475 0
525 0
850 0
1149 0
475 0
525 0
850 0
1149 0
475 0
490 0
490 0.108261
500 0
592 0
501 0
525 0
883 0
896 0
501 0.0720493
513 0
718 0
490 0
481 0
484 0
475 0
0 0
484 0.0398888
481 0.192726
489 0.603361
489 0.0482864
489 0.24853
489 0.0777025
475 0
525 0
850 0
1149 0
475 0
502 0
502 0.201145
498 0
461 0
475 0
475 0
0 0
475 0.00754355
502 0
502 0
497 0
487 0
483 0
400 0
487 0.0153687
497 0.120356
502 0.0503457
502 0.00617375
497 0
491 0
430 0
497 0.239304
475 0
525 0
850 0
1149 0
475 0
523 0
523 0.214594
511 0
403 0
525 0
978 0
475 0
496 0
496 0.0776346
514 0
679 0
506 0
598 0
496 0
475 0
52 0
496 0.23882
496 0.132215
496 0.461647
496 0.0664436
496 0.0361386
496 0.0436006
496 0.001564
496 0.000798109
475 0
479 0
493 0
617 0
479 0.117754
475 0
525 0
850 0
1149 0
475 0
525 0
850 0
1149 0
475 0
525 0
850 0
1149 0
475 0
486 0
476 0
475 0
396 0
476 0.0157948
486 0.343417
475 0
525 0
850 0
1149 0
475 0
492 0
509 0
518 0
525 0
1149 0
518 0.00771668
509 0.0872051
492 0.0724884
475 0
507 0
507 0.0778508
525 0
727 0
499 0
499 0
503 0
491 0
491 0
495 0
491 0.00602749
503 0.0250776
499 0.0587961
499 0.00805843
508 0
510 0
535 0
508 0.541913
508 0.0991693
508 0.0729935
508 0.166931
508 0.0478169
508 0.103124
475 0
486 0
525 0
867 0
1099 0
1149 0
486 0.00512584
475 0
485 0
484 0
484 0.0722361
485 0.272692
475 0
190 0
509 0
521 0
752 0
509 0.00498455
485 0
487 0
518 0
484 0.0999749
475 0
507 0
507 0.189917
501 0
451 0
475 0
0 0
495 0
525 0
875 0
937 0
495 0.662269
495 0.511897
475 0
525 0
850 0
1149 0
475 0
525 0
850 0
1149 0
475 0
518 0
515 0
487 0
518 0.240984
475 0
525 0
850 0
1149 0
475 0
522 0
524 0
520 0
475 0
524 0.143114
522 0.194432
475 0
525 0
850 0
1149 0
475 0
479 0
492 0
606 0
479 0.121712
475 0
525 0
850 0
1149 0
475 0
525 0
850 0
1149 0
475 0
525 0
850 0
1149 0
475 0
490 0
490 0.0707477
503 0
475 0
0 0
525 0
1147 0
506 0
650 0
503 0.0271207
475 0
525 0
850 0
1149 0
475 0
503 0
505 0
523 0
503 0.200539
475 0
512 0
512 0.0875495
520 0
525 0
601 0
520 0
525 0
631 0
520 0.00896688
512 0
525 0
678 0
520 0.012494
512 0.300863
511 0.299503
511 0.584321
512 0.266563
511 0.14147
511 0.11108
511 0
510 0
510 0
499 0
389 0
510 0.0335262
510 0.014876
511 0.0138294
475 0
500 0
525 0
821 0
500 0.071524
475 0
483 0
491 0
559 0
483 0.156226
475 0
525 0
850 0
1149 0
475 0
486 0
486 0.18602
475 0
144 0
475 0
0 0
475 0
320 0
475 0
525 0
850 0
1149 0
475 0
525 0
850 0
1149 0
475 0
487 0
494 0
490 0
449 0
494 0.145936
487 0.0281053
475 0
525 0
850 0
1149 0
475 0
489 0
497 0
566 0
489 0.158884
475 0
484 0
497 0
617 0
484 0.119322
475 0
525 0
850 0
1149 0
475 0
493 0
503 0
596 0
493 0.143877
475 0
525 0
850 0
1149 0
475 0
525 0
850 0
1149 0
475 0
524 0
525 0
574 0
524 0.176692
475 0
495 0
496 0
507 0
507 0.153231
496 0.0815068
495 0.207093
506 0
269 0
507 0
523 0
475 0
525 0
850 0
1149 0
475 0
525 0
850 0
1149 0
475 0
525 0
850 0
1149 0
475 0
525 0
850 0
1149 0
475 0
477 0
477 0.156131
475 0
397 0
475 0
399 0
475 0
6 0
486 0
486 0
626 0
486 0.0162752
532 6.66123e-24
475 0
492 0
492 0.113783
509 0
658 0
512 0
691 0
475 0
514 0
516 0
513 0
516 0
707 0
513 0.0543846
516 0.0846051
514 0.0973727
475 0
525 0
850 0
1149 0
475 0
501 0
525 0
897 0
501 0.0387526
475 0
478 0
478 0.128267
475 0
431 0
475 0
0 0
485 0
493 0
525 0
916 0
493 0.365593
485 0.235176
485 0.606196
485 0.0336743
485 0.155859
