475 1.58242e-21
475 6.91597e-19
475 1.07338e-25
475 3.0611e-06
461 8.54492e-22
475 1.58242e-21
475 2.3365e-17
475 3.94103e-41
475 1.66606e-36
475 3.51948e-08
0 1.87121e-21
475 1.58242e-21
475 4.73283e-28
475 9.66596e-11
475 5.45005e-35
475 2.90715e-97
475 1.31372e-28
475 2.27951e-51
475 1.73328e-78
475 4.2751e-21
475 0.000198955
475 7.07962e-09
393 6.42169e-23
475 1.58242e-21
475 2.1481e-44
475 7.42778e-19
475 5.23904e-06
457 8.49469e-22
475 1.58242e-21
475 1.06781e-19
475 4.23941e-41
475 5.01996e-08
307 1.11943e-21
475 1.58242e-21
475 2.60781e-19
475 5.47024e-08
26 1.74794e-21
475 1.58242e-21
475 3.33904e-89
475 2.38921e-73
475 7.42688e-25
475 8.83299e-07
468 8.39444e-22
475 1.58242e-21
475 4.44646e-19
475 7.86376e-38
475 1.58938e-09
475 4.90002e-29
475 7.70523e-15
475 5.6357e-06
475 2.17686e-06
475 1.3927e-111
475 3.52927e-27
475 1.02949e-41
475 0.000144316
475 3.1592e-05
475 7.52922e-06
475 4.30979e-07
0 3.54892e-22
475 1.58242e-21
475 2.90772e-22
475 8.29572e-07
475 3.44443e-32
475 1.99368e-25
475 1.05408e-10
475 4.31155e-07
0 1.6124e-21
475 1.58242e-21
475 4.76473e-71
475 1.12265e-06
475 0
475 1.9731e-08
475 1.17439e-06
0 1.59338e-21
