0 -1
475 1
0 -1
300 1
0 -1
475 1
0 -1
153 1
0 -1
309 1
0 -1
73 1
0 -1
235 1
0 -1
14 1
0 -1
475 1
0 -1
456 1
0 -1
101 1
0 -1
475 1
0 -1
475 1
0 -1
130 1
0 -1
140 1
0 -1
475 1
0 -1
475 1
0 -1
475 1
0 -1
90 1
0 -1
146 1
0 -1
475 1
0 -1
475 1
0 -1
475 1
0 -1
475 1
0 -1
0 1
0 -1
475 1
0 -1
75 1
0 -1
462 1
0 -1
388 1
0 -1
445 1
0 -1
475 1
0 -1
475 1
0 -1
475 1
0 -1
475 1
0 -1
398 1
0 -1
475 1
0 -1
475 1
0 -1
475 1
0 -1
323 1
0 -1
298 1
0 -1
467 1
0 -1
475 1
0 -1
475 1
0 -1
475 1
0 -1
475 1
0 -1
473 1
0 -1
475 1
0 -1
230 1
0 -1
475 1
0 -1
475 1
0 -1
258 1
0 -1
360 1
0 -1
331 1
0 -1
475 1
0 -1
475 1
0 -1
316 1
0 -1
244 1
0 -1
475 1
0 -1
351 1
0 -1
312 1
0 -1
404 1
0 -1
475 1
0 -1
460 1
0 -1
475 1
0 -1
475 1
0 -1
20 1
0 -1
475 1
0 -1
0 1
0 -1
475 1
0 -1
0 1
0 -1
475 1
0 -1
475 1
0 -1
475 1
0 -1
339 1
0 -1
367 1
0 -1
328 1
0 -1
475 1
0 -1
432 1
0 -1
251 1
0 -1
475 1
0 -1
433 1
0 -1
408 1
0 -1
475 1
0 -1
365 1
0 -1
245 1
0 -1
157 1
0 -1
475 1
0 -1
475 1
0 -1
475 1
0 -1
0 1
0 -1
475 1
0 -1
475 1
0 -1
475 1
0 -1
471 1
0 -1
289 1
0 -1
0 1
0 -1
475 1
0 -1
475 1
0 -1
475 1
0 -1
130 1
