475 5.00381e-22
475 4.02487e-06
475 1.75615e-06
475 5.79798e-08
475 4.56886e-06
475 9.59213e-06
475 5.00381e-22
475 1.98126e-06
475 3.77624e-06
475 1.74253e-06
475 4.48048e-06
475 1.6927e-08
153 3.11304e-22
475 5.00381e-22
475 1.39438e-06
475 5.31766e-06
475 8.41491e-06
475 3.23382e-10
45 2.81188e-22
475 5.00381e-22
475 2.09906e-06
475 2.73116e-06
475 4.85292e-06
475 5.15512e-06
475 2.54535e-08
409 1.43682e-22
475 5.00381e-22
475 1.01788e-06
475 1.67847e-06
475 1.43438e-06
475 7.93164e-06
475 7.93762e-06
475 5.00381e-22
475 1.20727e-05
475 9.1385e-09
220 2.72454e-22
475 5.00381e-22
475 1.40216e-05
475 5.97838e-06
475 5.00381e-22
475 4.44068e-06
475 4.72479e-06
475 1.58089e-06
475 8.94556e-09
254 2.55742e-22
475 5.00381e-22
475 1.1944e-05
475 3.361e-08
418 1.71902e-22
475 5.00381e-22
475 2.83895e-06
475 8.81422e-06
475 8.5789e-09
319 2.23704e-22
