475 1.65295e-20
475 0.1
475 1.65295e-20
475 0.0928108
475 0.00718923
475 1.65295e-20
475 0.0968517
475 0.00314826
475 1.65295e-20
475 0.0834405
475 0.000613172
475 0.00800847
475 0.00793785
475 1.65295e-20
475 0.1
475 1.65295e-20
475 0.1
475 1.65295e-20
475 0.0262242
475 0.0139344
475 0.0262075
475 0.0336339
475 1.65295e-20
475 0.1
475 1.65295e-20
475 0.1
475 1.65295e-20
475 0.0840931
475 0.0159069
475 1.65295e-20
475 0.050503
475 0.049497
475 1.65295e-20
475 0.0404043
475 0.0548544
475 0.00474134
475 1.65295e-20
475 0.0494278
475 0.0505722
475 1.65295e-20
475 0.0622442
475 0.0157086
475 0.0112822
475 0.0107649
475 1.65295e-20
475 0.0716284
475 0.0283716
475 1.65295e-20
475 0.1
475 1.65295e-20
475 0.1
475 1.65295e-20
475 0.0789763
475 0.0210237
475 1.65295e-20
475 0.0922155
475 0.00778453
475 1.65295e-20
475 0.0726811
475 0.0273189
475 1.65295e-20
475 0.0980637
475 0.00193626
475 1.65295e-20
475 0.1
475 1.65295e-20
475 0.1
475 1.65295e-20
475 0.0646363
475 0.0353637
475 1.65295e-20
475 0.1
475 1.65295e-20
475 0.1
475 1.65295e-20
475 0.1
475 1.65295e-20
475 0.1
475 1.65295e-20
475 0.1
475 1.65295e-20
475 0.1
475 1.65295e-20
475 0.0939395
475 0.00606052
475 1.65295e-20
475 0.1
475 1.65295e-20
475 0.0563782
475 0.0393662
475 0.00425557
475 1.65295e-20
475 0.0997361
475 0.000263888
475 1.65295e-20
475 0.1
475 1.65295e-20
475 0.0580938
475 0.0329529
475 0.00895336
475 1.65295e-20
475 0.1
475 1.65295e-20
475 0.1
475 1.65295e-20
475 0.1
475 1.65295e-20
475 0.0563974
475 0.0270166
475 0.00473585
475 0.0118501
475 1.65295e-20
475 0.1
475 1.65295e-20
475 0.1
475 1.65295e-20
475 0.1
475 1.65295e-20
475 0.0845103
475 0.0154897
475 1.65295e-20
475 0.0948632
475 0.00513678
475 1.65295e-20
475 0.0658945
475 0.0206131
475 0.0134924
475 1.65295e-20
475 0.1
475 1.65295e-20
475 0.1
475 1.65295e-20
475 0.0781992
475 0.0218008
475 1.65295e-20
475 0.1
475 1.65295e-20
475 0.1
475 1.65295e-20
475 0.0979488
475 0.00205122
475 1.65295e-20
475 0.1
475 1.65295e-20
475 0.1
475 1.65295e-20
475 0.0996789
475 0.000321074
475 1.65295e-20
475 0.1
475 1.65295e-20
475 0.1
475 1.65295e-20
475 0.1
475 1.65295e-20
475 0.1
475 1.65295e-20
475 0.0770291
475 0.00490164
475 0.0180693
475 1.65295e-20
475 0.1
475 1.65295e-20
475 0.1
475 1.65295e-20
475 0.1
475 1.65295e-20
475 0.1
475 1.65295e-20
475 0.0976387
475 0.00236131
475 1.65295e-20
475 0.1
475 1.65295e-20
475 0.1
475 1.65295e-20
475 0.1
475 1.65295e-20
475 0.077776
475 0.00979996
475 0.012424
475 1.65295e-20
475 0.1
475 1.65295e-20
475 0.0951821
475 0.00481793
475 1.65295e-20
475 0.1
475 1.65295e-20
475 0.1
475 1.65295e-20
475 0.1
475 1.65295e-20
475 0.1
475 1.65295e-20
475 0.1
475 1.65295e-20
475 0.1
475 1.65295e-20
475 0.0819138
475 0.0180862
475 1.65295e-20
475 0.0818936
475 0.0117798
475 0.00632667
475 1.65295e-20
475 0.0779372
475 0.0220628
475 1.65295e-20
475 0.1
475 1.65295e-20
475 0.1
475 1.65295e-20
475 0.0784001
475 0.00339864
475 0.00941948
475 0.00878182
475 1.65295e-20
475 0.098335
475 0.00166496
475 1.65295e-20
475 0.0771737
475 0.00208401
475 0.0145654
475 0.00617688
475 1.65295e-20
475 0.0929271
475 0.00707288
475 1.65295e-20
475 0.0633906
475 0.0342566
475 0.00235282
475 1.65295e-20
475 0.0981594
475 0.00184056
475 1.65295e-20
475 0.1
475 1.65295e-20
475 0.1
475 1.65295e-20
475 0.0830098
475 0.00784464
475 0.00914558
475 1.65295e-20
475 0.0911307
475 0.00886932
475 1.65295e-20
475 0.0662417
475 0.0337583
475 1.65295e-20
475 0.0939648
475 0.00603523
475 1.65295e-20
475 0.1
475 1.65295e-20
475 0.0976134
475 0.00238665
475 1.65295e-20
475 0.0787815
475 0.0111618
475 0.0100566
475 1.65295e-20
475 0.1
475 1.65295e-20
475 0.0674925
475 0.0259084
475 0.00659908
475 1.65295e-20
475 0.1
