511 -13
511 13
485 -13
485 13
493 -13
493 13
509 -13
509 13
479 -13
479 13
489 -13
489 13
502 -13
502 13
511 -13
511 13
490 -13
490 13
493 -13
493 13
492 -13
492 13
490 -13
490 13
501 -13
501 13
492 -13
492 13
505 -13
505 13
482 -13
482 13
480 -13
480 13
478 -13
478 13
493 -13
493 13
501 -13
501 13
499 -13
499 13
503 -13
503 13
493 -13
493 13
499 -13
499 13
499 -13
499 13
485 -13
485 13
487 -13
487 13
514 -13
514 13
517 -13
517 13
485 -13
485 13
498 -13
498 13
521 -13
521 13
504 -13
504 13
503 -13
503 13
504 -13
504 13
513 -13
513 13
476 -13
476 13
518 -13
518 13
514 -13
514 13
513 -13
513 13
514 -13
514 13
517 -13
517 13
491 -13
491 13
508 -13
508 13
490 -13
490 13
480 -13
480 13
489 -13
489 13
498 -13
498 13
495 -13
495 13
481 -13
481 13
492 -13
492 13
477 -13
477 13
486 -13
486 13
485 -13
485 13
504 -13
504 13
504 -13
504 13
486 -13
486 13
522 -13
522 13
475 -13
475 13
501 -13
501 13
501 -13
501 13
493 -13
493 13
498 -13
498 13
486 -13
486 13
486 -13
486 13
483 -13
483 13
475 -13
475 13
481 -13
481 13
479 -13
479 13
511 -13
511 13
517 -13
517 13
514 -13
514 13
497 -13
497 13
495 -13
495 13
493 -13
493 13
480 -13
480 13
485 -13
485 13
482 -13
482 13
490 -13
490 13
479 -13
479 13
477 -13
477 13
491 -13
491 13
475 -13
475 13
493 -13
493 13
503 -13
503 13
510 -13
510 13
493 -13
493 13
490 -13
490 13
490 -13
490 13
481 -13
481 13
481 -13
481 13
488 -13
488 13
489 -13
489 13
503 -13
503 13
482 -13
482 13
490 -13
490 13
495 -13
495 13
486 -13
486 13
496 -13
496 13
515 -13
515 13
515 -13
515 13
495 -13
495 13
508 -13
508 13
512 -13
512 13
503 -13
503 13
492 -13
492 13
481 -13
481 13
479 -13
479 13
496 -13
496 13
497 -13
497 13
475 -13
475 13
519 -13
519 13
520 -13
520 13
496 -13
496 13
497 -13
497 13
501 -13
501 13
501 -13
501 13
505 -13
505 13
507 -13
507 13
518 -13
518 13
476 -13
476 13
480 -13
480 13
491 -13
491 13
480 -13
480 13
481 -13
481 13
521 -13
521 13
