475 0
525 0
850 0
1149 0
475 0
511 0
508 0
482 0
511 0.00238837
475 0
485 0
475 0
0 0
485 0.00414758
475 0
493 0
475 0
0 0
493 0.00416226
475 0
509 0
506 0.000999007
494 0
345 0
509 0.00264928
475 0
479 0
475 0
0 0
479 0.00397611
475 0
484 0.000991379
489 0
519 0
733 0
489 0.0026286
475 0
486 0.000943452
502 0
501 0
229 0
502 0.00193803
475 0
511 0
519 0.000902828
525 0
780 0
511 0.001442
475 0
490 0
487 0.000885843
492 0
493 0
490 0
509 0
639 0
490 0.00129095
493 0.00327434
492 0.00251681
490 0.0029571
475 0
492 0
501 0
499 0
376 0
501 0.00106028
492 0.00136216
475 0
505 0
485 0
307 0
505 0.00338346
475 0
482 0
482 0.000265115
475 0
398 0
482 0.00227952
475 0
525 0
850 0
1149 0
475 0
480 0
475 0
400 0
480 0.00275817
475 0
478 0
487 0
574 0
478 0.00142371
475 0
525 0
850 0
1149 0
475 0
518 0.000904591
525 0
737 0
475 0
493 0
488 0
444 0
493 0.00254055
475 0
525 0
850 0
1149 0
475 0
501 0
485 0
343 0
501 0.00306642
475 0
503 0
499 0
499 0.000191137
489 0
141 0
499 0.00108744
503 0.00253616
475 0
525 0
850 0
1149 0
475 0
496 0.000875214
519 0
731 0
475 0
487 0
485 0
499 0
499 0
493 0
495 0.000170778
525 0
1149 0
493 0.00174137
499 0.00193231
499 0.00261932
485 0.00191284
487 0.00292775
475 0
517 0
514 0.000838495
514 0
510 0.00041678
494 0
179 0
514 0.00256174
517 0.00333906
475 0
485 0
475 0
263 0
485 0.00348659
475 0
498 0
475 0
0 0
498 0.00398508
475 0
516 0.000119749
521 0
519 0.00067134
525 0
637 0
521 0.00293044
475 0
491 0.000854311
504 0
507 0
544 0
504 0.00207873
475 0
478 0.000471042
513 0
506 3.45057e-05
504 0
503 0
504 0
509 0
503 0.00139037
504 0.00102155
513 0.00392601
475 0
476 0
475 0
328 0
476 0.00320242
475 0
514 0
513 0
516 0.000438521
514 0
514 1.9709e-05
518 0
525 0
859 0
937 0
518 0.00138469
514 0.0026205
513 0.00232322
514 0.00233795
475 0
517 0
512 0
469 0
517 0.00248416
475 0
525 0
850 0
1149 0
475 0
491 0
475 0
0 0
491 0.00398809
475 0
480 8.46102e-05
507 0.000183507
508 0
512 0
546 0
508 0.00203196
475 0
525 0
850 0
1149 0
475 0
525 0
850 0
1149 0
475 0
525 0
850 0
1149 0
475 0
480 0
490 0
491 0
564 0
490 0.00111539
480 0.00135125
475 0
495 0
498 0
489 0
506 0
1011 0
489 0.00338765
498 0.00312869
495 0.00184724
475 0
486 0
477 0
492 0
481 0
487 0
615 0
481 0.00221234
492 0.00323699
477 0.00301927
486 0.00332558
475 0
487 0.000749006
512 0
729 0
475 0
485 0
480 0
437 0
485 0.0024844
475 0
504 0
505 0
513 0
504 0.0020982
475 0
483 0.000424404
504 0
494 0
412 0
504 0.00304282
475 0
525 0
850 0
1149 0
475 0
486 0
475 0
60 0
486 0.00388063
475 0
522 0
511 0
415 0
522 0.00289352
475 0
525 0
850 0
1149 0
475 0
478 0.000294832
522 0
915 0
475 0
498 0
493 0
501 0
501 0
475 0
506 0.000634635
506 0.000823827
494 0
0 0
475 0.00289359
501 0.00205145
501 0.00101532
493 0.00214723
498 0.00270362
475 0
486 0
486 0
484 0
407 0
486 0.00105258
486 0.002114
475 0
483 0
475 0
387 0
483 0.00284282
475 0
525 0
850 0
1149 0
475 0
512 0.000372788
525 0
1011 0
475 0
475 0
475 0
439 0
475 0.00238453
475 0
479 0
481 0
478 0
444 0
481 0.00144674
479 0.00124253
475 0
514 0
517 0
511 0
487 0
217 0
511 0.00133882
517 0.00357941
514 0.00153595
475 0
497 0
475 0
0 0
497 0.00394322
475 0
480 0
493 0
495 0
490 0
54 0
495 0.00242581
493 0.00129593
480 0.0012546
475 0
525 0
850 0
1149 0
475 0
482 0
485 0
475 0
94 0
485 0.00266321
482 0.00184975
475 0
477 0
479 0
490 0
478 0.000585221
475 0
400 0
490 0.00350207
479 0.00148888
477 0.00123145
475 0
491 0
485 0
432 0
491 0.00260283
475 0
475 0
475 0
390 0
475 0.00275305
475 0
525 0
850 0
1149 0
475 0
510 0
503 0
493 0
499 0.000249495
504 0
779 0
493 0.0032597
503 0.00245742
510 0.00284939
475 0
475 0.00022121
493 0
486 0
411 0
493 0.00264502
475 0
510 0.000797196
525 0
719 0
475 0
490 0
490 0
520 0
794 0
490 0.00237034
490 0.00311195
475 0
481 0
475 0
0 0
481 0.00415823
475 0
481 0
475 0
339 0
481 0.00315924
475 0
489 0
488 0
487 0.000932985
494 0
543 0
488 0.00376353
489 0.00234737
475 0
491 0.000672735
496 0.000980069
503 0
498 0.000446329
502 0
542 0
503 0.00250972
475 0
486 0
495 0
490 0
482 0
489 0
597 0
482 0.00319671
490 0.00154321
495 0.0028187
486 0.00112356
475 0
496 0
487 0
409 0
496 0.00280197
475 0
525 0
850 0
1149 0
475 0
515 0
515 0
525 0
1149 0
515 0.00243811
515 0.00204868
475 0
495 0
490 0.000288763
475 0
0 0
495 0.00406182
475 0
503 0
511 0.000181455
512 0
508 0
510 0
554 0
508 0.00201414
512 0.00353899
503 0.00119066
475 0
492 0
494 0
506 0
492 0.00206396
475 0
481 0
475 0
0 0
481 0.00398352
475 0
504 0.00049004
525 0
821 0
475 0
479 0
491 0
598 0
479 0.00125159
475 0
497 0
496 0
489 0
436 0
496 0.0019603
497 0.00330231
475 0
475 0
482 0
549 0
475 0.00157702
475 0
520 0
519 0
525 0
676 0
519 0.00157881
520 0.00221439
475 0
508 0.000921969
516 4.40964e-05
525 0
781 0
475 0
497 0
496 0
475 0
0 0
496 0.00195954
497 0.00224794
475 0
482 0.000640036
501 0
501 0
506 0.000254469
508 0
592 0
501 0.00280999
501 0.00308104
475 0
507 0
505 0
499 0.00039853
475 0
0 0
505 0.00296357
507 0.00260844
475 0
519 2.25509e-05
525 0
851 0
1144 0
1149 0
475 0
517 0.000309181
518 0
506 0
404 0
518 0.00226183
475 0
498 0.000495781
525 0
821 0
475 0
525 0
850 0
1149 0
475 0
481 0
480 0
491 0
480 0
476 0
476 0
503 0
476 0.00230385
480 0.00166728
491 0.00219718
480 0.00173497
481 0.00254526
475 0
525 0
850 0
1149 0
475 0
521 0
505 0
361 0
521 0.00315659
