475 3.10141e-23
475 0.0950235
475 0.326506
475 0.350297
476 0.125566
476 0.455424
476 0.170144
480 2.48144
482 2.03565
482 0.328532
483 0.590578
484 0.368443
484 0.532746
487 2.00513
487 0.221151
487 0.0195517
487 0.28358
488 0.294235
488 0.11703
488 0.196222
489 0.631988
489 0.027894
490 0.73372
491 0.890731
492 0.832957
492 0.045228
492 0.0902655
494 1.90001
495 0.829405
496 0.644797
496 0.00199202
496 0.295198
496 0.0969782
496 0.00109692
498 1.05937
498 0.106696
499 0.605487
499 0.0329635
499 0.691301
500 0.76856
500 0.0554485
500 0.0787327
501 0.370008
502 0.733284
502 0.698424
503 0.141629
503 0.707658
507 2.97196
507 0.684454
509 1.29323
509 0.257202
509 0.15624
510 0.546948
511 1.26358
512 0.822775
512 0.159949
512 0.0448896
513 0.266778
513 0.339958
514 0.447774
514 0.313939
515 0.898366
515 0.259451
515 0.00239492
515 0.0658634
516 0.353547
516 0.0311035
516 0.3004
517 1.36198
517 0.00882906
518 0.21527
519 0.772042
519 0.177891
520 1.26069
521 0.432094
522 1.24347
522 0.00531556
522 0.129631
523 0.921017
525 1.61729
850 2.61379e-23
1128 0.0183913
1147 0.00189045
1149 2.19969e-25
523 0.110655
522 0.11556
522 0.233531
521 0.0919027
520 0.0650044
519 0.0388545
519 0.0590506
518 0.0496622
517 0.0476861
516 0.0800219
516 0.126932
516 0.0489742
515 0.037934
515 0.0737529
515 0.0394747
515 0.0559988
514 0.0701679
514 0.221286
513 0.0840928
513 0.0371418
512 0.0816292
512 0.136296
512 0.222662
511 0.0614
510 0.0357458
510 0.339319
510 0.0155528
509 0.0403145
509 0.0485715
507 0.0392004
507 0.0356226
502 0.113677
502 0.0958863
501 0.0510344
500 0.0390894
500 0.18464
500 0.0637508
500 0.302537
499 0.0623709
499 0.0886741
498 0.208819
497 0.267213
496 0.0754435
496 0.0613593
496 0.0853941
495 0.0359906
494 0.0371702
492 0.0512172
492 0.0458426
492 0.0413565
491 0.070322
490 0.156183
489 0.0896882
488 0.0512947
488 0.0557502
488 0.0602124
488 0.0405893
487 0.102994
487 0.101083
487 0.0797944
487 0.0915353
484 0.185864
484 0.10322
483 0.0344449
482 0.0439461
482 0.0378197
480 0.114374
476 0.101221
476 0.0569544
476 0.080843
475 0.0397809
475 0.112224
475 0.0557613
475 3.10141e-23
475 0.253702
475 0.461375
475 0.030628
476 0.420794
476 0.187518
478 1.49211
478 0.313693
479 0.377737
479 0.230594
480 0.330001
480 0.480362
481 0.562623
481 0.0305326
482 0.393318
483 0.840136
484 0.97652
486 1.43261
487 0.740929
488 1.23934
488 0.262806
488 0.0186701
488 0.106961
489 0.472406
491 1.70021
491 0.151298
492 1.26067
493 0.162865
493 0.330992
493 0.0796602
493 0.0774505
493 0.0634367
494 0.518588
494 0.208907
495 0.608428
495 0.369336
496 0.268344
497 0.964225
497 0.32565
497 0.0570472
497 0.114308
498 0.603983
498 0.274229
498 0.11127
499 0.34129
499 0.1869
499 0.141791
499 0.0368954
499 0.143296
499 0.067229
500 0.583997
500 0.00670536
501 0.830705
501 0.479651
502 0.110495
502 0.0262226
502 0.292261
502 0.139094
503 0.766199
504 0.740742
504 0.397088
505 0.261041
505 0.598767
506 0.324556
506 0.0467746
506 0.475601
507 0.689722
508 1.09599
508 0.41781
509 0.34125
510 0.650269
510 0.296437
510 0.0248331
510 0.492597
511 0.17508
511 0.330782
511 0.0762623
511 0.296577
511 0.105535
512 0.325518
513 0.778383
513 0.0697879
513 0.85152
514 0.281395
515 0.718795
515 0.166258
516 0.849046
516 0.163332
516 0.045287
516 0.117692
516 0.020701
516 0.180184
516 0.300501
516 0.0458644
517 0.950524
518 0.766072
518 0.00169333
519 0.24622
519 0.221638
519 0.235372
519 0.0563084
519 0.222049
520 0.592726
520 0.0335599
520 0.166999
521 0.642796
522 1.54268
523 0.226708
523 0.205047
523 0.385949
523 0.0490401
523 0.0679437
525 1.05117
850 2.64493e-23
884 0.000943784
933 0.00248659
1067 0.00750241
1149 0.00401507
1149 9.54242e-27
1067 0.0013974
933 0.00151517
884 0.00167091
524 0.191949
523 0.0513056
523 0.0700335
523 0.116536
522 0.0526236
521 0.0696559
520 0.0677149
520 0.051095
520 0.103568
519 0.0583209
519 0.0751092
519 0.0602143
519 0.0963992
518 0.0461784
518 0.316947
517 0.0463449
516 0.0765112
516 0.0746723
516 0.138247
516 0.0652794
516 0.266632
516 0.0365662
516 0.00698168
516 0.0577863
516 0.0355157
516 0.103862
515 0.0549098
515 0.0670073
514 0.0848573
514 0.03492
513 0.0618509
513 0.097162
512 0.149311
511 0.0628651
511 0.0700431
511 0.0570273
511 0.0748299
510 0.0462252
510 0.0509115
510 0.0435884
510 0.0479679
508 0.0555895
508 0.190362
506 0.214247
505 0.166902
504 0.0490843
504 0.0627806
502 0.176139
502 0.049701
502 0.150965
501 0.0362371
501 0.0838558
500 0.0386621
500 0.0464038
499 0.102092
499 0.128504
499 0.154859
499 0.116306
498 0.0969108
498 0.257568
498 0.10733
498 0.0530164
498 0.0532711
497 0.0364363
497 0.039546
497 0.0417373
497 0.101471
496 0.0797669
495 0.034677
495 0.0528428
494 0.0487335
494 0.246255
493 0.0677706
493 0.0588297
493 0.0784362
493 0.16719
493 0.0546339
491 0.0120628
491 0.130899
488 0.10778
488 0.036936
488 0.0479219
488 0.143098
487 0.0493855
486 0.11526
484 0.0477403
483 0.0534147
482 0.198546
481 0.135884
481 0.0540499
480 0.128754
480 0.0541972
479 0.18626
479 0.0472595
478 0.040526
478 0.0361087
476 0.0932426
475 0.121021
475 0.0462717
495 0
492 0.001564
492 0.0463852
495 0.00995192
475 3.10141e-23
475 0.63767
475 0.00784063
476 0.545103
476 0.255314
477 0.372894
481 3.10723
483 2.29208
484 0.724856
484 0.186907
484 0.0349348
484 0.0229816
485 0.375435
485 0.411947
486 0.290105
486 0.382259
486 0.23094
486 0.112984
487 0.112298
489 1.53673
491 2.37868
491 0.0840768
492 0.124254
492 0.0610144
492 0.363005
492 0.193576
493 0.382142
493 0.0102683
493 0.175254
495 1.84249
495 0.0598177
496 0.280105
497 0.584231
497 0.0294192
497 0.635092
497 0.147001
498 0.168407
498 0.301894
499 0.656386
499 0.266266
499 0.130757
499 0.153244
500 0.384892
501 0.619499
501 0.669273
502 0.755567
503 0.362027
503 0.419795
503 0.00837065
503 0.310176
504 0.456463
504 0.535741
507 1.92337
508 1.31662
509 0.602503
509 0.214628
509 0.248036
509 0.0177178
509 0.0903525
510 1.13043
512 1.17292
512 0.035591
513 1.16612
514 0.451922
514 0.0433182
514 0.181951
515 0.652904
515 0.565484
515 0.0487154
515 0.0884412
516 0.352304
516 0.131019
516 0.268476
516 0.0864623
516 0.15408
517 0.791101
517 0.143535
517 0.0926063
518 0.0713408
518 0.017212
518 0.792839
518 0.0222235
519 0.558942
520 0.570781
520 0.627418
520 0.00501617
521 0.308457
521 0.0246971
521 0.513368
522 0.576572
522 0.0871289
522 0.590883
523 0.178823
523 0.118234
524 0.934812
524 0.722641
525 0.00272177
851 2.64983e-23
851 6.36518e-05
977 0.00658367
1132 0.0101433
1146 0.000405913
1149 3.19377e-25
1142 0.000873042
1149 1.43565e-24
977 0.00121269
851 0.00134815
524 0.000431525
524 0.000803017
524 0.000472349
524 0.00465444
525 0.000435781
858 5.79871e-23
882 0.00261807
903 0.00321817
922 0.00248207
937 0.00285712
948 0.00251564
957 0.00348309
962 0.00227378
967 0.00205785
971 0.00167224
971 0.000159349
974 0.00174914
975 0.0014175
976 0.00218967
976 0.000358174
972 0.001406
882 0.00133803
523 0.0530779
523 0.069646
523 0.0796556
522 0.0439528
522 0.131178
521 0.286343
521 0.134808
521 0.0783097
521 0.0450745
520 0.126937
520 0.1362
519 0.218307
519 0.159959
518 0.055541
518 0.0359209
517 0.0472959
517 0.0916706
516 0.0389182
516 0.077142
516 0.0454921
516 0.211425
515 0.138762
515 0.0442103
515 0.0693607
515 0.0374151
514 0.0514445
514 0.285984
513 0.0438635
512 0.0386511
512 0.0500796
510 0.049562
509 0.0516576
509 0.0362792
509 0.184128
509 0.383699
509 0.255477
508 0.0386967
507 0.0806393
505 0.27098
503 0.0724805
503 0.0945459
503 0.0600316
502 0.0496292
501 0.0429779
501 0.113945
500 0.0815117
500 0.262044
499 0.0332776
499 0.0227079
499 0.0428742
499 0.0465068
498 0.034831
498 0.13041
497 0.0493825
497 0.191993
497 0.00685529
497 0.132166
497 0.10346
497 0.0736848
496 0.102086
495 0.0798357
495 0.0996302
493 0.105929
493 0.0451277
493 0.039312
492 0.0611548
492 0.0631444
492 0.200022
492 0.0894979
491 0.0353006
491 0.10119
489 0.046916
486 0.0645714
486 0.277246
486 0.163416
485 0.070021
485 0.142069
484 0.000476702
484 0.0938344
484 0.0692212
484 0.0479403
484 0.0378719
484 0.0830887
483 0.0360715
481 0.0673355
476 0.164282
476 0.0807237
476 0.0411273
475 0.0982846
475 0.12491
499 0.001564
499 0.0130136
475 3.10141e-23
475 0.355647
475 0.28539
475 0.0913753
476 0.0938703
476 0.0822989
476 0.467181
477 0.60229
477 0.183741
478 0.26269
478 0.331131
478 2.01051
478 3.41406
478 0.274364
478 0.412942
479 0.126139
479 0.119634
479 0.0988316
480 0.784861
480 0.0900071
480 0.302937
482 1.62748
482 0.188374
483 0.752331
483 0.293979
483 0.460497
483 0.187277
484 0.125171
484 0.117476
484 0.0278267
484 0.293901
484 0.551699
486 1.65046
486 0.123195
487 0.518034
487 0.0294196
488 0.82271
488 0.418093
489 0.997858
489 0.295592
490 0.356653
490 0.139496
490 0.102606
490 0.0384664
490 0.236556
491 0.146817
491 0.60013
491 0.0332822
491 0.13859
492 0.762267
492 0.383676
493 0.17261
493 0.0565034
493 0.309873
493 0.0509239
493 0.226488
494 0.419616
494 0.070506
494 0.130894
494 0.635535
494 0.0431021
494 0.00642591
495 0.215084
495 0.31845
495 0.476326
495 0.0671827
496 0.279142
496 0.109769
496 0.390667
497 0.546271
497 0.671288
498 1.34175
499 0.181161
499 0.957432
500 0.521388
501 0.786905
501 0.0481541
501 0.193022
501 0.400431
501 0.211347
502 0.651386
502 0.315735
502 0.0680321
503 0.362071
503 0.477709
505 1.57812
505 0.247623
505 0.190331
505 0.0791095
506 0.511041
506 0.381517
506 0.313744
506 0.027471
507 0.443556
508 1.2606
508 0.0974952
508 0.220835
508 0.151668
508 0.407933
509 0.430588
509 0.683268
509 0.0150509
510 0.0876609
510 0.0480536
510 0.491516
510 0.463994
511 0.732236
511 0.0121739
512 0.907344
513 0.852646
513 0.218381
513 0.530208
514 0.316161
514 0.0451981
514 0.325634
514 0.0199208
514 0.329494
515 0.320644
515 0.140071
515 0.716698
516 0.978141
517 0.759138
517 0.838427
518 0.302337
518 0.372069
518 0.145117
518 0.205494
518 0.211324
519 0.0694319
520 1.62422
521 1.30856
521 0.606808
521 0.209856
522 0.698761
522 0.025611
522 0.567828
522 0.116671
523 0.644036
523 0.038488
524 0.730625
524 0.160456
524 0.0543342
524 0.293113
524 0.0147261
524 0.00895654
525 0.653429
862 3.58693e-23
891 0.00122963
892 7.29521e-05
1114 0.0186484
1149 3.79542e-24
892 0.00132929
891 0.0022522
524 0.0419193
524 0.0515384
524 0.0589398
524 0.0448925
523 0.0803819
523 0.142833
522 0.0410881
522 0.153761
522 0.0433282
522 0.0605186
521 0.243136
521 0.0544634
521 0.0489767
520 0.0657816
519 0.0580885
518 0.0393558
518 0.0739743
518 0.0456148
518 0.0649894
518 0.068983
517 0.053244
517 0.119296
516 0.0378574
515 0.044025
515 0.0603968
515 0.228572
514 0.239103
514 0.0700637
514 0.0380951
514 0.0364254
513 0.0439612
513 0.036833
512 0.0538097
511 0.160353
511 0.0358975
510 0.163746
510 0.0370671
510 0.147876
510 0.0363016
509 0.140109
509 0.0772854
509 0.0661793
508 0.119427
508 0.0653574
508 0.0811332
508 0.0461325
507 0.0651412
506 0.0789145
506 0.0345061
506 0.136399
506 0.163032
505 0.0395617
505 0.108052
505 0.0557
505 0.0958072
503 0.0373358
503 0.0783574
502 0.127494
502 0.0781649
502 0.0383243
501 0.113931
501 0.146672
501 0.152789
501 0.0343347
501 0.195329
501 0.0540056
501 0.0342781
500 0.153075
499 0.0347053
499 0.160221
497 0.0603424
497 0.106785
496 0.0398121
496 0.0421038
496 0.0367534
495 0.0423572
495 0.0532011
495 0.0396359
494 0.0369757
494 0.0499384
494 0.0365621
494 0.0436234
494 0.0964523
493 0.037709
493 0.059041
493 0.0640423
493 0.0687635
492 0.233817
492 0.0769718
491 0.0383587
490 0.0988722
490 0.058992
490 0.0575945
490 0.0571337
490 0.0817104
489 0.0842265
489 0.0713425
488 0.248088
488 0.0634355
487 0.0343649
486 0.349662
485 0.0638588
485 0.15994
485 0.0363474
484 0.0696628
484 0.0919894
484 0.0395734
483 0.0456465
483 0.0616548
483 0.0623492
482 0.0588928
482 0.0435589
480 0.113753
480 0.0403133
480 0.103397
479 0.0526655
479 0.0371241
478 0.0871486
477 0.0676431
477 0.101363
476 0.0485408
476 0.122163
476 0.0407672
475 0.0609507
475 0.0353093
475 0.0409751
485 0
549 0
475 0
513 0
519 0
547 0
513 0.0600765
475 0.0758671
475 0.0411179
475 0.244891
525 0
851 0
1006 0
475 3.10141e-23
475 0.51574
476 1.10178
477 0.70754
478 0.183084
478 0.00450241
478 0.171086
478 0.44199
478 6.55272e-05
479 0.594388
479 0.334639
480 0.392455
481 0.840339
481 0.411608
483 0.952909
483 0.610527
483 0.127178
484 0.0342224
484 0.40494
485 0.529781
485 0.103795
486 0.630363
486 0.0284193
487 0.779507
487 0.663546
488 0.23599
488 0.101778
489 0.639797
489 0.419614
490 0.343993
490 0.0187226
490 0.221344
491 0.903177
492 0.617756
492 0.339541
492 0.0477488
493 0.191474
494 1.08272
494 0.67573
496 1.09569
496 0.215686
496 0.0553221
496 0.0741577
497 0.65266
499 1.59795
499 0.0737235
499 0.114059
500 0.54968
500 0.0190923
500 0.1291
500 0.691795
501 0.275933
503 1.99267
503 0.153498
503 0.0977972
504 0.259499
504 0.322677
504 0.284546
506 1.47774
506 0.223205
507 0.764128
507 0.0200427
508 0.629516
508 0.0845719
508 0.460932
509 0.856093
510 0.283968
510 0.724526
511 0.157063
511 0.366255
512 0.632977
513 1.3764
514 0.408307
514 0.138857
514 0.429803
517 2.51731
517 0.406453
517 0.154406
518 0.770803
518 0.105067
519 0.781474
519 0.230655
520 0.447623
520 0.0671987
520 0.210566
521 0.392932
521 0.0837787
522 0.917795
523 1.43346
523 0.0805468
524 0.373233
524 0.379765
524 0.0641904
525 0.626568
851 2.62792e-23
1145 0.0196132
1149 3.4073e-25
524 0.0402706
523 0.17235
523 0.171587
522 0.12967
521 0.069541
520 0.0567228
520 0.0847352
520 0.124196
520 0.27681
520 0.0781352
518 0.0461582
518 0.048103
517 0.037634
517 0.0543653
517 0.0389716
514 0.066988
514 0.0362543
514 0.076348
513 0.0701687
512 0.0360445
511 0.124373
511 0.0905625
510 0.0379821
510 0.0356647
509 0.122409
508 0.198938
508 0.0372147
508 0.0346135
507 0.0460894
507 0.0714978
506 0.0858726
506 0.0939307
504 0.0655351
504 0.0837117
504 0.0495643
503 0.125401
503 0.0540882
501 0.0636265
500 0.0360793
500 0.0601425
499 0.049699
499 0.10439
497 0.196338
496 0.0415284
496 0.0437853
496 0.110273
495 0.0772677
494 0.146072
493 0.117231
492 0.0669628
492 0.0551196
492 0.0373433
491 0.0506657
490 0.103528
490 0.183389
489 0.041183
489 0.0454008
488 0.0403776
488 0.0892526
487 0.0538042
487 0.0458081
486 0.0994317
486 0.035617
485 0.0818752
485 0.0859791
484 0.142837
484 0.0766984
484 0.0556974
483 0.0441406
483 0.0684141
481 0.0722483
481 0.268518
481 0.0678168
481 0.0495525
480 0.0428807
479 0.122053
479 0.0736554
478 0.03728
478 0.0484112
478 0.0786643
478 0.0511206
477 0.0445839
476 0.12231
475 0.0486972
520 0.001564
520 0.00469397
475 3.10141e-23
476 1.10597
476 0.437717
478 0.95142
478 0.200646
479 0.679886
479 0.479445
480 0.250629
480 0.172041
481 1.14626
482 0.60739
482 0.171549
482 0.189608
482 0.0788
483 0.111148
483 0.332709
483 0.112826
483 0.0980507
483 0.189111
484 0.462627
484 0.128523
485 0.931539
486 0.325133
486 0.233403
486 0.296769
487 0.344963
487 0.24232
487 0.102213
488 0.553691
488 0.0979856
488 0.190744
490 1.25297
490 0.0496066
490 0.368859
490 0.0163952
490 0.217819
491 0.327387
492 0.65173
492 0.715348
494 1.2921
494 0.140162
495 0.717697
495 0.427037
496 0.477333
496 0.317959
497 0.372407
498 0.967649
498 0.315069
498 0.271418
498 0.0122208
499 0.327582
499 0.200549
499 0.0801214
499 0.0474329
499 0.179659
499 0.05119
500 0.0829876
501 1.16779
501 0.0795267
502 1.40385
502 0.0362981
503 0.0670381
503 0.08573
503 0.647703
503 0.154889
504 0.0477313
504 0.156604
504 0.0479673
505 0.646009
505 0.340798
505 0.0945355
505 0.0648475
506 0.632347
507 1.49459
507 0.171291
509 0.908175
509 0.271943
510 0.614934
510 0.090453
510 0.233369
510 0.503867
511 0.703023
511 0.18472
511 0.246299
512 0.257671
512 0.410114
512 0.0866629
513 0.375839
513 0.306905
513 0.242851
513 0.0758204
514 0.208352
515 1.03044
515 0.113385
515 0.528921
515 0.00174266
516 0.77959
517 0.444936
518 0.941662
518 0.102458
519 0.875321
519 0.013377
519 0.244119
520 0.994249
520 0.469875
521 0.391112
521 0.358137
521 0.314617
522 0.579991
522 0.202617
523 0.609838
523 0.242558
523 0.183296
523 0.301695
524 0.396731
524 0.392273
524 0.419357
525 0.112497
863 2.81278e-23
1096 0.0132707
1110 0.00139226
1149 3.29883e-24
1096 0.00248566
1096 0.00211697
524 0.0383314
523 0.180748
523 0.106816
523 0.0494148
522 0.0427908
522 0.113224
521 0.0562058
521 0.0572899
521 0.0459517
520 0.325238
520 0.0466901
519 0.0638499
519 0.214033
519 0.0551622
518 0.0424442
518 0.0396817
517 0.0691344
516 0.0410842
515 0.0648939
515 0.0347629
515 0.162777
514 0.00991223
514 0.128122
514 0.0400823
513 0.258461
513 0.0379418
512 0.0486612
512 0.103014
511 0.0837096
511 0.0451455
510 0.0576457
510 0.108093
510 0.131289
510 0.0531415
509 0.046144
509 0.0402724
507 0.039311
507 0.293997
506 0.0766344
506 0.0407974
505 0.162767
505 0.0983056
505 0.0373901
505 0.057011
504 0.0509835
504 0.0980762
504 0.0380907
504 0.193229
503 0.0895209
503 0.0655673
503 0.0441443
502 0.0779317
501 0.184093
500 0.0613227
499 0.0604752
499 0.0268885
499 0.0103494
499 0.0407156
499 0.0622123
499 0.167217
499 0.331643
498 0.0823705
498 0.0599906
498 0.0574202
498 0.194629
498 0.036952
497 0.0647077
496 0.0990438
496 0.308162
495 0.0823206
494 0.0627092
494 0.144243
492 0.0574598
492 0.0541661
492 0.0441282
491 0.0725393
490 0.153101
490 0.104322
490 0.0727092
490 0.035033
490 0.00715744
490 0.103521
488 0.070156
488 0.26538
488 0.0377235
487 0.0535263
487 0.178184
487 0.0343671
486 0.0998351
486 0.0472839
486 0.0518145
485 0.0377991
484 0.0437267
484 0.0500262
483 0.0356133
483 0.0719849
483 0.170784
483 0.0735105
482 0.039275
482 0.103537
482 0.08159
482 0.0401833
481 0.0686234
480 0.0928021
479 0.0322319
479 0.130541
479 0.0605026
479 0.034397
478 0.0233457
478 0.0399101
478 0.0677386
478 0.0602244
476 0.0372645
476 0.0574179
490 0.001564
499 0.001564
483 0.130996
499 0.000385807
490 0.000223449
475 3.10141e-23
475 0.718696
477 1.0361
477 0.547288
478 0.230011
478 0.731399
479 0.128019
480 0.815753
480 0.395362
480 0.0228538
480 0.0196012
481 1.07553
483 0.947485
484 1.37246
484 0.0836758
484 0.0161384
485 0.622329
486 0.699234
487 0.870776
487 0.378545
488 0.338328
490 1.73533
490 0.20536
490 0.179845
491 0.451102
492 0.944242
492 0.179466
492 0.0802227
492 0.0971366
492 0.108811
492 0.0196749
492 0.204226
492 0.020049
493 0.132947
493 0.248354
493 0.0702971
493 0.374256
494 0.309031
494 0.443733
495 0.687437
496 0.274169
496 0.678747
496 0.162427
499 2.02775
499 0.183156
500 0.548044
500 0.411299
500 0.267114
501 0.888964
501 0.0374561
502 0.423619
502 0.278352
502 0.0534229
502 0.00105646
502 0.460669
502 0.0980532
503 0.290091
503 0.25649
503 0.19573
503 0.0419361
503 0.16571
505 1.66266
506 0.865138
506 0.00802561
507 0.433892
508 1.40625
508 0.203479
509 0.475436
509 0.0354649
510 0.672049
510 0.0310406
510 0.281185
510 0.0759487
511 0.502948
511 0.0864152
511 0.275175
512 0.964734
513 0.620854
513 0.153017
514 0.763482
514 0.571955
515 0.692612
515 0.20191
515 0.433354
516 0.124185
516 0.112524
516 0.415754
517 1.4277
518 0.431743
519 1.41998
520 0.562214
520 0.336789
521 0.623327
521 0.380134
522 0.267566
522 0.93604
523 0.112098
523 0.0133196
523 0.0588971
523 0.0469086
523 0.14806
523 0.181209
525 1.47518
850 2.72494e-23
905 0.00296988
909 0.000278483
994 0.0082092
1046 0.00319965
1149 0.00674017
1149 2.93232e-27
1046 0.00180676
994 0.00176623
909 0.00163774
910 0.00121321
912 0.00264989
912 0.00222016
913 0.0021726
907 0.00145551
909 0.00203122
911 0.00266277
912 0.00224586
913 0.0022141
913 0.00084965
523 0.0445881
523 0.127917
523 0.246071
523 0.0730588
523 0.035881
522 0.166643
522 0.0362741
521 0.0547056
521 0.0359902
520 0.0831213
519 0.111953
518 0.034279
517 0.0634398
517 0.0513116
517 0.0353877
516 0.0767849
516 0.0345452
515 0.0354321
515 0.0355496
515 0.034453
514 0.045405
514 0.1665
513 0.35344
513 0.11671
512 0.117002
511 0.0409309
510 0.151526
510 0.0342149
510 0.0467827
509 0.0345367
509 0.298698
508 0.0483076
508 0.0353474
507 0.0364981
506 0.272036
505 0.102394
503 0.0755756
503 0.0701355
503 0.0579124
503 0.0652702
502 0.135663
502 0.0387935
502 0.140299
502 0.0384173
502 0.224701
501 0.0503269
501 0.0692437
500 0.199856
500 0.120528
500 0.0666713
500 0.0506256
499 0.0518772
499 0.059762
496 0.0713708
496 0.0852912
496 0.0349123
493 0.0476888
493 0.0556858
493 0.0376415
493 0.0648032
492 0.073396
492 0.119156
492 0.110088
492 0.0345499
492 0.0919255
492 0.10632
492 0.0411805
492 0.171982
492 0.0489186
490 0.119995
490 0.0502098
488 0.0948222
487 0.0685131
486 0.0344527
485 0.0487718
484 0.0512121
484 0.104417
483 0.0851108
481 0.117953
480 0.036895
480 0.0616089
480 0.0400868
479 0.0529784
478 0.0814422
478 0.130346
477 0.0973438
475 0.0520493
477 0.253981
475 3.10141e-23
475 0.174926
475 0.182167
475 0.125442
476 0.371337
476 0.674356
477 0.215619
477 0.307433
477 0.0579947
478 0.375361
478 0.548064
478 0.0473872
478 0.00822764
478 0.00270363
479 0.821
480 0.0579344
480 0.349377
480 0.355603
481 0.397079
481 0.213184
482 0.474212
483 1.00742
484 0.685126
484 0.526832
484 0.137793
485 0.548222
486 0.598512
486 0.148998
486 0.099555
487 0.375844
487 0.230807
487 0.272067
487 0.00635157
487 0.284503
488 0.990843
489 0.985906
489 0.0465573
490 0.183989
490 0.046317
490 0.03668
490 0.502605
491 0.818078
491 0.460677
492 0.181386
493 1.48532
494 0.378334
494 0.502134
494 0.278378
495 0.359142
495 0.0503995
495 0.0641116
496 0.709543
497 1.81402
498 0.275786
498 0.373136
498 0.271104
499 0.178562
499 0.545214
499 0.179246
499 0.0306342
499 0.0942205
500 0.356516
500 0.205417
500 0.27515
501 0.753021
502 0.775287
502 0.127945
502 0.291206
502 0.0884592
503 0.329941
503 0.105438
503 0.386048
503 0.186236
504 0.211782
504 0.163861
504 0.0541138
505 1.17616
506 0.921928
506 0.206977
506 0.307873
506 0.03268
507 0.666455
508 0.929018
508 0.24924
508 0.105775
508 0.0603676
508 0.092362
508 0.108084
509 0.755806
509 0.0126789
510 0.978783
511 0.995841
511 0.268911
511 0.491856
511 0.0147061
512 0.163347
511 0.0352775
511 0.0398526
511 0.116317
511 0.0373044
510 0.0453731
509 0.218294
509 0.0511211
508 0.0748532
508 0.285188
508 0.0485147
508 0.0363362
508 0.0421241
508 0.158345
508 0.0627769
507 0.0964873
506 0.0600707
506 0.0634286
506 0.0507452
505 0.0435959
504 0.0845104
504 0.0384986
503 0.0652246
503 0.0255152
503 0.0884887
503 0.172483
503 0.102688
503 0.0390747
503 0.0446489
502 0.130768
502 0.206933
502 0.0362192
500 0.194744
500 0.0665784
499 0.0408062
499 0.0387523
499 0.0643569
499 0.0331417
499 0.0571108
499 0.037905
499 0.0464213
498 0.0369788
498 0.0638208
498 0.0646284
497 0.0457132
496 0.0450339
495 0.0624535
495 0.0371122
495 0.0365849
494 0.0616228
494 0.232549
494 0.0399929
493 0.313538
492 0.411744
491 0.0604297
491 0.0423882
490 0.279501
490 0.0437056
490 0.0917872
490 0.131814
489 0.0555332
489 0.0714422
488 0.0644158
487 0.0388821
487 0.383058
487 0.0459414
487 0.0655131
486 0.0583436
486 0.0417043
485 0.10454
484 0.143904
484 0.036281
484 0.202847
483 0.152238
483 0.114613
483 0.0730797
481 0.0346871
481 0.0557927
480 0.0368626
480 0.0717863
478 0.0476304
478 0.0470992
478 0.0904057
477 0.0411744
477 0.0462829
476 0.0534918
476 0.0422117
475 0.0922557
475 0.170911
475 0.0364559
525 0
771 0
522 0
525 0
665 0
512 1.53635
512 0.072467
512 0.0518235
512 0.240564
512 0.524746
512 0.163943
512 1.33378
512 0.2309
512 0.164875
512 1.52405
513 0.497783
513 1.08835
513 2.8782
514 3.21265
514 2.95486
514 2.85423
515 2.66484
515 2.8063
515 3.15157
515 2.08491
513 0.0370437
513 0.0496073
513 0.0501059
512 0.0492762
512 0.036179
512 0.0342005
512 0.0413176
512 0.0352384
512 0.0366284
512 0.045328
512 0.041494
512 0.0384793
522 0.182386
512 0.0227559
512 0.10237
512 0.264618
511 0.121648
511 0.116263
511 0.00885593
511 0.524044
511 0.406526
511 2.5811
511 0.181901
511 1.54468
511 0.220549
511 0.265033
511 0.294449
511 0.284078
511 0.474023
511 0.0131292
511 0.100042
510 0.238797
510 1.79557
510 0.194721
510 1.17427
510 0.838166
510 1.96819
510 0.915009
509 3.52214
509 1.41066
509 0.446498
509 1.61896
509 0.471665
509 0.314323
509 1.06194
509 1.49007
509 3.54149
509 0.21433
509 2.19781
508 3.06376
508 2.84934
508 2.75225
508 2.81961
508 3.36516
508 1.09003
508 0.0595323
508 0.00233533
509 0.034908
509 0.0358052
509 0.0360776
509 0.0409887
509 0.0482406
509 0.0363623
509 0.0346356
509 0.0585775
509 0.0541033
510 0.0344355
510 0.0453036
510 0.0674798
510 0.0451594
510 0.069472
510 0.0679692
510 0.0450481
510 0.0826022
511 0.0488494
511 0.0451636
511 0.0490956
511 0.0408458
511 0.0587899
511 0.0748496
511 0.0410312
511 0.013039
511 0.0426342
511 0.0408216
511 0.0566914
511 0.0629968
511 0.0345934
511 0.0404412
511 0.0375772
511 0.0528375
512 0.0376406
512 0.0731024
512 0.0433315
486 1.85256
510 0
482 0
522 0
689 0
475 3.10141e-23
475 0.0964611
476 1.01823
476 0.291906
477 0.375411
477 0.49955
477 0.035984
477 0.0146351
478 0.509894
479 0.796558
479 0.0362079
480 1.08644
481 0.310507
481 0.0247981
481 0.496889
481 0.118299
482 0.600842
483 0.823986
485 1.24185
485 0.332111
487 1.20982
487 0.0329472
487 0.131707
487 0.344696
487 0.0174767
488 0.618633
488 0.275732
489 0.577797
490 0.805697
491 0.651557
491 0.228661
493 1.77449
494 0.780264
494 0.100908
494 0.201905
494 0.261586
496 1.68726
498 1.04464
498 0.286137
498 0.233618
498 0.127168
499 0.714633
499 0.0453167
500 0.562779
500 0.305958
500 0.0197592
501 0.420907
501 0.1191
501 0.015125
501 0.0373935
501 0.0491176
502 0.737237
503 0.530704
503 0.447031
504 0.982057
505 0.970601
506 0.876802
506 0.220776
510 3.12777
510 0.240061
511 0.404795
512 1.17577
512 0.00535653
512 0.0265621
512 0.0469818
513 0.460141
514 0.589286
514 0.300671
514 0.368559
515 0.246702
515 0.0357321
515 0.456156
515 0.0514886
515 0.0807098
515 0.25933
516 0.143354
516 0.224294
516 0.175709
516 0.232505
517 0.330973
517 0.077291
518 1.3328
520 1.6772
520 0.0370974
520 0.317384
520 0.0196635
521 1.04825
522 0.970526
524 1.32348
524 0.177036
525 0.671242
850 2.61139e-23
939 0.00743657
1149 0.01238
1149 4.48511e-26
524 0.0382027
522 0.164736
521 0.166229
520 0.0573018
520 0.0417379
520 0.0466925
517 0.0747187
517 0.0554472
516 0.0426249
516 0.0493006
516 0.0871647
516 0.0519286
515 0.0660983
515 0.0611213
515 0.0843778
515 0.0436412
515 0.153907
515 0.0524873
514 0.162004
514 0.108449
514 0.159565
512 0.0480879
512 0.107201
512 0.129848
512 0.0388051
510 0.0385626
510 0.0575847
506 0.0440437
506 0.0646161
505 0.151681
504 0.06329
503 0.0816198
503 0.0654793
502 0.0486096
502 0.241839
502 0.0375151
501 0.0480768
501 0.17207
501 0.0427815
501 0.0475535
501 0.0591993
500 0.0437714
500 0.0409286
500 0.0363809
499 0.0473294
499 0.101351
498 0.05497
498 0.0609112
498 0.0850454
498 0.100018
496 0.105717
494 0.100658
494 0.124751
494 0.0870653
494 0.048421
493 0.0500038
491 0.0492677
489 0.0412792
488 0.11483
488 0.0644046
487 0.0570485
487 0.0475619
487 0.0599447
487 0.194897
485 0.0531496
485 0.0363282
483 0.0506604
482 0.176761
481 0.04857
481 0.0360749
481 0.0893837
481 0.0365951
480 0.0949683
479 0.0385566
479 0.0458566
478 0.0930353
477 0.0690511
477 0.180882
477 0.0479715
477 0.235901
476 0.0722233
476 0.034547
475 0.0193029
475 0.0286589
475 0.0179124
475 0.152938
475 3.10141e-23
475 0.705997
477 1.54018
480 1.88432
480 0.0640628
481 1.03045
482 0.929515
482 0.499083
483 0.385308
483 0.0395085
484 0.481966
485 0.817684
486 0.726006
486 0.0295
486 0.149399
486 0.170964
486 0.565986
487 0.280165
488 0.756407
491 2.32666
491 0.044666
491 0.192214
491 0.591961
492 0.081526
493 1.39079
494 0.447603
494 0.720619
496 1.79188
497 0.243485
498 0.825966
498 0.180226
498 0.184335
499 0.473803
499 0.241835
499 0.583092
500 0.691158
501 0.624567
501 0.120395
501 0.165777
502 0.527682
502 0.0935801
502 0.393887
503 0.0216929
503 0.196154
503 0.349134
503 0.104012
505 1.17399
505 0.132134
506 0.839326
506 0.350772
508 1.55523
508 0.381893
508 0.275607
509 0.449326
509 0.164208
509 0.0919022
510 0.640331
510 0.417812
511 0.305423
511 0.272711
512 0.845114
512 0.351735
513 0.644114
513 0.26911
514 0.639178
515 0.393384
515 0.130679
517 1.66142
517 0.239738
518 0.94192
518 0.230498
518 0.273268
520 1.32224
520 0.115562
520 0.325069
520 0.135825
520 0.0612627
522 1.4108
522 0.253053
522 0.0647389
522 0.0421678
523 0.414622
523 0.667805
525 1.05057
850 2.60873e-23
942 0.00360658
1149 0.0124279
1149 2.26121e-26
942 0.00282346
942 4.8505e-06
523 0.158004
523 0.0523227
522 0.03813
522 0.0445727
520 0.0433011
520 0.150035
520 0.0364719
520 0.084638
518 0.0400238
518 0.0425434
517 0.0857704
517 0.0457116
515 0.0481235
515 0.0441892
514 0.266313
513 0.0623392
513 0.10817
512 0.108349
512 0.0503067
511 0.0560268
511 0.0511427
510 0.0641001
509 0.0403097
509 0.0437999
509 0.038476
508 0.168578
508 0.047749
506 0.0409312
506 0.123711
505 0.0867662
503 0.390683
503 0.0347616
503 0.0760538
502 0.170392
502 0.0519153
501 0.0362889
501 0.0548337
500 0.00167501
500 0.13726
499 0.0573249
499 0.0609293
498 0.0368951
497 0.0395473
496 0.144054
495 0.333111
494 0.037484
493 0.0849893
492 0.052995
491 0.0383941
491 0.0405296
491 0.051905
491 0.0372518
488 0.046892
487 0.0820381
487 0.145824
486 0.124512
486 0.0356947
486 0.0631409
486 0.0105317
486 0.164435
486 0.0734543
485 0.169471
484 0.115426
483 0.216817
483 0.0653831
482 0.0677133
481 0.0400756
480 0.465342
480 0.043863
477 0.0439598
475 0.0368031
500 0.001564
500 0.0124808
