475 2.39303e-23
475 0.363521
476 0.80455
476 0.0519357
478 0.727173
478 0.0142
478 0.128744
478 0.118103
478 0.208332
479 0.277024
482 1.71362
483 0.494537
483 0.124028
484 0.589962
484 0.0623651
484 0.252036
485 0.378455
485 0.0867998
486 0.558161
487 0.460087
487 0.185341
487 0.435086
488 0.374592
488 0.238867
489 0.104051
490 0.759472
490 0.00543291
490 0.274657
490 0.0681508
490 0.08139
491 0.607058
492 0.263475
492 0.123244
494 1.42521
495 0.317077
495 0.402654
496 0.228206
498 1.45136
500 1.34742
500 0.0875885
500 0.000894388
500 0.0696904
502 1.04071
502 0.047956
503 0.932118
505 0.745614
505 0.178755
505 0.0160259
506 0.478076
506 0.249236
507 0.623131
507 0.321045
508 0.503284
509 0.234017
510 0.801704
510 0.111926
510 0.172795
511 0.523533
511 0.0888253
511 0.0125621
512 0.337459
513 0.810371
514 0.512616
516 1.34931
517 0.60719
517 0.0432637
518 1.01229
519 0.319244
519 0.173371
519 0.0993811
519 0.0970644
519 0.0765101
520 0.164062
522 1.75009
523 0.788177
524 0.103662
524 0.456156
525 0.134283
850 1.78207e-23
1000 0.0058859
1147 0.00637983
1149 0.000119913
1150 9.10025e-27
1147 0.00136376
1002 0.00155085
1003 0.0012456
1003 0.00225607
1004 0.00213478
1004 0.000793854
524 0.0488637
524 0.0469309
520 0.0415524
519 0.108456
519 0.193765
519 0.0373273
519 0.178621
519 0.285365
519 0.0484633
517 0.0424639
517 0.0487391
516 0.0394639
514 0.124107
511 0.155281
511 0.00730527
511 0.124734
511 0.0395148
511 0.0403033
510 0.148259
510 0.0644015
510 0.105596
509 0.0352361
508 0.0701167
507 0.0560976
507 0.0771134
506 0.312756
506 0.0757976
505 0.215939
505 0.0555722
505 0.111339
504 0.170068
502 0.0679075
502 0.0448014
500 0.0768207
500 0.0409981
500 0.0495072
498 0.207648
496 0.0685051
495 0.0409546
495 0.114147
495 0.256528
495 0.0915294
494 0.050247
492 0.0363539
491 0.0845261
490 0.0663155
490 0.0498083
490 0.035731
490 0.0489401
490 0.145858
489 0.176513
488 0.0370146
488 0.171357
487 0.0469646
487 0.0762935
487 0.0696833
486 0.0437874
484 0.183774
484 0.214554
484 0.0368078
483 0.0720965
482 0.0636024
478 0.121057
478 0.067218
478 0.171667
478 0.052866
478 0.203965
477 0.0997366
475 0.0393512
484 0.001564
484 0.00117494
