475 2.39303e-23
475 0.306213
476 0.710934
477 0.347176
477 0.202465
477 0.303724
478 0.371057
478 0.217809
479 0.128944
479 0.0415226
480 0.850671
482 1.09319
482 0.0525692
483 0.417188
483 0.187477
485 1.5462
486 0.0462633
486 0.0678029
486 0.00729437
486 0.367856
487 0.50348
487 0.213572
488 0.332178
488 0.35035
489 0.431234
489 0.00578746
490 0.714796
490 0.224816
491 0.382909
493 1.32131
494 0.331994
494 0.276333
495 0.226257
496 0.826431
496 0.0364931
496 0.0331546
497 0.472715
498 0.76075
498 0.268632
500 1.40524
501 0.105556
501 0.0452078
502 0.725621
503 1.01716
504 0.195387
504 0.134344
504 0.121185
504 0.116487
505 0.155373
505 0.276086
505 0.13858
505 0.019186
506 0.730187
507 0.709912
508 0.320401
508 0.353812
512 2.21591
513 0.863601
514 0.72687
514 0.0949402
515 0.568711
516 0.630279
516 0.186173
517 0.485773
518 0.684634
519 0.470298
519 0.359228
519 0.0449485
520 0.153129
521 0.804316
521 0.19864
521 0.28376
522 0.62887
524 1.33646
525 0.152522
850 1.78904e-23
1148 0.00966783
1149 7.42724e-26
524 0.0334498
524 0.0680689
524 0.138584
522 0.04113
521 0.207029
521 0.236232
521 0.0573663
520 0.0569694
519 0.0912321
519 0.0528108
518 0.291065
517 0.174315
516 0.0383776
516 0.0394127
515 0.0348112
514 0.0413197
514 0.0465256
514 0.0376594
513 0.0755407
508 0.107778
508 0.193707
506 0.0993567
505 0.0154765
505 0.402013
505 0.0649697
505 0.040226
505 0.0344358
504 0.0560928
504 0.0579813
504 0.137652
502 0.0859213
501 0.0821584
501 0.0506595
498 0.108994
497 0.12497
496 0.0432701
496 0.0344874
496 0.0724506
495 0.0747783
494 0.295425
493 0.0601052
491 0.0542339
490 0.0789291
489 0.384826
489 0.0847096
488 0.0342071
487 0.0443512
486 0.10753
486 0.358814
486 0.207625
486 0.0435665
486 0.0593922
486 0.0403158
483 0.179923
483 0.128001
483 0.0716947
482 0.0421818
482 0.195587
480 0.0534192
479 0.0521627
479 0.280153
478 0.244083
477 0.0893653
477 0.138099
477 0.0316942
476 0.0399128
475 0.0410398
489 0.001564
505 0.001564
505 0.0088051
489 0.0628432
