475 2.39303e-23
478 2.39545
480 0.653805
480 0.548257
482 0.655865
482 0.406726
483 0.236148
483 0.0629011
484 0.683149
485 0.529349
486 0.861162
486 0.211243
489 1.39967
489 0.291726
491 1.2312
491 0.022639
492 0.521994
493 0.489523
493 0.36147
493 0.0849171
494 0.170881
494 0.0569272
495 0.502357
495 0.0414686
495 0.231914
497 1.44722
498 0.726857
500 1.22811
501 0.578066
503 1.39311
503 0.0244969
504 0.0364409
504 0.576899
505 0.559257
507 1.12848
508 0.439516
509 0.833718
511 1.39567
512 0.518889
512 0.017107
512 0.0432728
514 1.06839
514 0.281715
514 0.0905589
514 0.0701998
515 0.266468
515 0.00577719
515 0.0290876
515 0.0486892
516 0.61826
516 0.369867
517 0.0578183
517 0.155596
517 0.234396
520 1.61089
520 0.192475
520 0.270778
520 0.0111175
520 0.137783
522 0.933407
523 0.590329
523 0.0921243
523 0.237187
523 0.0707458
524 0.258072
524 0.524048
525 0.0108629
850 1.78126e-23
1149 0.0142975
1149 4.57119e-28
524 0.00942084
524 0.00638219
524 0.0371883
524 0.0543732
523 0.139589
524 0.358335
523 0.179371
523 0.14329
522 0.0263221
522 0.0849825
522 0.0449902
521 0.533214
521 0.109467
520 0.0462361
520 0.297128
520 0.0361361
517 0.105894
517 0.0345818
517 0.205419
516 0.0373133
516 0.0395768
516 0.0754496
516 0.0577462
515 0.0517016
515 0.0474831
515 0.157006
515 0.0642497
514 0.044235
514 0.0406858
514 0.0999202
514 0.0874055
512 0.0657359
512 0.034929
512 0.0415562
511 0.0480891
509 0.0376004
508 0.0415229
507 0.0394088
505 0.299368
504 0.0351756
504 0.0662481
503 0.0392933
503 0.0808583
500 0.0445928
498 0.0457315
497 0.0798703
495 0.0529431
495 0.0387521
495 0.0520163
494 0.236744
493 0.051582
493 0.0929633
493 0.07316
492 0.0477361
491 0.090281
491 0.0797516
489 0.06049
489 0.0895529
486 0.0408356
486 0.0384293
485 0.0671518
483 0.0238
483 0.0354891
483 0.445612
482 0.330481
482 0.0893946
481 0.126878
481 0.109605
481 0.0795432
480 0.0529534
478 0.0878454
484 0.001564
523 0.001564
523 0.00466145
484 0.0217998
