475 2.39303e-23
475 0.591776
477 1.30992
478 0.202835
478 0.399153
479 0.126257
479 0.254601
479 0.236885
479 0.0413838
480 0.227042
480 0.293972
481 0.731911
483 1.00498
483 0.169343
486 1.68423
487 0.39965
487 0.00391532
488 1.07108
489 0.191482
489 0.452879
491 1.03778
491 0.227284
492 0.424491
492 0.17162
492 0.0333347
494 0.892939
494 0.067868
494 0.0167156
495 0.473493
497 1.77211
498 0.521847
498 0.0150566
500 0.948762
500 0.317375
501 0.312364
501 0.0582942
502 0.836047
502 0.0229202
502 0.151477
503 0.25189
504 0.752541
504 0.148591
504 0.270682
505 0.363234
505 0.0560458
507 0.967311
508 0.902547
509 0.469178
509 0.0928739
509 0.204166
509 0.0673524
509 0.0949309
510 0.255026
510 0.558458
511 0.631706
512 0.378359
513 0.300131
513 0.338014
514 0.621404
514 0.0535703
514 0.299436
515 0.165248
515 0.154221
516 0.817763
517 0.740532
518 0.192144
519 1.09469
519 0.103815
519 0.0161915
521 1.26169
521 0.0102778
521 0.0471296
522 0.745686
524 1.00284
524 0.392191
524 0.0171706
525 0.0933642
850 1.78361e-23
990 0.00514728
1149 0.0069874
1150 2.52219e-27
524 0.0893387
521 0.047815
521 0.0631886
521 0.0570735
519 0.0740467
519 0.0117663
519 0.0422183
519 0.0372727
519 0.0745059
518 0.040644
517 0.110861
516 0.0794913
515 0.156396
515 0.092569
514 0.0382734
513 0.0448181
513 0.0391806
512 0.269708
511 0.0371618
510 0.0732204
510 0.0363392
509 0.247899
509 0.0481608
509 0.0412853
509 0.0498855
508 0.182103
507 0.598825
507 0.00430944
505 0.0373961
505 0.0384519
504 0.0921516
504 0.103165
504 0.288983
503 0.0538326
502 0.0381043
502 0.0387611
502 0.0457645
501 0.0529111
500 0.165932
500 0.0469828
498 0.109041
498 0.0395675
497 0.0601561
495 0.09315
494 0.0510225
494 0.0900921
494 0.0613145
494 0.0348109
494 0.0429451
492 0.0764524
492 0.0348104
492 0.0693015
491 0.0447631
491 0.0351892
489 0.130024
489 0.116787
488 0.0633177
487 0.0429657
487 0.0536609
486 0.0629738
483 0.0527158
483 0.0362369
481 0.096833
481 0.153136
480 0.0369089
480 0.144938
479 0.0668046
479 0.0457089
479 0.103654
479 0.0224847
479 0.101479
479 0.0524811
479 0.0826865
478 0.0410065
478 0.0596096
477 0.126941
477 0.115641
477 0.001564
481 0.001564
481 0.00785334
477 0.00244925
