475 2.39303e-23
475 0.275458
475 0.103137
476 0.779607
476 0.117976
477 0.309134
477 0.200758
478 0.2719
479 0.664289
480 0.782851
480 0.103869
482 0.972453
482 0.0483666
483 0.510906
484 0.823546
484 0.212788
485 0.296451
485 0.266836
486 0.357065
486 0.112004
487 0.429956
489 1.6635
490 0.201782
490 0.369613
491 0.8808
492 0.477456
492 0.0760636
492 0.133467
494 1.22053
495 0.209069
495 0.138054
495 0.0117978
496 0.574732
496 0.39638
496 0.112773
497 0.121161
497 0.408885
498 0.691806
498 0.111743
499 0.400947
499 0.192402
500 0.211651
500 0.174677
500 0.14385
500 0.0726108
501 0.65674
503 1.03462
503 0.00141373
503 0.107211
503 0.127801
504 0.704798
506 0.847112
506 0.155722
507 0.828472
508 0.913643
509 0.346548
509 0.00582442
510 0.436678
511 0.769979
511 0.197659
511 0.00658262
511 0.158245
512 0.250454
512 0.302495
513 0.324444
513 0.257008
513 0.0576998
513 0.0982387
514 0.301894
516 1.48473
516 0.417579
517 0.351623
517 0.181662
518 0.364796
519 0.485369
519 0.501705
520 0.102106
520 0.220094
521 0.477942
521 0.0741401
521 0.148103
521 0.124253
522 0.335543
523 0.801097
525 1.18521
850 1.79038e-23
890 0.00103307
955 0.00173372
971 0.000388997
1149 0.00694497
1150 2.38162e-26
970 0.00226614
970 0.000172592
955 0.00130203
955 0.00179268
954 0.00182053
955 0.00185281
523 0.0749156
522 0.04299
521 0.0623769
521 0.0993127
521 0.0843063
521 0.0476644
521 0.0356578
521 0.0622929
521 0.170155
520 0.0536249
520 0.0772988
519 0.0442769
519 0.0911719
518 0.0836251
517 0.00526116
517 0.033728
517 0.0432738
517 0.0704227
516 0.0291617
516 0.287781
516 0.052192
514 0.0382253
513 0.0395968
513 0.0381637
512 0.0714736
512 0.472473
511 0.0450199
511 0.0538893
510 0.044433
509 0.0394742
508 0.0629714
507 0.0519472
506 0.298637
506 0.0912662
504 0.061142
503 0.0520826
503 0.0456679
503 0.0472634
503 0.215101
501 0.0725398
500 0.0540321
500 0.0351318
500 0.396305
500 0.0405146
499 0.377642
499 0.101749
499 0.532938
498 0.0665197
497 0.0411877
497 0.218385
496 0.0369385
496 0.138176
496 0.0537913
495 0.0564215
495 0.125576
494 0.0549099
492 0.202826
492 0.0496882
491 0.0738015
490 0.127957
490 0.128576
487 0.0663771
486 0.189477
486 0.0524084
485 0.0375818
485 0.0883377
484 0.0396592
483 0.109995
482 0.21598
482 0.048148
480 0.0591138
480 0.0422894
479 0.151605
477 0.091184
477 0.0351059
476 0.121889
476 0.0607761
475 0.0432714
475 0.0685889
521 0.001564
521 0.0131752
