475 2.39303e-23
475 0.189593
476 0.645732
477 0.429634
480 1.81573
480 0.188487
480 0.0147082
480 0.207219
481 0.193119
481 0.0384903
482 0.875979
482 0.186687
483 0.581806
484 0.106132
484 0.450065
485 0.144081
485 0.120321
485 0.242426
486 0.807305
487 0.316321
491 2.15732
491 0.0285154
491 0.531542
492 0.4292
492 0.147302
492 0.138428
493 0.258983
494 0.930279
497 1.7252
498 0.526251
498 0.0337678
503 3.0918
503 0.147392
504 0.552957
505 1.02289
505 0.0850479
506 0.113283
506 0.28908
506 0.032328
506 0.0173277
508 1.48814
509 0.284289
509 0.287908
509 0.0634897
512 1.74514
515 1.85756
515 0.3364
515 0.100294
516 0.116723
516 0.228463
516 0.0303675
516 0.321252
517 0.467242
517 0.214276
518 0.294423
519 0.712459
521 1.47598
522 0.18866
522 0.504724
523 0.275494
523 0.552904
524 0.671373
525 0.00933922
850 1.77858e-23
1084 0.00906416
1149 0.00231329
1149 6.33244e-27
1084 0.00110891
1084 0.000974823
1084 0.00201302
1084 0.00109383
524 0.0369748
523 0.0441229
522 0.035128
522 0.155192
521 0.131118
519 0.0849678
518 0.113889
518 0.129232
518 0.0362707
516 0.00479815
516 0.163947
516 0.0445275
516 0.0467232
516 0.0386589
515 0.046449
516 0.463927
516 0.105535
516 0.0343807
515 0.325982
509 0.0494953
509 0.0349974
509 0.0576047
506 0.0764844
506 0.004767
506 0.0475323
506 0.111914
506 0.0546369
506 0.121611
505 0.0668906
505 0.0833985
504 0.320046
503 0.0480375
503 0.0653082
498 0.0364684
498 0.0392841
497 0.038293
494 0.0824397
493 0.103178
492 0.0757551
492 0.0781865
492 0.0369382
491 0.120223
491 0.142927
491 0.0942259
485 0.197452
485 0.0498592
485 0.1155
484 0.0396724
484 0.089931
483 0.0665427
483 0.199425
483 0.0329309
483 0.171181
483 0.0410472
482 0.0402117
481 0.0897391
481 0.229958
480 0.0522408
480 0.0673919
480 0.157853
480 0.0348235
477 0.0528076
476 0.146543
475 0.0450995
483 0.001564
506 0.001564
506 0.0104665
483 0.00640983
