475 2.39303e-23
475 0.497926
476 0.491956
476 0.0992515
477 0.493784
477 0.0338466
477 0.171477
478 0.15553
478 0.441944
478 0.205242
479 0.315323
480 0.692963
480 0.0822511
480 0.0837794
481 0.292712
482 0.997946
483 0.815637
484 0.261314
485 1.04929
486 0.169049
486 0.0133765
487 0.537291
488 0.674695
489 0.582052
489 0.313935
493 2.72544
494 0.51363
494 0.118606
495 0.215146
496 0.660309
496 0.354701
497 0.299493
497 0.0327998
497 0.148708
498 0.405648
499 0.484236
499 0.166338
500 0.885855
501 0.591235
502 0.442765
502 0.195024
502 0.21331
503 0.184023
503 0.417064
504 0.328597
505 1.07651
506 0.282255
507 0.588528
507 0.0985906
507 0.0385151
507 0.435505
508 0.648008
508 0.0432745
510 0.689784
511 1.15461
512 0.527693
512 0.0405363
512 0.122342
513 0.227463
514 0.985344
515 0.186838
515 0.0689844
517 1.60798
519 1.03083
519 0.391673
520 0.501909
520 0.0470108
521 0.449832
521 0.134352
521 0.229404
521 0.152621
522 0.375615
523 0.721547
525 1.16997
850 1.7837e-23
1149 0.0111001
1150 3.15717e-26
522 0.0354027
521 0.0367497
521 0.0665768
521 0.0577989
521 0.0587726
520 0.0513982
520 0.0893276
519 0.0642722
519 0.0506317
517 0.0579289
515 0.0636155
515 0.0697621
514 0.0549844
513 0.0450043
512 0.0386082
512 0.0628132
510 0.136165
509 0.256314
507 0.0354847
507 0.0604104
507 0.0369443
507 0.252644
506 0.0355035
505 0.115345
504 0.188417
503 0.0393674
503 0.095766
502 0.0502364
502 0.036387
502 0.0472038
501 0.0621532
500 0.307321
499 0.0343063
499 0.129849
498 0.448533
497 0.0365039
497 0.116312
496 0.0418199
496 0.0348127
495 0.0580514
494 0.0371097
494 0.0430832
493 0.043769
489 0.0708745
489 0.133468
487 0.154177
487 0.0760071
487 0.0355809
486 0.0703389
486 0.0540836
485 0.075549
484 0.0682696
484 0.348306
484 0.0355049
483 0.0515093
482 0.0498558
481 0.0415717
480 0.0363448
480 0.042804
480 0.0854424
479 0.158476
478 0.0358282
478 0.0404808
478 0.0470276
477 0.0359051
477 0.218084
476 0.0427706
476 0.105598
475 0.0889683
