475 0
496 6.94084e-05
475 0
0 0
475 0
500 6.71495e-05
494 5.12852e-05
504 3.07628e-05
493 1.68378e-05
490 3.18505e-05
488 0
463 0
475 0
475 2.50299e-05
476 6.01184e-05
485 0
555 0
475 0
487 3.03604e-05
492 0
537 0
475 0
521 1.89304e-05
525 0
687 0
475 0
525 0
850 0
1149 0
475 0
525 0
850 0
1149 0
475 0
481 4.76384e-05
475 0
391 0
475 0
482 6.81577e-06
485 1.55314e-05
507 2.9352e-06
525 0
908 0
1009 0
1149 0
475 0
503 6.91568e-05
475 0
0 0
475 0
506 6.18173e-05
476 0
209 0
475 0
477 5.90903e-05
475 0
150 0
475 0
487 2.22876e-05
489 4.42233e-06
488 0
474 0
475 0
499 6.54187e-05
484 4.0943e-05
478 0
434 0
475 0
493 1.74632e-05
509 0
648 0
475 0
477 1.8935e-05
493 0
638 0
475 0
492 5.68809e-05
475 0
259 0
475 0
524 8.5472e-06
525 0
848 0
475 0
525 0
850 0
1149 0
475 0
493 3.44496e-06
525 0
879 0
1068 0
1118 0
475 0
479 3.91516e-05
476 0
456 0
475 0
525 0
850 0
1149 0
475 0
483 6.87183e-06
487 4.27977e-05
490 1.28832e-05
490 4.83512e-05
497 2.90524e-05
505 6.47359e-06
506 1.5376e-05
509 2.71104e-05
518 0
631 0
475 0
525 0
850 0
1149 0
475 0
525 0
850 0
1149 0
475 0
507 5.76201e-05
505 4.4185e-05
522 0
672 0
475 0
484 5.02278e-05
475 0
343 0
475 0
482 3.91484e-05
480 5.98125e-05
480 3.49121e-05
479 0
408 0
475 0
525 0
850 0
1149 0
475 0
478 6.06111e-05
475 0
171 0
475 0
500 1.29113e-05
509 6.24846e-05
502 5.02284e-05
518 0
626 0
475 0
494 9.78064e-06
499 6.15323e-05
475 0
176 0
475 0
509 3.48464e-05
509 5.61312e-05
522 5.64026e-05
511 4.78405e-05
518 3.85249e-05
498 3.69662e-05
503 3.49272e-06
507 1.19965e-05
502 0
453 0
475 0
493 2.85814e-05
499 0
554 0
475 0
485 4.52193e-05
477 0
411 0
475 0
516 3.7637e-05
515 1.33072e-05
505 2.18351e-05
502 3.22399e-05
503 7.37319e-06
502 4.12763e-05
490 0
271 0
475 0
525 0
850 0
1149 0
475 0
477 2.68969e-05
485 0
558 0
475 0
489 5.62759e-05
476 2.11685e-05
480 0
580 0
475 0
520 2.67597e-05
522 1.7988e-05
524 1.43059e-05
525 0
872 0
475 0
497 2.86951e-05
498 1.94854e-05
497 2.22108e-05
488 2.24473e-06
487 3.54517e-05
491 3.6985e-05
488 2.63592e-05
498 3.58798e-05
498 2.37929e-05
515 0
743 0
475 0
478 2.2275e-05
489 0
588 0
475 0
488 6.40527e-05
475 0
0 0
475 0
525 0
850 0
1149 0
475 0
484 1.63726e-05
501 4.72426e-05
496 1.37656e-05
488 0
195 0
475 0
478 1.20492e-05
482 5.68933e-05
482 5.00424e-05
475 0
244 0
475 0
488 1.60733e-05
509 0
695 0
475 0
520 5.06955e-05
508 0
400 0
475 0
507 3.29463e-05
509 0
530 0
475 0
506 4.73118e-05
506 8.2332e-06
516 5.50992e-05
517 1.30481e-05
525 0
750 0
475 0
525 0
850 0
1149 0
475 0
477 6.87456e-05
475 0
0 0
475 0
525 0
850 0
1149 0
475 0
508 4.89011e-05
497 0
406 0
475 0
484 1.52173e-05
498 4.73908e-05
483 0
236 0
475 0
525 0
850 0
1149 0
475 0
525 0
850 0
1149 0
475 0
495 5.82437e-05
475 0
277 0
475 0
525 0
850 0
1149 0
475 0
525 0
850 0
1149 0
475 0
479 6.45252e-05
475 0
31 0
475 0
485 1.01339e-05
506 6.93163e-06
514 0
691 0
475 0
479 5.1542e-05
475 2.37866e-05
486 4.98011e-05
477 4.13631e-05
515 2.17876e-05
514 2.66035e-05
512 3.50973e-05
525 0
858 0
475 0
480 2.72106e-05
488 0
565 0
475 0
519 6.37649e-05
518 1.62345e-05
510 4.36009e-05
511 4.45032e-05
513 4.16716e-05
514 0
546 0
475 0
501 1.09887e-05
508 6.57947e-05
486 5.82744e-05
488 1.07856e-05
492 4.11751e-05
483 3.44759e-05
485 2.90233e-05
508 2.75897e-05
509 2.3972e-05
506 2.73709e-05
518 6.88923e-06
522 1.56415e-05
520 1.41529e-05
522 0
568 0
475 0
477 6.61738e-05
475 0
0 0
475 0
484 3.39114e-05
486 1.75033e-05
485 0
221 0
475 0
493 7.88113e-06
521 3.06336e-05
519 0
383 0
475 0
478 6.13001e-05
475 0
185 0
475 0
478 3.86715e-05
476 0
459 0
475 0
516 6.03752e-05
500 1.53988e-05
475 0
0 0
475 0
525 0
850 0
1149 0
475 0
502 6.52663e-06
504 3.65374e-05
505 0
511 0
475 0
504 3.98019e-05
501 0
477 0
475 0
513 3.47465e-05
513 2.97014e-05
512 2.54838e-05
514 4.22216e-05
525 0
804 0
475 0
476 1.37261e-05
498 0
696 0
475 0
525 0
850 0
1149 0
475 0
505 6.31584e-05
475 0
163 0
475 0
525 0
850 0
1149 0
475 0
478 3.44118e-05
479 3.55806e-05
475 0
172 0
475 0
492 1.55004e-05
511 0
685 0
475 0
495 5.59923e-06
501 1.61741e-05
525 0
742 0
475 0
525 0
850 0
1149 0
475 0
505 4.96805e-05
505 4.81284e-05
525 0
812 0
475 0
525 0
850 0
1149 0
475 0
504 5.31596e-05
502 2.23511e-05
519 0
676 0
475 0
515 2.43809e-05
525 0
611 0
475 0
478 3.62055e-05
478 0
477 0
475 0
476 6.04384e-05
475 0
129 0
475 0
478 1.17977e-05
481 4.31186e-05
482 0
487 0
475 0
476 8.96503e-06
481 6.67924e-06
485 1.11771e-05
498 1.46428e-05
499 0
587 0
475 0
525 0
850 0
1149 0
475 0
489 2.78473e-05
496 0
559 0
475 0
478 3.33221e-05
478 5.89155e-05
475 0
452 0
475 0
480 6.36164e-06
519 0
866 0
475 0
525 0
850 0
1149 0
475 0
489 5.93345e-05
475 0
241 0
475 0
478 5.31032e-05
475 0
330 0
475 0
498 5.9261e-05
492 3.89755e-05
493 5.3938e-05
493 2.27513e-05
525 0
852 0
1142 0
1149 0
