475 1.83112e-23
475 0.184322
476 0.617136
476 0.151404
479 0.983051
479 0.211303
479 0.0273516
480 0.412993
480 0.266897
482 1.07194
482 0.0169158
483 0.194919
483 0.129553
483 0.130514
485 0.931988
485 0.0936224
486 0.0947259
486 0.00911978
486 0.301157
488 0.994663
489 0.529586
491 0.94728
492 0.0953293
492 0.238884
492 0.0817301
493 0.230991
493 0.143342
493 0.0291737
496 1.28931
496 0.0469652
496 0.296433
497 0.295608
497 0.0111066
499 1.1989
502 1.21031
503 0.626973
505 1.04139
505 0.13541
506 0.296369
506 0.0379668
506 0.153966
507 0.109785
508 0.616282
508 0.262498
508 0.068131
509 0.151622
510 0.536882
510 0.00625283
510 0.0245737
511 0.562615
511 0.0355475
513 1.11782
514 0.105903
514 0.28969
515 0.362176
516 0.574686
517 0.241237
518 0.862658
519 0.36782
519 0.106854
521 0.579039
524 1.55506
524 0.149173
524 0.197938
525 0.105157
852 1.30853e-23
1141 0.0119135
1150 3.55608e-25
524 0.0357657
524 0.0383071
524 0.0800075
524 0.0505732
524 0.0616324
524 0.0544678
524 0.0524929
524 0.273808
521 0.20332
519 0.0643022
519 0.0151978
519 0.0649527
519 0.116069
519 0.113712
519 0.0603577
518 0.0376652
517 0.0882641
516 0.12002
515 0.139306
514 0.113916
514 0.0541435
513 0.0543619
511 0.0713388
510 0.0366498
510 0.0370113
510 0.181656
509 0.087182
508 0.134384
508 0.0384053
508 0.271887
508 0.336036
508 0.0551565
507 0.0942737
506 0.0582002
506 0.0775709
506 0.0428581
506 0.0446351
505 0.132251
505 0.173609
505 0.0927006
505 0.153977
503 0.0483519
502 0.0627282
499 0.296583
497 0.331448
497 0.40645
497 0.0493077
497 0.0519098
496 0.143292
496 0.145713
496 0.0382919
496 0.0365326
493 0.0788385
493 0.0221957
493 0.0602956
493 0.0510649
492 0.120566
492 0.0445307
491 0.0782386
488 0.0358165
486 0.0382906
486 0.106838
486 0.0476239
486 0.309401
485 0.048739
483 0.0383549
483 0.0392063
483 0.0947371
482 0.0561136
480 0.0407327
479 0.0390689
479 0.110365
479 0.0508047
476 0.0706
476 0.0816429
475 0.057616
493 0.001564
496 0.001564
480 0.132158
496 0.0126396
493 0.00181101
