475 1.83112e-23
476 0.529294
478 0.976969
478 0.145301
479 0.237
480 0.722031
480 0.0451589
481 0.362973
483 1.00117
483 0.0936199
484 0.179358
484 0.0963509
486 0.748122
487 0.618935
487 0.00809262
487 0.167224
487 0.0050675
488 0.404673
489 0.571663
490 0.336081
493 1.11661
493 0.171507
495 0.8241
496 0.406177
497 0.541759
497 0.157218
498 0.528457
500 1.02565
501 0.519141
502 0.245527
504 1.12194
506 1.14624
507 0.420751
509 0.991259
509 0.0120602
511 0.63507
512 0.589354
513 0.369723
513 0.140743
513 0.0667022
515 0.732062
516 0.857718
519 1.10841
519 0.319359
519 0.0312765
520 0.156814
520 0.232716
522 0.642182
522 0.192812
523 0.562984
523 0.0375507
524 0.167162
524 0.402354
525 0.214932
850 1.28808e-23
1149 0.00958711
1149 9.39454e-29
524 0.0426041
524 0.0426952
523 0.0449841
523 0.0950266
522 0.0423899
522 0.0602926
520 0.161416
520 0.16327
519 0.0817509
519 0.0456065
519 0.0164378
519 0.110036
519 0.078193
519 0.0474004
519 0.0517706
515 0.567373
513 0.046703
513 0.094383
513 0.0841537
511 0.0774552
509 0.060665
509 0.0571556
507 0.196657
506 0.0456795
504 0.142083
502 0.235358
502 0.217733
502 0.079092
501 0.0536534
500 0.0386733
498 0.0431174
497 0.0344097
497 0.0802715
496 0.0918758
495 0.0652223
493 0.0621175
490 0.203025
489 0.139996
488 0.0561799
487 0.0873345
487 0.000114766
487 0.0724745
487 0.0448779
487 0.14468
487 0.205307
486 0.0815319
484 0.0732837
484 0.04076
483 0.048508
483 0.106259
481 0.0384473
480 0.178308
480 0.0785568
479 0.0360441
478 0.0975419
478 0.15894
476 0.047838
