475 1.83112e-23
478 1.8101
479 0.226571
479 0.306183
482 1.41921
484 0.817644
484 0.312018
485 0.473665
486 0.211361
486 0.181813
487 0.487571
488 0.171298
490 1.09471
492 0.911582
492 0.0220115
492 0.258505
492 0.10794
493 0.0549148
493 0.462646
494 0.222059
494 0.176743
494 0.0866007
495 0.223472
495 0.298376
496 0.406572
503 3.0682
503 0.205306
504 0.353301
505 0.423676
506 0.574639
507 0.24783
509 1.23666
509 0.0847453
510 0.515007
511 0.203567
512 0.360232
513 0.88015
514 0.165278
514 0.0337606
515 0.707844
517 0.844922
518 0.498008
518 0.0225027
519 0.30914
520 0.457716
522 1.0194
522 0.174647
525 1.03282
850 1.2917e-23
1149 0.00764477
1149 3.35096e-26
522 0.0661015
522 0.0883538
520 0.087131
519 0.311341
519 0.0252174
519 0.110274
519 0.0996843
519 0.0377096
518 0.26778
519 0.267669
519 0.529542
519 0.0633474
519 0.0373719
517 0.124662
515 0.0384093
514 0.0731215
513 0.00202681
514 0.0936337
512 0.237681
511 0.0826816
510 0.267939
510 0.31943
511 0.480094
510 0.0604776
510 0.0907841
507 0.0593413
506 0.0519542
505 0.0454831
504 0.375895
503 0.0514524
503 0.18464
496 0.0518545
495 0.0477575
494 0.0491343
494 0.0412415
493 0.0444723
492 0.0609388
492 0.0527316
492 0.0494929
492 0.0421501
490 0.190459
488 0.0404718
487 0.0355298
486 0.0555697
486 0.16202
486 0.522655
486 0.0737964
486 0.0422406
485 0.116435
484 0.0731067
484 0.404607
479 0.0473339
478 0.109789
514 0.000121
514 0.00120321
