475 1.83112e-23
475 0.0872139
475 0.258342
475 0.115951
476 0.116126
476 0.267403
477 0.635248
478 0.35447
479 0.688191
480 0.222545
481 0.335337
483 1.07142
483 0.00681767
484 0.685217
485 0.120579
485 0.116146
485 0.216723
486 0.323744
486 0.022165
486 0.0402924
489 1.07274
490 0.703425
492 0.747235
494 1.06895
495 0.638872
495 0.0693974
495 0.110827
497 0.835356
498 0.124111
498 0.113309
499 0.450034
506 3.36292
507 0.533813
507 0.117501
508 0.34333
508 0.259443
509 0.362087
509 0.115356
510 0.124782
510 0.130309
510 0.0634629
510 0.123234
511 0.224891
511 0.20148
512 0.387219
513 0.586996
513 0.286766
515 0.833611
516 0.216021
516 0.288735
517 0.472047
518 0.412135
518 0.119999
518 0.160502
519 0.405893
520 0.137349
520 0.225452
521 0.49859
521 0.0104815
521 0.0875059
522 0.0927356
523 0.492186
525 0.963641
850 1.29218e-23
1148 0.00905318
1149 6.09922e-26
523 0.0980796
522 0.0485167
521 0.0529037
521 0.104598
521 0.0502882
520 0.075905
519 0.0470899
518 0.0416788
518 0.35608
518 0.0514701
517 0.087628
516 0.0436576
516 0.0711606
515 0.0788043
513 0.0734849
513 0.127009
512 0.0384614
511 0.0341738
511 0.226093
510 0.0354239
510 0.0370435
510 0.0357196
510 0.0445808
509 0.0361518
509 0.254482
508 0.0453823
508 0.0564862
507 0.087576
506 0.107034
499 0.0626596
498 0.0674445
498 0.0305051
498 0.386173
498 0.0361257
498 0.0882604
497 0.0515709
495 0.0650522
495 0.231591
495 0.273469
492 0.209448
489 0.0231332
489 0.217292
489 0.0349205
486 0.0745707
486 0.117798
486 0.309262
485 0.0518911
485 0.0860915
485 0.256721
485 0.079731
485 0.0719751
484 0.0728566
483 0.107136
481 0.057831
480 0.0415145
479 0.0384856
478 0.0394558
477 0.0758762
476 0.0471721
476 0.140754
475 0.0347623
475 0.0382739
475 0.0470012
