475 1.83112e-23
475 0.337864
475 0.0449149
477 0.785428
477 0.0178897
477 0.155066
481 1.75991
481 0.266162
484 1.12503
484 0.238538
484 0.0125244
486 0.685361
486 0.021632
486 0.0162996
486 0.162997
487 0.259851
488 0.513599
489 0.65887
490 0.387749
492 0.790181
492 0.329933
494 0.612353
495 0.381535
496 0.656736
496 0.102748
497 0.409828
498 0.299068
499 0.644651
499 0.0905731
500 0.0720698
500 0.0664746
500 0.201108
500 0.0587103
502 0.981476
503 0.210353
504 0.541028
504 0.00486975
504 0.197629
504 0.0350186
505 0.439226
507 0.656494
507 0.0686422
510 1.55139
510 0.180913
512 0.64239
512 0.0480696
512 0.310785
513 0.0879853
513 0.191585
516 1.2881
516 0.228461
516 0.0897801
517 0.252317
518 0.525171
519 0.311977
520 0.825635
521 0.198061
521 0.262933
523 0.942984
524 0.355572
525 0.251729
850 1.28778e-23
1149 0.00921604
1150 2.67448e-28
524 0.128961
523 0.0515369
521 0.137357
521 0.0533963
520 0.0470161
519 0.0503331
518 0.0359223
517 0.0475833
516 0.0345282
516 0.0890763
513 0.0352466
513 0.120482
513 0.0846131
513 0.0558654
512 0.187569
512 0.0425191
512 0.0539672
510 0.220691
510 0.0719698
507 0.125028
507 0.00338241
507 0.11033
507 0.0817065
505 0.182775
504 0.103566
504 0.034925
504 0.120618
504 0.15089
504 0.00259497
504 0.0285403
504 0.0553083
502 0.0703343
500 0.0966414
500 0.0345332
500 0.0528599
500 0.0374553
500 0.108556
500 0.324256
500 0.0367817
499 0.0393172
498 0.0691094
496 0.0944944
496 0.0394683
495 0.0776428
494 0.10043
494 0.16633
494 0.0485166
492 0.0449677
492 0.0373397
490 0.0796945
489 0.0940522
488 0.0479096
487 0.0808936
486 0.0639403
486 0.0455682
486 0.0482926
486 0.108767
486 0.0441377
484 0.0788152
484 0.0361999
481 0.0727484
477 0.0883879
477 0.104776
477 0.0562816
475 0.0887206
475 0.0704257
517 0.001564
517 0.0316714
