475 1.83112e-23
475 0.0219413
475 0.135329
476 0.496168
476 0.0202289
476 0.140423
477 0.159924
477 0.0845775
477 0.221283
479 1.03216
480 0.0208581
480 0.322066
481 0.510639
481 0.171483
482 0.260869
482 0.152128
483 0.351734
483 0.123821
484 0.128875
484 0.382892
486 0.614373
487 0.381745
487 0.147822
487 0.0252998
489 1.07842
489 0.040205
490 0.168518
492 1.07887
493 0.48403
493 0.225863
494 0.361074
494 0.00193741
494 0.100916
495 0.254235
496 0.400655
497 0.649077
497 0.0342152
497 0.0519318
497 0.132544
497 0.0106006
498 0.236989
498 0.005829
499 0.354927
500 0.638191
502 0.720659
502 0.230143
502 0.076664
504 0.96136
506 0.589971
506 0.0723423
507 0.86586
509 0.904632
509 0.0343535
510 0.217577
510 0.172933
511 0.524063
512 0.21785
512 0.316019
513 0.131742
514 0.594131
514 0.191597
516 0.700866
516 0.0819336
516 0.407074
517 0.17312
518 0.35934
518 0.258258
518 0.0838974
519 0.211958
520 0.600806
522 1.32015
524 0.730579
525 0.235035
850 1.29012e-23
922 0.00293137
1149 0.00837289
1149 1.95215e-28
922 0.00126507
524 0.040018
522 0.0354
520 0.0445935
518 0.0758309
518 0.044652
517 0.0835734
516 0.323396
516 0.0525424
514 0.0611434
514 0.0348401
513 0.0359681
512 0.0378168
512 0.247937
511 0.193751
511 0.0539355
510 0.0603575
509 0.0357157
509 0.0413204
507 0.0997466
506 0.0587515
506 0.0633483
504 0.0443987
502 0.175256
502 0.0631062
502 0.0346936
500 0.0465217
499 0.0564164
498 0.0452262
497 0.0980156
497 0.0461807
497 0.0367388
497 0.0643987
497 0.0426118
495 0.0562854
494 0.0534614
494 0.0367899
493 0.0519447
493 0.239127
492 0.320143
490 0.335744
489 0.0353222
489 0.0514345
487 0.0858571
487 0.0615249
487 0.0561963
484 0.0796613
484 0.0745726
483 0.102485
483 0.0621424
482 0.481616
482 0.164031
481 0.0635338
481 0.017957
481 0.0662708
481 0.206637
481 0.0457796
480 0.0441282
479 0.0755187
479 0.0357018
477 0.0387075
477 0.530944
477 0.0368218
476 0.0547438
476 0.0515816
476 0.232305
475 0.0737801
475 0.0482526
