475 6.12847e-21
475 1.45802e-06
475 0.00079593
475 0.000812804
475 0.000111428
475 8.91173e-07
475 1.54126e-06
475 0.000697334
475 0.000270604
475 8.37386e-39
475 1.43054e-59
475 1.04143e-57
475 4.26455e-41
475 8.8328e-06
475 3.3314e-12
475 2.05213e-20
475 2.84966e-16
475 2.7898e-09
475 2.8104e-13
475 1.97922e-30
475 3.63918e-10
475 1.33478e-14
475 1.56191e-05
475 0.00011154
475 3.33832e-54
475 4.00143e-17
475 2.42095e-07
475 1.60837e-28
475 1.32024e-33
475 1.133e-27
475 2.24792e-51
475 2.84488e-137
475 1.14061e-99
475 2.40733e-40
475 7.14766e-29
475 6.23373e-47
475 0.000149348
475 2.31839e-06
475 1.41761e-05
475 5.92922e-06
