475 0
490 0
525 0
853 0
1137 0
1149 0
490 0.146578
475 0
525 0
850 0
1149 0
475 0
525 0
850 0
1149 0
475 0
525 0
850 0
1149 0
475 0
525 0
850 0
1149 0
475 0
512 0
512 0.0692111
513 0.317611
513 0.0610808
513 0.609046
513 0.853605
514 0.361933
514 0.386871
514 0.264295
514 0.893305
515 0.51224
515 0.00509682
515 1.85701
515 0.0793686
516 0.912972
516 0.601536
516 0.568147
517 0.650373
517 0.00866551
517 0.646915
518 2.12212
518 0.0428571
518 0.808733
518 0.165475
518 0.103209
518 0.345149
519 1.53458
519 0.527345
520 0.884804
520 0.319655
520 0.241378
520 0.191782
520 0.472582
520 0.564474
520 0.361008
520 0.0267062
521 0.678825
521 0.766555
521 1.02126
522 0.471108
522 0.486162
522 0.0319169
522 0.460623
522 0.0384802
522 0.34505
522 0.626019
523 1.03847
523 0.123543
523 1.11838
523 0.0320582
523 0.05426
523 0.0319286
523 0.0295833
523 0.0778056
523 0.249377
524 0.64405
524 1.13886
524 0.564792
524 0.826558
525 0.168663
805 6.99725e-23
525 0
864 0
524 0.040585
524 0.0995869
524 0.0658978
524 0.0904094
523 0.0808197
523 0.0490657
523 0.0442551
523 0.0563849
523 0.0429584
523 0.0539461
523 0.13062
523 0.0440918
522 0.051645
522 0.101977
522 0.0628229
522 0.0353168
522 0.0387866
522 0.0557422
521 0.0363962
521 0.053624
521 0.0706208
520 0.0689028
520 0.0374307
520 0.144789
520 0.138803
520 0.0436532
520 0.0956973
519 0.0349812
518 0.0981139
518 0.0414443
518 0.0595763
518 0.164788
518 0.0594576
517 0.0614682
517 0.0484342
517 0.0404795
516 0.0466832
516 0.04232
516 0.0469336
515 0.0363675
515 0.0349402
515 0.110775
515 0.0447389
514 0.037689
514 0.072586
514 0.167875
513 0.0441092
513 0.091118
513 0.0493391
509 0
505 0
507 0
506 0
482 0
507 0.00969395
505 0.0181493
509 0.106568
521 0
595 0
490 0
290 0
475 0
525 0
850 0
1149 0
475 0
525 0
850 0
1149 0
475 0
525 0
850 0
1149 0
475 0
512 0
512 0.194893
512 0.114622
512 1.24132
512 0.0422979
513 0.885682
514 1.7154
514 0.195854
514 0.470805
515 0.802739
515 0.184908
515 0.600147
515 0.116783
516 0.671442
516 0.793547
516 0.109816
516 0.387529
517 0.491044
517 0.0896021
517 0.319903
517 0.586168
517 0.0368364
517 0.0844976
518 0.927243
518 0.575664
518 0.366141
518 0.447944
519 1.73108
520 0.319195
520 0.404762
520 1.12273
520 0.0689538
520 0.0254706
521 0.489952
521 0.854653
521 0.877849
522 0.334948
522 0.349136
522 0.134272
522 0.248436
522 0.26143
523 1.08931
523 0.391843
523 0.364865
524 1.57118
524 0.178147
524 1.17633
524 0.0787252
525 0.216227
933 7.27603e-23
976 0.00662051
981 9.0689e-25
500 0
499 0
430 0
525 0
783 0
525 0
860 0
931 0
524 0.0528911
524 0.0969202
524 0.0907424
524 0.0382844
523 0.130465
523 0.0540244
523 0.105196
522 0.0449451
522 0.035518
522 0.155307
522 0.0415469
522 0.137358
521 0.0502745
521 0.0423217
520 0.112699
520 0.169345
520 0.0636257
520 0.0362481
520 0.0461713
519 0.0375243
518 0.129808
518 0.0347897
518 0.0762845
518 0.105392
517 0.0545378
517 0.0816301
517 0.0437027
517 0.0430332
517 0.0442601
516 0.114971
516 0.0467377
516 0.0378319
516 0.0429066
515 0.0541236
515 0.0640787
515 0.121817
515 0.0799469
514 0.0353286
514 0.042629
514 0.0824933
513 0.0366537
512 0.0567807
512 0.0600704
512 0.158297
513 0
521 0
571 0
513 0.0435502
509 0
483 0
525 0
869 0
1090 0
1149 0
475 0
0 0
500 0.00423753
