475 2.97229e-21
475 1
475 2.97229e-21
475 1
475 2.97229e-21
475 1
475 2.97229e-21
475 1
475 2.97229e-21
475 1
475 2.97229e-21
475 1
475 2.97229e-21
475 0.96639
475 0.0211925
475 0.0124176
475 2.97229e-21
475 1
475 2.97229e-21
475 0.839742
475 0.160258
475 2.97229e-21
475 0.851988
475 0.137585
475 0.0104268
475 2.97229e-21
475 0.869302
475 0.121619
475 0.00907844
475 2.97229e-21
475 0.867932
475 0.132068
475 2.97229e-21
475 1
475 2.97229e-21
475 0.828845
475 0.171155
475 2.97229e-21
475 1
475 2.97229e-21
475 1
475 2.97229e-21
475 1
475 2.97229e-21
475 0.769266
475 0.230734
475 2.97229e-21
475 1
475 2.97229e-21
475 1
475 2.97229e-21
475 1
475 2.97229e-21
475 0.913668
475 0.0589644
475 0.0262995
475 0.00106777
475 2.97229e-21
475 1
475 2.97229e-21
475 1
475 2.97229e-21
475 0.795079
475 0.181838
475 0.0230831
475 2.97229e-21
475 0.905873
475 0.0844567
475 0.00967013
475 2.97229e-21
475 1
475 2.97229e-21
475 0.888338
475 0.111662
475 2.97229e-21
475 0.850414
475 0.12765
475 0.0063186
475 0.015617
475 2.97229e-21
475 1
475 2.97229e-21
475 1
475 2.97229e-21
475 0.860316
475 0.139684
475 2.97229e-21
475 0.900595
475 0.085597
475 0.0138076
475 2.97229e-21
475 0.803213
475 0.196787
475 2.97229e-21
475 0.92081
475 0.0601351
475 0.0107365
475 0.00831852
475 2.97229e-21
475 1
475 2.97229e-21
475 0.897246
475 0.102754
475 2.97229e-21
475 0.930852
475 0.0676164
475 0.00153169
475 2.97229e-21
475 0.813626
475 0.17437
475 0.0120042
475 2.97229e-21
475 1
475 2.97229e-21
475 0.712767
475 0.287233
475 2.97229e-21
475 1
475 2.97229e-21
475 1
475 2.97229e-21
475 1
475 2.97229e-21
475 1
475 2.97229e-21
475 0.937578
475 0.0624215
475 2.97229e-21
475 1
475 2.97229e-21
475 0.96075
475 0.0392496
475 2.97229e-21
475 0.925373
475 0.0746267
475 2.97229e-21
475 1
475 2.97229e-21
475 1
475 2.97229e-21
475 1
475 2.97229e-21
475 0.994672
475 0.00532787
475 2.97229e-21
475 0.73741
475 0.26259
475 2.97229e-21
475 1
475 2.97229e-21
475 0.926247
475 0.0605562
475 0.0131965
475 2.97229e-21
475 1
475 2.97229e-21
475 0.787452
475 0.212548
475 2.97229e-21
475 1
475 2.97229e-21
475 0.912602
475 0.087398
475 2.97229e-21
475 1
475 2.97229e-21
475 1
475 2.97229e-21
475 0.865651
475 0.129781
475 0.00456706
475 2.97229e-21
475 1
475 2.97229e-21
475 1
475 2.97229e-21
475 0.957168
475 0.0428318
475 2.97229e-21
475 0.735483
475 0.233242
475 0.00227955
475 0.028996
475 2.97229e-21
475 0.899492
475 0.072669
475 0.0177096
475 0.0101291
475 2.97229e-21
475 1
475 2.97229e-21
475 1
475 2.97229e-21
475 0.971409
475 0.0266351
475 0.00195641
475 2.97229e-21
475 0.944406
475 0.0515081
475 0.00408552
475 2.97229e-21
475 1
475 2.97229e-21
475 0.816878
475 0.183122
475 2.97229e-21
475 1
475 2.97229e-21
475 0.907037
475 0.0929631
475 2.97229e-21
475 0.997115
475 0.00288506
475 2.97229e-21
475 0.930765
475 0.0479899
475 0.0212454
475 2.97229e-21
475 1
475 2.97229e-21
475 1
475 2.97229e-21
475 0.758119
475 0.241881
475 2.97229e-21
475 0.984614
475 0.0153858
475 2.97229e-21
475 1
475 2.97229e-21
475 0.927642
475 0.0723579
475 2.97229e-21
475 1
475 2.97229e-21
475 0.9588
475 0.0411995
475 2.97229e-21
475 0.940013
475 0.0599868
475 2.97229e-21
475 0.962973
475 0.0370268
475 2.97229e-21
475 1
475 2.97229e-21
475 1
475 2.97229e-21
475 0.977265
475 0.0203376
475 0.0023975
475 2.97229e-21
475 1
475 2.97229e-21
475 1
475 2.97229e-21
475 1
475 2.97229e-21
475 1
475 2.97229e-21
475 0.961175
475 0.0299902
475 0.00883449
475 2.97229e-21
475 1
475 2.97229e-21
475 0.815829
475 0.147599
475 0.0212572
475 0.0153145
475 2.97229e-21
475 1
475 2.97229e-21
475 0.988512
475 0.0114876
