475 0
522 1.99795e-05
512 1.13503e-05
508 0
456 0
475 0
501 2.75408e-05
476 9.99536e-06
475 0
401 0
475 0
492 1.81655e-05
485 0
421 0
475 0
508 2.10496e-05
505 2.44404e-05
522 1.26999e-05
525 0
851 0
891 0
475 0
525 0
850 0
1149 0
475 0
478 1.48789e-05
478 1.62034e-05
525 0
880 0
1059 0
1149 0
475 0
505 1.579e-05
504 3.00236e-06
511 0
688 0
475 0
509 7.25762e-06
510 2.00003e-05
510 1.56844e-05
486 1.77925e-06
486 6.60336e-06
475 0
214 0
475 0
476 2.59693e-05
475 0
0 0
475 0
519 4.24028e-06
522 9.87303e-06
525 0
793 0
