475 1.42529e-22
475 0.171954
475 0.666847
475 2.3156
476 3.49844
476 0.302395
477 3.58501
477 3.3295
478 3.15985
478 2.81436
478 2.79451
479 2.80653
479 3.40793
479 0.953211
476 0.0358731
476 0.0503834
475 0.0491384
475 0.0584674
475 1.42529e-22
475 1.28006
475 0.666486
475 0.605542
475 0.910875
475 0.207389
476 1.7653
476 0.700913
476 1.12135
476 0.678335
477 0.423754
477 1.11049
477 2.67582e-05
477 0.350267
477 3.31024
478 2.96817
478 2.7553
478 2.87032
479 2.78586
479 3.24728
479 1.75648
477 0.0379207
477 0.0357109
477 0.0361774
477 0.0412734
476 0.0383826
476 0.0446304
476 0.0377073
476 0.0356329
475 0.0395381
475 0.0468759
475 0.0513646
475 0.0403345
475 1.42529e-22
475 0.472057
475 0.429871
475 0.0842615
475 0.579238
475 0.934593
475 1.19772
476 2.04398
476 0.0679671
476 0.252829
476 0.270616
476 0.385564
476 1.31499
477 0.808874
477 1.51025
477 1.15241
477 0.768463
477 2.47198
478 2.84332
478 2.82457
478 2.89376
479 3.00946
479 2.98144
479 0.0267998
477 0.0376907
477 0.0353891
476 0.0461815
476 0.0478394
476 0.0463451
476 0.0343107
476 0.036823
476 0.0401326
475 0.0442542
475 0.0456011
475 0.0503457
475 0.0373722
475 0.0368166
475 0.135884
475 1.42529e-22
475 0.193064
475 0.253412
475 0.179565
475 0.247785
475 1.02224
475 0.80466
475 0.406976
476 0.834271
476 3.2829
476 0.33846
477 0.655973
477 0.66924
477 2.66035
477 0.223123
478 2.6747
478 3.04973
478 2.72469
479 2.83087
479 2.9379
479 3.49026
479 0.026681
479 0.00796717
477 0.0351651
477 0.0402904
476 0.048594
476 0.0377874
476 0.0345865
475 0.0365309
475 0.0484273
475 0.0348751
475 0.0365549
475 0.0401596
475 0.0445503
475 0.047677
475 1.42529e-22
475 0.0032236
475 1.53461
475 1.72284
476 0.849421
476 0.254135
476 0.0445001
476 1.39348
476 0.0435263
477 3.62807
477 2.50837
478 2.23413
478 3.077
478 2.79138
479 2.83971
479 2.87361
479 3.57201
479 0.166618
477 0.0384914
477 0.0407415
476 0.0513956
476 0.0456762
476 0.0545703
476 0.0489152
476 0.0550865
475 0.0546807
475 0.035216
475 0.00147708
475 0.000643846
475 0.000492317
475 0.000598797
475 0.000358755
475 0.000490551
475 0.000747103
475 0.000722199
475 0.000792691
475 0.000671632
475 0.000566709
475 0.000451799
475 0.000439529
475 0.000367708
475 0.00133392
475 0.000819212
475 0.000590931
475 0.000974234
475 0.00160092
475 0.00132444
475 0.00427636
475 0.00174784
475 0.000966527
475 0.00101567
475 0.00271923
475 0.00144131
475 0.00071329
475 0.0022189
475 0.00234074
475 0.00568604
475 1.42529e-22
475 1.59377
475 1.30544
475 0.0269064
475 0.179572
475 0.492707
475 0.0954808
476 0.73861
476 1.44897
476 1.28275
476 0.452789
477 3.55869
477 1.5015
477 1.51669
478 2.82228
478 3.01331
478 2.82695
479 2.89001
479 3.49941
479 0.261003
477 0.0360625
476 0.0414428
476 0.047711
476 0.0387893
476 0.0351491
475 0.0485738
475 0.0506827
475 0.0501546
475 0.0491176
475 0.0577526
475 0.0377296
475 1.42529e-22
475 0.112754
475 0.679128
475 0.527139
475 0.27778
475 0.296464
475 0.444603
475 0.168277
475 0.329314
475 0.711857
476 0.591002
476 1.71464
476 1.89771
477 1.06619
477 0.83358
477 2.89353
478 2.95197
478 2.93735
478 2.82307
479 2.7636
479 3.03868
479 2.35808
477 0.036933
477 0.0427679
476 0.035481
476 0.0385931
476 0.054837
475 0.04112
475 0.0395558
475 0.0452758
475 0.0374253
475 0.0429248
475 0.0472241
475 0.0410447
475 0.037204
475 0.0428952
475 1.42529e-22
475 0.0182209
475 0.226901
475 0.936268
475 0.52444
475 1.08117
475 0.49844
476 1.2267
476 1.02872
476 0.169182
476 0.996664
476 1.66791
477 2.81002
478 3.06643
478 2.93164
478 2.88944
479 2.7101
479 2.8751
479 3.56194
479 0.30168
476 0.0465188
476 0.038185
476 0.0388962
476 0.0447257
476 0.0509534
475 0.0367068
475 0.0381563
475 0.038095
475 0.0466139
475 0.0638704
475 0.00188497
475 0.000623925
475 0.00467293
475 0.0027511
475 0.00223834
475 0.00203792
475 0.00234527
475 0.0197589
475 1.42529e-22
475 2.5368
475 0.359409
476 2.86978
476 2.06105
477 1.93687
477 1.66406
477 3.09008
477 2.98647
477 3.46142
476 0.0431436
476 0.0370045
475 0.0509007
475 0.0449428
477 0
478 0
475 0
246 0
476 0
475 0
420 0
476 0.0929116
478 0.0144707
477 0.0287081
475 1.42529e-22
475 0.560796
475 0.11169
475 0.258443
475 1.38357
475 0.190057
475 0.635714
476 4.023
477 1.74309
477 3.30424
478 3.0468
478 2.96725
478 2.84067
479 2.72885
479 2.9423
479 2.94148
479 0.0104793
479 0.00877812
477 0.0346623
475 0.0357088
475 0.0412473
475 0.0551701
475 0.0415446
475 0.0525062
475 0.0419555
475 1.42529e-22
475 0.236365
475 0.4683
475 0.139829
475 0.908625
475 1.3956
475 0.469349
476 2.96195
476 0.324208
476 0.869511
476 0.283309
476 0.00460494
477 0.812221
477 3.38229
478 3.02164
478 3.08936
478 2.78723
479 2.81698
479 3.16593
479 2.34379
479 0.0182178
477 0.0381974
476 0.0404377
476 0.0390157
476 0.0359318
476 0.0410177
476 0.0423179
475 0.0353877
475 0.0493148
475 0.0389628
475 0.0506943
475 0.037257
475 0.0521589
475 1.42529e-22
475 0.987428
475 1.08105
476 1.74938
476 0.2512
476 0.222556
476 0.0156463
476 2.53328
476 0.147402
476 0.61316
476 0.138971
477 1.44498
477 3.29999
478 3.17184
478 2.7792
478 2.81994
479 2.77739
479 3.10712
479 2.43933
479 0.0138832
476 0.0367056
476 0.035403
476 0.0374999
476 0.0342497
476 0.0429154
476 0.0396545
476 0.0549439
476 0.0428351
475 0.0408733
475 0.0411903
475 1.42529e-22
475 0.541088
475 0.729002
475 0.0102978
475 1.00149
475 0.474109
475 1.11132
476 1.44224
476 0.394301
476 0.795755
476 0.151264
476 1.22869
476 0.0695174
477 1.93446
477 0.487929
477 0.119339
477 2.18498
477 1.44697
478 2.98145
478 3.01985
478 2.82309
479 2.9725
479 3.43963
477 0.0350051
477 0.0389811
477 0.0385041
476 0.0404104
476 0.0427875
476 0.0451554
476 0.0387499
476 0.0446094
476 0.0424952
475 0.0431649
475 0.0571875
475 0.0556558
475 0.0410001
475 0.0380439
475 0.0389977
475 1.42529e-22
475 1.96726
475 0.0407544
475 0.282527
475 0.383366
476 1.26263
476 1.11325
476 0.475851
476 1.98554
477 1.01706
477 0.20839
477 3.37082
478 3.00261
478 2.95842
478 0.594017
478 2.93939
478 2.85153
478 3.36941
478 1.10586
478 0.000715786
478 0.650006
477 0.038035
477 0.0410662
476 0.0390492
476 0.0377562
476 0.0376749
476 0.0414459
475 0.0412741
475 0.0498969
475 0.0363483
475 0.0580215
475 1.42529e-22
475 0.215541
475 0.464764
475 0.0471657
475 0.88779
476 3.33333
476 0.308566
476 1.71791
477 2.56684
477 0.418949
477 2.39539
478 3.04247
478 2.99055
478 2.70848
479 2.75038
479 3.07321
479 2.68165
477 0.0343482
477 0.0421716
476 0.0344839
476 0.0521113
476 0.0410967
475 0.0572875
475 0.0359425
475 0.0366857
475 0.0628887
475 1.42529e-22
475 0.25694
475 0.741623
475 0.199273
475 0.187251
475 1.64621
475 0.273935
475 0.520408
476 0.855526
476 0.178772
476 0.779519
476 0.776907
477 3.51422
477 0.472335
477 3.26323
478 3.01248
478 2.8284
478 2.83547
479 2.91943
479 3.33954
479 0.867048
479 0.0120103
477 0.0387792
476 0.0435549
476 0.0362238
476 0.0353542
476 0.0384017
475 0.0481201
475 0.0426313
475 0.0347977
475 0.042447
475 0.0565617
475 0.0622134
475 0.0403809
475 1.42529e-22
475 0.504769
475 1.09594
475 1.59107
475 0.668508
476 0.376405
476 1.75228
476 0.0844597
476 0.972227
477 2.97586
477 1.76043
478 3.17839
478 2.94455
478 2.84232
479 2.72517
479 3.02737
479 3.0578
479 0.0180868
479 0.00682148
477 0.034919
477 0.0395903
476 0.0411505
476 0.0390059
476 0.039173
476 0.0363003
475 0.0396864
475 0.052129
475 0.0512939
475 0.0442878
475 1.42529e-22
475 0.288259
475 0.112902
475 0.361229
475 0.0772796
475 0.0341034
475 0.32367
475 1.78688
475 0.0612515
476 1.83571
476 1.2295
476 0.100865
477 2.51439
477 3.23133
478 3.027
478 2.94949
478 2.86246
479 2.85577
479 3.1152
479 2.62192
479 0.0387793
477 0.0434448
476 0.0478959
476 0.0441905
476 0.0399001
475 0.0384427
475 0.0551336
475 0.0451604
475 0.0405677
475 0.0599606
475 0.0434488
475 0.0523143
475 0.0615467
475 1.42529e-22
475 0.63691
475 1.26737
475 0.0664913
475 1.26984
476 0.811533
476 0.303055
476 0.573836
476 0.936005
477 2.95579
477 0.963083
477 3.2036
478 3.02455
478 2.90557
478 2.92838
479 2.77611
479 3.21824
479 1.75032
477 0.0383735
476 0.0034945
476 0.0468476
476 0.0513912
476 0.0351059
476 0.0370079
475 0.0451145
475 0.0600873
475 0.0492366
475 0.0426553
475 1.42529e-22
475 0.102115
475 0.0893207
475 0.39388
475 0.166319
475 1.28392
475 0.159078
475 0.16933
475 1.08148
475 0.0392525
475 0.209189
476 2.65719
476 1.86862
477 3.28484
477 0.942512
478 2.97585
478 2.85495
478 2.85067
479 2.69646
479 3.13084
479 2.53396
479 0.0202116
479 0.0180889
477 0.0367795
476 0.0395648
475 0.0352574
475 0.0397542
475 0.0360418
475 0.0353801
475 0.0444385
475 0.0443334
475 0.0357664
475 0.0393308
475 0.04855
475 0.0367282
475 1.42529e-22
475 0.326419
475 0.255693
475 0.0674625
475 0.0740967
475 0.180402
475 0.0151366
475 0.233344
475 0.666328
476 2.60415
476 0.214656
476 0.817675
476 0.664117
476 0.236037
476 2.13151
477 2.7026
477 2.14356
478 3.08029
478 2.75947
478 2.73449
479 2.91216
479 3.30528
479 0.939628
479 0.242214
479 0.0411698
479 0.00126611
477 0.0355783
476 0.0398575
476 0.0427009
476 0.0442367
476 0.0359408
476 0.0432251
476 0.039903
475 0.0453642
475 0.0363185
475 0.0547473
475 0.06077
475 0.0581215
475 0.0436172
475 0.0359346
475 0.034541
475 1.42529e-22
475 0.345209
475 0.0206305
475 1.62075
475 0.529996
476 1.42999
476 0.788698
476 0.26798
477 3.59606
477 0.583775
477 1.68834
478 3.21684
478 2.85106
478 2.91028
479 2.71034
479 3.00189
479 3.43567
479 0.627707
477 0.0395818
476 0.0417216
476 0.000483402
476 0.0333287
476 0.0513091
475 0.0467167
475 0.0493633
475 0.0561303
475 0.0543831
476 0.001564
476 0.000219662
475 1.42529e-22
475 0.384045
475 0.403557
475 1.14386
476 2.32586
476 0.660646
477 3.68354
477 0.332601
477 0.44767
477 0.0893806
477 0.208697
477 3.2579
478 3.01695
478 2.79455
478 2.87238
479 2.88979
479 3.19898
479 1.91408
479 0.0443761
477 0.043996
477 0.038251
477 0.0371079
477 0.0358675
476 0.0358908
476 0.0359187
475 0.0540581
475 0.0500513
475 1.42529e-22
475 0.089615
475 2.43009
476 3.58191
477 3.2395
477 3.24094
478 3.20726
478 2.94152
478 2.87997
479 2.74621
479 3.08749
479 2.34874
479 0.0550078
477 0.0385684
476 0.0433408
475 0.0345431
475 0.0353124
475 1.42529e-22
475 1.87109
475 0.907511
475 0.273587
475 0.626132
476 0.958599
476 1.20095
476 0.23262
476 0.38675
476 0.128129
476 0.285426
476 0.163853
477 1.73847
477 0.859427
477 0.108948
477 0.282698
477 0.386785
477 0.23601
477 3.31032
478 2.96464
478 2.79933
478 2.84699
479 2.92308
479 3.42283
479 0.388737
477 0.0375813
477 0.0398248
477 0.0414804
477 0.0356673
477 0.0357559
477 0.0446354
476 0.0442346
476 0.039027
476 0.0436984
476 0.0430155
476 0.0362921
476 0.0358166
476 0.0452631
475 0.045282
475 0.0470438
475 0.0395561
475 0.0429097
475 1.42529e-22
475 1.14468
475 0.41705
475 0.106061
475 0.297786
475 0.604867
475 0.580267
476 1.92448
476 0.142205
476 0.719957
476 1.30085
476 0.825086
477 1.87145
477 2.69236
478 2.92153
478 2.87619
478 2.83678
479 2.61665
479 3.1345
479 2.48037
479 0.0281215
476 0.0384128
476 0.0437066
476 0.0372933
476 0.0385669
476 0.0461848
475 0.0472982
475 0.0349417
475 0.039498
475 0.0600458
475 0.0363727
475 0.056435
475 1.42529e-22
475 0.550011
475 0.619999
475 0.855108
475 0.386889
475 0.661909
475 0.194884
476 2.29941
476 0.167881
476 0.975525
476 1.11006
477 0.251762
477 1.41217
477 0.183145
477 3.15962
478 3.00619
478 2.87909
479 2.90387
479 2.80581
479 3.3242
479 1.71726
477 0.0411638
477 0.0425414
477 0.0401424
477 0.0477974
476 0.0390877
476 0.0400121
476 0.0345425
475 0.0357061
475 0.0447847
475 0.0398934
475 0.0398649
475 0.0534449
475 0.0362278
475 1.42529e-22
475 0.0514937
475 0.771025
475 0.311172
475 0.13366
475 0.815932
475 0.265808
475 0.374653
476 1.23682
476 0.388489
476 0.575581
476 0.0378536
476 0.51003
476 1.67291
477 2.09519
477 1.96698
478 3.05702
478 2.9321
478 2.74374
479 2.77634
479 3.02137
479 3.52464
479 0.0824215
479 0.000985887
477 0.0409415
476 0.0481315
476 0.0393188
476 0.0524341
476 0.0457921
476 0.0470797
476 0.0503236
475 0.0361833
475 0.041058
475 0.0434565
475 0.0581331
475 0.0363206
475 0.0523849
475 0.00300224
475 0.00367519
475 0.00951794
475 0.0122164
475 0.0338285
475 1.42529e-22
475 0.238173
475 0.0213003
475 3.58294
476 0.056793
476 3.13206
476 0.587745
477 1.21364
477 3.17394
478 2.18733
478 2.90512
478 2.88679
479 2.80535
479 3.00954
479 3.50475
479 0.424105
477 0.0387809
476 0.0414745
476 0.0458173
475 0.0413753
475 0.0473318
475 0.0556478
475 1.42529e-22
475 0.833387
475 1.5713
475 0.460519
475 0.0135063
476 1.39249
476 0.767596
476 2.54583
477 2.73109
477 1.03727
477 0.642205
477 0.789763
478 2.9534
478 2.91428
478 2.89526
479 2.87472
479 3.22187
479 2.01783
479 0.0158954
476 0.0382164
476 0.0385969
476 0.0423225
475 0.0583851
475 0.0508096
475 0.0529841
475 0.0404584
475 1.42529e-22
475 0.179084
475 0.406924
475 0.912318
475 0.651867
475 0.177921
475 0.885187
476 3.12545
476 0.388903
477 2.53528
477 1.43545
477 2.59217
478 2.96516
478 2.8398
478 2.82986
479 2.8533
479 3.20367
479 1.51489
479 0.0567344
479 0.0153123
479 0.00481603
477 0.0346736
477 0.0400088
477 0.038334
476 0.0417007
475 0.0475202
475 0.0345763
475 0.045734
475 0.0500214
475 0.0424212
475 0.0509306
475 1.42529e-22
475 0.0854089
475 0.821386
475 0.696991
475 0.780607
476 2.06558
476 0.474558
476 0.103096
476 2.85935
477 2.08258
477 3.074
478 2.38283
478 2.84331
478 2.73244
479 2.82566
479 3.06766
479 2.72305
477 0.035431
477 0.0345457
476 0.0400582
476 0.0441942
476 0.03892
475 0.0378903
475 0.0594076
475 0.03911
475 0.0519265
475 1.42529e-22
475 0.00428395
475 1.01965
475 0.781671
475 0.0667502
475 0.776493
475 0.1453
475 0.431516
475 0.404703
476 1.40398
476 0.133492
476 0.715411
476 0.0473442
476 2.5015
477 1.87582
477 2.65581
478 2.91561
478 2.88055
478 2.74075
479 2.80103
479 3.24803
479 1.81597
479 0.086988
476 0.0409409
476 0.0355041
476 0.0348777
476 0.0416982
476 0.0433851
475 0.0429869
475 0.0527397
475 0.0539153
475 0.0404763
475 0.0441586
475 0.0347979
475 0.0392856
475 0.000143142
475 0.000768272
475 0.00115389
475 0.000658436
475 0.00068822
475 0.00131048
475 0.00100758
475 0.000914682
475 0.00153752
475 0.00197194
475 0.00147732
475 0.00130897
475 0.00291419
475 0.00330458
475 0.00552143
475 0.0179187
475 1.42529e-22
475 0.528094
475 0.0780356
475 0.860975
475 0.239084
475 1.32122
476 1.41469
476 1.78854
477 3.73987
477 0.0750141
477 2.27082
478 3.08261
478 2.95591
478 2.68112
479 2.94601
479 3.12706
479 2.52346
477 0.0364765
476 0.050233
476 0.0376785
475 0.0347642
475 0.0403533
475 0.0616608
475 0.051715
475 0.0546104
475 1.42529e-22
475 0.419521
475 0.946221
475 0.286139
475 0.083674
475 1.18706
476 1.88506
476 1.19352
476 0.965222
476 0.0322329
476 0.328142
477 3.50079
477 2.30868
478 2.18193
478 2.8185
479 2.85698
479 2.83921
479 3.04823
479 2.73749
479 0.00102794
476 0.0414485
476 0.0383118
476 0.0352048
476 0.0348067
476 0.00969395
476 0.0251177
475 0.0528111
475 0.0344311
475 0.057287
475 0.0497906
476 0.000121
476 0.00135034
475 1.42529e-22
475 0.464203
475 1.96317
475 0.902612
476 0.579852
476 1.27431
476 1.66512
476 1.47147
477 3.37533
478 3.18621
478 2.94823
478 2.79023
479 2.78694
479 2.93135
479 3.36221
479 0.00145129
476 0.0344134
476 0.0396538
476 0.0395492
476 0.0475678
475 0.0423043
475 0.0516666
475 0.0421565
475 1.42529e-22
475 0.650634
475 0.204885
475 0.616576
475 0.532133
475 0.243574
475 0.722281
475 0.0641964
476 1.64111
476 0.453549
476 0.151993
476 1.92023
476 0.333944
476 0.316782
477 1.54255
477 0.675237
477 2.86787
478 2.14688
478 2.84597
478 2.78033
479 2.8633
479 3.09438
479 2.68646
477 0.0400038
477 0.0366239
476 0.0464644
476 0.0465002
476 0.040093
476 0.0412415
476 0.0540101
476 0.0501128
475 0.0484046
475 0.0376096
475 0.0346793
475 0.0360773
475 0.0434367
475 0.0392217
475 0.050664
475 1.42529e-22
475 2.02496
475 0.258476
475 0.381087
475 0.741101
476 3.13307
477 3.23417
477 0.8068
477 1.53212
477 1.01715
478 2.88276
478 2.82418
478 2.78473
479 2.69002
479 3.14978
479 2.18245
477 0.0342555
477 0.0377992
477 0.0411121
477 0.0350209
476 0.03476
475 0.0376454
475 0.0473012
475 0.0527069
475 0.0365357
475 1.42529e-22
475 0.210062
475 0.855424
475 0.868293
475 0.26832
475 0.0320029
475 1.47965
476 1.26441
476 0.422057
476 0.846851
476 0.614111
476 1.66871
477 1.59277
477 1.62128
477 2.38976
478 3.04367
478 2.7075
478 2.8611
479 2.99188
479 3.46696
479 0.289501
477 0.0356197
477 0.0343891
476 0.0391546
476 0.041095
476 0.047476
476 0.0371366
475 0.0416745
475 0.0553072
475 0.0402894
475 0.0431421
475 0.0549877
475 0.0354175
475 1.42529e-22
475 1.39153
475 2.48199
476 0.752682
476 2.38617
476 0.528856
477 3.37359
477 1.76456
478 2.28269
478 2.8823
478 2.66
479 2.8935
479 2.89708
479 3.45739
477 0.0357426
476 0.0343424
476 0.0488529
476 0.0345023
476 0.0442038
475 0.0500197
475 1.42529e-22
475 0.0471357
475 0.213649
475 0.0323095
475 0.0282499
475 1.37997
475 0.51223
476 3.86087
476 1.5846
477 3.3236
477 1.24685
478 3.14707
478 2.87741
478 2.76732
479 2.85575
479 3.03067
479 2.73792
479 0.00425267
477 0.035598
476 0.0427892
475 0.0593965
475 0.0347487
475 0.0347245
475 0.0412134
475 0.038116
475 0.00930538
475 0.000788961
475 0.00423846
475 0.0057911
475 0.0434507
475 1.42529e-22
475 0.140798
475 1.2112
475 0.0614198
475 1.56353
475 1.07033
476 0.666169
476 0.155103
476 1.81061
476 1.77531
477 1.03302
477 0.100159
477 0.222192
477 2.39914
477 0.152279
478 2.90355
478 2.90554
478 2.73813
479 2.69755
479 3.04094
479 2.77306
477 0.0363666
477 0.0374398
477 0.0409978
477 0.0401684
477 0.039468
476 0.0373064
476 0.0392155
476 0.0418878
476 0.0352428
476 0.0454911
475 0.045464
475 0.0571549
475 0.0398201
475 0.0439455
475 1.42529e-22
475 3.01738
476 1.29351
476 0.427632
476 0.237499
477 3.692
477 1.93075
477 3.33214
478 2.96337
478 2.60983
479 2.83461
479 2.87333
479 3.31011
479 1.27255
477 0.0399883
476 0.0412483
476 0.0414957
476 0.04332
475 0.0392329
475 1.42529e-22
475 0.294067
475 0.0542454
475 1.03124
475 0.694474
476 1.97334
476 0.90432
476 0.131471
476 0.00165739
476 1.13944
477 3.03261
477 1.82505
477 2.06731
478 2.17518
478 2.77859
478 2.76085
479 2.73362
479 3.01631
479 2.907
479 0.0116369
477 0.0349858
477 0.043477
476 0.0478491
476 0.0523972
476 0.0381052
476 0.0470072
476 0.036596
475 0.0342539
475 0.0364906
475 0.0614806
475 0.0349422
475 1.42529e-22
475 0.480683
475 0.350322
475 1.44839
475 1.3624
476 0.364747
476 0.114586
476 0.00706541
476 1.25136
476 1.2018
477 2.07997
477 1.08572
477 2.6557
478 2.7387
478 2.89915
478 2.68246
479 2.73449
479 2.93167
479 3.15025
479 0.00282088
479 0.0288148
479 0.0176482
476 0.0368248
476 0.039462
476 0.0382551
476 0.0440505
476 0.0558478
475 0.0402928
475 0.045269
475 0.0638277
475 0.0474126
475 1.42529e-22
475 1.01055
475 0.311084
475 0.575789
475 1.58514
475 0.0502385
476 0.399082
476 0.0396811
476 3.87264
477 1.77515
477 3.32363
478 1.79573
478 2.87096
478 2.83577
479 2.88444
479 2.907
479 3.32366
479 0.101672
477 0.0431831
476 0.0445561
476 0.0397824
475 0.0402258
475 0.0382466
475 0.0566641
475 0.0381476
475 0.0369844
475 1.42529e-22
475 0.105943
475 0.621933
475 0.959747
475 1.84659
475 0.178301
476 1.39985
476 0.281138
476 0.0439899
477 3.49902
477 1.08737
477 3.07285
478 3.24307
478 2.86845
478 2.91237
479 2.83698
479 3.245
479 1.21685
479 0.160242
479 0.0302167
477 0.0345276
476 0.0406741
476 0.0530551
476 0.0387944
475 0.0398439
475 0.0476637
475 0.0372648
475 0.049751
475 0.0484994
475 1.42529e-22
475 1.27613
475 0.580505
475 0.439493
475 0.404979
475 0.390355
476 1.92655
476 0.282869
476 0.292872
476 0.432377
476 1.70657
477 0.470088
477 0.588617
477 2.41288
478 3.20134
478 2.96995
478 2.83231
479 2.76546
479 2.91297
479 3.47448
479 0.0968265
477 0.038972
477 0.0424129
477 0.0351301
476 0.039061
476 0.0407756
476 0.0419813
476 0.0357573
476 0.0362062
475 0.0409577
475 0.0425053
475 0.0547291
475 0.053594
475 0.0403032
475 1.42529e-22
475 0.780399
475 2.32112
476 2.10054
476 1.02089
477 1.98023
477 0.37405
477 2.00476
477 1.80447
478 1.48165
478 2.85958
478 2.84644
479 2.71127
479 2.96435
479 3.35546
479 0.888338
479 0.176313
479 0.021671
477 0.035021
477 0.0419385
477 0.0408504
476 0.0501925
476 0.0470425
475 0.0476387
475 0.0457808
475 1.42529e-22
475 0.495886
475 0.168742
475 1.806
475 0.883012
475 0.354584
476 1.52302
476 0.657328
476 0.963108
476 0.0910948
476 0.87426
477 3.19571
477 0.244355
478 3.1183
478 2.86902
478 2.83741
479 2.67518
479 2.84493
479 3.43464
479 0.528346
477 0.0385284
476 0.0425587
476 0.034444
476 0.0345573
476 0.0396927
476 0.0417924
475 0.0360163
475 0.0511085
475 0.0389091
475 0.0344438
475 0.0430174
475 1.42529e-22
475 0.723813
475 2.87497
476 0.744963
476 3.28248
477 1.26539
477 0.118368
477 1.09194
477 1.43458
477 0.0350389
478 3.03094
478 2.83457
478 2.90631
479 2.88373
479 2.95037
479 3.4347
479 0.0178513
477 0.0363744
477 0.0351467
477 0.0347583
477 0.0366848
477 0.035886
476 0.0465103
476 0.0360608
475 0.0469314
475 0.0616255
475 1.42529e-22
476 3.99308
476 0.139226
476 0.733411
476 0.734599
476 1.26086
476 0.4128
477 1.76631
477 0.768768
477 1.74267
477 0.209344
478 2.26295
478 3.06432
478 2.89427
479 2.85472
479 2.97703
479 3.44551
479 0.361268
479 0.00741647
477 0.0377052
477 0.0381743
477 0.0369713
477 0.0349551
476 0.0429756
476 0.050331
476 0.051454
476 0.0398853
476 0.0389928
475 1.42529e-22
475 0.228616
475 0.479161
475 0.291912
476 3.16369
476 0.786706
476 0.667675
476 1.36677
476 1.0047
476 0.350939
477 0.222796
477 3.35439
478 3.11504
478 2.80127
478 2.80219
479 2.82098
479 2.98637
479 3.03559
479 0.0925259
477 0.0412495
476 0.0377084
476 0.0411285
476 0.0344407
476 0.0457388
476 0.0395846
476 0.0562643
475 0.0421559
475 0.0376587
475 0.052749
475 1.42529e-22
476 3.97818
476 1.18158
476 0.781758
476 0.220708
476 0.0328786
476 0.167457
477 2.45754
477 1.60086
477 1.41722
477 1.04353
478 2.98595
478 2.88694
479 2.75031
479 2.77644
479 3.05848
479 2.33513
479 0.0282199
477 0.0358376
477 0.0387322
476 0.0462362
476 0.0370336
476 0.0447895
476 0.0461986
476 0.0479872
475 1.42529e-22
475 0.91819
475 0.143098
475 0.656223
476 3.12829
476 0.539786
476 1.96998
477 3.31836
477 0.135007
478 3.22064
478 2.86851
478 2.90715
479 2.59783
479 2.97077
479 3.46454
479 0.721881
479 0.129038
479 0.0179643
477 0.0367514
476 0.0415151
476 0.0367153
476 0.0359337
475 0.047098
475 0.055313
475 0.0394273
475 1.42529e-22
475 2.09935
475 0.937601
475 0.686508
476 0.470963
476 2.55669
476 0.0449266
476 1.06278
477 2.52622
477 3.26939
478 3.02021
478 2.80498
478 2.8574
479 2.92085
479 3.38383
479 0.973002
479 0.0415007
479 0.0318104
479 0.00156393
477 0.0383642
476 0.0435457
476 0.0397193
476 0.0408584
476 0.00935507
476 0.0277612
475 0.0516296
475 0.0578996
476 0.000121
476 0.00117578
475 1.42529e-22
475 1.86121
475 0.634891
475 3.41961
475 0.0052342
475 2.84982
475 3.20136
475 1.32665
475 0
381 0
490 0
623 0
477 0
477 0.378326
478 0.231735
478 0.247986
478 0.238489
478 0.266106
477 0.518369
477 0.472475
477 0
477 0.0447236
477 0.0807197
478 0.523476
478 0.0583287
479 0.23441
480 0.340884
481 0.760613
481 0.0628042
481 0.561768
481 0.111045
481 0.227973
481 0.203442
481 0.239481
481 0.0447244
481 0.183434
481 0.0400256
481 0.071655
481 0.0421899
480 0.0516464
479 0.0899706
478 0.221432
478 0.0459432
477 0.0489395
477 0
499 0
647 0
483 0
531 0
477 0.144767
475 1.42529e-22
475 1.23228
475 1.53472
476 3.91954
477 2.02481
477 0.149247
477 1.8833
477 1.73211
478 3.21145
478 2.97573
478 2.86036
479 2.76585
479 3.12573
479 2.42829
479 0.0160411
479 0.0171657
477 0.0408874
475 0.0420925
475 0.040401
475 1.42529e-22
475 0.00803655
475 0.223316
475 0.107035
475 0.0356381
475 1.17683
476 2.62405
476 0.471321
476 1.42017
476 1.10963
476 0.274717
477 1.47111
477 0.647882
477 0.107522
477 0.19295
525 0
850 0
1149 0
1149 0
477 0.0360674
476 0.0352774
476 0.046659
476 0.0506381
476 0.0438609
476 0.0414615
475 0.039566
475 0.0484598
475 0.035191
475 0.0577845
475 0.000460515
475 0.000171673
475 0.000869053
475 0.000987092
475 0.002357
475 0.00135317
475 0.00142139
475 0.00221635
475 0.0046366
475 0.00181363
475 0.00188473
475 0.00229997
475 0.00351306
475 0.0140014
475 0
475 0
181 0
475 0.0055735
475 0
454 0
475 1.42529e-22
475 0.0501701
475 0.202549
475 0.89112
475 0.207748
475 0.695342
475 0.0728455
475 1.4123
476 0.97101
476 0.226545
476 0.084262
476 0.304961
476 0.798134
476 0.0481892
476 1.27294
476 0.33422
476 0.180548
477 1.39902
477 0.120322
477 2.66323
478 3.09634
478 2.66531
478 2.89062
479 2.94814
479 3.02767
479 2.64399
479 0.0454079
477 0.0417462
477 0.0369419
476 0.0383898
476 0.0360461
476 0.037365
476 0.043332
476 0.0375162
476 0.035767
476 0.0431939
476 0.0453796
476 0.0410997
475 0.0341871
475 0.0408806
475 0.0525832
475 0.0373127
475 0.0602618
475 0.0503875
475 0.0346772
475 1.42529e-22
475 0.278556
475 1.32001
475 0.307954
475 0.164149
476 3.98385
476 0.594296
476 0.16357
476 0.0255623
476 0.426878
476 0.296068
477 1.94271
477 0.665345
477 0.606576
477 0.0682079
477 3.1486
478 2.77894
478 2.89876
479 2.72814
479 2.96836
479 3.37622
479 0.669198
479 0.137958
479 0.00586635
477 0.0394155
477 0.035216
476 0.0390476
476 0.0360818
476 0.0366348
476 0.0348925
476 0.0352302
475 0.0387315
475 0.0608393
475 0.0352213
475 0.0529315
475 1.42529e-22
475 0.841913
475 0.570195
475 0.81629
475 0.4599
475 0.756628
476 0.695242
476 1.7778
476 1.92671
476 0.432466
477 0.799925
477 1.68957
477 2.72518
478 2.94794
478 2.85452
479 2.69518
479 2.91434
479 3.32275
479 1.27407
479 0.0816228
479 0.00656362
477 0.0372612
476 0.0366624
476 0.0403682
476 0.0418705
476 0.0365927
475 0.0515763
475 0.0485485
475 0.0383671
475 0.0446136
475 0.035332
475 1.42529e-22
475 0.946114
475 2.61928
476 0.33666
476 0.210259
476 0.246955
476 0.451165
476 0.299922
476 0.074462
476 1.53415
477 1.59037
477 0.32542
477 3.17585
478 3.06791
478 2.7714
478 2.79909
479 2.8175
479 2.952
479 3.35633
477 0.0356927
477 0.0398911
476 0.0349682
476 0.0437534
476 0.0522567
476 0.0404147
476 0.0467229
476 0.0394771
475 0.0491931
475 0.0427964
475 1.42529e-22
475 2.8182
475 0.253576
476 0.864289
476 0.0329983
476 0.779603
476 0.066093
476 0.946579
476 1.87172
476 0.339122
477 0.982454
477 2.27462
478 2.97297
478 2.96839
478 2.97315
479 2.85666
479 2.91019
479 3.58127
479 0.0666534
477 0.0342617
477 0.0364947
476 0.0463557
476 0.0390069
476 0.0408075
476 0.0405824
476 0.0354027
476 0.03644
476 0.0437784
475 0.0352097
475 0.0531264
475 1.42529e-22
475 0.427871
475 1.36946
475 0.0749129
475 0.11959
475 1.50551
476 0.597631
476 3.38411
477 1.15701
477 0.123257
477 0.10155
477 2.92651
478 3.15219
478 2.96497
478 2.83384
479 2.79345
479 3.01358
479 2.97969
479 0.0275525
477 0.0441283
477 0.03431
477 0.0344753
476 0.0445324
476 0.0554814
475 0.0498113
475 0.0589169
475 0.0363623
475 0.0362488
475 0.0530523
475 1.42529e-22
475 0.267565
475 0.164471
475 0.148227
475 1.05224
475 0.37477
475 0.118421
476 1.72606
476 0.0794736
476 1.43063
476 0.645428
476 0.285643
476 0.0220654
476 0.159479
476 0.139282
477 1.80031
477 1.44152
477 1.33586
477 1.0013
478 3.08577
478 2.90053
478 2.63629
479 2.78982
479 3.15607
479 2.47695
479 0.0112145
477 0.0343653
477 0.0362221
477 0.0418617
477 0.0353287
476 0.0404122
476 0.0380739
476 0.0465942
476 0.040393
476 0.049602
476 0.0402556
476 0.0451874
476 0.0393172
475 0.049086
475 0.0363492
475 0.0411669
475 0.0411447
475 0.0472252
475 0.0480154
475 1.42529e-22
475 1.08496
475 1.6717
475 0.756345
475 0.110302
475 0.299522
475 0.0632172
476 1.55062
476 0.371046
476 1.13919
477 3.38361
477 3.05545
478 2.99503
478 2.78814
479 2.73313
479 2.85616
479 3.21061
479 1.52994
476 0.0383639
476 0.0464279
476 0.0511178
476 0.0564923
475 0.0529626
475 0.0405386
475 0.0344122
475 0.0450858
475 0.0356306
475 1.42529e-22
475 1.11056
475 0.197236
475 0.772928
476 2.12046
476 0.207598
476 0.521016
476 1.05796
476 1.22224
477 1.30171
477 3.37162
477 0.644984
478 3.1218
478 2.90891
478 2.89141
479 2.70999
479 3.16524
479 2.16804
479 0.0556276
477 0.0357992
477 0.0445195
476 0.0468783
476 0.0432616
476 0.044068
476 0.0425524
476 0.0514498
475 0.0359668
475 0.0502426
475 0.0559246
475 1.42529e-22
475 0.200098
475 0.516121
475 0.00616906
475 1.49024
475 0.289575
475 0.273378
475 0.0319862
476 1.46909
476 0.352033
476 0.405415
476 0.802583
476 0.326883
477 2.64379
477 0.30201
477 1.41967
477 1.45996
477 1.73335
478 2.95991
478 2.92965
478 2.70084
479 3.00918
479 3.42118
479 0.581577
477 0.0381382
477 0.0402086
477 0.0401444
476 0.0361253
476 0.0411789
476 0.0487345
476 0.0513878
476 0.0488951
475 0.0405415
475 0.0369045
475 0.0599096
475 0.0584774
475 0.0403268
475 0.0349577
475 0.0593846
475 1.42529e-22
475 2.43919
475 0.886982
476 0.766454
476 0.120849
476 0.25498
476 0.160033
476 0.519228
476 0.168953
476 0.467484
476 1.04028
476 0.0213983
476 0.852055
477 2.8218
477 0.267134
477 1.22489
478 3.13807
478 2.86653
478 2.7641
478 2.89281
478 3.10092
478 2.10356
478 0.0198729
478 0.0418273
477 0.515633
477 0.0353746
476 0.0438397
476 0.0408074
476 0.041056
476 0.0431666
476 0.0491107
476 0.0361704
476 0.0429479
476 0.052039
476 0.0365991
476 0.0370227
475 0.0403132
475 0.0465065
475 1.42529e-22
475 0.83452
475 0.0947171
475 0.589137
475 0.179701
475 0.96031
475 0.190171
475 0.725144
476 0.726865
476 2.05554
477 2.93396
477 0.888682
477 3.05155
478 1.84581
478 2.90542
478 2.69601
479 2.8676
479 3.055
479 2.81353
479 0.0658739
477 0.0362575
477 0.0420043
476 0.0403009
476 0.0438185
475 0.0430848
475 0.0591797
475 0.0345558
475 0.0567837
475 0.0594257
475 0.0503891
475 0.0546417
475 1.42529e-22
475 0.51499
475 0.436205
475 1.43365
476 2.26081
476 2.30363
477 2.22181
477 0.635581
477 0.124011
477 3.3597
478 3.10413
478 2.74233
478 2.82045
479 2.844
479 3.28506
479 1.55883
477 0.0371924
477 0.0409211
477 0.0369575
476 0.0499616
476 0.0480562
475 0.0423113
475 0.0482716
475 0.0511431
475 1.42529e-22
475 0.304126
475 0.188034
475 1.44367
475 1.52412
476 0.714249
476 1.69809
476 0.39291
476 0.795342
476 0.316016
476 0.765498
477 1.48491
477 1.86763
478 2.96808
478 3.00063
478 2.92083
479 2.72701
479 3.02211
479 3.45795
477 0.0366015
476 0.0382611
476 0.0395311
476 0.0497389
476 0.0435896
476 0.0416078
476 0.0400061
475 0.0439218
475 0.0387291
475 0.0368044
475 1.42529e-22
475 0.211356
475 0.0170852
475 0.563526
475 2.50179
475 0.529552
476 0.401189
476 0.250005
476 1.95644
476 0.215375
476 0.0524896
476 1.50201
477 2.73485
477 1.98945
478 3.01776
478 2.87996
478 2.82379
479 2.89103
479 3.2489
479 1.6619
477 0.0356117
476 0.0456981
476 0.0410807
476 0.0433124
476 0.0342275
476 0.0484846
476 0.0429944
475 0.0415853
475 0.0558653
475 0.0550293
475 0.0571493
475 0.0505208
475 1.42529e-22
475 0.240329
475 0.497581
475 0.807793
475 0.174232
475 1.11316
475 0.538883
475 0.00638221
475 0.233899
476 1.44395
476 2.27877
477 2.18395
477 0.285045
477 0.80281
477 0.745135
478 3.24831
478 3.00643
478 2.6706
479 2.77596
479 2.96549
479 3.49219
477 0.0347088
477 0.0414897
477 0.0399055
476 0.0368051
475 0.0537249
475 0.0515763
475 0.0363386
475 0.0475557
475 0.0351693
475 0.0392821
475 0.0351713
475 0.0373642
475 1.42529e-22
475 1.97105
475 0.483125
475 1.25329
476 0.226847
476 2.30097
476 0.555759
477 2.31564
477 1.46063
477 0.753533
477 0.581758
478 3.21427
478 2.76624
478 2.96359
479 2.63972
479 3.02338
479 3.06753
479 0.0382254
479 0.000524282
479 0.0230332
477 0.0347742
477 0.0348485
477 0.0357663
476 0.0432843
476 0.0438407
476 0.0420553
475 0.0457514
475 0.0462171
475 0.0343449
475 1.42529e-22
475 0.704559
475 0.0953279
475 0.415452
475 0.295842
475 0.273436
475 0.885583
475 0.0682844
475 0.0237362
475 0.349965
476 0.852021
476 1.30462
476 0.0319228
476 0.362576
476 2.32099
476 0.241596
476 0.039542
477 1.186
477 3.42421
478 3.09777
478 2.74639
478 2.80546
479 2.85892
479 3.33
479 1.49758
477 0.0348338
476 0.036513
476 0.0459619
476 0.0368371
476 0.0391084
476 0.0410224
476 0.046385
476 0.0365849
475 0.0413805
475 0.0536676
475 0.0380246
475 0.0566745
475 0.0515683
475 0.0607254
475 0.0620851
475 0.053643
475 0.053187
475 1.42529e-22
475 0.00756099
475 2.55184
475 0.377544
475 0.888671
476 0.338513
476 3.60631
477 2.9694
477 1.21854
477 0.205911
477 0.306221
477 0.676578
478 3.12904
478 2.91492
478 2.96034
479 2.86468
479 3.21684
479 1.38831
477 0.0345182
477 0.0381412
477 0.0389247
477 0.0375853
476 0.0379258
476 0.0389259
476 0.0392563
475 0.0404077
475 0.034812
475 0.00102496
475 0.000599492
475 0.000905484
475 0.00348995
475 0.00210826
475 0.0011621
475 0.00248755
475 0.00138341
475 0.00272008
475 0.00408784
475 0.0183157
475 1.42529e-22
475 0.436926
475 0.122431
475 0.715207
475 0.838713
475 1.00684
475 0.289621
476 0.862942
476 0.463848
476 1.46528
476 0.0983575
476 0.0240477
476 0.29479
476 0.439787
477 1.40533
477 3.31972
477 0.333374
478 3.034
478 2.9246
478 2.82083
479 2.85699
479 3.0649
479 2.56875
479 0.00705428
477 0.0372383
477 0.0435947
476 0.0466736
476 0.0457843
476 0.0496636
476 0.034189
476 0.0351219
476 0.0372201
476 0.0345203
475 0.0377476
475 0.0563893
475 0.0384334
475 0.0447523
475 0.0643393
475 1.42529e-22
475 0.729792
475 0.561642
475 0.453306
475 1.05105
475 0.586902
476 1.42976
476 0.734791
476 2.12537
477 2.24828
477 2.01026
478 3.05979
478 2.92714
478 2.94441
479 2.71619
479 2.99474
479 3.09288
476 0.040482
476 0.037999
476 0.0357046
475 0.0441775
475 0.0359972
475 0.0444164
475 0.0562304
475 0.0386891
475 1.42529e-22
475 0.136654
475 2.23161
476 1.81091
476 0.11708
476 2.46148
476 1.66461
477 0.030818
477 0.494347
477 1.12396
477 0.505392
477 0.10529
477 0.101752
477 3.0501
478 2.96242
478 2.81442
478 2.89465
478 2.98458
479 3.40032
479 0.523963
477 0.0359144
477 0.036369
477 0.0355809
477 0.0352548
477 0.0401472
477 0.0453211
476 0.0446155
476 0.0448074
476 0.0473647
475 0.0577856
475 0.0422613
477 0.120232
475 1.42529e-22
475 0.276156
475 0.656504
475 0.404711
475 0.573478
475 0.49791
475 1.38785
476 0.753713
476 2.17797
477 2.03224
477 0.717036
477 0.696987
477 3.2435
478 2.22373
478 3.03715
478 2.73574
479 2.90268
479 3.17073
479 2.04607
479 0.0219239
479 0.00372534
477 0.0412246
477 0.0368438
476 0.0461801
476 0.0373813
475 0.0361025
475 0.0439573
475 0.0519532
475 0.0387709
475 0.0512554
475 0.0565312
475 1.42529e-22
475 0.340696
475 0.239652
475 3.20143
476 0.835327
476 0.867145
476 0.352963
476 1.03521
477 2.33676
477 0.779235
477 3.10848
478 2.99515
478 2.83848
478 2.98725
479 2.7428
479 3.13706
479 1.78207
477 0.0379894
477 0.0433925
476 0.040904
476 0.0502669
476 0.0466816
476 0.0487818
475 0.0536401
475 0.0626532
475 0.0360036
475 1.42529e-22
475 2.06114
475 0.786235
476 2.11617
476 0.781914
476 1.53779
476 0.17498
476 0.260289
477 1.98819
477 1.28833
478 2.62032
478 2.92507
478 2.74001
479 2.75292
479 2.9605
479 3.26239
479 1.4006
477 0.0399808
477 0.0438226
476 0.0482407
476 0.0349521
476 0.0355282
476 0.0504155
475 0.0425016
475 0.0477262
475 1.42529e-22
475 0.563578
476 3.9721
476 1.26065
476 0.00813658
476 0.189695
476 0.0624919
476 0.0341541
477 3.60381
477 1.84316
477 2.2704
478 3.00286
478 2.77465
479 2.79959
479 2.86494
479 3.2967
479 1.14528
476 0.0517886
476 0.0488306
476 0.0524636
476 0.0423779
476 0.0518243
475 0.060523
475 1.42529e-22
475 0.541345
475 0.757718
475 1.75916
475 0.794471
476 3.76174
477 0.927161
477 0.239621
477 0.79897
477 1.65654
478 3.06938
478 2.93682
478 2.84132
479 2.88418
479 2.97564
479 3.50768
479 0.13036
479 0.0733683
479 0.00364773
477 0.0403351
477 0.0359983
477 0.0420398
477 0.0428906
475 0.0372556
475 0.044966
475 0.039077
475 0.0583269
475 1.42529e-22
475 0.182558
475 1.73782
475 0.0441213
475 0.224021
475 1.35956
476 1.3909
476 2.0052
476 0.31281
477 1.6402
477 2.49027
477 0.806965
477 0.638963
478 3.03648
478 2.82571
478 2.60365
479 2.78712
479 3.15713
479 2.33984
477 0.0360393
477 0.0380929
477 0.0169279
477 0.0236527
476 0.0443571
476 0.0369423
475 0.05738
475 0.0421778
475 0.0406937
475 0.0363266
475 0.0421
477 0.001564
477 0.00041595
475 1.42529e-22
475 1.47567
475 0.148104
475 2.11025
476 0.471242
476 2.43071
477 3.32163
477 3.41593
478 3.06154
478 2.90208
478 2.8302
479 2.81146
479 3.22367
479 1.51678
479 0.00987883
479 0.0136664
479 0.0106598
476 0.0446507
476 0.0527733
475 0.048378
475 0.0399869
475 0.0607419
475 1.42529e-22
475 0.821829
475 0.159017
475 0.377192
475 0.0317464
475 0.236191
475 0.693061
475 0.845803
475 0.677947
476 0.304275
476 0.285519
476 0.862945
476 0.0301898
476 0.911476
476 0.556547
476 0.533151
477 3.5337
477 1.4049
477 0.823932
478 3.02583
478 2.8187
478 2.94593
479 2.95239
479 3.31297
479 1.16183
477 0.0353006
476 0.0440852
476 0.0426314
476 0.0403843
476 0.0353083
476 0.0343655
476 0.0436235
476 0.0554997
476 0.054035
475 0.0379239
475 0.048069
475 0.0492053
475 0.050435
475 0.0393415
475 0.0454354
475 0.03729
475 1.42529e-22
475 1.93661
475 0.888258
475 0.429812
475 0.274866
475 0.0850341
476 0.364848
476 1.95181
477 3.46941
477 3.23936
478 2.96883
478 2.9121
479 2.8025
479 2.83062
479 3.12343
479 2.4148
479 0.0052115
476 0.0353847
476 0.0541705
475 0.0357061
475 0.0517921
475 0.0465042
475 0.0404969
475 0.0384374
475 1.42529e-22
475 0.298493
475 0.329583
475 0.367134
475 1.03965
476 4.00179
476 0.198964
476 1.62512
477 2.88167
478 3.08526
478 2.7582
478 2.65197
479 2.8747
479 2.82701
479 3.24904
479 1.33428
479 0.0767008
479 0.0581942
476 0.0375314
476 0.048171
476 0.0391036
475 0.0553041
475 0.0603127
475 0.0457025
475 0.0561251
475 1.42529e-22
475 0.375791
475 0.787325
475 0.0173979
475 2.40333
476 0.789171
476 0.757735
477 3.52857
477 1.84548
477 2.59755
478 2.92777
478 2.9052
479 2.8204
479 2.91242
479 3.29446
479 1.64425
479 0.0271925
479 0.0244244
477 0.0350842
476 0.0513319
476 0.0486191
475 0.0384538
475 0.043052
475 0.0622077
475 0.0627997
475 1.42529e-22
475 1.38844
475 0.373306
475 0.393602
475 0.00100061
475 0.435525
475 0.067926
475 0.0863911
476 2.05562
476 0.768902
476 0.175616
476 0.837174
476 0.750057
476 0.725693
477 2.07751
477 3.25344
478 3.12482
478 2.72958
478 2.91483
479 3.0639
479 3.39589
479 0.660292
479 0.126003
477 0.0409384
476 0.0393919
476 0.0347658
476 0.0345982
476 0.0357371
476 0.0460523
476 0.0546616
475 0.0484481
475 0.0462504
475 0.058992
475 0.0398037
475 0.0355491
475 0.0354294
475 0.0438403
475 1.42529e-22
475 0.146555
476 4.01091
476 0.0827228
476 0.256683
476 0.96446
476 0.982657
476 0.493214
477 2.67466
477 1.05871
478 3.20952
478 3.1185
478 2.82669
479 2.7835
479 2.85123
479 3.38221
479 0.925829
477 0.0377114
476 0.0375966
476 0.0536398
476 0.0421642
475 0.060824
475 1.42529e-22
475 0.525917
475 1.36469
475 0.554527
475 0.402005
476 3.84717
477 2.77588
477 0.269848
477 3.3043
478 3.01212
478 2.63405
479 2.78956
479 2.74281
479 3.13256
479 2.37995
477 0.0408887
477 0.0393453
475 0.0430145
475 0.0407499
475 0.0368159
475 0.0637919
475 1.42529e-22
475 1.09805
475 2.15907
476 1.42443
476 0.480327
476 0.410268
476 0.279082
476 1.61894
477 0.93306
477 3.25944
477 0.645929
477 0.957658
478 3.23117
478 2.83745
479 2.77749
479 2.9457
479 3.35549
479 1.25576
477 0.0378752
476 0.038284
476 0.0457813
476 0.0374084
476 0.0483461
476 0.0374646
475 0.0429046
475 0.0426377
475 1.42529e-22
475 1.21284
475 1.0483
475 0.099649
475 0.0887253
475 0.895212
475 0.0596679
476 1.5938
476 0.84997
476 1.78915
477 2.46351
477 0.943955
477 3.07248
478 2.91108
478 2.81652
479 2.86083
479 2.92902
479 3.51206
479 0.366761
479 0.00163727
477 0.0401776
477 0.0360768
476 0.0403177
476 0.0500368
476 0.0522254
475 0.0374857
475 0.0386935
475 0.0562829
475 0.0393271
475 0.057227
475 0.0369885
475 1.42529e-22
475 1.04229
475 1.33691
476 1.65327
476 1.067
476 0.369464
476 0.455954
476 1.88791
477 0.662961
477 0.719635
477 0.710656
477 0.97126
478 3.23328
478 2.99049
478 2.9214
479 2.75596
479 3.01314
479 3.51603
479 0.220852
477 0.0352379
477 0.0398686
477 0.042966
477 0.0393307
476 0.0383758
476 0.0354783
476 0.0377903
476 0.0447512
476 0.0369827
475 0.0577091
475 0.0630366
475 1.42529e-22
475 0.804964
475 1.07184
476 2.52263
476 1.21138
476 0.0562021
477 3.32772
477 0.525936
477 1.19143
478 2.91055
478 3.14739
478 2.82298
479 2.84925
479 2.90337
479 3.32529
479 0.906847
479 0.0754271
479 0.0136134
477 0.0376656
477 0.0379882
477 0.0440838
476 0.0494654
476 0.0342241
476 0.0446003
475 0.0395832
475 0.0455729
475 1.42529e-22
475 0.335614
475 0.320869
475 2.03534
476 1.90754
476 0.777717
477 3.32361
477 0.0382685
477 3.34877
478 3.25364
478 2.86391
478 2.829
479 2.79694
479 3.08148
479 2.70009
479 0.0300641
477 0.0370412
477 0.0402963
477 0.0355014
476 0.0516493
476 0.0529521
475 0.0429216
475 0.0615352
475 0.035251
