475 -13
475 13
515 -13
515 13
477 -13
477 13
499 -13
499 13
480 -13
480 13
490 -13
490 13
482 -13
482 13
482 -13
482 13
510 -13
510 13
509 -13
509 13
493 -13
493 13
493 -13
493 13
491 -13
491 13
501 -13
501 13
501 -13
501 13
499 -13
499 13
494 -13
494 13
476 -13
476 13
508 -13
508 13
513 -13
513 13
476 -13
476 13
479 -13
479 13
480 -13
480 13
482 -13
482 13
511 -13
511 13
511 -13
511 13
499 -13
499 13
504 -13
504 13
515 -13
515 13
482 -13
482 13
487 -13
487 13
481 -13
481 13
516 -13
516 13
516 -13
516 13
516 -13
516 13
480 -13
480 13
514 -13
514 13
507 -13
507 13
507 -13
507 13
511 -13
511 13
475 -13
475 13
506 -13
506 13
503 -13
503 13
506 -13
506 13
507 -13
507 13
511 -13
511 13
509 -13
509 13
501 -13
501 13
485 -13
485 13
476 -13
476 13
486 -13
486 13
479 -13
479 13
478 -13
478 13
512 -13
512 13
513 -13
513 13
519 -13
519 13
508 -13
508 13
492 -13
492 13
487 -13
487 13
512 -13
512 13
513 -13
513 13
504 -13
504 13
485 -13
485 13
480 -13
480 13
483 -13
483 13
484 -13
484 13
486 -13
486 13
486 -13
486 13
499 -13
499 13
502 -13
502 13
494 -13
494 13
496 -13
496 13
497 -13
497 13
513 -13
513 13
518 -13
518 13
485 -13
485 13
505 -13
505 13
508 -13
508 13
477 -13
477 13
482 -13
482 13
489 -13
489 13
489 -13
489 13
504 -13
504 13
477 -13
477 13
476 -13
476 13
475 -13
475 13
522 -13
522 13
506 -13
506 13
497 -13
497 13
498 -13
498 13
503 -13
503 13
508 -13
508 13
494 -13
494 13
489 -13
489 13
499 -13
499 13
475 -13
475 13
479 -13
479 13
496 -13
496 13
497 -13
497 13
499 -13
499 13
481 -13
481 13
483 -13
483 13
482 -13
482 13
491 -13
491 13
481 -13
481 13
476 -13
476 13
523 -13
523 13
493 -13
493 13
483 -13
483 13
479 -13
479 13
503 -13
503 13
490 -13
490 13
478 -13
478 13
482 -13
482 13
520 -13
520 13
