475 0
525 0
850 0
1149 0
475 0
484 9.96933e-05
518 0.000981724
519 0.000530334
525 0
819 0
475 0
505 0
490 0
494 0
496 0.000691613
496 0.000238799
488 0
362 0
494 0.00225728
490 0.00352215
505 0.00402348
475 0
519 0.000564283
525 0
874 0
475 0
480 0
475 0
186 0
480 0.00364501
475 0
506 0
475 0
0 0
506 0.00410666
475 0
525 0
850 0
1149 0
475 0
497 0
501 0.000179667
501 0
493 0.000604929
490 0
492 0
493 0
492 0
493 0
494 0
495 0
496 0
494 0.00146505
493 0.00170432
492 0.00190103
493 0.00243329
492 0.00178896
490 0.00340081
501 0.00158133
497 0.00130588
475 0
482 0
482 0
525 0
856 0
1130 0
1149 0
482 0.00226832
482 0.00199057
475 0
483 0
475 0
91 0
483 0.00385987
