0 -1
110 1
0 -1
475 1
0 -1
475 1
0 -1
475 1
0 -1
475 1
0 -1
121 1
0 -1
475 1
0 -1
102 1
0 -1
475 1
0 -1
475 1
0 -1
475 1
0 -1
475 1
0 -1
80 1
0 -1
475 1
0 -1
198 1
0 -1
475 1
0 -1
117 1
0 -1
475 1
0 -1
224 1
0 -1
475 1
0 -1
475 1
0 -1
475 1
0 -1
475 1
0 -1
475 1
0 -1
475 1
0 -1
475 1
0 -1
475 1
0 -1
475 1
0 -1
475 1
0 -1
475 1
0 -1
475 1
0 -1
475 1
0 -1
475 1
0 -1
475 1
0 -1
475 1
0 -1
475 1
0 -1
475 1
0 -1
475 1
0 -1
475 1
0 -1
237 1
0 -1
475 1
0 -1
475 1
0 -1
475 1
0 -1
0 1
0 -1
475 1
0 -1
475 1
0 -1
475 1
0 -1
0 1
0 -1
475 1
0 -1
475 1
0 -1
475 1
0 -1
475 1
0 -1
475 1
0 -1
475 1
0 -1
475 1
0 -1
475 1
0 -1
88 1
0 -1
0 1
0 -1
449 1
0 -1
475 1
0 -1
475 1
0 -1
475 1
0 -1
475 1
0 -1
475 1
0 -1
475 1
0 -1
475 1
0 -1
475 1
0 -1
475 1
0 -1
475 1
0 -1
475 1
0 -1
475 1
0 -1
475 1
0 -1
153 1
0 -1
0 1
0 -1
232 1
0 -1
11 1
0 -1
51 1
0 -1
475 1
0 -1
475 1
0 -1
475 1
0 -1
77 1
0 -1
475 1
0 -1
475 1
0 -1
475 1
0 -1
475 1
0 -1
128 1
0 -1
17 1
0 -1
475 1
0 -1
475 1
0 -1
360 1
0 -1
344 1
0 -1
475 1
0 -1
475 1
0 -1
475 1
0 -1
475 1
0 -1
475 1
0 -1
475 1
0 -1
475 1
0 -1
475 1
0 -1
475 1
