475 5.00382e-21
475 0.000128272
475 0.000416339
110 4.41586e-21
475 5.00382e-21
475 4.0138e-06
475 0.000175734
475 0.000234132
475 9.06224e-06
475 5.54291e-05
475 0.000261474
475 9.00749e-06
475 0.000239119
475 0.000155412
475 4.45594e-05
475 4.92451e-05
475 9.10416e-06
475 9.38436e-06
475 2.12873e-12
475 2.91138e-05
475 5.24651e-09
475 0.000294029
475 7.80521e-34
475 1.30099e-17
475 7.22939e-44
475 1.45893e-07
475 1.49159e-17
475 0.000421029
475 5.00382e-21
475 0.000285732
475 0.000667759
475 2.17059e-06
475 2.08558e-05
475 3.19827e-05
475 7.58227e-08
475 1.24792e-14
475 8.12798e-05
475 9.9784e-10
475 0.000152545
475 2.87948e-13
475 0.000757598
475 5.00382e-21
475 0.000450192
475 7.82574e-06
475 1.62534e-09
475 0.000593859
475 0.000948121
475 5.00382e-21
475 4.47251e-05
475 0.00195527
475 5.00382e-21
475 0.000106131
475 0.000525518
475 0.000110361
121 3.81661e-21
475 5.00382e-21
475 6.45864e-08
475 3.36787e-05
475 5.10129e-06
475 0.00081318
475 7.57481e-07
475 0.00114722
475 5.00382e-21
475 0.000387633
475 1.04614e-05
475 1.91122e-08
102 4.3648e-21
475 5.00382e-21
475 0.002
475 5.00382e-21
475 0.000658749
475 3.75446e-05
475 0.00130371
475 5.00382e-21
475 0.000440897
475 0.000103699
475 2.64965e-05
475 2.64127e-05
475 0.000112456
475 0.00129004
475 5.00382e-21
475 0.000296447
475 0.000784689
475 1.78515e-07
475 8.33207e-05
475 0.000835365
475 5.00382e-21
475 0.00088256
475 5.40255e-05
475 0.00015087
80 3.66905e-21
475 5.00382e-21
475 0.000712654
475 1.99265e-07
475 0.00128715
475 5.00382e-21
475 0.00110622
475 0.000425099
475 4.20481e-09
475 1.44566e-31
475 5.40563e-10
475 3.2254e-26
475 1.98216e-28
475 1.4572e-12
475 0.000468676
475 5.00382e-21
475 0.000108282
475 1.84308e-12
198 3.92906e-21
475 5.00382e-21
475 0.000204542
475 5.59431e-08
117 4.39512e-21
475 5.00382e-21
475 5.90974e-05
475 1.12001e-06
475 6.87083e-09
475 0
475 0.00193978
475 5.00382e-21
475 2.44711e-06
475 4.51675e-12
224 3.82097e-21
475 5.00382e-21
475 0.00160866
475 4.1947e-34
475 0.000391343
475 5.00382e-21
475 0.000687216
475 0.00083071
475 1.13438e-08
475 5.00225e-06
475 2.95548e-11
475 3.13161e-11
475 1.24667e-06
475 2.25798e-27
475 8.69254e-07
475 0.000474944
475 5.00382e-21
475 2.16313e-05
475 0.00197837
475 5.00382e-21
475 0.002
475 5.00382e-21
475 0.002
475 5.00382e-21
475 0.000373173
475 0.00162683
475 5.00382e-21
475 7.3775e-05
475 0.00150012
475 4.20393e-09
475 1.94657e-16
475 3.06852e-15
475 4.2521e-08
475 5.74685e-13
475 9.77455e-36
475 1.34066e-20
475 1.02195e-09
475 6.91147e-08
475 2.40424e-06
475 4.25897e-06
475 4.06511e-07
475 2.94071e-10
475 1.43351e-16
475 8.61266e-33
475 3.5458e-07
475 1.04946e-07
475 3.98612e-08
475 8.12576e-14
475 0.000418416
475 5.00382e-21
475 0.002
475 5.00382e-21
475 0.000122693
475 0.000199476
475 4.04387e-05
475 0.000141029
475 0.000672849
475 0.0002566
475 5.82851e-22
475 7.56437e-07
475 7.978e-10
475 4.94953e-07
475 0.000565663
475 5.00382e-21
475 0.00173151
475 2.27785e-20
475 0.000268494
475 5.00382e-21
475 1.67656e-06
475 0.000185932
475 3.77046e-06
475 0.000188149
475 0.000137872
475 0.000379749
475 0.000240567
475 0.000460971
475 2.67182e-33
475 1.66847e-17
475 1.70776e-24
475 1.40707e-05
475 0.000268355
475 7.67897e-05
475 1.18079e-05
475 8.1409e-07
475 9.12289e-06
475 5.45388e-07
475 8.77624e-06
475 3.02755e-06
475 8.00344e-06
475 5.00382e-21
475 6.62849e-06
475 0.00199337
475 5.00382e-21
475 0.000147436
475 5.33152e-05
475 0.000124506
475 0.000411457
475 0.00126329
475 5.00382e-21
475 0.000575099
475 7.31714e-06
475 7.33919e-06
475 0.000128778
475 1.51726e-06
475 4.48245e-06
475 0.00061612
475 1.72853e-09
475 0.000265828
475 4.13792e-26
475 5.71702e-07
475 1.44048e-14
475 1.18412e-06
475 1.33577e-07
475 8.52027e-18
475 9.93261e-05
475 0.000150757
475 7.74979e-05
475 6.81732e-06
475 3.12519e-05
475 3.79683e-06
475 7.32478e-06
475 1.48552e-05
475 5.00382e-21
475 0.000774236
475 8.75476e-10
475 0.000212684
475 0.00101308
475 5.00382e-21
475 1.61967e-06
475 0.00104633
475 0.000324211
475 8.08064e-05
475 8.45305e-11
475 4.12107e-06
475 5.36181e-17
475 2.67115e-08
475 2.50104e-14
475 5.0077e-15
475 5.7553e-07
475 1.58061e-16
475 9.04465e-09
475 1.15427e-05
475 0.000530757
475 5.00382e-21
475 0.000175312
475 0.00182469
475 5.00382e-21
475 3.47434e-06
475 9.02175e-06
475 0.000163041
475 0.00182446
475 5.00382e-21
475 0.000288768
475 0.00148285
475 1.18044e-08
475 1.46757e-05
475 9.17936e-68
475 2.61866e-09
475 5.53373e-56
475 4.58415e-22
475 1.73774e-24
475 1.22489e-20
475 6.03978e-11
475 1.48545e-55
475 2.41713e-134
475 1.26943e-101
475 4.79298e-05
475 1.44456e-74
475 8.97282e-29
475 2.88391e-72
475 1.74795e-47
475 6.83565e-120
475 4.26728e-52
475 1.15728e-114
475 2.19492e-93
475 5.98104e-30
475 7.16289e-79
475 2.43318e-68
475 8.87301e-60
475 3.15859e-184
475 2.37748e-100
475 1.95838e-39
475 3.24026e-56
475 6.76746e-06
475 8.99943e-05
475 2.43323e-05
475 5.22877e-07
475 1.92823e-05
475 4.42187e-06
475 1.01151e-05
475 1.17068e-06
475 9.15494e-06
475 5.00382e-21
475 8.26065e-06
475 3.13394e-09
475 0.00199174
475 5.00382e-21
475 0.000797534
475 7.15301e-06
475 5.0281e-05
475 0.00114503
475 5.00382e-21
475 2.58138e-05
475 0.000369862
237 3.31496e-21
475 5.00382e-21
475 0.00116644
475 1.61057e-05
475 1.75915e-06
475 5.38044e-08
475 2.29617e-08
475 3.69635e-07
475 6.49218e-05
475 4.65226e-17
475 4.12962e-05
475 1.13206e-05
475 0.00030072
475 0.000396988
475 5.00382e-21
475 6.488e-05
475 0.00193512
475 5.00382e-21
475 1.02586e-06
475 0.00199897
475 5.00382e-21
475 0.0001163
475 2.4124e-33
0 5.20008e-21
475 5.00382e-21
475 0.002
475 5.00382e-21
475 7.37602e-05
475 0.00119386
475 1.94235e-08
475 8.72122e-05
475 0.000267724
475 1.651e-24
475 0.000377428
475 5.00382e-21
475 0.000154083
475 0.000663403
475 7.39515e-38
0 3.89832e-21
475 5.00382e-21
475 1.31477e-06
475 2.60662e-05
475 0.00170201
475 8.55431e-15
475 8.38741e-07
475 5.59694e-09
475 3.6333e-07
475 2.40223e-52
475 3.01218e-91
475 9.16435e-27
475 8.60403e-45
475 6.90761e-07
475 6.84529e-06
475 9.00975e-05
475 9.48602e-68
475 7.27528e-22
475 2.5428e-16
475 1.25102e-27
475 3.09488e-30
475 1.62241e-124
475 3.16743e-47
475 2.51546e-38
475 5.58572e-17
475 8.85151e-23
475 7.96113e-27
475 1.53786e-188
475 8.17225e-50
475 4.13212e-119
475 2.41063e-18
475 1.35418e-16
475 0.000171768
475 5.00382e-21
475 2.97197e-05
475 0.000251171
475 0.00171911
475 5.00382e-21
475 0.002
475 5.00382e-21
475 0.000978542
475 0.000195479
475 3.40648e-07
475 5.8445e-08
475 1.88361e-07
475 0.000825392
475 5.00382e-21
475 0.002
475 5.00382e-21
475 0.000493318
475 1.79999e-05
475 8.73771e-06
475 8.29143e-05
475 3.36736e-10
475 7.06296e-05
475 0.00115823
475 4.07395e-42
475 1.72042e-111
475 2.90731e-76
475 2.1822e-28
475 8.7532e-33
475 3.7871e-16
475 0.000168174
475 5.00382e-21
475 0.000143653
475 0.000458379
475 5.157e-05
475 0.000138822
475 2.22584e-08
475 5.24614e-06
475 0.00120231
475 5.00382e-21
475 0.000480337
475 0.00147105
475 1.05878e-05
475 2.35094e-05
475 3.67059e-06
475 2.38248e-06
475 8.46697e-06
475 5.00382e-21
475 0.000419863
475 5.60936e-06
0 4.5266e-21
475 5.00382e-21
475 0.000180211
475 0.00015477
475 0.00014599
475 1.56557e-05
475 5.80919e-05
88 4.13607e-21
475 5.00382e-21
475 9.4023e-05
475 2.01888e-06
475 0.00168121
475 8.31652e-98
475 4.4281e-36
475 1.63645e-23
475 6.35041e-17
475 1.40812e-145
475 1.0816e-50
475 2.55382e-08
475 1.70189e-07
475 2.92262e-17
475 7.44495e-06
475 3.32827e-90
475 0.000161258
475 1.5408e-05
475 2.57444e-05
475 1.85887e-06
475 6.82053e-06
475 4.01384e-06
475 5.00382e-21
475 0.00103346
475 4.53611e-08
475 3.68445e-05
475 1.44939e-05
475 1.76648e-10
449 1.80463e-21
475 5.00382e-21
475 0.000569337
475 0.000165815
475 0.00126485
475 5.00382e-21
475 0.000938248
475 0.00106175
475 5.00382e-21
475 7.33112e-05
475 0.00192669
475 5.00382e-21
475 4.53247e-05
475 0.00126851
475 0.000403239
475 5.10752e-12
475 2.21475e-18
475 1.15037e-29
475 6.8273e-49
475 1.41572e-11
475 3.41686e-13
475 4.37514e-11
475 3.32715e-13
475 9.40494e-22
475 1.86794e-08
475 8.78182e-05
475 1.46455e-42
475 5.03416e-08
475 3.6763e-65
475 9.48776e-48
475 1.87408e-11
475 6.42721e-09
475 1.81498e-38
475 3.88711e-48
475 8.2085e-18
475 1.78265e-27
475 3.46431e-18
475 1.62598e-81
475 1.37768e-69
475 1.0523e-07
475 2.42124e-98
475 2.12823e-15
475 6.13056e-37
475 2.21477e-05
475 2.94694e-11
475 5.66353e-87
475 4.74286e-07
475 9.08014e-18
475 6.71527e-54
475 7.58377e-48
475 1.72724e-07
475 8.67049e-111
475 3.44896e-08
475 3.72882e-45
475 2.6983e-86
475 1.02977e-24
475 5.00608e-10
475 5.98718e-23
475 2.01906e-30
475 3.17869e-34
475 4.31544e-31
475 2.96298e-19
475 1.06347e-19
475 1.10208e-10
475 4.83763e-08
475 7.58707e-14
475 1.13067e-65
475 5.93734e-12
475 3.85282e-10
475 2.3416e-34
475 1.17794e-51
475 4.87235e-28
475 3.21363e-38
475 2.36298e-33
475 5.9543e-65
475 1.78293e-50
475 1.73474e-18
475 3.5467e-130
475 6.09675e-24
475 7.62785e-62
475 3.04914e-55
475 2.53994e-06
475 1.64929e-21
475 2.43589e-109
475 1.36269e-37
475 1.23965e-62
475 1.09088e-110
475 1.21986e-15
475 3.15733e-23
475 2.88592e-06
475 1.1809e-80
475 1.90048e-152
475 6.1789e-26
475 1.74151e-23
475 1.25791e-35
475 3.36406e-21
475 0.000166627
475 5.00382e-21
475 0.000353785
475 0.000336077
475 7.65821e-05
475 6.90032e-07
475 0.000414495
475 9.81585e-07
475 4.19224e-11
475 7.73499e-07
475 2.44524e-05
475 1.31575e-08
475 0.000356574
475 1.27064e-10
475 7.76276e-06
475 9.1196e-10
475 5.03477e-10
475 3.19979e-38
475 4.40834e-13
475 0.000105181
475 1.39561e-24
475 6.38482e-09
475 9.33895e-46
475 3.52141e-17
475 2.57075e-13
475 3.15795e-33
475 2.95034e-08
475 0.000322595
475 5.00382e-21
475 0.000374827
475 2.10151e-06
475 5.96056e-06
475 0.000600604
475 0.000127819
475 0.000366276
475 1.72681e-07
475 0.000211222
475 1.76395e-10
475 2.33554e-14
475 1.03966e-13
475 2.29921e-19
475 6.82596e-09
475 5.39652e-12
475 4.2838e-10
475 7.79377e-19
475 8.29513e-08
475 3.47176e-16
475 1.21114e-35
475 1.09577e-12
475 1.03043e-07
475 7.49072e-13
475 0.000181359
475 4.98264e-05
475 3.02938e-05
475 4.93451e-05
475 5.00382e-21
475 0.000450998
475 0.000206493
475 0.000127235
475 5.06913e-05
475 2.47843e-05
475 4.79205e-05
475 2.48354e-06
475 1.27647e-06
475 0.00108812
475 5.00382e-21
475 3.79085e-07
475 2.58226e-05
475 5.73731e-07
475 0.000427575
475 0.00154565
475 5.00382e-21
475 1.90354e-06
475 2.56346e-05
475 1.94067e-05
475 0.00104189
475 8.07815e-07
475 8.37978e-07
475 3.17871e-08
475 0.000228841
475 0.000144525
475 3.62071e-09
475 1.10743e-15
475 1.54517e-10
475 2.36531e-11
475 4.76826e-15
475 1.87141e-59
475 2.11621e-05
475 1.01432e-30
475 1.73786e-06
475 6.13313e-25
475 2.11721e-09
475 4.1873e-52
475 1.85675e-11
475 4.68893e-06
475 1.40793e-20
475 1.10546e-07
475 5.32121e-12
475 2.32643e-14
475 3.06352e-10
475 3.44421e-07
475 1.58905e-12
475 2.05179e-33
475 3.95958e-15
475 3.16767e-26
475 6.0097e-10
475 1.01073e-09
475 0.000103781
475 8.91169e-05
475 7.14371e-06
475 1.46287e-15
475 2.82011e-46
475 4.62947e-43
475 6.29611e-18
475 2.22152e-66
475 1.30923e-41
475 1.05314e-08
475 1.85732e-05
475 9.42972e-21
475 2.77714e-15
475 1.21082e-06
475 2.47259e-53
475 0.000288232
475 5.00382e-21
475 1.21371e-05
475 2.99115e-05
475 6.49117e-06
475 1.40242e-07
475 2.45411e-06
475 0
475 7.3303e-05
475 0.000613659
475 0.000830837
475 2.34858e-22
475 9.08546e-15
475 1.67895e-18
475 0.000431067
475 5.00382e-21
475 1.12792e-06
475 0.000857327
475 4.87269e-06
153 3.24e-21
475 5.00382e-21
475 3.95718e-06
475 3.37505e-05
475 0
475 0.00154833
475 1.32477e-14
475 4.58088e-08
475 4.19796e-09
475 3.82692e-13
475 1.22282e-31
475 2.37398e-08
475 0.000318612
475 3.0881e-05
475 4.00694e-05
475 1.14974e-05
475 3.92181e-06
475 8.90224e-06
475 5.00382e-21
475 0.000668298
475 9.44943e-06
475 1.37937e-19
475 0
475 9.17151e-09
475 0.000224582
475 2.49756e-07
475 4.33558e-07
475 3.80556e-07
475 8.59507e-18
232 2.78316e-21
475 5.00382e-21
475 7.21014e-08
475 0.00199993
475 5.00382e-21
475 7.16874e-05
475 7.15269e-07
51 5.30059e-21
475 5.00382e-21
475 2.28481e-06
475 9.42251e-09
0 5.30899e-21
475 5.00382e-21
475 0.000500024
475 0.000136091
475 2.0063e-07
475 0
475 1.75633e-05
475 3.22045e-05
475 0.000111381
475 0.000249187
475 0.0001156
475 6.41517e-07
475 1.68114e-06
475 3.65118e-08
475 0.000835388
475 5.00382e-21
475 6.04004e-05
475 0.000295168
11 5.03073e-21
475 5.00382e-21
475 7.46331e-06
475 8.30036e-05
77 5.38059e-21
475 5.00382e-21
475 0.000139206
475 0.000293501
475 0.000464546
475 0.000205655
475 2.09485e-08
475 1.0986e-08
475 7.22822e-10
475 1.34152e-06
475 0.000775651
475 8.42035e-05
475 2.30496e-05
475 5.1933e-06
475 7.61942e-06
475 5.00382e-21
475 0.00149685
475 2.3222e-12
475 8.69396e-11
475 2.28103e-11
475 2.47396e-06
475 0.000500676
475 5.00382e-21
475 1.44075e-07
475 0.000212048
475 0.00178781
475 5.00382e-21
475 2.75896e-07
475 0.000260245
475 0.00173948
475 5.00382e-21
475 0.002
475 5.00382e-21
475 0.000682622
475 9.90869e-06
475 3.54367e-05
17 4.49674e-21
475 5.00382e-21
475 0.002
475 5.00382e-21
475 4.35648e-05
475 0.000292786
475 0.00149277
475 2.70741e-23
475 4.96373e-50
475 1.16166e-20
475 7.78192e-50
475 3.9396e-68
475 2.34612e-37
475 7.45038e-14
475 2.44606e-09
475 2.31025e-16
475 1.68489e-29
475 1.09064e-100
475 5.10811e-26
475 3.09553e-17
475 0.000138846
475 4.99788e-06
475 1.1624e-05
475 1.06304e-05
475 4.77459e-06
475 5.00382e-21
475 4.68157e-06
475 4.7727e-05
128 4.75771e-21
475 5.00382e-21
475 0.000613168
475 0.000293775
344 2.64112e-21
475 5.00382e-21
475 7.47801e-06
475 0.000349728
475 0.00027401
475 0.00135089
475 8.75325e-06
475 9.13593e-06
475 5.00382e-21
475 0.002
475 5.00382e-21
475 1.25597e-07
475 0.000137541
475 0.000160931
475 3.22092e-07
475 0.000229517
360 2.49373e-21
475 5.00382e-21
475 0.000103872
475 0.000147132
475 0.00100764
475 2.20782e-05
475 2.7343e-07
475 3.15126e-07
475 4.06898e-06
475 3.58436e-09
475 0.000714614
475 5.00382e-21
475 4.26708e-05
475 0.0015886
475 1.18259e-11
475 1.57057e-10
475 6.12722e-15
475 7.52202e-23
475 0.000368729
475 5.00382e-21
475 0.002
475 5.00382e-21
475 0.002
475 5.00382e-21
475 0.001312
475 8.94458e-05
475 6.53639e-17
475 3.33168e-09
475 0.000598554
475 5.00382e-21
475 0.00107326
475 6.9553e-05
475 6.09657e-06
475 0.000142552
475 0.000708542
475 5.00382e-21
475 3.24665e-07
475 0.000203322
475 0.0013825
475 2.20723e-06
475 4.23254e-10
475 1.46093e-07
475 3.90689e-08
475 0.000411459
475 5.00382e-21
475 0.000404732
475 8.33237e-08
475 0.00159518
