475 1.93786e-21
475 1.73103e-15
475 4.76774e-11
475 7.78515e-21
475 7.37834e-07
475 0
475 8.60146e-20
475 4.96701e-05
475 1.179e-41
475 1.2805e-08
475 3.76841e-48
475 2.73588e-08
475 1.69425e-08
475 5.58358e-56
475 1.81079e-43
475 4.20255e-29
475 8.12273e-44
475 2.37968e-06
0 1.83792e-21
475 1.93786e-21
475 8.45522e-05
475 2.7453e-05
475 1.1453e-05
475 1.01589e-82
475 5.9401e-20
475 3.91142e-165
475 1.34969e-21
475 5.44525e-183
475 2.20541e-07
475 5.67095e-36
475 1.90272e-96
475 5.21186e-32
475 3.26761e-30
475 1.28013e-33
475 4.03409e-35
475 4.28907e-49
475 2.54771e-11
475 1.12414e-65
475 0.000114433
475 4.1867e-05
475 5.6705e-06
475 1.00067e-05
475 4.34412e-06
475 1.93786e-21
475 8.27796e-05
475 4.91124e-70
475 2.25549e-53
475 5.56237e-17
475 1.57861e-06
475 1.2911e-06
475 0
475 6.20692e-146
475 1.53926e-06
0 1.78028e-21
475 1.93786e-21
475 7.0619e-08
475 4.61587e-08
475 5.13837e-09
475 3.74992e-64
475 2.4693e-16
475 7.07998e-19
475 4.87073e-17
475 1.25842e-13
475 2.10135e-68
475 5.85694e-07
475 7.65272e-53
475 2.84133e-10
475 3.94383e-05
475 3.92754e-09
475 0.000191371
475 1.88096e-05
475 2.22678e-05
475 1.65272e-06
475 1.27311e-05
475 4.8768e-08
475 5.96097e-06
475 7.00838e-06
475 1.93786e-21
475 1.81148e-09
475 4.04992e-08
475 5.25277e-07
251 1.3678e-21
475 1.93786e-21
475 2.51813e-25
475 4.33935e-23
475 8.39448e-05
475 9.48174e-48
475 7.28115e-10
475 6.20678e-10
475 2.634e-20
475 7.35741e-09
475 2.15244e-96
475 2.95587e-24
475 6.48051e-19
475 1.35515e-14
475 4.58381e-21
475 0.000216047
475 1.93786e-21
475 1.18147e-28
475 1.53737e-08
475 2.82738e-17
475 0.000110971
475 1.42567e-06
475 4.18038e-15
475 1.42929e-18
475 6.61401e-116
475 7.20286e-20
475 6.61818e-29
475 1.86796e-05
475 1.00949e-36
475 1.62782e-11
475 2.06792e-17
475 6.70225e-07
290 9.48814e-22
475 1.93786e-21
475 4.1331e-35
475 1.12257e-24
475 1.58289e-12
475 1.5006e-07
475 4.45865e-07
475 3.84133e-06
475 5.94924e-08
475 4.31209e-15
475 8.36145e-08
475 3.03448e-51
475 1.99784e-33
475 3.42638e-07
475 0.000143463
475 8.23221e-05
475 4.59207e-05
475 1.04885e-05
475 5.23918e-07
475 3.1502e-06
475 9.20885e-06
475 1.93786e-21
475 1.63124e-47
475 9.18608e-16
475 5.00548e-24
475 5.53213e-06
447 1.10296e-21
475 1.93786e-21
475 8.39115e-07
475 1.03444e-27
475 3.42722e-20
475 0.000245419
475 2.27555e-05
475 1.62062e-05
475 6.95216e-06
475 7.82772e-06
