475 2.04024e-23
476 0.987324
477 0.164373
478 0.835448
479 0.309465
479 0.0421283
479 0.260867
481 1.07037
482 0.175408
483 0.950308
484 0.275241
484 0.237425
484 0.00212926
485 0.200991
489 2.0398
490 0.677712
490 0.214182
492 0.773756
492 0.0309715
493 0.608912
493 0.0859869
494 0.305239
494 0.107502
495 0.645321
496 0.231915
498 1.09376
498 0.137673
499 0.858848
499 0.0193886
500 0.128491
500 0.292058
504 1.84075
504 0.378743
509 2.61016
511 1.2529
512 0.194815
512 0.196205
512 0.143998
513 0.308929
514 0.468112
514 0.0521474
514 0.119076
515 0.130699
515 0.119759
515 0.102453
515 0.327579
516 0.175641
516 0.332636
516 0.00875528
517 0.33008
517 0.174882
517 0.108901
518 0.215867
518 0.240564
519 0.37062
522 1.64955
522 0.196364
522 0.0351847
523 0.270888
523 0.135559
525 0.815062
850 1.46093e-23
1149 0.0116696
1149 2.37707e-26
523 0.0915038
523 0.0614082
522 0.0544795
519 0.0506967
518 0.0354396
518 0.233047
517 0.0478224
517 0.119051
517 0.0675007
516 0.187576
516 0.170202
516 0.042419
515 0.0845017
515 0.112673
515 0.0613303
515 0.0795817
515 0.100662
515 0.0907455
514 0.062694
514 0.0371411
514 0.0730874
513 0.0434527
512 0.0385689
512 0.176385
512 0.0610885
511 0.0626557
509 0.0492666
504 0.0350076
504 0.0344504
500 0.0346016
500 0.204103
499 0.0347461
498 0.216532
498 0.149985
496 0.0343461
495 0.0651448
494 0.0570742
494 0.0428428
493 0.268516
493 0.0440055
492 0.199038
490 0.0945342
490 0.499737
490 0.0883442
489 0.0368164
485 0.0495828
484 0.0541879
484 0.0728379
484 0.127692
483 0.0646346
482 0.0542989
481 0.0384956
481 0.0357415
479 0.155474
479 0.250049
479 0.0980887
477 0.0468417
