475 2.04024e-23
475 0.106455
475 0.312349
476 0.53537
477 0.369605
477 0.0597414
478 0.690466
479 0.105379
479 0.381079
480 0.454693
483 1.36437
485 1.44294
485 0.0653405
485 0.0515498
487 0.743754
488 0.510007
489 0.318498
489 0.154027
490 0.501615
490 0.297075
492 0.774931
492 0.00949054
493 0.513756
494 0.42316
495 0.447302
495 0.355521
496 0.323641
496 0.102334
496 0.256087
497 0.592951
498 0.687647
500 0.557677
501 0.966547
503 0.994125
506 1.66059
507 0.485751
508 0.385273
508 0.176104
508 0.0127962
509 0.395437
510 0.421584
512 1.00991
512 0.0673118
513 0.657956
514 0.465305
515 0.502247
516 0.536102
516 0.279424
516 0.0280671
517 0.513415
517 0.0210679
518 0.259966
519 0.684705
521 0.95616
521 0.220323
522 0.356069
524 1.37205
524 0.0601886
525 0.125665
850 1.46275e-23
1149 0.0083347
1150 1.09647e-26
524 0.0498307
524 0.0939604
522 0.112656
522 0.0961795
522 0.0354728
521 0.177892
521 0.0954127
519 0.176691
519 0.103295
519 0.04071
517 0.0580959
517 0.0467314
516 0.0795773
516 0.0428517
516 0.0859746
515 0.0844708
513 0.0576181
512 0.0631019
512 0.0341974
510 0.0443067
508 0.0345914
508 0.0700537
507 0.076976
506 0.129304
501 0.0494324
500 0.108808
496 0.0622836
496 0.0634357
496 0.0363374
495 0.0506641
495 0.100624
494 0.045996
493 0.0375487
492 0.133326
492 0.0408586
490 0.21617
490 0.486398
489 0.0663755
489 0.516479
489 0.0317706
489 0.145242
489 0.0622522
488 0.0583035
487 0.0434745
485 0.0927344
485 0.128737
483 0.0165234
483 0.076803
480 0.00231393
481 0.18097
482 0.543938
482 0.07186
481 0.140567
480 0.0351747
480 0.201264
480 0.207561
480 0.041134
479 0.0410483
478 0.0345539
477 0.0432869
477 0.140562
476 0.0354977
475 0.0355285
475 0.0434358
483 0.001564
483 0.0165141
