475 2.04024e-23
476 0.584605
476 0.355088
478 0.654953
478 0.139434
478 0.0624466
478 0.151166
479 0.437052
480 0.324021
481 0.438294
481 0.0421922
484 1.91711
486 0.838486
489 1.42362
489 0.0421674
490 0.612431
490 0.104941
490 0.0999519
491 0.399337
492 0.446708
493 0.909688
496 1.23113
496 0.00709787
497 0.516516
498 0.801627
499 0.424966
499 0.0371178
500 0.392383
500 0.301804
501 0.117519
501 0.0970044
501 0.296997
503 0.686429
503 0.0486541
503 0.133805
504 0.440183
505 0.260869
505 0.0945133
505 0.166143
506 0.638829
506 0.210966
508 1.11172
509 0.291694
510 0.795184
511 0.239704
512 0.481983
513 0.494432
514 1.01653
514 0.0423713
515 0.139525
516 0.494044
516 0.215038
518 1.089
521 1.4532
521 0.359766
521 0.0220545
522 0.675421
523 0.463223
524 0.623291
525 0.10045
850 1.46664e-23
965 0.00465502
1100 0.00443487
1148 0.000926252
1149 7.1042e-26
1100 0.00187367
1101 0.000677956
1100 0.0028557
1100 0.000532563
965 0.00148003
524 0.152628
523 0.045497
522 0.102888
521 0.0525788
521 0.0455181
521 0.0800039
518 0.044549
516 0.1522
516 0.0373569
515 0.0487656
514 0.0422593
514 0.090166
513 0.24118
512 0.06348
511 0.0433334
510 0.300289
509 0.0933773
508 0.114052
506 0.0827153
506 0.372638
506 0.124153
506 0.0384922
505 0.28481
505 0.0376476
505 0.0469251
504 0.0345201
503 0.194346
503 0.120388
502 0.176998
501 0.263023
501 0.0377776
501 0.476145
500 0.0599123
499 0.14946
499 0.0617534
498 0.106928
498 0.0701571
497 0.0372097
496 0.111546
496 0.0956337
494 0.213653
492 0.151676
490 0.106246
490 0.111066
490 0.0579819
489 0.0972185
489 0.340245
486 0.134505
484 0.13212
481 0.0812664
481 0.0926249
480 0.00442392
480 0.508588
480 0.0468357
479 0.04242
478 0.0461467
478 0.0350595
478 0.0378597
476 0.0666126
476 0.0512131
498 0.000121
498 0.00120351
