475 2.04024e-23
475 0.0478965
476 0.550146
476 0.105083
477 0.475238
477 0.216677
478 0.309004
478 0.146786
480 1.31333
481 0.0162488
481 0.0807074
481 0.0452297
482 0.898806
483 0.488821
484 0.318003
484 0.102618
484 0.0996241
485 0.236185
485 0.243963
487 0.649191
487 0.0514916
488 0.883686
489 0.259103
490 0.485263
490 0.332347
491 0.372715
491 0.0106506
491 0.0923176
492 0.472235
493 0.103542
493 0.0304114
495 1.16338
495 0.307254
495 0.0708153
496 0.250229
496 0.376199
497 0.506979
498 0.219973
498 0.0692998
499 0.455968
499 0.0356445
499 0.195272
500 0.421699
501 0.303744
501 0.278345
501 0.125429
502 0.493432
502 0.0236445
504 0.856115
504 0.0190344
504 0.201682
505 0.502821
507 0.590125
507 0.375992
508 0.185341
509 0.714865
509 0.0758082
509 0.0601023
511 1.18641
513 0.779737
513 0.19175
513 0.119436
514 0.23421
514 0.0622378
515 0.448862
516 0.508906
516 0.523074
519 1.10264
520 0.744382
522 0.923291
522 0.301652
522 0.0119892
524 0.715589
525 0.489396
850 1.46566e-23
1149 0.0101964
1150 1.37232e-26
524 0.0426277
522 0.183383
522 0.0209493
522 0.0445661
520 0.085239
519 0.0365857
516 0.0499348
516 0.082137
515 0.0671611
514 0.084437
513 0.172522
513 0.0346398
513 0.034774
511 0.142665
509 0.0883063
509 0.135829
509 0.0351603
508 0.155488
507 0.170844
507 0.150814
504 0.0777912
504 0.0863449
504 0.0569699
502 0.0598
503 0.451313
503 0.158482
503 0.0477676
501 0.034683
501 0.253806
500 0.0344552
499 0.0870465
499 0.0626148
499 0.0385534
499 0.0764791
498 0.0549204
498 0.0968255
498 0.00308385
498 0.0858121
498 0.0533581
496 0.0424458
496 0.46944
495 0.16553
495 0.0916192
495 0.0359114
493 0.0224233
493 0.114059
493 0.0678262
493 0.0144612
493 0.103496
492 0.0526687
492 0.369569
491 0.0448815
491 0.067864
490 0.0526367
490 0.0683752
489 0.245215
488 0.0342018
487 0.0800639
487 0.0835353
485 0.120755
485 0.0982601
484 0.160664
484 0.0350315
484 0.0970983
484 0.247449
484 0.0608519
484 0.0341921
484 0.0969439
483 0.242662
483 0.198134
483 0.0352908
481 0.272628
481 0.056749
481 0.0897699
481 0.122739
478 0.0517295
478 0.0386895
477 0.18286
477 0.0358271
476 0.0758768
475 0.0589233
