475 2.04024e-23
475 0.509476
476 0.29976
477 0.418961
477 0.0427588
477 0.0355756
478 0.407397
479 0.449682
479 0.282649
480 0.356929
481 0.534133
483 0.920801
483 0.166675
483 0.195918
484 0.56112
485 0.517482
485 0.00996538
486 0.42531
486 0.0983716
489 1.44187
493 2.18547
494 0.729061
495 0.12571
495 0.226318
496 0.318665
496 0.381277
497 0.357291
497 0.166286
498 0.138138
498 0.13864
501 1.48793
502 0.931204
503 0.237082
503 0.0247832
503 0.219233
503 0.0439247
504 0.408644
505 0.562439
505 0.0030088
505 0.108901
506 0.120405
507 0.692389
507 0.038478
508 0.455565
510 0.847405
511 0.499471
512 0.58416
512 0.258599
512 0.0400481
516 1.95987
516 0.187488
517 0.784714
518 0.0792337
520 1.34268
521 0.795904
522 0.586859
523 0.109242
523 0.276039
523 0.153468
524 0.327921
524 0.0553261
525 0.224376
850 1.4587e-23
930 0.00215652
1149 0.00759662
1149 5.67674e-30
930 0.00253918
931 0.00173679
930 0.00158437
930 0.000833286
524 0.0402758
524 0.0361137
523 0.135199
523 0.131751
522 0.08973
521 0.135105
520 0.0714319
518 0.156748
517 0.10511
516 0.0742143
516 0.0598526
512 0.0712432
512 0.166043
512 0.044005
511 0.102915
510 0.0391591
508 0.0542449
507 0.160938
507 0.0388196
506 0.165668
505 0.0770439
505 0.0630688
505 0.0526247
504 0.0507772
503 0.0385571
503 0.108645
502 0.0425505
501 0.0545961
498 0.0343212
498 0.0396064
497 0.0631635
496 0.0383541
496 0.051302
495 0.0536343
495 0.182488
495 0.420514
493 0.0371529
489 0.0511681
486 0.0420113
486 0.0482537
485 0.0614154
485 0.182288
484 0.0517566
483 0.0917662
483 0.315698
483 0.0971745
481 0.108664
480 0.0358146
479 0.17051
479 0.0553168
478 0.261323
477 0.0636405
477 0.034269
475 0.0437422
