475 2.04024e-23
476 0.626861
477 0.44369
478 0.97151
479 0.134826
479 0.0432483
479 0.374438
481 1.00333
481 0.186124
482 0.647577
483 0.350338
483 0.227649
483 0.0038225
485 0.670248
485 0.0605836
485 0.351388
486 0.301988
486 0.0235702
486 0.153952
487 0.320019
488 0.420515
490 1.33368
491 0.246289
493 1.40888
493 0.104384
494 0.405518
494 0.155938
494 0.110383
495 0.153372
496 0.706549
496 0.136009
496 0.217438
497 0.167805
497 0.130858
497 0.0174167
497 0.077742
497 0.0930216
498 0.67324
501 1.55998
501 0.0144833
503 0.787041
504 0.430767
504 0.187694
504 0.248135
505 0.128912
507 1.07076
507 0.399286
508 0.19981
508 0.194326
509 0.572294
509 0.192185
511 0.919534
513 1.04799
513 0.0819459
515 0.811958
515 0.0413662
517 1.11229
517 0.373707
523 2.9383
523 0.149447
523 0.214815
523 0.0786017
524 0.400298
525 0.266342
850 1.46247e-23
1012 0.00424059
1149 0.0033255
1150 1.16258e-28
1012 0.00158959
524 0.259233
523 0.0774342
523 0.129984
523 0.0551297
517 0.0826073
517 0.0527304
515 0.187939
515 0.0438984
513 0.047775
513 0.0342911
511 0.0411188
509 0.0414884
509 0.0368261
508 0.146375
508 0.11798
507 0.14326
507 0.105618
505 0.04366
504 0.0374614
504 0.0354005
504 0.0865535
503 0.0363617
501 0.161972
501 0.0455004
498 0.0685005
497 0.0897146
497 0.106285
497 0.0504336
497 0.161232
496 0.0637317
496 0.117555
496 0.0394811
495 0.0375746
494 0.0453339
494 0.0584124
494 0.0434413
493 0.0758055
491 0.0346966
490 0.253169
488 0.0626317
487 0.0372342
486 0.24022
486 0.0516734
486 0.0470196
485 0.0507433
485 0.0411052
485 0.115126
483 0.041784
482 0.0642557
481 0.104029
481 0.0390522
479 0.0406374
479 0.122511
479 0.531597
478 0.0408899
477 0.114448
476 0.0341973
