475 1.1102e-22
475 0.302115
475 0.350614
475 0.169675
475 0.694482
475 1.08815
476 1.1314
476 1.81344
476 0.0795441
476 0.72737
477 0.325123
477 1.83844
477 0.478354
477 0.348414
478 0.876656
478 0.103651
478 0.468547
478 1.37077
478 0.213582
479 1.45053
479 1.18729
479 0.143079
479 1.02238
479 1.84577
480 1.52463
480 3.32547
481 3.10409
481 2.77326
481 2.83001
482 2.9068
482 3.40099
482 0.961865
482 0.00253852
482 0.0137317
482 0.0027471
480 0.0377752
479 0.0342416
479 0.0399049
479 0.0471216
479 0.0343922
479 0.0379107
478 0.0565191
478 0.0484979
478 0.0447712
478 0.0607396
478 0.0492281
477 0.044909
477 0.0411682
477 0.0537961
477 0.060397
476 0.051814
476 0.04043
476 0.041942
476 0.0362208
475 0.0738225
475 0.0533594
475 0.0737473
475 0.0617855
