475 1.1102e-22
475 0.178058
475 0.388636
475 2.14655
476 0.425749
476 0.886292
476 0.355192
476 0.641895
477 1.36213
477 0.180869
477 0.113962
477 0.315478
477 0.0413872
478 3.26259
478 0.234336
478 1.30989
478 0.158686
478 0.529953
479 0.92041
479 1.79407
479 0.242807
479 0.225123
479 0.409406
479 0.381163
479 0.72467
479 0.262078
480 0.827915
480 0.2359
480 1.82276
480 2.43412
481 2.6495
481 2.97281
482 2.86433
482 2.95574
482 3.29731
482 1.13564
480 0.0368843
480 0.0395482
480 0.039558
479 0.0411313
479 0.0430917
479 0.0468433
479 0.0368427
479 0.0374187
479 0.0431019
479 0.034618
479 0.0372194
478 0.0420404
478 0.0504587
478 0.0415198
478 0.0471722
478 0.0526232
477 0.0488101
477 0.0607129
477 0.0622934
477 0.0645076
477 0.0503411
476 0.0378587
476 0.0520016
476 0.0547564
476 0.0360337
475 0.0574722
475 0.0700406
475 0.0476927
