475 1.1102e-22
475 1.06452
475 0.318347
475 0.185219
475 0.726642
476 0.625729
476 1.57521
477 1.68837
477 0.054567
477 0.940024
477 1.10291
478 3.33282
478 1.43238
479 0.0521922
479 0.822458
479 0.0503955
479 1.9108
480 3.5484
480 0.11971
480 0.0592326
480 1.48369
481 3.40565
481 2.93296
481 2.71606
482 2.86997
482 3.04742
482 3.11509
482 0.00290868
480 0.0379393
480 0.0414415
479 0.0457469
479 0.0392821
479 0.0400591
479 0.037304
478 0.0452854
477 0.0394597
477 0.0629334
477 0.0496837
477 0.0478135
476 0.0365196
476 0.0814869
475 0.0342266
475 0.0440682
475 0.0847567
475 0.0483245
