475 1.1102e-22
475 0.17413
475 0.356518
475 0.537124
475 0.104498
476 2.16815
476 0.173869
476 0.218623
476 1.53459
476 0.0355221
476 0.159059
476 0.501765
477 0.681102
477 1.12856
477 1.26393
478 1.67915
478 0.393768
478 0.743111
478 0.75751
478 0.0737772
479 1.23142
479 1.50841
479 0.352408
480 1.94244
480 3.30601
481 3.16568
481 2.86954
481 2.80853
482 2.78697
482 2.96852
482 3.25314
480 0.0421378
479 0.0467855
479 0.0477417
479 0.0412257
478 0.0486215
478 0.047077
478 0.0464584
478 0.0531707
478 0.0578907
477 0.0589433
477 0.0618409
477 0.0385572
476 0.0619808
476 0.0618944
476 0.0590434
476 0.0466395
476 0.0493032
476 0.0495307
476 0.0523931
475 0.0728643
475 0.0406584
475 0.0374188
