475 1.1102e-22
475 0.0933383
475 1.68794
475 0.641583
475 0.0629364
476 1.72778
476 0.0266855
476 0.836889
476 0.59668
477 0.53534
477 0.344757
477 0.436079
477 1.10703
478 1.50021
478 0.965983
478 0.1266
478 0.65905
478 0.473617
478 0.24374
478 0.991272
479 0.98806
479 0.81144
479 0.879417
479 0.751654
479 0.377364
480 1.1827
480 1.74743
480 3.02505
481 2.99657
481 2.8913
481 2.77544
482 2.85287
482 3.34053
482 0.884452
482 0.177005
482 0.00608102
480 0.0415999
480 0.0416879
479 0.0432631
479 0.0426987
479 0.0391202
479 0.0357511
479 0.0360631
478 0.0526014
478 0.0358941
478 0.0539495
478 0.0566738
478 0.0367296
478 0.0392842
478 0.0395008
477 0.0594869
477 0.0707574
477 0.0506067
477 0.0376209
476 0.0386445
476 0.0474683
476 0.050231
476 0.0530058
475 0.0636758
475 0.0527925
475 0.0559207
475 0.00932177
475 0.0103135
475 0.0604659
