475 1.1102e-22
475 0.816086
475 1.0459
475 0.282586
475 0.618757
475 0.00297176
476 0.253228
476 1.68724
477 2.63413
477 0.100477
477 0.215324
477 0.17154
477 0.451499
477 0.070649
477 0.768237
478 0.411772
478 1.65644
478 0.52379
478 0.0209423
478 0.441577
478 1.09711
479 0.599368
479 1.98575
480 2.8098
480 0.0165815
480 2.46986
481 2.93403
481 2.91337
481 2.83337
482 2.85972
482 3.00114
482 3.24035
482 0.0164209
480 0.0425311
480 0.0421395
479 0.0343713
479 0.0409206
478 0.035677
478 0.0362655
478 0.0573933
478 0.0389165
478 0.0498429
478 0.054185
477 0.046611
477 0.0382249
477 0.0358423
477 0.0351903
477 0.0557069
477 0.0467725
477 0.0425302
476 0.0672105
476 0.0556983
475 0.0358621
475 0.0433907
475 0.0355195
475 0.0426387
475 0.0365241
