475 1.1102e-22
475 2.51317
477 3.83022
477 0.453002
477 0.272088
477 0.231647
477 0.971606
477 0.375844
477 0.129434
477 0.383347
477 0.00228076
478 2.55263
478 0.494338
478 0.277607
479 1.85531
480 3.52027
480 0.112668
480 0.0120074
480 1.10627
480 1.75916
480 1.41935
481 2.21275
481 2.94728
482 2.71074
482 2.88109
482 2.91181
482 3.1915
482 0.0152076
482 0.00366913
480 0.0348703
480 0.042441
480 0.0423405
480 0.0382033
479 0.0494445
478 0.0566389
478 0.0405536
478 0.0570471
477 0.0341809
477 0.0376856
477 0.0389146
477 0.0621236
477 0.0503971
477 0.0405673
477 0.0490853
477 0.0582453
477 0.0676707
475 0.0532658
