475 1.1102e-22
475 0.143567
475 1.06715
475 0.421108
476 1.50846
476 0.842899
476 0.264509
476 0.443699
476 0.332689
476 0.551305
477 1.21082
478 3.61947
478 0.224565
478 1.32053
478 0.503044
478 0.0665784
479 1.30023
479 0.219117
479 0.387154
479 2.48319
480 3.36556
481 3.29136
481 3.0158
481 2.79284
482 2.77171
482 2.92416
482 3.44247
482 0.543199
479 0.0398841
479 0.0467742
479 0.0548126
479 0.0451427
478 0.0432899
478 0.0398026
478 0.0392307
478 0.0366738
478 0.0529549
477 0.0642906
476 0.0391844
476 0.0455938
476 0.0500244
476 0.0746823
476 0.051115
476 0.073343
475 0.0423883
475 0.056017
475 0.0476136
