475 1.1102e-22
475 1.64419
475 0.923586
476 1.13117
476 1.46089
476 0.294625
476 0.475238
476 0.0786009
477 0.57749
477 0.317281
477 0.340493
477 0.141586
478 2.86522
478 0.889592
478 0.828978
478 1.27632
478 0.00429272
478 0.017775
479 0.606107
479 2.22595
479 0.734066
479 1.17282
480 0.490377
480 3.16707
481 3.09738
481 2.79845
481 2.82299
482 3.05838
482 3.16793
482 2.30801
482 0.0179944
480 0.0379655
480 0.0425494
479 0.0377159
479 0.0383021
479 0.0466749
479 0.0463186
478 0.0540547
478 0.0469282
478 0.0382992
478 0.0465177
478 0.0530016
478 0.0368315
477 0.0665548
477 0.043691
477 0.0712674
477 0.049162
476 0.0492942
476 0.0481446
476 0.0430815
476 0.0500655
476 0.0459671
475 0.0356529
475 0.0371101
