0 -1
475 1
0 -1
475 1
0 -1
475 1
0 -1
0 1
0 -1
452 1
0 -1
308 1
0 -1
475 1
0 -1
475 1
0 -1
267 1
0 -1
257 1
0 -1
475 1
0 -1
475 1
0 -1
475 1
0 -1
475 1
0 -1
347 1
0 -1
475 1
0 -1
475 1
0 -1
250 1
0 -1
171 1
0 -1
457 1
0 -1
326 1
0 -1
475 1
0 -1
475 1
0 -1
475 1
0 -1
475 1
0 -1
296 1
0 -1
475 1
0 -1
335 1
0 -1
475 1
0 -1
93 1
0 -1
475 1
0 -1
475 1
0 -1
475 1
0 -1
475 1
0 -1
475 1
0 -1
475 1
0 -1
322 1
0 -1
204 1
0 -1
252 1
0 -1
475 1
0 -1
86 1
0 -1
468 1
0 -1
0 1
0 -1
475 1
0 -1
475 1
0 -1
0 1
0 -1
475 1
0 -1
475 1
0 -1
475 1
0 -1
467 1
0 -1
113 1
0 -1
305 1
0 -1
239 1
0 -1
475 1
0 -1
0 1
0 -1
317 1
0 -1
475 1
0 -1
239 1
0 -1
363 1
0 -1
475 1
0 -1
475 1
0 -1
384 1
0 -1
380 1
0 -1
309 1
0 -1
449 1
0 -1
475 1
0 -1
445 1
0 -1
475 1
0 -1
232 1
0 -1
475 1
0 -1
475 1
0 -1
419 1
0 -1
475 1
0 -1
321 1
0 -1
475 1
0 -1
475 1
0 -1
475 1
0 -1
208 1
0 -1
475 1
0 -1
0 1
0 -1
475 1
0 -1
0 1
0 -1
475 1
0 -1
475 1
0 -1
455 1
0 -1
475 1
0 -1
475 1
0 -1
475 1
0 -1
475 1
0 -1
475 1
0 -1
0 1
0 -1
457 1
0 -1
475 1
0 -1
475 1
0 -1
475 1
0 -1
475 1
0 -1
52 1
0 -1
449 1
0 -1
390 1
0 -1
475 1
0 -1
409 1
0 -1
423 1
0 -1
394 1
0 -1
190 1
0 -1
475 1
0 -1
0 1
0 -1
472 1
0 -1
475 1
0 -1
410 1
0 -1
473 1
0 -1
190 1
0 -1
301 1
0 -1
295 1
0 -1
456 1
0 -1
475 1
0 -1
0 1
0 -1
224 1
0 -1
475 1
0 -1
475 1
0 -1
421 1
0 -1
475 1
0 -1
390 1
0 -1
351 1
0 -1
475 1
0 -1
302 1
0 -1
458 1
0 -1
386 1
0 -1
445 1
0 -1
424 1
0 -1
334 1
0 -1
323 1
0 -1
417 1
0 -1
377 1
0 -1
475 1
0 -1
119 1
0 -1
325 1
0 -1
475 1
0 -1
256 1
0 -1
475 1
0 -1
0 1
0 -1
363 1
0 -1
408 1
0 -1
435 1
0 -1
360 1
0 -1
353 1
0 -1
475 1
0 -1
475 1
0 -1
475 1
0 -1
475 1
0 -1
475 1
0 -1
216 1
0 -1
475 1
0 -1
15 1
0 -1
0 1
0 -1
475 1
0 -1
475 1
0 -1
475 1
0 -1
475 1
0 -1
475 1
0 -1
475 1
0 -1
307 1
0 -1
475 1
0 -1
0 1
0 -1
283 1
0 -1
475 1
0 -1
475 1
0 -1
475 1
0 -1
475 1
0 -1
475 1
0 -1
0 1
0 -1
456 1
0 -1
475 1
0 -1
301 1
0 -1
405 1
0 -1
378 1
0 -1
475 1
0 -1
425 1
0 -1
475 1
0 -1
475 1
0 -1
475 1
0 -1
475 1
0 -1
475 1
0 -1
475 1
0 -1
0 1
0 -1
475 1
0 -1
475 1
0 -1
0 1
0 -1
475 1
0 -1
0 1
0 -1
0 1
0 -1
475 1
0 -1
201 1
0 -1
475 1
0 -1
0 1
0 -1
305 1
0 -1
475 1
0 -1
338 1
0 -1
0 1
0 -1
224 1
0 -1
0 1
0 -1
475 1
0 -1
235 1
0 -1
475 1
0 -1
475 1
0 -1
304 1
0 -1
336 1
0 -1
475 1
0 -1
360 1
0 -1
356 1
0 -1
185 1
0 -1
290 1
0 -1
398 1
0 -1
294 1
0 -1
93 1
0 -1
152 1
0 -1
475 1
0 -1
475 1
0 -1
475 1
0 -1
397 1
0 -1
329 1
0 -1
291 1
0 -1
174 1
0 -1
327 1
0 -1
0 1
0 -1
177 1
0 -1
320 1
0 -1
475 1
0 -1
467 1
0 -1
419 1
0 -1
475 1
0 -1
475 1
0 -1
475 1
0 -1
256 1
0 -1
475 1
0 -1
475 1
0 -1
475 1
0 -1
271 1
0 -1
0 1
0 -1
475 1
0 -1
339 1
0 -1
0 1
0 -1
475 1
0 -1
475 1
0 -1
475 1
0 -1
77 1
0 -1
220 1
0 -1
465 1
0 -1
44 1
0 -1
0 1
0 -1
415 1
0 -1
175 1
0 -1
475 1
0 -1
475 1
0 -1
475 1
0 -1
383 1
0 -1
266 1
0 -1
475 1
0 -1
9 1
0 -1
246 1
0 -1
379 1
0 -1
475 1
0 -1
279 1
0 -1
475 1
0 -1
475 1
0 -1
475 1
0 -1
475 1
0 -1
475 1
0 -1
475 1
0 -1
203 1
0 -1
475 1
0 -1
357 1
0 -1
235 1
0 -1
345 1
0 -1
161 1
0 -1
475 1
0 -1
475 1
0 -1
471 1
0 -1
469 1
0 -1
475 1
0 -1
0 1
0 -1
475 1
0 -1
185 1
0 -1
433 1
0 -1
475 1
0 -1
475 1
0 -1
475 1
0 -1
176 1
0 -1
138 1
0 -1
475 1
0 -1
378 1
0 -1
475 1
0 -1
306 1
0 -1
475 1
0 -1
475 1
0 -1
475 1
0 -1
0 1
0 -1
475 1
0 -1
349 1
0 -1
475 1
0 -1
250 1
0 -1
444 1
0 -1
391 1
0 -1
454 1
0 -1
475 1
0 -1
475 1
0 -1
475 1
0 -1
0 1
0 -1
475 1
0 -1
371 1
0 -1
436 1
0 -1
0 1
0 -1
475 1
0 -1
409 1
0 -1
475 1
0 -1
475 1
0 -1
475 1
0 -1
475 1
0 -1
475 1
0 -1
475 1
0 -1
421 1
0 -1
342 1
0 -1
14 1
0 -1
331 1
0 -1
0 1
0 -1
452 1
0 -1
475 1
0 -1
460 1
0 -1
222 1
0 -1
475 1
0 -1
475 1
0 -1
245 1
0 -1
475 1
0 -1
226 1
0 -1
475 1
0 -1
475 1
0 -1
475 1
0 -1
475 1
0 -1
475 1
0 -1
368 1
0 -1
475 1
0 -1
435 1
0 -1
475 1
0 -1
475 1
0 -1
475 1
0 -1
231 1
0 -1
475 1
0 -1
471 1
0 -1
322 1
0 -1
475 1
0 -1
475 1
0 -1
393 1
0 -1
337 1
0 -1
238 1
0 -1
475 1
0 -1
475 1
0 -1
273 1
0 -1
109 1
0 -1
475 1
0 -1
176 1
0 -1
475 1
0 -1
475 1
0 -1
0 1
0 -1
373 1
0 -1
475 1
0 -1
448 1
0 -1
0 1
0 -1
346 1
0 -1
475 1
0 -1
456 1
0 -1
421 1
0 -1
475 1
0 -1
0 1
0 -1
475 1
0 -1
305 1
0 -1
475 1
0 -1
475 1
0 -1
177 1
0 -1
268 1
0 -1
17 1
0 -1
475 1
0 -1
471 1
0 -1
287 1
0 -1
402 1
0 -1
16 1
0 -1
75 1
0 -1
475 1
0 -1
475 1
0 -1
166 1
0 -1
475 1
0 -1
475 1
0 -1
223 1
0 -1
399 1
0 -1
475 1
0 -1
475 1
0 -1
131 1
0 -1
455 1
0 -1
51 1
0 -1
475 1
0 -1
325 1
0 -1
312 1
0 -1
475 1
0 -1
475 1
0 -1
475 1
0 -1
422 1
0 -1
450 1
0 -1
475 1
0 -1
9 1
0 -1
475 1
0 -1
475 1
0 -1
475 1
0 -1
301 1
0 -1
451 1
0 -1
189 1
0 -1
475 1
0 -1
437 1
0 -1
475 1
0 -1
475 1
0 -1
249 1
0 -1
220 1
0 -1
475 1
0 -1
363 1
0 -1
202 1
0 -1
475 1
0 -1
475 1
0 -1
475 1
0 -1
0 1
0 -1
442 1
0 -1
475 1
0 -1
475 1
0 -1
355 1
0 -1
475 1
0 -1
208 1
0 -1
475 1
0 -1
452 1
0 -1
475 1
0 -1
0 1
0 -1
475 1
0 -1
475 1
0 -1
475 1
0 -1
409 1
0 -1
475 1
0 -1
475 1
0 -1
448 1
0 -1
475 1
0 -1
325 1
0 -1
287 1
0 -1
475 1
0 -1
0 1
0 -1
133 1
0 -1
372 1
0 -1
354 1
0 -1
475 1
0 -1
407 1
0 -1
369 1
0 -1
475 1
0 -1
291 1
0 -1
368 1
0 -1
208 1
0 -1
383 1
0 -1
259 1
0 -1
475 1
0 -1
475 1
0 -1
475 1
0 -1
475 1
0 -1
263 1
0 -1
0 1
0 -1
475 1
0 -1
475 1
0 -1
475 1
0 -1
475 1
0 -1
475 1
0 -1
475 1
0 -1
402 1
0 -1
475 1
0 -1
475 1
0 -1
475 1
0 -1
81 1
0 -1
446 1
0 -1
463 1
0 -1
431 1
0 -1
475 1
0 -1
475 1
0 -1
475 1
0 -1
475 1
0 -1
215 1
0 -1
368 1
0 -1
475 1
0 -1
475 1
0 -1
475 1
0 -1
422 1
0 -1
108 1
0 -1
302 1
0 -1
278 1
0 -1
475 1
0 -1
422 1
0 -1
0 1
0 -1
475 1
0 -1
475 1
0 -1
126 1
0 -1
406 1
0 -1
475 1
0 -1
475 1
0 -1
475 1
0 -1
0 1
0 -1
475 1
0 -1
475 1
0 -1
445 1
0 -1
475 1
0 -1
252 1
0 -1
303 1
0 -1
475 1
0 -1
469 1
0 -1
475 1
0 -1
286 1
0 -1
235 1
0 -1
396 1
0 -1
0 1
0 -1
475 1
0 -1
475 1
0 -1
371 1
0 -1
460 1
0 -1
406 1
0 -1
118 1
0 -1
403 1
0 -1
343 1
0 -1
116 1
0 -1
0 1
0 -1
0 1
0 -1
475 1
0 -1
439 1
0 -1
475 1
0 -1
223 1
0 -1
475 1
0 -1
322 1
0 -1
405 1
0 -1
0 1
0 -1
475 1
0 -1
475 1
0 -1
475 1
0 -1
274 1
0 -1
475 1
0 -1
459 1
0 -1
475 1
0 -1
354 1
0 -1
286 1
0 -1
419 1
0 -1
475 1
0 -1
446 1
0 -1
475 1
0 -1
9 1
0 -1
475 1
0 -1
475 1
0 -1
475 1
0 -1
42 1
0 -1
475 1
0 -1
475 1
0 -1
475 1
0 -1
475 1
0 -1
475 1
0 -1
475 1
0 -1
475 1
0 -1
407 1
0 -1
475 1
0 -1
285 1
0 -1
397 1
0 -1
475 1
0 -1
475 1
0 -1
351 1
0 -1
475 1
0 -1
452 1
0 -1
475 1
0 -1
414 1
0 -1
475 1
0 -1
0 1
0 -1
331 1
0 -1
451 1
0 -1
385 1
0 -1
475 1
0 -1
258 1
0 -1
475 1
0 -1
475 1
0 -1
475 1
0 -1
223 1
0 -1
446 1
0 -1
475 1
0 -1
475 1
0 -1
475 1
0 -1
475 1
0 -1
331 1
0 -1
419 1
0 -1
200 1
0 -1
382 1
0 -1
330 1
0 -1
475 1
0 -1
475 1
0 -1
475 1
0 -1
475 1
0 -1
475 1
0 -1
475 1
0 -1
475 1
0 -1
39 1
0 -1
213 1
0 -1
475 1
0 -1
475 1
0 -1
354 1
0 -1
429 1
0 -1
475 1
0 -1
128 1
0 -1
475 1
0 -1
475 1
0 -1
388 1
0 -1
475 1
0 -1
475 1
0 -1
475 1
0 -1
475 1
0 -1
0 1
0 -1
195 1
0 -1
475 1
0 -1
60 1
0 -1
475 1
0 -1
475 1
0 -1
475 1
0 -1
0 1
0 -1
401 1
0 -1
475 1
0 -1
475 1
0 -1
439 1
0 -1
475 1
0 -1
443 1
0 -1
327 1
0 -1
189 1
0 -1
475 1
0 -1
308 1
0 -1
0 1
0 -1
0 1
0 -1
397 1
0 -1
320 1
0 -1
342 1
0 -1
475 1
0 -1
475 1
0 -1
406 1
0 -1
0 1
0 -1
0 1
0 -1
0 1
0 -1
475 1
0 -1
475 1
0 -1
315 1
0 -1
426 1
0 -1
475 1
0 -1
475 1
0 -1
475 1
0 -1
475 1
0 -1
393 1
0 -1
252 1
0 -1
0 1
0 -1
475 1
0 -1
475 1
0 -1
475 1
0 -1
475 1
0 -1
347 1
0 -1
475 1
0 -1
475 1
0 -1
475 1
0 -1
475 1
0 -1
340 1
0 -1
466 1
0 -1
285 1
0 -1
475 1
0 -1
370 1
0 -1
475 1
0 -1
475 1
0 -1
475 1
0 -1
475 1
0 -1
433 1
0 -1
249 1
0 -1
180 1
0 -1
0 1
0 -1
475 1
0 -1
387 1
0 -1
346 1
0 -1
475 1
0 -1
247 1
0 -1
475 1
0 -1
475 1
0 -1
421 1
0 -1
449 1
0 -1
475 1
0 -1
464 1
0 -1
475 1
0 -1
0 1
0 -1
359 1
0 -1
475 1
0 -1
166 1
0 -1
475 1
0 -1
5 1
0 -1
475 1
0 -1
475 1
0 -1
264 1
0 -1
408 1
0 -1
324 1
0 -1
431 1
0 -1
228 1
0 -1
160 1
0 -1
475 1
0 -1
475 1
0 -1
475 1
0 -1
408 1
0 -1
475 1
0 -1
401 1
0 -1
227 1
0 -1
386 1
0 -1
475 1
0 -1
475 1
0 -1
475 1
0 -1
433 1
0 -1
383 1
0 -1
475 1
0 -1
475 1
0 -1
0 1
0 -1
462 1
0 -1
475 1
0 -1
475 1
0 -1
475 1
0 -1
198 1
0 -1
185 1
0 -1
475 1
0 -1
41 1
0 -1
437 1
0 -1
475 1
0 -1
475 1
0 -1
379 1
0 -1
475 1
0 -1
378 1
0 -1
475 1
0 -1
433 1
0 -1
334 1
0 -1
475 1
0 -1
475 1
0 -1
475 1
0 -1
380 1
0 -1
247 1
0 -1
475 1
0 -1
475 1
0 -1
307 1
0 -1
475 1
0 -1
415 1
0 -1
475 1
0 -1
48 1
0 -1
273 1
0 -1
154 1
0 -1
475 1
0 -1
475 1
0 -1
381 1
0 -1
475 1
0 -1
394 1
0 -1
374 1
0 -1
428 1
0 -1
0 1
0 -1
343 1
0 -1
475 1
0 -1
475 1
0 -1
0 1
0 -1
475 1
0 -1
475 1
0 -1
67 1
0 -1
437 1
0 -1
197 1
0 -1
341 1
0 -1
407 1
0 -1
251 1
0 -1
475 1
0 -1
417 1
0 -1
475 1
0 -1
73 1
0 -1
475 1
0 -1
475 1
0 -1
382 1
0 -1
379 1
0 -1
0 1
0 -1
433 1
0 -1
475 1
0 -1
475 1
0 -1
363 1
0 -1
382 1
0 -1
346 1
0 -1
0 1
0 -1
283 1
0 -1
309 1
0 -1
475 1
0 -1
63 1
0 -1
475 1
0 -1
425 1
0 -1
475 1
0 -1
323 1
0 -1
431 1
0 -1
475 1
0 -1
0 1
0 -1
475 1
0 -1
258 1
0 -1
391 1
0 -1
475 1
0 -1
475 1
0 -1
475 1
0 -1
475 1
0 -1
475 1
0 -1
414 1
0 -1
0 1
0 -1
475 1
0 -1
236 1
0 -1
475 1
0 -1
370 1
0 -1
475 1
0 -1
475 1
0 -1
250 1
0 -1
475 1
0 -1
475 1
0 -1
475 1
0 -1
475 1
0 -1
439 1
0 -1
472 1
0 -1
428 1
0 -1
475 1
0 -1
0 1
0 -1
0 1
0 -1
404 1
0 -1
475 1
0 -1
475 1
0 -1
473 1
0 -1
475 1
0 -1
475 1
0 -1
475 1
0 -1
304 1
0 -1
475 1
0 -1
0 1
0 -1
475 1
0 -1
475 1
0 -1
0 1
0 -1
236 1
0 -1
475 1
0 -1
435 1
0 -1
475 1
0 -1
475 1
0 -1
475 1
0 -1
260 1
0 -1
442 1
0 -1
111 1
0 -1
472 1
0 -1
475 1
0 -1
475 1
0 -1
378 1
0 -1
352 1
0 -1
373 1
0 -1
360 1
0 -1
88 1
0 -1
475 1
0 -1
310 1
0 -1
0 1
0 -1
308 1
0 -1
475 1
0 -1
337 1
0 -1
388 1
0 -1
475 1
0 -1
340 1
0 -1
475 1
0 -1
445 1
0 -1
144 1
0 -1
205 1
0 -1
273 1
0 -1
408 1
0 -1
475 1
0 -1
475 1
0 -1
423 1
0 -1
426 1
0 -1
475 1
0 -1
475 1
0 -1
475 1
0 -1
0 1
0 -1
459 1
0 -1
348 1
0 -1
312 1
0 -1
301 1
0 -1
300 1
0 -1
461 1
0 -1
458 1
0 -1
377 1
0 -1
351 1
0 -1
194 1
0 -1
475 1
0 -1
130 1
0 -1
475 1
0 -1
475 1
0 -1
424 1
0 -1
378 1
0 -1
134 1
0 -1
475 1
0 -1
0 1
0 -1
475 1
0 -1
475 1
0 -1
475 1
0 -1
475 1
0 -1
475 1
0 -1
393 1
0 -1
475 1
0 -1
475 1
0 -1
475 1
0 -1
137 1
0 -1
475 1
0 -1
475 1
0 -1
475 1
0 -1
475 1
0 -1
475 1
0 -1
475 1
0 -1
440 1
0 -1
475 1
0 -1
475 1
0 -1
292 1
0 -1
475 1
0 -1
475 1
0 -1
0 1
0 -1
0 1
0 -1
475 1
0 -1
475 1
0 -1
452 1
0 -1
408 1
0 -1
475 1
0 -1
329 1
0 -1
475 1
0 -1
417 1
0 -1
475 1
0 -1
475 1
0 -1
475 1
0 -1
475 1
0 -1
475 1
0 -1
449 1
0 -1
424 1
0 -1
475 1
0 -1
475 1
0 -1
28 1
0 -1
475 1
0 -1
475 1
0 -1
291 1
0 -1
475 1
0 -1
0 1
0 -1
0 1
0 -1
475 1
0 -1
475 1
0 -1
475 1
0 -1
475 1
0 -1
475 1
0 -1
475 1
0 -1
475 1
0 -1
475 1
0 -1
475 1
0 -1
475 1
0 -1
460 1
0 -1
475 1
0 -1
335 1
0 -1
475 1
0 -1
54 1
0 -1
475 1
0 -1
475 1
0 -1
475 1
0 -1
475 1
0 -1
475 1
0 -1
475 1
0 -1
475 1
0 -1
156 1
0 -1
345 1
0 -1
247 1
0 -1
475 1
0 -1
0 1
0 -1
430 1
0 -1
356 1
0 -1
277 1
0 -1
475 1
0 -1
475 1
0 -1
475 1
0 -1
0 1
0 -1
418 1
0 -1
475 1
0 -1
475 1
0 -1
379 1
0 -1
475 1
0 -1
165 1
0 -1
475 1
0 -1
475 1
0 -1
329 1
0 -1
0 1
0 -1
338 1
0 -1
475 1
0 -1
444 1
0 -1
0 1
0 -1
259 1
0 -1
475 1
0 -1
366 1
0 -1
280 1
0 -1
0 1
0 -1
0 1
0 -1
475 1
0 -1
475 1
