475 -13
475 13
493 -12
493 12
493 -1
493 1
491 1
491 -1
512 -13
512 13
508 -13
508 13
511 -13
511 13
505 1
505 -1
522 1
522 -1
512 1
512 -1
502 -12
502 12
502 -1
507 1
505 1
505 -1
504 1
504 -1
503 1
503 -1
503 1
503 -1
503 1
503 -1
503 1
503 -1
503 1
503 -1
502 1
502 -1
502 1
502 -1
502 1
502 -1
503 1
503 -1
503 -13
503 13
509 1
509 -1
509 1
509 -1
509 -13
509 13
519 -13
519 13
513 -13
513 13
491 -13
491 13
502 -12
502 12
502 -1
510 1
508 1
508 -1
508 1
508 -1
508 1
508 -1
507 1
507 -1
507 1
507 -1
507 1
507 -1
507 1
507 -1
507 1
507 -1
507 1
507 -1
506 1
506 -1
506 1
506 -1
506 1
506 -1
506 1
506 -1
506 1
506 -1
506 1
506 -1
505 1
505 -1
505 1
505 -1
505 1
505 -1
505 1
505 -1
505 1
505 -1
504 1
504 -1
504 1
504 -1
504 1
504 -1
504 1
504 -1
504 1
504 -1
503 1
503 -1
503 1
503 -1
503 1
503 -1
503 1
503 -1
503 1
503 -1
503 1
503 -1
503 1
503 -1
503 1
503 -1
502 1
502 -1
502 1
502 -1
502 1
502 -1
502 1
502 -1
502 1
502 -1
505 1
505 -1
520 -13
520 13
475 -13
475 13
478 -13
478 13
486 -13
486 13
487 -13
487 13
508 1
520 -1
520 1
520 -1
520 1
520 -1
520 1
520 -1
520 1
520 -1
520 1
520 -1
518 1
518 -1
516 1
516 -1
512 1
512 -1
512 1
512 -1
511 1
511 -1
511 1
511 -1
509 1
509 -1
512 1
512 -1
511 1
511 -1
511 1
511 -1
511 1
511 -1
513 1
513 -1
516 1
516 -1
505 -13
505 13
475 -12
475 12
475 -1
475 1
496 -13
496 13
509 -11
509 11
509 -1
509 1
509 -1
509 1
511 1
512 -1
500 1
500 -1
486 1
486 -1
486 1
486 -1
486 1
486 -1
516 1
516 -1
517 1
517 -1
512 1
511 -1
512 1
512 -1
489 -13
489 13
492 -13
492 13
511 -12
511 12
511 -1
521 1
519 1
519 -1
519 1
519 -1
519 1
519 -1
519 1
519 -1
518 1
518 -1
518 1
518 -1
518 1
518 -1
518 1
518 -1
518 1
518 -1
518 1
518 -1
517 1
517 -1
517 1
517 -1
517 1
517 -1
517 1
517 -1
517 1
517 -1
516 1
516 -1
516 1
516 -1
515 1
515 -1
515 1
515 -1
515 1
515 -1
515 1
515 -1
514 1
514 -1
514 1
514 -1
514 1
514 -1
513 1
513 -1
513 1
513 -1
513 1
513 -1
513 1
513 -1
513 1
513 -1
512 1
512 -1
512 1
512 -1
512 1
512 -1
512 1
512 -1
512 1
512 -1
512 1
512 -1
512 1
512 -1
512 -12
512 12
512 -1
512 1
491 1
491 -1
498 1
498 -1
513 1
513 -1
523 1
523 -1
517 1
517 -1
517 1
517 -1
496 -1
492 1
496 -1
492 1
492 1
492 -1
492 1
492 -1
493 1
493 -1
493 1
493 -1
493 1
493 -1
495 1
495 -1
496 1
496 -1
496 1
494 -1
494 1
494 -1
494 1
494 -1
494 1
494 -1
494 1
494 -1
494 1
494 -1
495 1
495 -1
493 1
493 -1
489 1
489 -1
478 -13
478 13
521 -13
521 13
479 -13
479 13
518 -13
518 13
508 -13
508 13
506 -13
506 13
501 -12
501 12
501 -1
513 1
510 1
510 -1
510 1
510 -1
510 1
510 -1
510 1
510 -1
509 1
509 -1
509 1
509 -1
509 1
509 -1
508 1
508 -1
508 1
508 -1
508 1
508 -1
508 1
508 -1
508 1
508 -1
508 1
508 -1
508 1
508 -1
508 1
508 -1
508 1
508 -1
508 1
508 -1
508 1
508 -1
508 1
508 -1
507 1
507 -1
507 1
507 -1
507 1
507 -1
507 1
507 -1
506 1
506 -1
506 1
506 -1
506 1
506 -1
506 1
506 -1
506 1
506 -1
505 1
505 -1
505 1
505 -1
505 1
505 -1
505 1
505 -1
505 1
505 -1
505 1
505 -1
504 1
505 -1
504 1
504 -1
504 1
504 -1
504 1
504 -1
502 1
502 -1
502 1
502 -1
502 1
502 -1
502 1
502 -1
502 1
502 -1
502 1
502 -1
502 1
502 -1
501 1
501 -1
501 1
501 -1
495 1
495 -1
495 1
495 -1
493 1
493 -1
495 1
495 -1
497 1
497 -1
496 1
496 -1
513 1
513 -1
486 1
486 -1
494 1
494 -1
498 1
498 -1
500 -13
500 13
485 -13
485 13
490 -13
490 13
495 -13
495 13
497 -13
497 13
491 -13
491 13
486 1
486 -1
483 1
483 -1
500 1
501 -1
501 1
501 -1
475 -13
475 13
486 -12
486 12
486 -1
486 1
486 -1
486 1
497 -12
497 12
497 -1
497 1
498 1
500 -1
499 1
499 -1
500 1
500 -1
501 1
501 -1
