475 1.42529e-22
475 0.00237489
475 0.454641
475 1.58851
475 1.01033
476 0.912983
476 0.734864
476 2.65358
477 3.35603
477 1.67181
478 1.25685
478 0.286316
478 2.99864
478 3.01163
479 2.80171
479 2.97494
479 3.47139
479 0.40255
478 0.0341849
477 0.0352696
476 0.036305
476 0.0479287
476 0.0476543
475 0.050918
475 0.0548608
475 0.0612405
475 0.000632751
475 0.00100531
475 0.000211447
475 0.00126572
475 0.000704013
475 0.000524111
475 0.000971186
475 0.000275432
475 0.00128718
475 0.000876945
475 0.00340142
475 0.00145909
475 0.00251099
475 0.00190078
475 0.00267334
475 0.00095061
475 0.0013725
475 0.00350922
475 0.00251991
475 0.00408716
475 0.0103493
