475 1.42529e-22
475 0.0242243
475 0.242341
475 0.200978
475 1.37658
475 0.412659
475 0.792369
475 0.042585
475 0.131328
476 2.76979
476 1.05159
476 0.282412
476 2.0427
476 0.010179
476 0.00392658
476 0.0121908
476 3.0887
476 2.20045
476 0.0393862
475 0.0457887
475 0.0479751
475 0.0427155
475 0.0532919
475 0.0529363
475 0.0402658
475 0.0375781
475 0.00240961
475 0.00347418
475 0.00455428
475 0.00472056
475 0.0367638
482 0
475 0
371 0
482 0.040228
476 0
475 0
475 0
444 0
475 0.0979988
475 0.0717068
476 0.00140238
475 0
379 0
