0 -1
512 1
509 1
509 -1
509 1
509 -1
508 1
508 -1
508 1
508 -1
508 1
508 -1
507 1
507 -1
507 1
507 -1
507 1
507 -1
507 1
507 -1
507 1
507 -1
507 1
507 -1
506 1
506 -1
506 1
506 -1
506 1
506 -1
505 1
505 -1
505 1
505 -1
505 1
505 -1
505 1
505 -1
504 1
504 -1
504 1
504 -1
504 1
504 -1
503 1
503 -1
503 1
503 -1
502 1
502 -1
502 1
502 -1
501 1
501 -1
501 1
501 -1
501 1
501 -1
500 1
500 -1
500 1
500 -1
500 1
500 -1
500 1
500 -1
499 1
499 -1
499 1
499 -1
499 1
499 -1
499 1
499 -1
497 1
497 -1
497 1
497 -1
497 1
497 -1
497 1
497 -1
497 1
497 -1
497 1
497 -1
496 1
496 -1
496 1
496 -1
496 1
496 -1
496 1
496 -1
495 1
495 -1
495 1
495 -1
495 1
495 -1
495 1
495 -1
494 1
494 -1
494 1
494 -1
494 1
494 -1
494 1
494 -1
493 1
493 -1
493 1
493 -1
493 1
493 -1
493 1
493 -1
493 1
493 -1
492 1
492 -1
491 1
491 -1
489 1
489 -1
489 1
489 -1
489 1
489 -1
489 1
489 -1
489 1
489 -1
489 1
489 -1
489 1
489 -1
488 1
488 -1
488 1
488 -1
488 1
488 -1
487 1
487 -1
487 1
487 -1
487 1
487 -1
486 1
486 -1
486 1
486 -1
486 1
486 -1
485 1
485 -1
484 1
484 -1
484 1
484 -1
484 1
484 -1
484 1
484 -1
484 1
484 -1
484 1
484 -1
484 1
484 -1
483 1
483 -1
483 1
483 -1
483 1
483 -1
483 1
483 -1
483 1
483 -1
483 1
483 -1
483 1
483 -1
482 1
482 -1
481 1
481 -1
480 1
480 -1
479 1
479 -1
477 1
477 -1
476 1
476 -1
476 1
476 -1
476 1
476 -1
475 1
475 -1
475 1
475 -1
483 1
483 -1
0 -1
512 1
510 1
510 -1
510 1
510 -1
510 1
510 -1
510 1
510 -1
509 1
509 -1
509 1
509 -1
509 1
509 -1
508 1
508 -1
508 1
508 -1
508 1
508 -1
508 1
508 -1
507 1
507 -1
507 1
507 -1
507 1
507 -1
506 1
506 -1
506 1
506 -1
506 1
506 -1
506 1
506 -1
506 1
506 -1
505 1
505 -1
505 1
505 -1
505 1
505 -1
505 1
505 -1
505 1
505 -1
505 1
505 -1
505 1
505 -1
504 1
504 -1
504 1
504 -1
504 1
504 -1
504 1
504 -1
504 1
504 -1
503 1
503 -1
503 1
503 -1
503 1
503 -1
503 1
503 -1
503 1
503 -1
502 1
502 -1
502 1
502 -1
502 1
502 -1
501 1
501 -1
501 1
501 -1
501 1
501 -1
501 1
501 -1
500 1
500 -1
500 1
500 -1
500 1
500 -1
500 1
500 -1
500 1
500 -1
499 1
499 -1
499 1
499 -1
499 1
499 -1
498 1
498 -1
498 1
498 -1
498 1
498 -1
498 1
498 -1
497 1
497 -1
497 1
497 -1
497 1
497 -1
497 1
497 -1
497 1
497 -1
496 1
496 -1
496 1
496 -1
496 1
496 -1
495 1
495 -1
495 1
495 -1
494 1
494 -1
494 1
494 -1
493 1
493 -1
493 1
493 -1
493 1
493 -1
492 1
492 -1
492 1
492 -1
492 1
492 -1
491 1
491 -1
491 1
491 -1
491 1
491 -1
491 1
491 -1
490 1
490 -1
490 1
490 -1
489 1
489 -1
489 1
489 -1
489 1
489 -1
488 1
488 -1
488 1
488 -1
488 1
488 -1
488 1
488 -1
486 1
486 -1
485 1
485 -1
485 1
485 -1
485 1
485 -1
485 1
485 -1
485 1
485 -1
485 1
485 -1
485 1
485 -1
485 1
485 -1
484 1
484 -1
484 1
484 -1
484 1
484 -1
483 1
483 -1
482 1
482 -1
482 1
482 -1
482 1
482 -1
481 1
481 -1
481 1
481 -1
481 1
481 -1
480 1
480 -1
480 1
480 -1
480 1
480 -1
479 1
479 -1
479 1
479 -1
479 1
479 -1
479 1
479 -1
478 1
478 -1
478 1
478 -1
477 1
477 -1
477 1
477 -1
476 1
476 -1
475 1
475 -1
475 1
475 -1
475 1
475 -1
475 1
475 -1
0 -1
512 1
510 1
510 -1
509 1
509 -1
509 1
509 -1
509 1
509 -1
508 1
508 -1
508 1
508 -1
508 1
508 -1
507 1
507 -1
507 1
507 -1
507 1
507 -1
507 1
507 -1
507 1
507 -1
507 1
507 -1
507 1
507 -1
507 1
507 -1
507 1
507 -1
507 1
507 -1
506 1
506 -1
506 1
506 -1
506 1
506 -1
506 1
506 -1
506 1
506 -1
506 1
506 -1
506 1
506 -1
505 1
505 -1
505 1
505 -1
505 1
505 -1
505 1
505 -1
504 1
504 -1
504 1
504 -1
504 1
504 -1
504 1
504 -1
504 1
504 -1
504 1
504 -1
503 1
503 -1
503 1
503 -1
503 1
503 -1
503 1
503 -1
502 1
502 -1
502 1
502 -1
502 1
502 -1
501 1
501 -1
501 1
501 -1
501 1
501 -1
501 1
501 -1
500 1
500 -1
500 1
500 -1
500 1
500 -1
499 1
499 -1
499 1
499 -1
499 1
499 -1
499 1
499 -1
499 1
499 -1
499 1
499 -1
499 1
499 -1
499 1
499 -1
498 1
498 -1
497 1
497 -1
497 1
497 -1
497 1
497 -1
497 1
497 -1
496 1
496 -1
496 1
496 -1
496 1
496 -1
496 1
496 -1
495 1
495 -1
495 1
495 -1
494 1
494 -1
494 1
494 -1
494 1
494 -1
493 1
493 -1
493 1
493 -1
493 1
493 -1
493 1
493 -1
491 1
492 -1
491 1
491 -1
491 1
491 -1
491 1
491 -1
491 1
491 -1
491 1
491 -1
491 1
491 -1
490 1
490 -1
490 1
490 -1
489 1
489 -1
489 1
489 -1
488 1
488 -1
488 1
488 -1
488 1
488 -1
487 1
487 -1
487 1
487 -1
487 1
487 -1
486 1
486 -1
486 1
486 -1
485 1
485 -1
485 1
485 -1
485 1
485 -1
484 1
484 -1
484 1
484 -1
484 1
484 -1
483 1
483 -1
483 1
483 -1
483 1
483 -1
483 1
483 -1
483 1
483 -1
483 1
483 -1
483 1
483 -1
482 1
482 -1
482 1
482 -1
482 1
482 -1
482 1
482 -1
481 1
481 -1
481 1
481 -1
481 1
481 -1
481 1
481 -1
480 1
480 -1
479 1
479 -1
479 1
479 -1
478 1
478 -1
478 1
478 -1
477 1
477 -1
477 1
477 -1
476 1
476 -1
475 1
475 -1
475 1
475 -1
475 1
475 -1
475 1
475 -1
500 1
500 -1
0 -1
512 1
510 1
510 -1
510 1
510 -1
509 1
509 -1
509 1
509 -1
509 1
509 -1
509 1
509 -1
508 1
508 -1
508 1
508 -1
508 1
508 -1
508 1
508 -1
508 1
508 -1
508 1
508 -1
506 1
506 -1
506 1
506 -1
506 1
506 -1
505 1
505 -1
505 1
505 -1
505 1
505 -1
505 1
505 -1
505 1
505 -1
504 1
504 -1
504 1
504 -1
504 1
504 -1
504 1
504 -1
503 1
503 -1
503 1
503 -1
502 1
502 -1
502 1
502 -1
501 1
501 -1
501 1
501 -1
501 1
501 -1
501 1
501 -1
501 1
501 -1
501 1
501 -1
500 1
500 -1
500 1
500 -1
500 1
500 -1
500 1
500 -1
500 1
500 -1
500 1
500 -1
500 1
500 -1
500 1
500 -1
500 1
500 -1
500 1
500 -1
500 1
500 -1
499 1
499 -1
499 1
499 -1
498 1
498 -1
498 1
498 -1
498 1
498 -1
498 1
498 -1
497 1
497 -1
497 1
497 -1
497 1
497 -1
497 1
497 -1
496 1
496 -1
496 1
496 -1
496 1
496 -1
496 1
496 -1
495 1
495 -1
495 1
495 -1
495 1
495 -1
495 1
495 -1
494 1
494 -1
494 1
494 -1
494 1
494 -1
494 1
494 -1
494 1
494 -1
493 1
493 -1
493 1
493 -1
493 1
493 -1
493 1
493 -1
492 1
492 -1
491 1
491 -1
491 1
491 -1
491 1
491 -1
491 1
491 -1
491 1
491 -1
491 1
491 -1
490 1
490 -1
490 1
490 -1
490 1
490 -1
489 1
489 -1
489 1
489 -1
489 1
489 -1
489 1
489 -1
489 1
489 -1
488 1
488 -1
488 1
488 -1
488 1
488 -1
487 1
487 -1
487 1
487 -1
487 1
487 -1
487 1
487 -1
487 1
487 -1
487 1
487 -1
487 1
487 -1
483 1
483 -1
483 1
483 -1
483 1
483 -1
483 1
483 -1
483 1
483 -1
483 1
483 -1
482 1
482 -1
482 1
482 -1
481 1
481 -1
481 1
481 -1
481 1
481 -1
480 1
480 -1
480 1
480 -1
480 1
480 -1
480 1
480 -1
480 1
480 -1
479 1
479 -1
479 1
479 -1
479 1
479 -1
479 1
479 -1
478 1
479 -1
477 1
477 -1
476 1
476 -1
476 1
476 -1
476 1
476 -1
475 1
475 -1
475 1
475 -1
475 1
475 -1
506 1
506 -1
0 -1
512 1
511 1
511 -1
510 1
510 -1
510 1
510 -1
510 1
510 -1
510 1
510 -1
509 1
509 -1
509 1
509 -1
509 1
509 -1
509 1
509 -1
509 1
509 -1
509 1
509 -1
509 1
509 -1
509 1
509 -1
508 1
508 -1
508 1
508 -1
508 1
508 -1
508 1
508 -1
508 1
508 -1
507 1
507 -1
507 1
507 -1
506 1
506 -1
505 1
505 -1
505 1
505 -1
505 1
505 -1
505 1
505 -1
505 1
505 -1
505 1
505 -1
504 1
504 -1
504 1
504 -1
504 1
504 -1
504 1
504 -1
504 1
504 -1
504 1
504 -1
504 1
504 -1
503 1
503 -1
503 1
503 -1
503 1
503 -1
503 1
503 -1
502 1
502 -1
502 1
502 -1
502 1
502 -1
501 1
501 -1
501 1
501 -1
500 1
500 -1
500 1
500 -1
500 1
500 -1
500 1
500 -1
500 1
500 -1
499 1
499 -1
499 1
499 -1
499 1
499 -1
499 1
499 -1
499 1
499 -1
498 1
498 -1
498 1
498 -1
497 1
497 -1
497 1
497 -1
497 1
497 -1
496 1
496 -1
496 1
496 -1
496 1
496 -1
495 1
495 -1
495 1
495 -1
494 1
494 -1
494 1
494 -1
493 1
493 -1
492 1
492 -1
492 1
492 -1
492 1
492 -1
491 1
491 -1
491 1
491 -1
490 1
490 -1
490 1
490 -1
489 1
489 -1
489 1
489 -1
489 1
489 -1
489 1
489 -1
488 1
488 -1
487 1
487 -1
487 1
487 -1
487 1
487 -1
487 1
487 -1
487 1
487 -1
486 1
486 -1
486 1
486 -1
486 1
486 -1
485 1
485 -1
484 1
484 -1
484 1
484 -1
483 1
483 -1
482 1
482 -1
481 1
481 -1
481 1
481 -1
480 1
480 -1
480 1
480 -1
480 1
480 -1
480 1
480 -1
479 1
479 -1
479 1
479 -1
479 1
479 -1
479 1
479 -1
479 1
479 -1
479 1
479 -1
479 1
479 -1
477 1
477 -1
477 1
477 -1
477 1
477 -1
476 1
476 -1
476 1
476 -1
475 1
476 -1
475 1
475 -1
0 -1
512 1
510 1
510 -1
510 1
510 -1
509 1
509 -1
509 1
509 -1
509 1
509 -1
509 1
509 -1
509 1
509 -1
509 1
509 -1
509 1
509 -1
509 1
509 -1
508 1
508 -1
508 1
508 -1
508 1
508 -1
508 1
508 -1
508 1
508 -1
507 1
507 -1
507 1
507 -1
507 1
507 -1
507 1
507 -1
507 1
507 -1
506 1
506 -1
506 1
506 -1
506 1
506 -1
506 1
506 -1
506 1
506 -1
505 1
505 -1
505 1
505 -1
505 1
505 -1
505 1
505 -1
505 1
505 -1
505 1
505 -1
504 1
504 -1
504 1
504 -1
504 1
504 -1
503 1
503 -1
503 1
503 -1
502 1
502 -1
502 1
502 -1
502 1
502 -1
502 1
502 -1
502 1
502 -1
502 1
502 -1
502 1
502 -1
501 1
501 -1
501 1
501 -1
501 1
501 -1
500 1
500 -1
500 1
500 -1
500 1
500 -1
499 1
499 -1
499 1
499 -1
498 1
498 -1
498 1
498 -1
498 1
498 -1
497 1
497 -1
497 1
497 -1
497 1
497 -1
497 1
497 -1
497 1
497 -1
496 1
496 -1
496 1
496 -1
496 1
496 -1
495 1
495 -1
495 1
495 -1
494 1
494 -1
493 1
493 -1
493 1
493 -1
493 1
493 -1
493 1
493 -1
493 1
493 -1
493 1
493 -1
492 1
492 -1
492 1
492 -1
492 1
492 -1
491 1
491 -1
491 1
491 -1
491 1
491 -1
491 1
491 -1
490 1
490 -1
490 1
490 -1
490 1
490 -1
489 1
489 -1
489 1
489 -1
489 1
489 -1
488 1
488 -1
488 1
488 -1
488 1
488 -1
488 1
488 -1
487 1
487 -1
487 1
487 -1
487 1
487 -1
486 1
486 -1
485 1
485 -1
485 1
485 -1
484 1
484 -1
483 1
483 -1
482 1
482 -1
482 1
482 -1
482 1
482 -1
481 1
481 -1
481 1
481 -1
480 1
480 -1
480 1
480 -1
480 1
480 -1
480 1
480 -1
479 1
479 -1
479 1
479 -1
478 1
478 -1
478 1
478 -1
476 1
476 -1
476 1
476 -1
475 1
475 -1
475 1
475 -1
475 1
475 -1
475 1
475 -1
502 1
502 -1
0 -1
511 1
509 1
509 -1
509 1
509 -1
509 1
509 -1
509 1
509 -1
509 1
509 -1
508 1
508 -1
508 1
508 -1
507 1
507 -1
507 1
507 -1
506 1
506 -1
506 1
506 -1
506 1
506 -1
506 1
506 -1
506 1
506 -1
505 1
505 -1
505 1
505 -1
505 1
505 -1
505 1
505 -1
504 1
504 -1
504 1
504 -1
504 1
504 -1
504 1
504 -1
503 1
503 -1
503 1
503 -1
503 1
503 -1
503 1
503 -1
503 1
503 -1
503 1
503 -1
502 1
502 -1
502 1
502 -1
501 1
501 -1
501 1
501 -1
501 1
501 -1
501 1
501 -1
500 1
500 -1
500 1
500 -1
500 1
500 -1
499 1
500 -1
499 1
499 -1
499 1
499 -1
499 1
499 -1
499 1
499 -1
499 1
499 -1
498 1
498 -1
497 1
497 -1
497 1
497 -1
497 1
497 -1
496 1
497 -1
496 1
496 -1
496 1
496 -1
496 1
496 -1
494 1
494 -1
494 1
494 -1
494 1
494 -1
494 1
494 -1
493 1
493 -1
493 1
493 -1
493 1
493 -1
493 1
493 -1
493 1
493 -1
492 1
492 -1
492 1
492 -1
492 1
492 -1
492 1
492 -1
492 1
492 -1
492 1
492 -1
492 1
492 -1
491 1
491 -1
491 1
491 -1
490 1
490 -1
490 1
490 -1
489 1
489 -1
488 1
488 -1
488 1
488 -1
487 1
487 -1
486 1
486 -1
486 1
486 -1
486 1
486 -1
486 1
486 -1
485 1
485 -1
485 1
485 -1
485 1
485 -1
485 1
485 -1
484 1
484 -1
484 1
484 -1
484 1
484 -1
484 1
484 -1
483 1
483 -1
482 1
482 -1
482 1
482 -1
482 1
482 -1
481 1
481 -1
481 1
481 -1
481 1
481 -1
481 1
481 -1
481 1
481 -1
481 1
481 -1
479 1
479 -1
479 1
479 -1
479 1
479 -1
479 1
479 -1
479 1
479 -1
479 1
479 -1
479 1
479 -1
478 1
478 -1
478 1
478 -1
478 1
478 -1
478 1
478 -1
478 1
478 -1
477 1
477 -1
477 1
477 -1
476 1
476 -1
476 1
476 -1
475 1
475 -1
475 1
475 -1
499 1
499 -1
486 1
486 -1
0 -1
512 1
510 1
510 -1
510 1
510 -1
509 1
509 -1
509 1
509 -1
509 1
509 -1
508 1
508 -1
508 1
508 -1
508 1
508 -1
508 1
508 -1
507 1
507 -1
507 1
507 -1
507 1
507 -1
506 1
506 -1
506 1
506 -1
506 1
506 -1
506 1
506 -1
506 1
506 -1
506 1
506 -1
505 1
505 -1
505 1
505 -1
505 1
505 -1
504 1
504 -1
503 1
503 -1
503 1
503 -1
502 1
502 -1
502 1
502 -1
502 1
502 -1
502 1
502 -1
501 1
501 -1
501 1
501 -1
501 1
501 -1
500 1
500 -1
499 1
499 -1
499 1
499 -1
499 1
499 -1
498 1
498 -1
498 1
498 -1
497 1
497 -1
496 1
496 -1
496 1
496 -1
496 1
496 -1
496 1
496 -1
496 1
496 -1
495 1
495 -1
495 1
495 -1
494 1
494 -1
494 1
494 -1
494 1
494 -1
494 1
494 -1
493 1
493 -1
493 1
493 -1
493 1
493 -1
493 1
493 -1
492 1
492 -1
492 1
492 -1
492 1
492 -1
492 1
492 -1
491 1
492 -1
491 1
491 -1
491 1
491 -1
490 1
490 -1
490 1
490 -1
490 1
490 -1
490 1
490 -1
490 1
490 -1
490 1
490 -1
489 1
489 -1
489 1
489 -1
489 1
489 -1
488 1
488 -1
488 1
488 -1
488 1
488 -1
488 1
488 -1
487 1
487 -1
485 1
485 -1
485 1
485 -1
484 1
484 -1
484 1
484 -1
483 1
483 -1
483 1
483 -1
483 1
483 -1
482 1
482 -1
482 1
482 -1
482 1
482 -1
482 1
482 -1
482 1
482 -1
482 1
482 -1
481 1
481 -1
481 1
481 -1
480 1
480 -1
480 1
480 -1
480 1
480 -1
479 1
479 -1
479 1
479 -1
479 1
479 -1
478 1
479 -1
478 1
478 -1
478 1
478 -1
478 1
478 -1
478 1
478 -1
476 1
476 -1
476 1
476 -1
475 1
475 -1
475 1
475 -1
0 -1
512 1
510 1
510 -1
510 1
510 -1
509 1
509 -1
509 1
509 -1
509 1
509 -1
509 1
509 -1
509 1
509 -1
508 1
508 -1
508 1
508 -1
508 1
508 -1
508 1
508 -1
508 1
508 -1
508 1
508 -1
507 1
507 -1
507 1
507 -1
507 1
507 -1
506 1
506 -1
506 1
506 -1
505 1
505 -1
505 1
505 -1
505 1
505 -1
505 1
505 -1
505 1
505 -1
504 1
504 -1
504 1
504 -1
504 1
504 -1
503 1
503 -1
503 1
503 -1
503 1
503 -1
503 1
503 -1
503 1
503 -1
502 1
502 -1
501 1
501 -1
501 1
501 -1
501 1
501 -1
500 1
500 -1
500 1
500 -1
500 1
500 -1
500 1
500 -1
500 1
500 -1
499 1
499 -1
499 1
499 -1
499 1
499 -1
498 1
498 -1
498 1
498 -1
497 1
498 -1
497 1
497 -1
497 1
497 -1
497 1
497 -1
497 1
497 -1
497 1
497 -1
497 1
497 -1
497 1
497 -1
496 1
496 -1
496 1
496 -1
496 1
496 -1
496 1
496 -1
495 1
495 -1
494 1
494 -1
494 1
494 -1
494 1
494 -1
494 1
494 -1
494 1
494 -1
493 1
494 -1
493 1
493 -1
493 1
493 -1
493 1
493 -1
493 1
493 -1
493 1
493 -1
492 1
492 -1
492 1
492 -1
491 1
492 -1
491 1
491 -1
491 1
491 -1
491 1
491 -1
490 1
490 -1
490 1
490 -1
490 1
490 -1
490 1
490 -1
489 1
489 -1
489 1
489 -1
489 1
489 -1
488 1
488 -1
487 1
487 -1
487 1
487 -1
487 1
487 -1
486 1
486 -1
486 1
486 -1
486 1
486 -1
486 1
486 -1
486 1
486 -1
486 1
486 -1
486 1
486 -1
485 1
485 -1
485 1
485 -1
484 1
484 -1
483 1
483 -1
481 1
482 -1
481 1
481 -1
481 1
481 -1
481 1
481 -1
481 1
481 -1
481 1
481 -1
481 1
481 -1
480 1
480 -1
479 1
479 -1
479 1
479 -1
479 1
479 -1
479 1
479 -1
479 1
479 -1
479 1
479 -1
478 1
478 -1
478 1
478 -1
477 1
477 -1
477 1
477 -1
477 1
477 -1
476 1
476 -1
475 1
475 -1
475 1
475 -1
0 -1
512 1
510 1
510 -1
509 1
509 -1
509 1
509 -1
509 1
509 -1
509 1
509 -1
508 1
508 -1
508 1
508 -1
508 1
508 -1
508 1
508 -1
507 1
507 -1
507 1
507 -1
507 1
507 -1
507 1
507 -1
507 1
507 -1
507 1
507 -1
506 1
506 -1
506 1
506 -1
506 1
506 -1
506 1
506 -1
505 1
505 -1
505 1
505 -1
505 1
505 -1
505 1
505 -1
505 1
505 -1
504 1
504 -1
504 1
504 -1
504 1
504 -1
504 1
504 -1
504 1
504 -1
504 1
504 -1
503 1
503 -1
503 1
503 -1
503 1
503 -1
503 1
503 -1
503 1
503 -1
503 1
503 -1
502 1
502 -1
502 1
502 -1
502 1
502 -1
502 1
502 -1
501 1
501 -1
501 1
501 -1
501 1
501 -1
500 1
500 -1
500 1
500 -1
500 1
500 -1
500 1
500 -1
499 1
499 -1
499 1
499 -1
499 1
499 -1
498 1
498 -1
498 1
498 -1
498 1
498 -1
498 1
498 -1
497 1
497 -1
497 1
497 -1
497 1
497 -1
497 1
497 -1
497 1
497 -1
497 1
497 -1
496 1
496 -1
495 1
495 -1
495 1
495 -1
495 1
495 -1
495 1
495 -1
494 1
494 -1
494 1
494 -1
494 1
494 -1
493 1
493 -1
493 1
493 -1
491 1
491 -1
491 1
491 -1
491 1
491 -1
490 1
490 -1
490 1
490 -1
490 1
490 -1
489 1
489 -1
489 1
489 -1
488 1
488 -1
488 1
488 -1
488 1
488 -1
487 1
487 -1
487 1
487 -1
486 1
487 -1
486 1
486 -1
485 1
485 -1
484 1
484 -1
484 1
484 -1
484 1
484 -1
483 1
483 -1
483 1
483 -1
483 1
483 -1
483 1
483 -1
482 1
482 -1
482 1
482 -1
481 1
481 -1
481 1
481 -1
481 1
481 -1
481 1
481 -1
481 1
481 -1
481 1
481 -1
481 1
481 -1
481 1
481 -1
480 1
480 -1
480 1
480 -1
480 1
480 -1
479 1
480 -1
479 1
479 -1
479 1
479 -1
479 1
479 -1
478 1
478 -1
478 1
478 -1
477 1
477 -1
477 1
477 -1
477 1
477 -1
477 1
477 -1
476 1
476 -1
476 1
476 -1
475 1
475 -1
475 1
475 -1
