475 0
510 4.1572e-06
525 0
811 0
475 0
497 1.04205e-05
498 1.87041e-05
495 2.28377e-05
499 3.11238e-06
517 0
657 0
475 0
498 2.83591e-06
502 1.06819e-05
525 0
863 0
475 0
511 2.6937e-05
487 1.28598e-05
490 2.5298e-06
488 0
456 0
475 0
525 0
850 0
1149 0
475 0
492 2.62299e-05
490 2.14296e-05
525 0
882 0
1062 0
1149 0
475 0
480 1.02511e-05
486 1.32981e-05
502 2.1616e-05
496 1.10989e-06
488 1.09692e-06
484 1.33272e-05
485 0
519 0
475 0
499 2.51329e-05
483 1.28506e-05
483 2.0183e-05
501 2.56949e-06
525 0
862 0
1109 0
1149 0
475 0
525 0
850 0
1149 0
475 0
493 7.80408e-06
495 2.46102e-05
494 1.2769e-05
501 1.79244e-05
503 0
525 0
