475 2.23784e-21
475 0.0004
475 2.23784e-21
475 2.8381e-16
475 1.25698e-18
475 3.94658e-09
475 6.56823e-31
475 3.95172e-16
475 8.88394e-11
475 5.47914e-11
475 1.49503e-13
475 1.95482e-55
475 1.94832e-10
475 7.30017e-08
475 3.58653e-13
475 0.000399923
475 2.23784e-21
475 1.4299e-62
475 3.8527e-30
475 0.000353124
475 6.81298e-06
475 2.83534e-05
475 3.44221e-06
475 8.26766e-06
475 2.23784e-21
475 1.63243e-28
475 2.73652e-10
475 3.48824e-05
475 0.000227507
475 2.72983e-05
475 3.94511e-05
475 4.04565e-05
475 5.71731e-06
475 1.54266e-05
475 9.26077e-06
475 2.23784e-21
475 1.61049e-07
475 7.71533e-06
0 2.32411e-21
475 2.23784e-21
475 4.58484e-16
475 8.84123e-06
475 3.81656e-26
475 0.000244558
475 6.96287e-05
475 1.77985e-05
475 9.45783e-06
475 3.0726e-06
475 1.89586e-05
475 7.07359e-06
475 1.06324e-08
475 1.74716e-06
475 3.23126e-06
475 1.4662e-06
475 3.2841e-06
475 2.54326e-06
475 8.3283e-06
475 2.23784e-21
475 9.73677e-16
475 7.44064e-06
328 1.37308e-21
475 2.23784e-21
475 6.14125e-24
475 3.8761e-07
475 9.56456e-07
475 5.78962e-06
167 2.01721e-21
475 2.23784e-21
475 0.000274336
475 4.83726e-05
475 3.3403e-06
475 5.11021e-05
475 3.08226e-06
475 3.07697e-06
475 1.01753e-05
475 6.51489e-06
475 2.23784e-21
475 3.13533e-11
475 5.28963e-08
475 1.49666e-07
475 1.1035e-17
475 1.44708e-05
475 0
475 7.80576e-13
475 5.68761e-06
475 0
475 1.69959e-13
475 6.94808e-06
73 2.26118e-21
475 2.23784e-21
475 2.12571e-05
475 1.61914e-06
0 2.37848e-21
475 2.23784e-21
475 4.26442e-21
475 5.55224e-07
41 2.61027e-21
475 2.23784e-21
475 5.61935e-11
475 1.59871e-06
374 1.2897e-21
475 2.23784e-21
475 1.14593e-10
475 1.38045e-09
475 1.56739e-12
475 2.32944e-16
475 2.09025e-06
475 0
475 6.02479e-13
475 9.69589e-08
213 1.89558e-21
475 2.23784e-21
475 4.00912e-14
475 2.87894e-16
475 1.40273e-13
475 0.0004
475 2.23784e-21
475 6.08933e-23
475 8.16436e-05
475 1.04958e-13
475 2.5795e-43
475 0.0001962
475 6.79011e-06
475 4.06847e-05
475 7.35852e-06
475 4.6194e-05
475 4.20065e-06
475 5.84155e-06
475 6.87968e-06
475 4.20677e-06
475 2.23784e-21
475 6.34654e-19
475 1.48691e-06
475 5.00479e-37
475 7.29477e-05
475 5.16523e-12
475 5.611e-11
475 0.000325565
475 2.23784e-21
475 1.07158e-06
475 4.65224e-15
475 1.26221e-09
475 7.05263e-05
475 3.73915e-30
475 3.67215e-05
475 2.94235e-44
475 1.35675e-43
475 2.84714e-56
475 2.778e-09
475 5.2477e-06
475 0
475 3.05985e-05
475 2.43805e-17
475 6.27223e-07
475 6.56905e-12
475 2.76432e-28
475 1.13888e-06
475 1.65926e-15
475 1.33495e-50
475 7.91247e-32
475 0.000254064
475 2.23784e-21
475 2.45542e-16
475 2.69781e-24
475 6.73009e-22
475 5.64447e-28
475 4.77582e-09
475 1.49494e-05
475 1.56314e-14
475 2.33983e-12
475 4.88808e-09
475 3.33315e-44
475 7.48027e-13
475 3.87111e-52
475 1.12147e-21
475 2.20767e-13
475 1.4303e-06
475 1.92504e-06
186 1.89261e-21
475 2.23784e-21
475 2.46659e-70
475 1.88307e-06
475 2.54318e-29
475 0.000298628
475 2.08322e-05
475 2.6491e-05
475 3.2007e-05
475 3.25004e-06
475 2.54084e-06
475 3.41751e-06
475 3.43554e-06
475 7.51528e-06
475 2.23784e-21
475 9.61957e-06
475 1.13305e-05
475 0
475 1.18236e-13
475 2.35054e-26
475 2.59918e-18
475 1.68707e-36
475 2.99793e-20
475 3.67373e-21
475 6.68733e-13
475 1.94586e-13
475 1.59757e-08
475 2.01375e-39
475 3.46428e-25
475 1.76976e-06
475 1.37527e-05
475 1.1326e-08
475 1.26566e-06
475 5.53171e-08
475 4.91206e-32
475 5.99347e-11
475 4.21249e-11
475 2.37673e-31
475 7.67811e-35
475 3.52705e-16
475 1.17008e-17
475 1.7467e-12
475 1.23835e-17
475 1.95219e-08
475 1.85451e-44
475 9.12306e-15
475 4.79814e-11
475 1.07448e-41
475 3.34703e-28
475 1.64921e-12
475 6.10373e-48
475 8.08632e-05
475 1.9446e-18
475 5.1388e-16
475 0.000269786
475 4.18273e-06
475 7.32734e-06
475 2.23784e-21
475 5.43168e-17
475 3.61927e-07
369 1.3173e-21
475 2.23784e-21
475 4.84277e-08
475 3.85462e-26
475 0
475 0.000399952
475 2.23784e-21
475 6.83256e-12
475 1.62036e-11
475 1.59702e-17
475 9.22779e-21
475 2.43412e-13
475 0.000123218
475 5.29761e-12
475 1.60567e-15
475 3.37562e-11
475 1.3259e-14
475 4.25316e-05
475 3.10395e-37
475 8.6646e-28
475 1.00724e-10
475 7.87662e-13
475 7.42156e-23
475 9.95802e-17
475 1.2445e-08
475 1.33028e-11
475 2.79094e-08
475 1.51486e-07
475 2.71414e-16
475 4.79349e-17
475 2.36579e-14
475 0.000234059
475 2.23784e-21
475 4.9133e-13
475 5.78663e-06
475 7.99504e-06
406 1.23743e-21
475 2.23784e-21
475 2.51085e-26
475 2.43711e-14
475 5.3133e-06
475 4.07432e-23
475 4.76675e-06
142 2.0026e-21
475 2.23784e-21
475 8.33386e-09
475 2.93643e-05
475 0.000370627
475 2.23784e-21
475 1.10182e-10
475 4.68551e-05
475 1.89891e-05
475 9.63941e-56
475 1.22545e-12
475 9.77495e-15
475 5.89537e-14
475 0.000202882
475 5.43607e-05
475 3.37076e-05
475 2.5403e-06
475 2.62921e-05
475 6.24995e-06
475 1.55927e-06
48 3.29176e-22
475 2.23784e-21
475 5.01282e-09
475 2.40476e-06
475 2.12592e-13
475 0.000113836
475 1.10185e-15
475 6.09624e-10
475 4.01222e-07
475 2.28338e-49
475 1.03056e-11
475 0.000283353
475 2.23784e-21
475 3.30984e-07
475 7.44557e-31
475 1.47585e-06
293 1.46094e-21
475 2.23784e-21
475 1.07502e-07
475 3.47988e-13
475 1.39703e-14
475 2.86626e-17
475 7.45895e-12
475 8.09652e-06
475 2.31547e-21
475 7.27103e-09
475 8.86782e-11
475 9.76159e-11
475 3.43813e-34
475 6.35926e-09
475 3.9497e-17
475 7.54447e-05
475 7.73287e-05
475 4.15788e-83
475 3.58977e-38
475 2.70432e-41
475 4.95858e-07
475 2.36478e-11
475 2.64306e-12
475 1.47912e-06
475 1.03004e-27
475 6.7248e-07
475 1.18783e-19
475 2.16146e-09
475 1.54366e-141
475 4.1924e-30
475 1.2255e-15
475 4.57173e-127
475 1.05085e-05
475 3.64126e-06
475 0
475 1.11513e-33
475 5.59344e-50
475 5.34657e-07
475 1.07547e-09
475 3.65067e-26
475 1.82007e-20
475 1.71696e-17
475 6.80164e-72
475 3.87974e-14
475 2.04208e-21
475 2.21329e-07
475 6.70129e-11
475 1.31578e-13
475 9.28503e-06
475 0
475 3.98374e-18
475 1.23552e-06
475 6.11379e-36
475 8.50916e-31
475 1.41673e-74
475 5.14663e-06
475 2.34279e-05
475 1.12298e-42
475 1.06332e-07
475 3.77543e-59
475 3.19634e-06
433 8.89304e-22
475 2.23784e-21
475 3.51044e-23
475 9.00588e-26
475 4.85179e-05
475 2.88038e-06
475 2.41713e-46
475 4.53845e-21
475 7.88657e-05
475 1.33155e-27
475 1.1045e-11
475 5.07408e-15
475 2.95831e-34
475 5.26627e-28
475 3.12271e-36
475 2.57306e-28
475 6.36642e-05
475 0.000206072
475 2.23784e-21
475 3.5264e-51
475 2.30364e-07
0 2.39104e-21
475 2.23784e-21
475 3.11087e-06
475 0.000396889
475 2.23784e-21
475 1.60284e-05
475 6.97837e-08
0 2.22673e-21
475 2.23784e-21
475 1.82122e-22
475 1.20142e-11
475 1.21966e-06
475 3.37227e-09
475 2.58131e-09
475 0.000398774
475 2.23784e-21
475 3.02455e-32
475 1.73763e-06
475 0
475 7.02523e-05
475 1.4703e-27
475 1.96629e-06
475 1.61995e-07
135 1.84717e-21
475 2.23784e-21
475 3.99864e-13
475 0.0004
475 2.23784e-21
475 7.55644e-07
475 5.67077e-05
475 3.05919e-08
475 1.84055e-17
475 0.00011227
475 8.29657e-25
475 1.75074e-14
475 2.60075e-41
475 3.2563e-44
475 3.64295e-07
332 1.02774e-21
475 2.23784e-21
475 9.0929e-44
475 5.92471e-06
475 0
475 1.5183e-09
475 1.14184e-50
475 1.46205e-07
475 2.17543e-06
230 1.66566e-21
475 2.23784e-21
475 2.62221e-25
475 3.34886e-05
475 8.84211e-55
475 1.60139e-16
475 3.00386e-15
475 4.44315e-33
475 9.6132e-12
475 4.29119e-26
475 2.76461e-05
475 3.10535e-41
475 4.13089e-29
475 3.04226e-06
475 0.000320303
475 1.06056e-05
475 4.91439e-06
475 2.23784e-21
475 0.0004
475 2.23784e-21
475 7.23088e-10
475 9.68109e-09
475 2.02458e-11
475 2.60598e-20
475 9.44599e-06
41 2.4914e-21
475 2.23784e-21
475 5.55448e-07
475 7.07474e-18
475 9.99757e-12
475 1.21765e-05
475 0
475 0.000148479
475 1.03233e-34
475 4.44119e-24
475 5.18435e-15
475 2.59309e-49
475 2.2059e-21
475 5.31524e-11
475 1.68748e-41
475 4.45513e-06
475 0
475 6.27142e-39
475 2.8123e-39
475 1.94345e-07
320 1.22319e-21
475 2.23784e-21
475 0.000208903
475 3.91817e-10
475 1.21751e-08
475 9.00812e-10
475 4.4473e-30
475 6.39492e-08
475 1.01542e-20
475 0.000110886
475 5.681e-05
475 1.52777e-05
475 8.04588e-06
475 2.23784e-21
475 3.60913e-07
475 1.50105e-08
475 1.32097e-20
475 3.50141e-12
475 7.06127e-37
475 1.6375e-12
475 2.11581e-21
475 6.17436e-09
475 5.47951e-19
475 7.86708e-06
475 1.04715e-15
475 1.36053e-37
475 1.00191e-34
475 2.79972e-05
475 2.42076e-11
475 4.23558e-08
475 6.19647e-36
475 3.55892e-10
475 0.000363711
475 2.23784e-21
475 4.91382e-05
475 1.36577e-08
475 2.14938e-05
475 0
475 8.54773e-26
475 1.77889e-24
475 5.30015e-06
475 0
475 3.00762e-39
475 3.95465e-09
475 2.0978e-15
475 1.67421e-09
475 1.21048e-12
475 8.49531e-06
475 7.69261e-36
475 3.19462e-06
475 1.00694e-34
475 2.541e-24
475 3.23001e-14
475 8.17946e-17
475 4.40421e-06
267 1.39297e-21
475 2.23784e-21
475 8.20768e-10
475 1.08958e-15
475 8.1353e-31
475 0.000399999
475 2.23784e-21
475 3.02224e-05
475 1.46674e-07
188 1.78917e-21
475 2.23784e-21
475 1.10953e-17
475 1.37123e-05
475 3.86943e-06
121 2.09462e-21
475 2.23784e-21
475 1.95589e-13
475 6.52347e-06
223 1.65892e-21
475 2.23784e-21
475 1.24805e-19
475 1.56886e-41
475 0
475 2.6284e-25
475 5.83484e-10
475 3.1647e-06
254 1.76198e-21
475 2.23784e-21
475 2.18195e-07
475 9.17302e-11
475 3.61207e-05
475 3.34556e-08
475 1.58819e-24
475 6.9686e-14
475 1.48008e-41
475 8.09905e-17
475 2.8343e-13
475 1.22944e-05
475 4.47462e-07
475 5.56099e-06
330 1.35191e-21
475 2.23784e-21
475 1.30204e-15
475 4.36258e-29
475 9.40208e-32
475 4.54196e-15
475 7.01074e-06
475 0.000113382
475 2.11274e-21
475 2.01081e-07
475 0
475 5.79219e-42
475 5.38203e-09
475 2.49451e-14
475 2.80858e-17
475 3.94475e-42
475 1.39532e-23
475 9.32791e-07
212 1.43236e-21
475 2.23784e-21
475 1.43997e-06
475 4.26501e-17
475 3.34382e-08
475 1.78595e-06
475 1.82952e-19
475 0.000102542
475 0.000294199
475 2.23784e-21
475 7.52865e-06
475 0.000392471
475 2.23784e-21
475 8.96973e-19
475 6.779e-15
475 1.36215e-28
475 0.0004
475 2.23784e-21
475 5.75254e-10
475 1.19223e-10
475 1.86172e-24
475 8.82902e-12
475 1.17709e-05
475 6.52664e-06
475 4.30034e-14
475 1.10794e-13
475 1.00502e-05
427 1.35513e-21
475 2.23784e-21
475 3.21869e-07
475 9.99813e-22
475 1.98076e-10
475 0.000155804
475 3.96284e-69
475 7.51497e-42
475 5.47029e-07
475 2.60951e-11
475 1.21122e-29
475 4.09309e-23
475 2.43207e-13
475 8.29266e-31
475 2.9728e-80
475 2.7306e-31
475 2.29367e-13
475 8.10918e-61
475 2.42157e-20
475 9.52994e-34
475 2.35815e-11
475 6.85396e-26
475 5.76221e-36
475 3.73397e-37
475 3.6231e-11
475 1.48981e-69
475 3.73239e-45
475 5.03478e-45
475 1.17292e-21
475 5.66215e-30
475 1.81766e-63
475 4.4327e-18
475 8.21896e-23
475 2.50576e-07
475 6.63225e-08
475 1.59705e-32
475 1.45131e-16
475 4.16271e-41
475 7.11323e-07
475 5.06085e-16
475 3.07714e-05
475 6.78715e-19
475 6.86698e-60
475 4.76555e-19
475 3.63419e-15
475 2.47562e-19
475 3.41798e-132
475 3.43119e-39
475 1.29267e-17
475 0.000211527
475 2.23784e-21
475 2.29256e-07
475 1.07543e-16
475 7.13436e-14
475 2.76119e-16
475 2.4883e-37
475 1.37666e-13
475 1.44458e-08
272 1.51724e-21
475 2.23784e-21
475 3.78933e-14
475 4.13033e-05
475 4.65042e-18
475 2.32831e-06
475 0
475 0.000149552
475 1.65752e-30
475 1.85221e-51
475 2.95927e-72
475 6.80328e-15
475 1.86957e-36
475 6.03174e-18
475 5.41735e-33
475 3.74729e-31
475 1.98716e-14
475 1.19917e-39
475 1.85119e-38
475 5.63209e-45
475 3.41987e-52
475 5.02927e-11
475 1.28023e-30
475 1.80617e-25
475 1.41891e-20
475 3.8624e-15
475 4.76033e-40
475 2.59409e-17
475 1.60786e-17
475 5.82864e-71
475 6.92033e-40
475 4.49508e-84
475 5.90582e-21
475 2.0111e-17
475 7.46276e-62
475 2.96453e-28
475 1.01063e-08
475 9.0076e-25
475 5.00578e-50
475 2.9108e-71
475 4.96285e-37
475 3.42614e-27
475 0.000206806
475 2.23784e-21
475 3.13865e-24
475 0.0004
475 2.23784e-21
475 0.0004
475 2.23784e-21
475 4.59817e-08
475 1.82736e-27
475 0.000181907
475 6.73768e-09
475 1.86276e-23
475 5.90464e-31
475 1.64521e-17
475 5.1686e-116
475 1.35284e-51
475 3.87186e-35
475 2.67103e-79
475 8.72944e-15
475 4.77492e-25
475 9.37978e-14
475 8.25218e-40
475 0.000218041
475 2.23784e-21
475 1.53899e-07
475 6.75362e-09
475 7.09277e-06
475 2.08434e-29
475 6.01318e-08
475 8.85189e-27
475 3.7837e-24
475 4.50088e-10
475 1.19386e-07
475 6.97988e-12
475 9.39797e-06
475 4.08603e-36
475 0.000383169
475 2.23784e-21
475 3.93563e-22
475 1.44317e-06
475 1.14721e-14
475 4.87666e-29
475 3.56925e-05
475 2.23986e-20
475 2.70576e-24
475 3.20752e-11
475 1.86717e-31
475 2.13126e-18
475 1.04433e-20
475 6.73817e-14
475 9.77903e-15
475 1.50606e-05
475 6.18304e-48
475 3.5196e-11
475 6.9992e-05
475 1.20166e-11
475 2.29464e-18
475 1.94932e-51
475 3.39057e-23
475 5.167e-59
475 1.87234e-14
475 1.48585e-30
475 3.24208e-33
475 1.94924e-26
475 1.40093e-12
475 5.71044e-05
475 9.07211e-51
475 6.2152e-51
475 1.64148e-50
475 2.44346e-11
475 9.1713e-25
475 9.29021e-09
475 1.04762e-81
475 1.69788e-31
475 0.000220698
475 2.23784e-21
475 3.08104e-07
475 0.000399692
475 2.23784e-21
475 8.18638e-10
475 2.60845e-09
475 2.18559e-26
475 6.11488e-12
475 4.21309e-11
475 4.60278e-09
475 4.20684e-08
475 2.94176e-10
475 2.95021e-05
475 2.61523e-15
475 0.000370447
475 2.23784e-21
475 7.25515e-41
475 9.44308e-06
369 1.59174e-21
475 2.23784e-21
475 4.52956e-09
475 6.28324e-22
475 2.52088e-06
396 1.24506e-21
475 2.23784e-21
475 2.48067e-09
475 2.67082e-05
475 3.53476e-08
475 3.5202e-06
475 5.8886e-06
303 1.52927e-21
475 2.23784e-21
475 5.41844e-12
475 3.52986e-111
475 2.04014e-05
475 2.38e-11
475 3.49121e-10
475 1.98691e-20
475 6.28603e-05
475 1.84909e-08
475 7.92599e-34
475 1.90245e-40
475 1.74395e-57
475 1.42293e-41
475 1.37263e-12
475 2.85929e-16
475 0.00019726
475 4.52081e-05
475 2.47729e-05
475 1.66508e-05
475 1.11284e-06
475 1.50155e-05
475 3.28651e-06
475 8.62369e-06
475 4.78929e-06
475 2.23784e-21
475 1.56794e-10
475 2.39919e-14
475 8.60834e-15
475 9.00124e-52
475 5.6928e-12
475 5.08057e-19
475 0.0004
475 2.23784e-21
475 4.47364e-15
475 4.17671e-10
475 0.0004
475 2.23784e-21
475 1.73346e-14
475 4.69936e-24
475 2.26164e-06
393 1.27378e-21
475 2.23784e-21
475 1.75434e-14
475 4.21773e-06
475 2.01052e-08
475 1.77126e-06
475 2.61912e-66
475 0
475 3.35332e-13
475 1.5985e-05
452 1.36462e-21
475 2.23784e-21
475 4.9813e-06
475 6.29169e-06
475 0
475 6.82763e-17
475 5.75824e-07
408 1.46214e-21
475 2.23784e-21
475 1.29417e-05
475 4.62145e-05
475 4.62275e-21
475 6.35226e-15
475 6.55199e-11
475 6.18013e-11
475 0.000340844
475 2.23784e-21
475 1.45969e-12
475 3.97519e-06
404 1.61399e-21
475 2.23784e-21
475 3.99664e-20
475 3.14795e-07
475 9.99512e-09
475 1.85408e-13
475 6.18718e-09
475 1.91925e-09
475 5.76568e-53
475 3.67832e-09
475 4.02213e-06
475 2.06425e-05
475 0.000323703
475 2.50852e-05
475 1.36882e-05
475 4.92325e-06
475 9.85654e-07
12 3.18584e-22
475 2.23784e-21
475 7.6187e-12
475 0.000223409
475 1.48993e-76
475 2.70602e-54
475 3.18438e-24
475 3.73274e-69
475 5.03075e-07
475 2.73381e-70
475 4.61837e-40
475 7.3378e-63
475 7.61007e-07
229 1.1018e-21
475 2.23784e-21
475 1.97615e-09
475 2.1145e-27
475 6.99721e-05
475 8.39825e-48
475 2.07057e-06
166 1.88406e-21
475 2.23784e-21
475 1.44487e-33
475 1.35541e-16
475 2.91162e-12
188 1.79947e-21
475 2.23784e-21
475 8.25231e-29
475 3.66203e-12
475 2.05409e-14
475 0.0004
475 2.23784e-21
475 4.63063e-15
475 2.18813e-06
303 1.49833e-21
475 2.23784e-21
475 5.56488e-19
475 0.000188717
475 4.28456e-15
475 7.13577e-37
475 3.66994e-17
475 1.34263e-08
475 3.93723e-32
475 3.41315e-08
475 2.77865e-10
475 5.03652e-16
475 2.65639e-09
475 7.01993e-34
475 2.60958e-30
475 3.19813e-12
475 7.44111e-30
475 0.000123421
475 4.54286e-05
475 2.95851e-05
475 6.4254e-06
475 6.37225e-06
475 2.23784e-21
475 2.35507e-06
475 7.60689e-17
475 4.45713e-10
475 5.19883e-07
475 4.57593e-07
475 9.1447e-29
475 1.50955e-09
475 4.25414e-13
475 4.04613e-29
475 1.18358e-15
475 3.66099e-07
175 1.84837e-21
475 2.23784e-21
475 6.26932e-12
475 6.82685e-06
244 1.59637e-21
475 2.23784e-21
475 2.50349e-23
475 5.69895e-08
475 8.67208e-13
475 2.04751e-13
475 1.56102e-63
475 5.98938e-06
475 0
475 8.70232e-22
475 1.19226e-17
475 0.000393954
475 2.23784e-21
475 0.00018726
475 2.37989e-32
475 5.68733e-13
475 1.13508e-06
378 1.02566e-21
475 2.23784e-21
475 1.44205e-23
475 1.59951e-06
0 2.68123e-21
475 2.23784e-21
475 7.83278e-16
475 3.64817e-09
475 0.000399996
475 2.23784e-21
475 4.99748e-12
475 2.45765e-07
475 1.4954e-08
475 8.40983e-06
475 0.000391329
475 2.23784e-21
475 3.62491e-38
475 4.15712e-20
475 4.49963e-08
475 3.65598e-09
475 1.83279e-06
391 1.36019e-21
475 2.23784e-21
475 4.1513e-05
475 7.00402e-07
125 1.92662e-21
475 2.23784e-21
475 2.09044e-08
475 9.64826e-24
475 9.666e-11
475 9.42506e-21
475 6.15555e-07
223 1.80857e-21
475 2.23784e-21
475 1.03341e-08
475 3.08638e-32
475 9.35695e-06
475 4.72887e-20
475 3.02839e-05
475 0.000360349
475 2.23784e-21
475 1.70344e-07
475 3.36802e-33
475 1.01739e-10
475 1.17925e-11
475 1.15564e-29
475 2.011e-13
475 3.8783e-06
475 9.5111e-39
475 1.03879e-06
475 5.82487e-07
475 9.80991e-10
475 0.000394329
475 2.23784e-21
475 1.45308e-17
475 1.21579e-51
475 2.32116e-48
475 4.96326e-18
475 0.0004
475 2.23784e-21
475 1.18379e-09
475 1.17044e-06
171 1.86528e-21
