475 2.23784e-21
475 6.89985e-36
475 1.56884e-67
475 7.72135e-31
475 1.76626e-21
475 1.52928e-16
475 4.55933e-09
475 2.53145e-10
475 0.00016452
475 3.75429e-39
475 1.44989e-07
475 1.67154e-48
475 3.21655e-39
475 2.78156e-55
475 2.85762e-17
475 1.76642e-32
475 9.10322e-41
475 6.41733e-19
475 1.68806e-07
475 1.64318e-57
475 1.9972e-55
475 3.1104e-57
475 2.63815e-32
475 8.60669e-06
475 6.49754e-26
475 4.57594e-17
475 2.52749e-19
475 2.68838e-13
475 2.98929e-10
475 1.80384e-109
475 5.43483e-87
475 4.13343e-15
475 3.57488e-12
475 0.000226555
