475 0
475 3.14985e-06
475 0
336 0
475 0
501 3.59496e-06
488 2.2678e-06
507 0
848 0
475 0
495 1.95772e-06
496 1.53671e-06
492 7.15433e-07
496 0
543 0
475 0
525 0
850 0
850 0
475 0
478 2.28263e-06
477 1.25794e-06
475 3.44631e-06
475 1.60599e-06
475 0
176 0
475 0
515 3.35564e-06
504 3.67716e-06
519 1.75348e-06
525 0
589 0
475 0
497 1.83459e-06
497 6.08067e-07
501 2.43808e-07
499 0
456 0
475 0
492 3.74407e-06
492 2.22082e-06
490 2.75114e-06
498 1.96271e-06
492 2.61816e-06
500 0
546 0
475 0
479 3.70775e-07
482 9.80877e-07
482 9.29996e-07
478 1.1254e-07
475 0
189 0
475 0
480 4.06573e-06
475 0
0 0
475 0
476 4.07599e-06
475 0
0 0
475 0
525 0
850 0
850 0
475 0
482 1.20606e-06
493 1.8607e-06
525 0
1039 0
475 0
505 1.46817e-06
515 0
611 0
475 0
496 6.06976e-07
511 1.10825e-06
507 0
430 0
475 0
525 0
850 0
850 0
475 0
484 2.09502e-06
485 0
493 0
475 0
525 0
850 0
850 0
475 0
525 0
850 0
850 0
475 0
485 3.71764e-06
475 0
182 0
475 0
475 7.80533e-07
500 0
727 0
475 0
479 2.40534e-06
478 3.45453e-06
478 9.56092e-07
493 0
723 0
475 0
486 2.98005e-06
481 1.87396e-06
511 0
1000 0
475 0
477 4.1076e-06
475 0
0 0
475 0
477 1.68776e-06
483 3.70946e-06
480 2.71194e-06
486 0
616 0
475 0
525 0
850 0
850 0
475 0
479 9.54281e-07
496 0
652 0
475 0
495 2.61804e-06
490 0
439 0
475 0
475 2.97048e-06
475 0
364 0
475 0
478 2.39954e-06
475 0
443 0
475 0
477 1.51734e-06
483 1.22674e-06
502 0
825 0
475 0
486 2.7416e-06
479 2.65319e-06
486 1.33786e-06
493 0
647 0
475 0
491 5.94765e-07
502 1.80935e-06
501 2.17535e-06
525 0
1104 0
475 0
525 0
850 0
850 0
475 0
485 3.87052e-06
475 0
72 0
475 0
483 8.30361e-07
503 0
683 0
475 0
525 0
850 0
850 0
475 0
475 5.80676e-07
489 1.21974e-06
487 0
467 0
475 0
475 1.1724e-06
489 0
618 0
475 0
503 3.18919e-06
497 3.32738e-06
501 1.73778e-06
500 2.97231e-06
504 9.40959e-08
517 0
689 0
475 0
478 1.84429e-06
482 0
519 0
475 0
525 0
850 0
850 0
475 0
511 6.3201e-07
512 3.44738e-06
511 6.86034e-07
491 0
309 0
475 0
501 2.61093e-06
494 1.49393e-06
496 0
671 0
475 0
475 3.83004e-06
475 0
0 0
475 0
497 1.87252e-06
498 7.56223e-07
508 3.3753e-06
494 0
427 0
475 0
491 9.48584e-07
513 0
713 0
475 0
515 4.09285e-06
508 3.56086e-06
517 6.94437e-07
518 2.03378e-06
475 0
0 0
475 0
491 3.38112e-07
524 1.43442e-06
524 3.6674e-07
525 0
685 0
475 0
525 0
850 0
850 0
475 0
482 1.89654e-06
484 3.6337e-06
480 1.90233e-06
475 0
256 0
475 0
485 2.64076e-07
519 4.11147e-06
506 2.70549e-06
504 0
480 0
475 0
507 2.63549e-06
506 3.14791e-06
512 3.02039e-06
507 3.87016e-08
504 1.9389e-06
497 1.55423e-06
498 1.58543e-06
500 3.6793e-07
500 1.49285e-06
499 5.61992e-07
511 7.00257e-07
515 0
561 0
475 0
514 1.93113e-06
517 0
547 0
475 0
501 3.09574e-06
492 3.25283e-06
493 5.11134e-07
493 2.9326e-06
488 1.6701e-06
486 2.33338e-06
508 0
701 0
475 0
502 2.92635e-06
496 2.30692e-06
499 0
530 0
475 0
506 9.85747e-07
512 4.22244e-09
524 3.99868e-06
523 1.83099e-06
517 4.22273e-07
516 0
391 0
475 0
476 2.48995e-06
475 0
434 0
475 0
487 3.77136e-06
475 0
99 0
475 0
525 0
850 0
850 0
475 0
507 8.43193e-07
517 3.80988e-06
510 4.65791e-08
510 1.09934e-06
511 2.53112e-06
514 1.53209e-06
513 1.27421e-06
516 0
535 0
475 0
521 2.0786e-06
522 0
531 0
475 0
513 1.23807e-06
519 3.00291e-06
515 1.24258e-06
525 0
823 0
475 0
487 1.74397e-06
489 3.70526e-06
490 1.62518e-06
476 1.90543e-06
475 0
458 0
475 0
485 2.89165e-06
478 1.15834e-06
478 3.05137e-06
475 1.57186e-06
477 3.77442e-07
507 0
732 0
475 0
485 7.27165e-07
502 1.69641e-06
525 0
852 0
852 0
475 0
485 5.68351e-08
485 1.9163e-07
503 6.50208e-07
522 1.88652e-06
515 3.63887e-06
525 0
861 0
475 0
510 1.8076e-06
512 3.26889e-06
516 3.93188e-07
511 0
472 0
475 0
525 0
850 0
850 0
475 0
525 0
850 0
850 0
475 0
484 2.11612e-06
484 3.53378e-06
475 0
365 0
475 0
487 3.88055e-08
487 1.44144e-06
495 3.46823e-07
517 8.6504e-07
525 0
882 0
882 0
475 0
509 1.10158e-06
524 0
655 0
475 0
480 3.81271e-06
478 2.36842e-06
475 1.89782e-06
475 0
209 0
475 0
484 1.52509e-06
487 3.28936e-06
479 1.90467e-06
477 2.73035e-06
485 2.28177e-06
480 0
420 0
475 0
492 2.29345e-06
491 1.88003e-06
493 1.75246e-06
497 3.26708e-06
483 2.67495e-06
487 0
840 0
475 0
479 1.11175e-06
481 2.00436e-06
525 0
867 0
867 0
475 0
518 2.15981e-06
518 2.19539e-06
475 0
0 0
475 0
525 0
850 0
850 0
475 0
515 7.28222e-07
520 1.13106e-06
525 0
745 0
475 0
490 2.60326e-06
485 7.85783e-07
485 0
486 0
475 0
481 3.29559e-06
475 0
309 0
475 0
479 4.03254e-06
477 1.39483e-06
475 0
243 0
475 0
481 2.36693e-06
480 1.06453e-06
491 0
595 0
475 0
478 6.83396e-07
506 0
755 0
475 0
500 3.76003e-06
475 0
49 0
475 0
510 3.85906e-06
480 4.16663e-07
475 0
0 0
475 0
494 2.61319e-07
513 2.13637e-06
522 2.37221e-06
516 0
154 0
475 0
513 3.56386e-06
488 0
266 0
475 0
525 0
850 0
850 0
475 0
480 8.71441e-07
489 1.35899e-06
519 1.08313e-06
519 0
467 0
475 0
525 0
850 0
850 0
475 0
525 0
850 0
850 0
475 0
501 3.62947e-06
475 0
224 0
475 0
497 1.09951e-06
497 8.06707e-07
507 1.65497e-06
496 0
273 0
475 0
493 2.53318e-06
493 2.09289e-06
477 0
333 0
475 0
480 2.04285e-06
481 0
495 0
475 0
503 5.01207e-08
525 0
859 0
859 0
475 0
510 3.70434e-06
494 2.20804e-07
489 2.22487e-06
495 1.29143e-06
495 5.80557e-07
493 1.13295e-06
513 2.35145e-06
525 0
642 0
475 0
487 9.76126e-07
489 1.17454e-06
497 1.32716e-06
509 0
624 0
