475 3.78315e-22
475 2.82072
475 2.88007
475 3.47151
475 0.827702
475 3.78315e-22
475 2.66161
475 3.00756
475 3.39641
475 0.872774
475 0.0616452
475 3.78315e-22
475 2.84865
475 2.90174
475 3.36236
475 0.887249
475 3.78315e-22
475 2.78381
475 2.85247
475 3.41919
475 0.858539
475 0.0589516
475 0.0270445
475 3.78315e-22
475 2.85333
475 2.88426
475 3.42128
475 0.841132
475 3.78315e-22
475 2.72283
475 2.91146
475 3.43094
475 0.790877
475 0.13525
475 0.00863795
475 3.78315e-22
475 2.65428
475 2.87287
475 3.36963
475 1.10322
475 3.78315e-22
475 2.67928
475 2.9079
475 3.41929
475 0.993533
475 3.78315e-22
475 2.76635
475 2.9637
475 3.39137
475 0.878574
475 3.78315e-22
475 2.84455
475 2.954
475 3.37728
475 0.75915
475 0.0373465
475 0.0186621
475 0.00900766
475 3.78315e-22
475 2.82887
475 2.90067
475 3.43515
475 0.835308
475 3.78315e-22
475 2.72898
475 2.95544
475 3.3467
475 0.968889
475 3.78315e-22
475 2.80392
475 2.91238
475 3.32108
475 0.962624
475 3.78315e-22
475 2.72574
475 2.84872
475 3.30711
475 1.11626
475 0.00216987
475 3.78315e-22
475 2.80684
475 2.8035
475 3.25229
475 1.10162
475 0.0192129
475 0.0165299
475 3.78315e-22
475 2.8996
475 2.98532
475 3.37022
475 0.744854
475 3.78315e-22
475 2.74301
475 2.87328
475 3.30867
475 0.991434
475 0.0835959
475 3.78315e-22
475 2.76627
475 2.91094
475 3.32908
475 0.959543
475 0.0341663
475 3.78315e-22
475 2.78427
475 2.90941
475 3.34668
475 0.959645
475 3.78315e-22
475 2.7864
475 2.92997
475 3.44983
475 0.8256
475 0.00819765
475 3.78315e-22
475 2.65853
475 2.8098
475 3.30046
475 1.19764
475 0.0290717
475 0.0044948
475 3.78315e-22
475 2.75707
475 2.94415
475 3.33084
475 0.899748
475 0.055597
475 0.0125961
475 3.78315e-22
475 2.84835
475 3.04159
475 3.56398
475 0.503988
475 0.0420926
475 3.78315e-22
475 2.77019
475 3.0188
475 3.46348
475 0.747526
475 3.78315e-22
475 2.84287
475 2.9612
475 3.46249
475 0.71994
475 0.0135025
475 3.78315e-22
475 2.8187
475 2.91906
475 3.39139
475 0.812296
475 0.0506089
475 0.00794403
475 3.78315e-22
475 2.76878
475 2.95692
475 3.39225
475 0.882049
475 3.78315e-22
475 2.7628
475 2.92037
475 3.37808
475 0.93874
475 3.78315e-22
475 2.82517
475 2.95509
475 3.31873
475 0.901007
475 3.78315e-22
475 2.87668
475 2.85318
475 3.34348
475 0.926652
475 3.78315e-22
475 2.81524
475 2.97806
475 3.41964
475 0.701376
475 0.0850031
475 0.000679744
475 3.78315e-22
475 2.78747
475 2.86363
475 3.3893
475 0.958437
475 0.00115687
475 3.78315e-22
475 2.89848
475 2.91381
475 3.4008
475 0.786903
475 3.78315e-22
475 2.80223
475 2.86554
475 3.41096
475 0.921268
475 3.78315e-22
475 2.71728
475 2.88181
475 3.38887
475 0.925618
475 0.086418
475 3.78315e-22
475 2.85027
475 2.8712
475 3.39122
475 0.847113
475 0.0245541
475 0.0156501
475 3.78315e-22
475 2.77883
475 2.79319
475 3.39312
475 1.03486
475 3.78315e-22
475 2.84058
475 2.90169
475 3.40908
475 0.700907
475 0.147742
475 3.78315e-22
475 2.90912
475 2.88266
475 3.39712
475 0.672967
475 0.138127
475 3.78315e-22
475 2.72895
475 2.76827
475 3.31362
475 1.12741
475 0.0483469
475 0.0134066
475 3.78315e-22
475 2.91115
475 2.84617
475 3.3925
475 0.736568
475 0.113615
475 3.78315e-22
475 2.78323
475 2.89756
475 3.26891
475 0.920154
475 0.100348
475 0.0244057
475 0.00538314
475 3.78315e-22
475 2.80652
475 3.0062
475 3.40366
475 0.677814
475 0.105812
475 3.78315e-22
475 2.76118
475 3.01354
475 3.37298
475 0.852303
475 3.78315e-22
475 2.76644
475 2.91677
475 3.37149
475 0.945297
475 3.78315e-22
475 2.78759
475 2.97922
475 3.39254
475 0.840654
475 3.78315e-22
475 2.72581
475 2.829
475 3.30845
475 0.922376
475 0.181109
475 0.0172946
475 0.015956
475 3.78315e-22
475 2.77075
475 2.89565
475 3.32534
475 0.993651
475 0.0146066
475 3.78315e-22
475 2.87408
475 2.96914
475 3.39847
475 0.666539
475 0.0917647
475 3.78315e-22
475 2.75408
475 0.689786
475 3.00118
475 3.4598
475 0.0951565
475 3.78315e-22
475 2.88754
475 2.9538
475 3.51625
475 0.63078
475 0.0116274
475 3.78315e-22
475 2.72447
475 2.90929
475 3.3749
475 0.761373
475 0.229964
475 3.78315e-22
475 2.62195
475 2.88015
475 3.37955
475 0.999036
475 0.119312
475 3.78315e-22
475 2.81144
475 2.83759
475 3.31227
475 0.931792
475 0.0870769
475 0.0198286
475 3.78315e-22
475 2.77126
475 2.8737
475 3.43673
475 0.918318
475 3.78315e-22
475 2.67712
475 2.90795
475 3.26527
475 1.14966
475 3.78315e-22
475 2.8416
475 2.9878
475 3.40361
475 0.680158
475 0.0717722
475 0.0150627
475 3.78315e-22
475 2.78449
475 2.82644
475 3.34792
475 1.04115
475 3.78315e-22
475 2.78013
475 2.84003
475 3.31886
475 1.06099
475 3.78315e-22
475 2.73976
475 2.78148
475 3.43653
475 0.985987
475 0.0562464
475 3.78315e-22
475 2.72684
475 2.84533
475 3.31916
475 1.10867
475 3.78315e-22
475 2.81922
475 2.87529
475 3.42135
475 0.884147
475 3.78315e-22
475 2.70831
475 2.85074
475 3.31935
475 1.01615
475 0.057608
475 0.0143847
475 0.0103272
475 0.0231209
475 3.78315e-22
475 2.86212
475 2.98731
475 3.40029
475 0.750287
475 3.78315e-22
475 2.82044
475 2.93143
475 3.27192
475 0.976207
475 3.78315e-22
475 2.69332
475 2.80607
475 3.33711
475 1.16351
475 3.78315e-22
475 2.93816
475 2.97055
475 3.40634
475 0.684958
475 3.78315e-22
475 2.92333
475 2.95579
475 3.40412
475 0.713009
475 0.00375115
475 3.78315e-22
475 2.94411
475 2.88099
475 3.4665
475 0.645666
475 0.0627269
475 3.78315e-22
475 2.86309
475 2.93169
475 3.41891
475 0.671285
475 0.0240863
475 0.0909327
475 3.78315e-22
475 2.80336
475 2.9074
475 3.37669
475 0.912549
475 3.78315e-22
475 2.85097
475 2.87967
475 3.38495
475 0.884411
475 3.78315e-22
475 2.73544
475 2.87993
475 3.43405
475 0.950585
475 3.78315e-22
475 2.75455
475 2.84285
475 3.34267
475 1.01347
475 0.0314046
475 0.015062
475 3.78315e-22
475 2.80692
475 2.97461
475 3.38392
475 0.788204
475 0.0459847
475 0.000359351
475 3.78315e-22
475 2.81372
475 2.82516
475 3.3456
475 0.876603
475 0.138914
475 3.78315e-22
475 2.72923
475 2.96787
475 3.32326
475 0.89185
475 0.075254
475 0.0125387
475 3.78315e-22
475 2.78662
475 2.8894
475 3.30661
475 1.01737
475 3.78315e-22
475 2.7293
475 3.01917
475 3.4292
475 0.822337
475 3.78315e-22
475 2.74358
475 2.93134
475 3.38217
475 0.942915
475 3.78315e-22
475 2.71968
475 2.87151
475 3.28313
475 1.00932
475 0.116367
475 3.78315e-22
475 2.76561
475 2.84551
475 3.27771
475 1.11117
475 3.78315e-22
475 2.93565
475 2.96404
475 3.39859
475 0.642882
475 0.0588317
475 3.78315e-22
475 2.73371
475 2.85747
475 3.38994
475 1.01888
475 3.78315e-22
475 2.7205
475 2.88096
475 3.32359
475 1.07495
475 3.78315e-22
475 2.71402
475 2.90621
475 3.39157
475 0.988209
475 3.78315e-22
475 2.78645
475 2.86702
475 3.27728
475 1.06924
475 3.78315e-22
475 2.72639
475 2.91369
475 3.37335
475 0.980313
475 0.00625587
475 3.78315e-22
475 2.82654
475 2.88477
475 3.35339
475 0.691178
475 0.184695
475 0.014631
475 0.0358792
475 0.00891056
475 3.78315e-22
475 2.84307
475 2.90744
475 3.39555
475 0.853934
475 3.78315e-22
475 2.89527
475 2.84864
475 3.30611
475 0.795248
475 0.154725
475 3.78315e-22
475 2.81736
475 3.00146
475 3.46817
475 0.713006
475 3.78315e-22
475 2.83796
475 2.97119
475 3.39802
475 0.792824
475 3.78315e-22
475 2.86656
475 2.94584
475 3.4444
475 0.743201
475 3.78315e-22
475 2.86819
475 2.8646
475 3.43786
475 0.829346
475 3.78315e-22
475 2.69823
475 2.99178
475 3.40508
475 0.8085
475 0.0964144
475 3.78315e-22
475 2.81325
475 2.85355
475 3.42297
475 0.850971
475 0.0479548
475 0.0113068
475 3.78315e-22
475 2.78266
475 2.82957
475 3.33151
475 0.870868
475 0.185393
475 3.78315e-22
475 2.88335
475 2.83967
475 3.32103
475 0.92926
475 0.00942744
475 0.01726
475 3.78315e-22
475 2.8468
475 3.00326
475 3.42822
475 0.721708
475 3.78315e-22
475 2.76329
475 2.86992
475 3.32274
475 0.886574
475 0.15747
475 3.78315e-22
475 2.81386
475 2.9407
475 3.45447
475 0.790967
475 3.78315e-22
475 2.8243
475 2.93739
475 3.40283
475 0.777414
475 0.0558671
475 0.00219882
475 3.78315e-22
475 2.82122
475 3.00986
475 3.45293
475 0.684609
475 0.0275967
475 0.00377979
475 3.78315e-22
475 2.80884
475 2.81558
475 3.32522
475 0.841018
475 0.209342
475 3.78315e-22
475 2.80758
475 2.92649
475 3.40244
475 0.732813
475 0.110304
475 0.0125193
475 0.00785509
475 3.78315e-22
475 2.77528
475 2.93963
475 3.35478
475 0.930309
475 3.78315e-22
475 2.83239
475 2.92107
475 3.45099
475 0.740753
475 0.0548028
475 3.78315e-22
475 2.75553
475 2.88355
475 3.34934
475 0.956814
475 0.0383452
475 0.0164347
475 3.78315e-22
475 2.78234
475 2.82438
475 3.31316
475 1.05452
475 0.0255904
475 3.78315e-22
475 2.83845
475 2.89176
475 3.35233
475 0.778754
475 0.108928
475 0.0214808
475 0.00829733
475 3.78315e-22
475 2.7833
475 2.86067
475 3.25061
475 1.10542
475 3.78315e-22
475 2.87116
475 3.03652
475 3.38775
475 0.704566
475 3.78315e-22
475 2.83611
475 2.89788
475 3.4457
475 0.820304
475 3.78315e-22
475 2.76404
475 2.86892
475 3.31794
475 0.984263
475 0.0325507
475 0.0322845
475 3.78315e-22
475 2.87378
475 2.91346
475 3.3684
475 0.736056
475 0.108309
475 3.78315e-22
475 2.76497
475 2.85506
475 3.3362
475 1.04377
475 3.78315e-22
475 2.7732
475 2.86735
475 3.37058
475 0.988878
475 3.78315e-22
475 2.70949
475 2.92513
475 3.4171
475 0.90303
475 0.0452482
475 3.78315e-22
475 2.77448
475 2.75549
475 3.34463
475 1.12541
475 3.78315e-22
475 2.7282
475 2.89225
475 3.36229
475 1.00149
475 0.0157731
475 3.78315e-22
475 2.83046
475 2.77789
475 3.36321
475 1.02844
475 3.78315e-22
475 2.79524
475 2.87407
475 3.31053
475 0.856842
475 0.163319
475 3.78315e-22
475 2.77717
475 2.9129
475 3.41474
475 0.895191
475 3.78315e-22
475 2.72235
475 2.87339
475 3.32919
475 1.05973
475 0.0153306
475 3.78315e-22
475 2.94815
475 2.92951
475 3.29097
475 0.82411
475 0.00725877
475 3.78315e-22
475 2.77375
475 2.99278
475 3.36687
475 0.655142
475 0.108244
475 0.0920838
475 0.0111265
475 3.78315e-22
475 2.74239
475 2.98995
475 3.44621
475 0.819854
475 0.00159802
475 3.78315e-22
475 2.86798
475 2.81873
475 3.37967
475 0.933628
475 3.78315e-22
475 2.71347
475 2.79101
475 3.30716
475 1.02615
475 0.116418
475 0.0262689
475 0.00494536
475 0.0145837
475 3.78315e-22
475 2.70231
475 2.84196
475 3.31811
475 1.06774
475 0.0695844
475 0.000286485
475 3.78315e-22
475 2.86442
475 2.90659
475 3.39529
475 0.833702
475 3.78315e-22
475 2.89213
475 2.8923
475 3.48972
475 0.688967
475 0.0297186
475 0.00716161
475 3.78315e-22
475 2.68358
475 2.88806
475 3.26571
475 1.16265
475 3.78315e-22
475 2.73365
475 2.98232
475 3.38941
475 0.890026
475 0.00460106
475 3.78315e-22
475 2.81772
475 3.01054
475 3.53785
475 0.47696
475 0.156939
475 3.78315e-22
475 2.86423
475 2.9163
475 3.32659
475 0.780294
475 0.0892347
475 0.0233545
475 3.78315e-22
475 2.82247
475 2.94355
475 3.31127
475 0.795723
475 0.108099
475 0.00740445
475 0.0114801
475 3.78315e-22
475 2.7819
475 2.87247
475 3.35826
475 0.987374
475 3.78315e-22
475 2.61821
475 2.85736
475 3.25701
475 1.26743
475 3.78315e-22
475 2.79342
475 2.88129
475 3.36659
475 0.878202
475 0.0548084
475 0.0242205
475 0.00146944
475 3.78315e-22
475 2.75685
475 2.93825
475 3.40477
475 0.812589
475 0.0875406
475 3.78315e-22
475 2.75424
475 2.90701
475 3.31069
475 1.02806
475 3.78315e-22
475 2.8452
475 2.9611
475 3.52158
475 0.645226
475 0.00359399
475 0.0120447
475 0.0112563
475 3.78315e-22
475 2.91698
475 2.92411
475 3.37091
475 0.788001
475 3.78315e-22
475 2.87005
475 2.8622
475 3.4306
475 0.82703
475 0.0101189
475 3.78315e-22
475 2.807
475 2.89784
475 3.42587
475 0.790901
475 0.0637218
475 0.0146701
475 3.78315e-22
475 2.90322
475 2.91571
475 3.40034
475 0.762647
475 0.0180877
475 3.78315e-22
475 2.85131
475 2.93657
475 3.4798
475 0.732321
475 3.78315e-22
475 2.83577
475 2.94065
475 3.3313
475 0.892283
475 3.78315e-22
475 2.69456
475 2.80206
475 3.34849
475 1.1549
475 3.78315e-22
475 2.86186
475 2.89865
475 3.48104
475 0.683084
475 0.0753671
475 3.78315e-22
475 2.88242
475 2.90423
475 3.3196
475 0.893744
475 3.78315e-22
475 2.80865
475 2.88625
475 3.3695
475 0.701087
475 0.125083
475 0.097
475 0.0124348
475 3.78315e-22
475 2.95379
475 2.80063
475 3.37263
475 0.872951
475 3.78315e-22
475 2.82136
475 2.91367
475 3.47224
475 0.722701
475 0.0614444
475 0.00858653
475 3.78315e-22
475 2.88372
475 2.90525
475 3.3604
475 0.850627
475 3.78315e-22
475 2.73732
475 2.92459
475 3.46512
475 0.777911
475 0.0789032
475 0.0161562
475 3.78315e-22
475 2.72059
475 2.81267
475 3.31389
475 1.15286
475 3.78315e-22
475 2.78404
475 2.94503
475 3.41148
475 0.859449
475 3.78315e-22
475 2.77029
475 2.96849
475 3.41139
475 0.837372
475 0.0124554
475 3.78315e-22
475 2.71762
475 2.83776
475 3.28343
475 1.16119
475 3.78315e-22
475 2.72894
475 2.89978
475 3.427
475 0.861599
475 0.0826822
475 3.78315e-22
475 2.79898
475 2.97079
475 3.28986
475 0.801723
475 0.138641
475 3.78315e-22
475 2.79842
475 2.88881
475 3.32572
475 0.954069
475 0.0295675
475 0.00341337
475 3.78315e-22
475 2.85765
475 2.84103
475 3.30155
475 0.999777
475 3.78315e-22
475 2.75937
475 2.88431
475 3.37109
475 0.87711
475 0.0648009
475 0.0119096
475 0.0287227
475 0.00268492
475 3.78315e-22
475 2.9065
475 2.97402
475 3.34595
475 0.773527
475 3.78315e-22
475 2.80808
475 2.76436
475 3.40016
475 0.913989
475 0.113408
475 3.78315e-22
475 2.99375
475 2.96801
475 3.5482
475 0.444073
475 0.0273265
475 0.0137314
475 0.00491286
475 3.78315e-22
475 2.78089
475 2.97344
475 3.43958
475 0.79976
475 0.00633086
475 3.78315e-22
475 2.82459
475 2.89324
475 3.42236
475 0.815195
475 0.0446214
475 3.78315e-22
475 2.77789
475 2.90885
475 3.4598
475 0.853468
475 3.78315e-22
475 2.79866
475 2.90966
475 3.41243
475 0.787238
475 0.0920125
475 3.78315e-22
475 2.83817
475 2.92343
475 3.42135
475 0.817042
475 3.78315e-22
475 2.76048
475 2.94257
475 3.31795
475 0.866173
475 0.112835
475 3.78315e-22
475 2.91358
475 2.90007
475 3.37197
475 0.576463
475 0.23791
475 3.78315e-22
475 2.73127
475 2.77082
475 3.22261
475 1.12343
475 0.151876
475 3.78315e-22
475 2.79264
475 2.81679
475 3.34281
475 1.04776
475 3.78315e-22
475 2.83996
475 2.94337
475 3.45576
475 0.760912
475 3.78315e-22
475 2.77701
475 2.87496
475 3.33977
475 0.908349
475 0.0999096
475 3.78315e-22
475 2.78907
475 2.97782
475 3.44253
475 0.614429
475 0.125201
475 0.0170024
475 0.0109844
475 0.00269745
475 0.0202673
475 3.78315e-22
475 2.80331
475 2.90567
475 3.32076
475 0.889573
475 0.0806784
475 3.78315e-22
475 2.87301
475 2.89725
475 3.35875
475 0.870995
475 3.78315e-22
475 2.90023
475 2.88093
475 3.34288
475 0.875963
475 3.78315e-22
475 2.87686
475 2.9697
475 3.45226
475 0.701187
475 3.78315e-22
475 2.84347
475 2.92692
475 3.50486
475 0.724753
475 3.78315e-22
475 2.78841
475 2.896
475 3.36203
475 0.953564
475 3.78315e-22
475 2.73609
475 2.85005
475 3.40612
475 0.993432
475 0.014307
475 3.78315e-22
475 2.83593
475 2.99978
475 3.31732
475 0.846978
475 3.78315e-22
475 2.74644
475 2.87038
475 3.29541
475 0.966298
475 0.104241
475 0.0172414
475 3.78315e-22
475 2.7858
475 2.91887
475 3.34616
475 0.768819
475 0.175692
475 0.00466869
475 3.78315e-22
475 2.79783
475 2.91382
475 3.36399
475 0.736561
475 0.187798
475 3.78315e-22
475 2.90008
475 2.84343
475 3.38927
475 0.867225
475 3.78315e-22
475 2.73837
475 2.85315
475 3.3468
475 0.802378
475 0.259297
475 3.78315e-22
475 2.86034
475 2.96667
475 3.45192
475 0.534073
475 0.178922
475 0.00806939
475 3.78315e-22
475 2.85909
475 2.97485
475 3.32827
475 0.837792
475 3.78315e-22
475 2.7882
475 2.85177
475 3.39312
475 0.943574
475 0.019319
475 0.00402515
475 3.78315e-22
475 2.82908
475 2.90173
475 3.35114
475 0.886406
475 0.0277027
475 0.00393814
475 3.78315e-22
475 2.83055
475 2.88461
475 3.3682
475 0.798021
475 0.118616
475 3.78315e-22
475 2.69439
475 2.86008
475 3.37312
475 1.01249
475 0.0599184
475 3.78315e-22
475 2.90243
475 2.99098
475 3.44354
475 0.6271
475 0.0359475
475 3.78315e-22
475 2.80167
475 2.90744
475 3.33468
475 0.956208
475 3.78315e-22
475 2.95076
475 2.93977
475 3.54351
475 0.555297
475 0.0106624
475 3.78315e-22
475 2.91162
475 3.0264
475 3.44493
475 0.617049
475 3.78315e-22
475 2.88037
475 2.8958
475 3.38574
475 0.838083
475 3.78315e-22
475 2.84651
475 2.80586
475 3.3002
475 1.04743
475 3.78315e-22
475 2.81427
475 3.0146
475 3.30455
475 0.832071
475 0.0266133
475 0.00789547
475 3.78315e-22
475 2.74684
475 2.96102
475 3.34082
475 0.951315
475 3.78315e-22
475 2.8349
475 3.06582
475 3.41776
475 0.681513
475 3.78315e-22
475 2.77496
475 3.00148
475 3.34869
475 0.874868
475 3.78315e-22
475 2.76977
475 3.00198
475 3.39971
475 0.697706
475 0.106153
475 0.0137005
475 0.0109756
475 3.78315e-22
475 2.728
475 2.92814
475 3.34669
475 0.997162
475 3.78315e-22
475 2.86922
475 2.98279
475 3.48015
475 0.667846
475 3.78315e-22
475 2.73351
475 2.87171
475 3.33036
475 1.04578
475 0.00607778
475 0.012564
475 3.78315e-22
475 2.79702
475 2.97657
475 3.34272
475 0.883686
475 3.78315e-22
475 2.83095
475 3.07301
475 3.41464
475 0.662632
475 0.0185274
475 0.000242324
475 3.78315e-22
475 2.67481
475 2.8359
475 3.22244
475 1.07332
475 0.19353
475 3.78315e-22
475 2.7984
475 2.89176
475 3.26237
475 0.974209
475 0.0650776
475 0.00818815
475 3.78315e-22
475 2.74432
475 2.91404
475 3.46336
475 0.643153
475 0.229781
475 0.00534362
475 3.78315e-22
475 2.80516
475 2.94005
475 3.40789
475 0.846897
475 3.78315e-22
475 2.91569
475 2.89947
475 3.40823
475 0.710601
475 0.0248827
475 0.0345032
475 0.00662
475 3.78315e-22
475 2.70318
475 2.9032
475 3.1771
475 1.21653
475 3.78315e-22
475 2.8295
475 2.8194
475 3.27336
475 0.761679
475 0.316065
475 3.78315e-22
475 2.75913
475 2.96996
475 3.39092
475 0.87999
475 3.78315e-22
475 2.8051
475 2.92415
475 3.42066
475 0.850087
475 3.78315e-22
475 2.86994
475 2.94758
475 3.37257
475 0.716321
475 0.0935834
475 3.78315e-22
475 2.86963
475 3.02851
475 3.46599
475 0.632907
475 0.00296764
475 3.78315e-22
475 2.91975
475 2.82025
475 3.44762
475 0.668884
475 0.132337
475 0.0111687
475 3.78315e-22
475 2.6704
475 2.84246
475 3.33842
475 0.96809
475 0.180629
475 3.78315e-22
475 2.75877
475 2.83764
475 3.27769
475 1.12589
475 3.78315e-22
475 2.76433
475 2.88543
475 3.37128
475 0.951612
475 0.00988816
475 0.0174588
475 3.78315e-22
475 2.7116
475 2.78672
475 3.27406
475 1.22762
475 3.78315e-22
475 2.73109
475 2.88237
475 3.33993
475 0.991412
475 0.0552034
475 3.78315e-22
475 2.75625
475 2.89692
475 3.43905
475 0.877864
475 0.0299224
475 3.78315e-22
475 2.62186
475 3.03535
475 3.29462
475 1.00445
475 0.0244435
475 0.00748697
475 0.0117874
475 3.78315e-22
475 2.681
475 2.93382
475 3.41552
475 0.969658
475 3.78315e-22
475 2.66057
475 2.9432
475 3.25914
475 1.06004
475 0.0543241
475 0.01753
475 0.00519548
475 3.78315e-22
475 2.7236
475 2.9002
475 3.34077
475 1.03542
475 3.78315e-22
475 2.8262
475 2.97888
475 3.41937
475 0.775547
475 3.78315e-22
475 2.71153
475 2.82239
475 3.23794
475 1.01849
475 0.186267
475 0.0108175
475 0.0125674
475 3.78315e-22
475 1.78829
475 2.84904
475 3.19183
475 2.06315
475 0.00197388
475 0.105713
475 3.78315e-22
475 2.83455
475 2.98183
475 3.41093
475 0.772691
475 3.78315e-22
475 2.8661
475 2.8611
475 3.44189
475 0.667976
475 0.162938
475 3.78315e-22
475 2.68967
475 2.84919
475 3.32283
475 1.13831
475 3.78315e-22
475 2.71856
475 2.87986
475 3.40194
475 0.917955
475 0.0290222
475 0.0526602
475 3.78315e-22
475 2.85254
475 2.88254
475 3.43043
475 0.834498
475 3.78315e-22
475 2.88727
475 2.90669
475 3.33983
475 0.866209
475 3.78315e-22
475 2.84877
475 2.89738
475 3.38535
475 0.868497
475 3.78315e-22
475 2.80403
475 2.99149
475 3.43104
475 0.773439
475 3.78315e-22
475 2.78613
475 2.90767
475 3.31174
475 0.994464
475 3.78315e-22
475 2.71534
475 2.97489
475 3.37617
475 0.768596
475 0.165007
475 3.78315e-22
475 2.8044
475 2.88123
475 3.31524
475 0.845161
475 0.153969
475 3.78315e-22
475 2.83132
475 3.02631
475 3.35526
475 0.785367
475 0.00173904
475 3.78315e-22
475 2.70433
475 2.95712
475 3.33004
475 0.979237
475 0.0233614
475 0.00591931
475 3.78315e-22
475 2.74764
475 2.81574
475 3.29808
475 1.13854
475 3.78315e-22
475 2.78241
475 2.96611
475 3.31398
475 0.774442
475 0.163064
475 3.78315e-22
475 2.81781
475 2.81283
475 3.39009
475 0.979275
475 3.78315e-22
475 2.80025
475 3.00798
475 3.36923
475 0.798916
475 0.0200292
475 0.00359119
475 3.78315e-22
475 2.75954
475 2.94867
475 3.43908
475 0.852702
475 3.78315e-22
475 2.77409
475 2.93094
475 3.50505
475 0.789917
475 3.78315e-22
475 2.78109
475 2.89416
475 3.36701
475 0.802047
475 0.110139
475 0.0342819
475 0.0112669
475 3.78315e-22
475 2.78576
475 2.87048
475 3.35134
475 0.992421
475 3.78315e-22
475 2.7162
475 2.92111
475 3.40744
475 0.789156
475 0.166087
475 3.78315e-22
475 2.73861
475 2.8439
475 3.31649
475 1.0718
475 0.0291975
475 3.78315e-22
475 2.75749
475 2.98534
475 3.32866
475 0.92852
475 3.78315e-22
475 2.81236
475 2.92443
475 3.42514
475 0.838069
475 3.78315e-22
475 2.77904
475 2.84994
475 3.43556
475 0.935463
475 3.78315e-22
475 2.64318
475 2.91124
475 3.32516
475 1.12041
475 3.78315e-22
475 2.84248
475 2.84397
475 3.30106
475 1.01249
475 3.78315e-22
475 2.80446
475 2.90493
475 3.39671
475 0.769649
475 0.124248
475 3.78315e-22
475 2.72415
475 2.88345
475 3.36961
475 1.02279
475 3.78315e-22
475 2.73644
475 2.8247
475 3.34432
475 1.06809
475 0.0141876
475 0.0122615
475 3.78315e-22
475 2.78916
475 2.95487
475 3.45271
475 0.803259
475 3.78315e-22
475 2.72416
475 2.81418
475 3.33572
475 1.09359
475 0.0323394
475 3.78315e-22
475 2.79781
475 2.87813
475 3.29597
475 1.0281
475 3.78315e-22
475 0.186657
475 2.77706
475 2.82199
475 3.51574
475 0.527828
475 0.170714
475 3.78315e-22
475 2.89881
475 2.87693
475 3.44791
475 0.625603
475 0.115735
475 0.0350127
475 3.78315e-22
475 2.76035
475 2.91364
475 3.27328
475 1.05272
475 3.78315e-22
475 2.76255
475 2.91885
475 3.32854
475 0.990064
475 3.78315e-22
475 2.74084
475 2.88811
475 3.52781
475 0.84324
475 3.78315e-22
475 2.88215
475 3.02404
475 3.39458
475 0.688565
475 0.0106646
475 3.78315e-22
475 2.75241
475 2.94386
475 3.28623
475 1.01572
475 0.00177867
475 3.78315e-22
475 2.82715
475 2.88311
475 3.36144
475 0.928297
475 3.78315e-22
475 2.7941
475 2.9149
475 3.35636
475 0.830268
475 0.0983936
475 0.00597595
475 3.78315e-22
475 2.7308
475 2.95437
475 3.38294
475 0.835693
475 0.0932973
475 0.00289503
475 3.78315e-22
475 2.79025
475 2.96113
475 3.35266
475 0.727921
475 0.168034
475 3.78315e-22
475 2.65768
475 2.87792
475 3.30211
475 1.1088
475 0.0534905
475 3.78315e-22
475 2.84329
475 2.8571
475 3.42411
475 0.819422
475 0.0284764
475 0.0134796
475 0.0141243
475 3.78315e-22
475 2.97483
475 2.82571
475 3.39068
475 0.808777
475 3.78315e-22
475 2.74331
475 2.96022
475 3.36615
475 0.930318
475 3.78315e-22
475 2.85196
475 2.87284
475 3.37167
475 0.81671
475 0.0663844
475 0.0204342
475 3.78315e-22
475 2.78124
475 2.85499
475 3.36222
475 1.00155
475 3.78315e-22
475 2.84453
475 2.93417
475 3.37342
475 0.84788
475 3.78315e-22
475 2.75535
475 2.8516
475 3.40089
475 0.981645
475 0.010512
475 3.78315e-22
475 2.8759
475 2.86887
475 3.42329
475 0.831937
475 3.78315e-22
475 2.75156
475 2.85745
475 3.31937
475 1.07162
475 3.78315e-22
475 2.72636
475 2.87304
475 3.33864
475 1.06196
475 3.78315e-22
475 2.81396
475 2.93948
475 3.31154
475 0.918893
475 0.0161316
475 3.78315e-22
475 2.68622
475 2.83611
475 3.37652
475 1.10116
475 3.78315e-22
475 2.75197
475 2.94569
475 3.38306
475 0.862885
475 0.0454472
475 0.0109426
475 3.78315e-22
475 2.84723
475 2.97142
475 3.35121
475 0.83014
475 3.78315e-22
475 2.81829
475 2.95369
475 3.40522
475 0.8228
475 3.78315e-22
475 2.74149
475 2.83406
475 3.32697
475 1.09252
475 0.00495192
475 3.78315e-22
475 2.87205
475 2.93667
475 3.46487
475 0.621466
475 0.104941
475 3.78315e-22
475 2.83021
475 2.89058
475 3.37125
475 0.907964
475 3.78315e-22
475 2.77018
475 2.92753
475 3.35704
475 0.945254
475 3.78315e-22
475 2.75276
475 2.82482
475 3.38964
475 0.909632
475 0.122977
475 0.000173584
475 3.78315e-22
475 2.85639
475 2.78438
475 3.23646
475 1.12277
475 3.78315e-22
475 2.76409
475 3.07032
475 3.34296
475 0.78112
475 0.0415065
475 3.78315e-22
475 2.62726
475 2.87545
475 3.25762
475 1.23968
475 3.78315e-22
475 2.85357
475 2.89033
475 3.33842
475 0.709966
475 0.20771
475 3.78315e-22
475 2.88611
475 2.92763
475 3.39893
475 0.728735
475 0.0585941
475 3.78315e-22
475 2.77296
475 2.93245
475 3.42054
475 0.87405
475 3.78315e-22
475 2.93874
475 2.78108
475 3.37741
475 0.902769
475 3.78315e-22
475 2.84654
475 2.8623
475 3.4244
475 0.848366
475 0.018393
475 3.78315e-22
475 0.473847
475 2.55288
475 2.75585
475 3.37133
475 0.846099
475 3.78315e-22
475 2.70241
475 2.91103
475 3.39762
475 0.988938
475 3.78315e-22
475 2.82352
475 2.9125
475 3.42179
475 0.842187
475 3.78315e-22
475 2.9201
475 2.98654
475 3.36227
475 0.700827
475 0.0222376
475 0.00803243
475 3.78315e-22
475 2.7415
475 2.98455
475 3.29935
475 0.934433
475 0.0329508
475 0.00721244
475 3.78315e-22
475 2.71919
475 2.86097
475 3.35405
475 1.06579
475 3.78315e-22
475 2.88186
475 2.95106
475 3.42669
475 0.722911
475 0.0174753
475 3.78315e-22
475 2.69394
475 2.90066
475 3.2953
475 1.04887
475 0.0612291
475 3.78315e-22
475 2.67021
475 2.86701
475 3.29498
475 1.04184
475 0.107358
475 0.0185979
475 3.78315e-22
475 2.84134
475 2.93309
475 3.36278
475 0.862794
475 3.78315e-22
475 2.87863
475 2.89997
475 3.42398
475 0.797431
475 3.78315e-22
475 2.77971
475 2.92532
475 3.3398
475 0.804893
475 0.127675
475 0.00678045
475 0.0158152
475 3.78315e-22
475 2.72396
475 2.94675
475 3.39131
475 0.937981
475 3.78315e-22
475 2.76888
475 2.87015
475 3.38099
475 0.951663
475 0.0283066
475 3.78315e-22
475 2.80308
475 2.91784
475 3.29307
475 0.859527
475 0.126484
475 3.78315e-22
475 2.90362
475 2.97974
475 3.40403
475 0.712604
475 3.78315e-22
475 2.67461
475 2.90426
475 3.34901
475 1.0482
475 0.023912
475 3.78315e-22
475 2.65257
475 2.87808
475 3.38148
475 0.952799
475 0.106619
475 0.0284554
475 3.78315e-22
475 2.92509
475 2.90906
475 3.51537
475 0.630429
475 0.018342
475 0.00171011
475 3.78315e-22
475 2.85773
475 2.9778
475 3.41862
475 0.660878
475 0.0712793
475 0.013702
475 3.78315e-22
475 2.96572
475 2.91144
475 3.34788
475 0.742864
475 0.0321032
475 3.78315e-22
475 2.87281
475 3.00154
475 3.30208
475 0.711999
475 0.111575
475 3.78315e-22
475 2.80097
475 2.8434
475 3.39421
475 0.961418
475 3.78315e-22
475 2.6451
475 2.95698
475 3.30371
475 0.85143
475 0.187902
475 0.054884
475 3.78315e-22
475 2.72142
475 2.9009
475 3.34235
475 1.03532
475 3.78315e-22
475 2.92018
475 2.93787
475 3.36891
475 0.552737
475 0.220299
475 3.78315e-22
475 2.82006
475 2.8748
475 3.33728
475 0.965308
475 0.00256158
475 3.78315e-22
475 2.81311
475 2.87952
475 3.38511
475 0.922256
475 3.78315e-22
475 2.73949
475 2.84572
475 3.41773
475 0.997056
475 3.78315e-22
475 2.90278
475 2.89391
475 3.43636
475 0.738527
475 0.0245048
475 0.00392379
475 3.78315e-22
475 2.79832
475 3.08251
475 3.38394
475 0.692209
475 0.0223575
475 0.0181359
475 0.00253217
475 3.78315e-22
475 2.78525
475 2.77802
475 3.34491
475 0.946601
475 0.144535
475 0.000683122
475 3.78315e-22
475 2.76081
475 2.92776
475 3.38314
475 0.895604
475 0.0052394
475 0.0180476
475 0.0094068
475 3.78315e-22
475 2.67551
475 2.87835
475 3.34153
475 0.882073
475 0.222539
475 3.78315e-22
475 2.8414
475 2.81587
475 3.26793
475 1.05236
475 0.00503027
475 0.0174105
475 3.78315e-22
475 2.92061
475 2.97263
475 3.42303
475 0.66352
475 0.020214
475 3.78315e-22
475 2.79894
475 2.93215
475 3.35875
475 0.782144
475 0.128016
475 3.78315e-22
475 2.76513
475 2.91698
475 3.32576
475 0.955848
475 0.0362848
475 3.78315e-22
475 2.90765
475 2.81304
475 3.40193
475 0.847495
475 0.0270458
475 0.00284089
475 3.78315e-22
475 2.86188
475 2.92572
475 3.35583
475 0.856571
475 3.78315e-22
475 2.82815
475 2.88841
475 3.36275
475 0.920692
475 3.78315e-22
475 2.78819
475 2.98048
475 3.44118
475 0.739328
475 0.0508177
475 3.78315e-22
475 2.77041
475 2.92646
475 3.21874
475 1.08439
475 3.78315e-22
475 2.70278
475 2.93185
475 3.41873
475 0.946638
475 3.78315e-22
475 2.79524
475 2.88568
475 3.3396
475 0.979471
475 3.78315e-22
475 0.0159971
475 2.81149
475 2.82941
475 3.40714
475 0.853889
475 0.0818539
475 0.000211068
475 3.78315e-22
475 2.6238
475 2.98908
475 3.43551
475 0.951606
475 3.78315e-22
475 2.70223
475 2.91623
475 3.2764
475 1.10514
475 3.78315e-22
475 2.77164
475 2.87968
475 3.39809
475 0.950593
475 3.78315e-22
475 2.75733
475 2.9439
475 3.3821
475 0.916674
475 3.78315e-22
475 2.85544
475 2.98932
475 3.31393
475 0.841304
475 3.78315e-22
475 2.84214
475 2.94021
475 3.42899
475 0.788658
475 3.78315e-22
475 2.81785
475 2.95227
475 3.36602
475 0.841883
475 0.0219826
475 3.78315e-22
475 2.69158
475 2.86513
475 3.33345
475 1.00643
475 0.0926891
475 0.0107085
475 3.78315e-22
475 2.73637
475 2.81839
475 3.36809
475 1.07715
475 3.78315e-22
475 2.84891
475 2.77049
475 3.37174
475 1.00886
475 3.78315e-22
475 2.88374
475 2.94342
475 3.41086
475 0.645545
475 0.0939157
475 0.0083061
475 0.0142154
475 3.78315e-22
475 2.74169
475 2.8708
475 3.39229
475 0.995223
475 3.78315e-22
475 2.73773
475 2.95321
475 3.42963
475 0.87943
475 3.78315e-22
475 2.87738
475 3.0377
475 3.41006
475 0.570864
475 0.0850932
475 0.00213229
475 0.0167723
475 3.78315e-22
475 2.83821
475 2.90083
475 3.32442
475 0.92516
475 0.0113823
475 3.78315e-22
475 2.86945
475 3.06146
475 3.44139
475 0.477484
475 0.126077
475 0.0241382
475 3.78315e-22
475 2.69663
475 2.97638
475 3.32468
475 0.974839
475 0.0274692
475 3.78315e-22
475 2.70821
475 2.87828
475 3.22781
475 1.1857
475 3.78315e-22
475 2.74583
475 2.81638
475 3.39681
475 1.03588
475 0.00509672
475 3.78315e-22
475 2.70038
475 2.84106
475 3.35373
475 0.853172
475 0.251657
475 3.78315e-22
475 2.74295
475 2.90328
475 3.36997
475 0.972209
475 0.0115965
475 3.78315e-22
475 2.79211
475 2.8251
475 3.31878
475 1.06401
475 3.78315e-22
475 2.70797
475 2.93864
475 3.23008
475 1.11661
475 0.00668903
475 3.78315e-22
475 2.82572
475 2.91528
475 3.40205
475 0.856948
475 3.78315e-22
475 2.79887
475 2.78958
475 3.42802
475 0.838314
475 0.14522
475 3.78315e-22
475 2.79525
475 2.7918
475 3.29329
475 1.11966
475 3.78315e-22
475 2.86639
475 2.86371
475 3.42294
475 0.757725
475 0.0892287
475 3.78315e-22
475 2.72018
475 2.84056
475 3.25112
475 1.05723
475 0.130902
475 3.78315e-22
475 2.88841
475 2.80959
475 3.47469
475 0.827316
475 3.78315e-22
475 2.79532
475 2.81403
475 3.31953
475 1.04749
475 0.0236331
475 3.78315e-22
475 2.81014
475 2.92433
475 3.35676
475 0.908766
475 3.78315e-22
475 2.91113
475 2.86977
475 3.32181
475 0.711911
475 0.150182
475 0.0291025
475 0.0060918
475 3.78315e-22
475 2.65453
475 2.93354
475 3.36911
475 0.996931
475 0.0423779
475 0.00351666
475 3.78315e-22
475 2.71251
475 2.87449
475 3.41128
475 1.00173
475 3.78315e-22
475 2.74174
475 2.97766
475 3.29759
475 0.983014
475 3.78315e-22
475 2.80758
475 2.8919
475 3.38552
475 0.810345
475 0.0938231
475 0.0108363
475 3.78315e-22
475 2.80515
475 2.89484
475 3.41524
475 0.884778
475 3.78315e-22
475 2.75681
475 2.94677
475 3.3815
475 0.91492
475 3.78315e-22
475 2.77084
475 2.85933
475 3.40705
475 0.962778
475 3.78315e-22
475 2.87197
475 2.76079
475 3.3891
475 0.978143
475 3.78315e-22
475 2.8345
475 2.92499
475 3.46209
475 0.775103
475 0.00331791
475 3.78315e-22
475 2.90733
475 2.94322
475 3.56658
475 0.582877
475 3.78315e-22
475 2.75686
475 2.80373
475 3.38668
475 1.05274
475 3.78315e-22
475 2.84495
475 2.84341
475 3.33537
475 0.976266
475 3.78315e-22
475 2.85678
475 2.84625
475 3.52523
475 0.737797
475 0.0297302
475 0.00420576
475 3.78315e-22
475 2.80954
475 2.85138
475 3.33501
475 1.00407
475 3.78315e-22
475 2.82921
475 2.95135
475 3.36105
475 0.858391
475 3.78315e-22
475 2.81593
475 2.96809
475 3.4382
475 0.777782
475 3.78315e-22
475 2.76114
475 3.00093
475 3.34794
475 0.869589
475 0.020405
475 3.78315e-22
475 2.88511
475 2.97062
475 3.41697
475 0.682949
475 0.0402847
475 0.00405925
475 3.78315e-22
475 2.78825
475 2.86202
475 3.31336
475 1.03637
475 3.78315e-22
475 2.83924
475 2.91964
475 3.3946
475 0.765021
475 0.0533706
475 0.0212868
475 0.00684722
475 3.78315e-22
475 2.8078
475 2.88636
475 3.32711
475 0.862831
475 0.115893
475 3.78315e-22
475 3.01461
475 2.94808
475 3.46672
475 0.570599
475 3.78315e-22
475 2.85667
475 2.73131
475 3.34106
475 1.07096
475 3.78315e-22
475 2.91174
475 2.97481
475 3.40734
475 0.613762
475 0.0923468
475 3.78315e-22
475 2.74004
475 2.7635
475 3.25672
475 1.10918
475 0.130552
475 3.78315e-22
475 2.86603
475 2.8985
475 3.43369
475 0.69739
475 0.0619934
475 0.0424031
475 3.78315e-22
475 2.77592
475 2.83701
475 3.43403
475 0.953035
475 3.78315e-22
475 2.73445
475 2.88043
475 3.419
475 0.904578
475 0.00443452
475 0.0438466
475 0.0132624
475 3.78315e-22
475 2.73557
475 2.90453
475 3.36956
475 0.898234
475 0.0921118
475 3.78315e-22
475 2.72359
475 2.92452
475 3.41919
475 0.821056
475 0.0804
475 0.0279033
475 0.00333545
475 3.78315e-22
475 2.79391
475 3.07028
475 3.40036
475 0.559815
475 0.17563
475 3.78315e-22
475 2.85726
475 3.00068
475 3.42235
475 0.678472
475 0.0408644
475 0.000378403
475 3.78315e-22
475 2.84697
475 3.05568
475 3.43538
475 0.661972
475 3.78315e-22
475 2.85122
475 2.90889
475 3.37432
475 0.865564
475 3.78315e-22
475 2.71147
475 2.86406
475 3.31042
475 0.942606
475 0.171441
475 3.78315e-22
475 2.83265
475 2.80366
475 3.46318
475 0.900507
475 3.78315e-22
475 2.71971
475 2.79379
475 3.2903
475 1.18878
475 0.0074251
475 3.78315e-22
475 2.68206
475 2.77985
475 3.30257
475 1.03303
475 0.179341
475 0.0231505
475 3.78315e-22
475 2.84895
475 2.95392
475 3.31486
475 0.858492
475 0.0237803
475 3.78315e-22
475 2.77917
475 2.89107
475 3.44992
475 0.879843
475 3.78315e-22
475 2.79615
475 2.85825
475 3.42191
475 0.844622
475 0.045907
475 0.0331629
475 3.78315e-22
475 2.87298
475 2.96665
475 3.44715
475 0.713214
475 3.78315e-22
475 2.74396
475 2.87309
475 3.40138
475 0.930401
475 0.0472184
475 0.00394614
475 3.78315e-22
475 2.83919
475 2.90879
475 3.32485
475 0.927169
475 3.78315e-22
475 2.70503
475 2.81085
475 3.34562
475 1.1385
475 3.78315e-22
475 2.83664
475 2.93569
475 3.39371
475 0.823405
475 0.0105658
475 3.78315e-22
475 2.88619
475 2.90653
475 3.42629
475 0.780991
475 3.78315e-22
475 2.74653
475 2.9061
475 3.32573
475 1.02164
475 3.78315e-22
475 2.80259
475 2.90512
475 3.36201
475 0.930268
475 3.78315e-22
475 2.7579
475 2.9726
475 3.36004
475 0.745757
475 0.133461
475 0.0302334
475 3.78315e-22
475 2.82185
475 2.95303
475 3.36643
475 0.542159
475 0.244133
475 0.0723937
475 3.78315e-22
475 2.78837
475 2.83427
475 3.45053
475 0.926828
475 3.78315e-22
475 2.81896
475 2.86625
475 3.31627
475 0.99852
475 3.78315e-22
475 2.94698
475 3.00127
475 3.4747
475 0.554706
475 0.0113172
475 0.0110269
475 3.78315e-22
475 2.71258
475 2.85898
475 3.43218
475 0.938891
475 0.0379896
475 0.0193791
475 3.78315e-22
475 2.76484
475 2.88881
475 3.28207
475 1.06428
475 3.78315e-22
475 2.81124
475 2.85702
475 3.44877
475 0.819111
475 0.0509996
475 0.0128578
475 3.78315e-22
475 2.65292
475 2.95956
475 3.36297
475 1.02455
475 3.78315e-22
475 2.73992
475 3.04929
475 3.40838
475 0.802405
475 3.78315e-22
475 2.78699
475 2.86457
475 3.40178
475 0.72425
475 0.222418
475 3.78315e-22
475 2.83435
475 2.86415
475 3.33641
475 0.912324
475 0.0527662
475 3.78315e-22
475 2.74801
475 2.94493
475 3.38373
475 0.923334
475 3.78315e-22
475 2.8951
475 2.93896
475 3.42788
475 0.658969
475 0.0790829
475 3.78315e-22
475 2.7826
475 2.81301
475 3.39933
475 0.721319
475 0.213258
475 0.0704886
475 3.78315e-22
475 2.82404
475 2.91853
475 3.45578
475 0.594557
475 0.171602
475 0.0232947
475 0.0121869
475 3.78315e-22
475 2.82805
475 3.04116
475 3.46314
475 0.593024
475 0.0746182
475 3.78315e-22
475 2.82993
475 2.82351
475 3.31091
475 1.03564
475 3.78315e-22
475 2.8495
475 2.90059
475 3.4821
475 0.631673
475 0.136143
475 3.78315e-22
475 2.83869
475 2.7795
475 3.30797
475 0.87662
475 0.197217
475 3.78315e-22
475 2.80065
475 2.876
475 3.39603
475 0.770062
475 0.142529
475 0.0147362
475 3.78315e-22
475 2.90579
475 2.88623
475 3.38495
475 0.750159
475 0.0661412
475 0.00673887
475 3.78315e-22
475 2.90643
475 2.90295
475 3.46821
475 0.722409
475 3.78315e-22
475 2.92298
475 2.81112
475 3.38618
475 0.879722
475 3.78315e-22
475 2.79629
475 2.85048
475 3.35557
475 0.997664
475 3.78315e-22
475 2.72262
475 2.90165
475 3.41419
475 0.96155
475 3.78315e-22
475 2.81942
475 2.83458
475 3.35995
475 0.986043
475 3.78315e-22
475 2.78838
475 2.88127
475 3.41567
475 0.914675
475 3.78315e-22
475 2.82852
475 2.88121
475 3.45429
475 0.678379
475 0.157609
475 3.78315e-22
475 2.80775
475 2.95512
475 3.26921
475 0.967914
475 3.78315e-22
475 2.74753
475 2.8584
475 3.35485
475 1.00512
475 0.0252246
475 0.00887626
475 3.78315e-22
475 2.76626
475 2.92778
475 3.41972
475 0.774004
475 0.112239
475 3.78315e-22
475 2.8255
475 2.91331
475 3.43482
475 0.826373
475 3.78315e-22
475 2.74731
475 3.00993
475 3.4434
475 0.799353
475 3.78315e-22
475 2.87518
475 2.92039
475 3.31529
475 0.841735
475 0.0337695
475 0.0136419
475 3.78315e-22
475 2.76033
475 2.83167
475 3.34394
475 0.987831
475 0.0464145
475 0.0270128
475 0.00279087
475 3.78315e-22
475 2.72122
475 2.83028
475 3.32955
475 0.962696
475 0.136463
475 0.000603566
475 0.0191861
475 3.78315e-22
475 2.68858
475 2.88889
475 3.36869
475 0.873908
475 0.179925
475 3.78315e-22
475 2.83771
475 2.91966
475 3.41728
475 0.669528
475 0.155045
475 0.000780842
475 3.78315e-22
475 2.82125
475 3.00935
475 3.34329
475 0.82611
475 3.78315e-22
475 2.67897
475 2.96648
475 3.36503
475 0.98953
475 3.78315e-22
475 2.74594
475 2.83949
475 3.35594
475 1.05863
475 3.78315e-22
475 2.78062
475 2.86766
475 3.37783
475 0.954701
475 0.019188
475 3.78315e-22
475 2.85452
475 3.03663
475 3.40543
475 0.703416
475 3.78315e-22
475 2.74159
475 2.88577
475 3.40498
475 0.967663
475 3.78315e-22
475 2.77145
475 2.97223
475 3.3124
475 0.862812
475 0.0811095
475 3.78315e-22
475 2.88601
475 2.90491
475 3.42643
475 0.781509
475 0.00113968
475 3.78315e-22
475 2.71291
475 2.93495
475 3.33159
475 1.02055
475 3.78315e-22
475 2.75142
475 2.95456
475 3.33148
475 0.850549
475 0.0744127
475 0.0214096
475 0.0161737
475 3.78315e-22
475 2.72264
475 2.93743
475 3.41862
475 0.921306
475 3.78315e-22
475 2.75402
475 2.89991
475 3.34476
475 1.00131
475 3.78315e-22
475 2.7902
475 2.89279
475 3.37845
475 0.802848
475 0.135714
475 3.78315e-22
475 2.77729
475 2.92957
475 3.36475
475 0.864797
475 0.0346932
475 0.00899258
475 0.00397649
475 0.0159328
475 3.78315e-22
475 2.75613
475 2.89997
475 3.36622
475 0.977678
475 3.78315e-22
475 2.88601
475 2.90974
475 3.39544
475 0.791731
475 0.0170841
475 3.78315e-22
475 2.80136
475 2.85556
475 3.37252
475 0.970549
475 3.78315e-22
475 2.98729
475 2.94103
475 3.42218
475 0.6495
475 3.78315e-22
475 2.79956
475 2.89714
475 3.35824
475 0.865438
475 0.0796216
475 3.78315e-22
475 2.84103
475 2.85063
475 3.35716
475 0.822804
475 0.128382
475 3.78315e-22
475 2.81402
475 2.95676
475 3.40133
475 0.684856
475 0.143028
475 3.78315e-22
475 2.71707
475 2.83448
475 3.38474
475 1.06371
475 3.78315e-22
475 2.81502
475 2.94827
475 3.37976
475 0.786053
475 0.0454956
475 0.0253996
475 3.78315e-22
475 2.80822
475 2.86415
475 3.2893
475 0.907229
475 0.122383
475 0.008719
475 3.78315e-22
475 2.87285
475 2.78698
475 3.38655
475 0.949588
475 0.00403069
475 3.78315e-22
475 2.81872
475 2.86084
475 3.37073
475 0.823321
475 0.104246
475 0.0026441
475 0.00235212
475 0.0171476
475 3.78315e-22
475 2.7924
475 2.9474
475 3.31271
475 0.947491
475 3.78315e-22
475 2.81173
475 2.84182
475 3.39901
475 0.947443
475 3.78315e-22
475 2.85594
475 3.00266
475 3.48094
475 0.660461
475 3.78315e-22
475 2.80958
475 2.85441
475 3.44181
475 0.894196
475 3.78315e-22
475 2.80322
475 2.90532
475 3.3753
475 0.752226
475 0.14432
475 0.0109468
475 0.00866429
475 3.78315e-22
475 2.72386
475 2.86512
475 3.34198
475 1.06904
475 3.78315e-22
475 2.73215
475 2.87918
475 3.38721
475 0.897582
475 0.0689367
475 0.0349483
475 3.78315e-22
475 2.7752
475 2.94995
475 3.44054
475 0.834315
475 3.78315e-22
475 2.87587
475 2.88772
475 3.41265
475 0.767771
475 0.0559848
475 3.78315e-22
475 2.72431
475 2.90098
475 3.36478
475 0.989486
475 0.0204424
475 3.78315e-22
475 2.89897
475 2.89557
475 3.29304
475 0.912425
475 3.78315e-22
475 2.83881
475 2.76134
475 3.30702
475 1.09283
475 3.78315e-22
475 2.82851
475 2.88007
475 3.3594
475 0.898518
475 0.0205621
475 0.0129417
475 3.78315e-22
475 2.73913
475 2.90811
475 3.36243
475 0.99033
475 3.78315e-22
475 2.85464
475 2.93284
475 3.35094
475 0.843316
475 0.0182662
475 3.78315e-22
475 2.73193
475 2.89191
475 3.40316
475 0.972999
475 3.78315e-22
475 2.7132
475 2.86473
475 3.35733
475 1.06475
475 3.78315e-22
475 2.84389
475 2.8231
475 3.37231
475 0.857843
475 0.0933074
475 0.00955109
475 3.78315e-22
475 2.94939
475 2.87787
475 3.43591
475 0.736825
475 3.78315e-22
475 2.82289
475 2.86329
475 3.32754
475 0.918132
475 0.0681421
475 3.78315e-22
475 2.81002
475 2.93265
475 3.43403
475 0.823292
475 3.78315e-22
475 2.86184
475 2.95057
475 3.46697
475 0.720614
475 3.78315e-22
475 2.75554
475 2.94518
475 3.38332
475 0.888942
475 0.0270189
475 3.78315e-22
475 2.81711
475 2.96721
475 3.4131
475 0.76766
475 0.024947
475 0.00996533
475 3.78315e-22
475 2.7018
475 3.01421
475 3.4576
475 0.826389
475 3.78315e-22
475 2.77641
475 3.02035
475 3.45167
475 0.751577
475 3.78315e-22
475 2.85111
475 2.92028
475 3.41021
475 0.818407
475 3.78315e-22
475 2.68688
475 2.9269
475 3.32485
475 0.969168
475 0.0922017
475 3.78315e-22
475 2.64781
475 3.02911
475 3.38842
475 0.934657
475 3.78315e-22
475 2.90141
475 2.86721
475 3.35386
475 0.746275
475 0.0834512
475 0.0332356
475 0.0145627
475 3.78315e-22
475 2.75061
475 2.99087
475 3.40261
475 0.855911
475 3.78315e-22
475 2.82864
475 2.87055
475 3.37475
475 0.926061
475 3.78315e-22
475 2.82403
475 2.94782
475 3.39483
475 0.833323
475 3.78315e-22
475 2.77623
475 2.81857
475 3.33489
475 1.05373
475 0.0165888
475 3.78315e-22
475 2.77461
475 3.01293
475 3.30806
475 0.717528
475 0.173406
475 0.0134685
475 3.78315e-22
475 2.76126
475 2.88566
475 3.36537
475 0.857532
475 0.130177
475 3.78315e-22
475 2.79587
475 2.84419
475 3.33637
475 0.841946
475 0.181619
475 3.78315e-22
475 2.70944
475 2.86595
475 3.32297
475 1.10164
475 3.78315e-22
475 2.76829
475 2.89743
475 3.34302
475 0.716554
475 0.2747
475 3.78315e-22
475 2.66602
475 2.80688
475 3.40114
475 1.05424
475 0.0717237
475 3.78315e-22
475 2.82077
475 2.88676
475 3.37456
475 0.917904
475 3.78315e-22
475 2.6986
475 2.8613
475 3.40572
475 0.880343
475 0.124115
475 0.0296826
475 0.00024329
475 3.78315e-22
475 2.72424
475 3.00761
475 3.39337
475 0.874782
475 3.78315e-22
475 2.83607
475 2.90904
475 3.45458
475 0.728414
475 0.0718914
475 3.78315e-22
475 2.92026
475 2.78541
475 3.36047
475 0.865393
475 0.0684783
475 3.78315e-22
475 2.77974
475 2.8261
475 3.40803
475 0.986125
475 3.78315e-22
475 2.62009
475 2.82644
475 3.24862
475 1.27284
475 0.0320243
475 3.78315e-22
475 2.85358
475 2.91666
475 3.45804
475 0.77097
475 0.000747713
475 3.78315e-22
475 2.86579
475 2.863
475 3.39283
475 0.878379
475 3.78315e-22
475 2.85403
475 2.93831
475 3.37451
475 0.736273
475 0.096882
475 3.78315e-22
475 2.93942
475 2.83503
475 3.38196
475 0.663127
475 0.179506
475 0.000958558
475 3.78315e-22
475 2.6647
475 2.9099
475 3.35419
475 1.0712
475 3.78315e-22
475 2.80254
475 2.90834
475 3.39955
475 0.771116
475 0.118452
475 3.78315e-22
475 2.80767
475 2.8643
475 3.34137
475 0.92783
475 0.0588362
475 3.78315e-22
475 2.72815
475 2.89421
475 3.36952
475 0.844733
475 0.118163
475 0.0245883
475 0.00639228
475 0.0142496
475 3.78315e-22
475 2.80387
475 2.87273
475 3.44347
475 0.807597
475 0.072344
475 3.78315e-22
475 2.95342
475 2.89588
475 3.42087
475 0.662671
475 0.032825
475 0.0243913
475 0.00993999
475 3.78315e-22
475 2.70882
475 2.85325
475 3.23369
475 1.20425
475 3.78315e-22
475 2.81992
475 2.83178
475 3.39616
475 0.897293
475 0.0450729
475 0.00977031
475 3.78315e-22
475 2.82264
475 3.03227
475 3.44494
475 0.700159
475 3.78315e-22
475 2.87674
475 2.90418
475 3.36145
475 0.837981
475 0.013842
475 0.00580112
475 3.78315e-22
475 2.82154
475 2.89762
475 3.41311
475 0.867731
475 3.78315e-22
475 2.79116
475 2.92406
475 3.32731
475 0.92523
475 0.0238726
475 0.00837412
475 3.78315e-22
475 2.85179
475 2.94418
475 3.32054
475 0.795122
475 0.0771517
475 0.0112071
475 3.78315e-22
475 2.85306
475 2.869
475 3.35537
475 0.84931
475 0.0637883
475 0.00946403
475 3.78315e-22
475 2.65762
475 2.95561
475 3.29671
475 1.00627
475 0.0837817
475 3.78315e-22
475 2.77127
475 2.89966
475 3.41412
475 0.914957
475 3.78315e-22
475 2.67598
475 2.9877
475 3.43345
475 0.902862
475 3.78315e-22
475 2.74591
475 2.91749
475 3.31502
475 1.0177
475 0.00387612
475 3.78315e-22
475 2.83027
475 3.09721
475 3.45282
475 0.619705
475 3.78315e-22
475 2.76085
475 2.90585
475 3.37283
475 0.947845
475 0.0126212
475 3.78315e-22
475 2.73392
475 3.00323
475 3.38969
475 0.873162
475 3.78315e-22
475 2.72542
475 2.93991
475 3.31904
475 1.01563
475 3.78315e-22
475 2.82413
475 2.81008
475 3.34154
475 1.02425
475 3.78315e-22
475 2.85366
475 2.95504
475 3.43845
475 0.742415
475 0.0104343
475 3.78315e-22
475 2.75646
475 2.99762
475 3.37461
475 0.871311
475 3.78315e-22
475 2.85018
475 3.0053
475 3.381
475 0.61799
475 0.0775858
475 0.0597859
475 0.00814996
475 3.78315e-22
475 2.65511
475 2.79109
475 3.35835
475 1.17141
475 0.0240272
475 3.78315e-22
475 2.82588
475 3.10002
475 3.50005
475 0.574053
475 3.78315e-22
475 2.86048
475 2.9903
475 3.46052
475 0.622356
475 0.0465054
475 0.0198414
475 3.78315e-22
475 2.76733
475 2.95741
475 3.39078
475 0.739453
475 0.145029
475 3.78315e-22
475 2.79625
475 2.91092
475 3.40927
475 0.883562
475 3.78315e-22
475 2.85396
475 2.74421
475 3.36018
475 1.04164
475 3.78315e-22
475 2.85495
475 2.95619
475 3.33022
475 0.858643
475 3.78315e-22
475 2.74976
475 2.97094
475 3.48851
475 0.773581
475 0.0172031
475 3.78315e-22
475 2.82178
475 2.93334
475 3.32852
475 0.916358
475 3.78315e-22
475 2.89011
475 2.88092
475 3.30886
475 0.920104
475 3.78315e-22
475 2.61204
475 2.9241
475 3.30788
475 1.03187
475 0.114981
475 0.00913151
475 3.78315e-22
475 2.69825
475 2.76427
475 3.39471
475 1.14277
475 3.78315e-22
475 2.79063
475 2.83657
475 3.3414
475 1.03139
475 3.78315e-22
475 2.76014
475 3.00436
475 3.38402
475 0.843803
475 0.00767974
475 3.78315e-22
475 2.68222
475 2.94721
475 3.4518
475 0.91877
475 3.78315e-22
475 2.73756
475 2.84443
475 3.41678
475 0.985252
475 0.0159807
475 3.78315e-22
475 2.8229
475 2.93034
475 3.35129
475 0.895466
475 3.78315e-22
475 2.70501
475 2.94431
475 3.47072
475 0.87996
475 3.78315e-22
475 2.68052
475 2.87714
475 3.26668
475 1.17566
475 3.78315e-22
475 2.72602
475 2.77733
475 3.29784
475 1.16574
475 0.0131692
475 0.00851166
475 0.0113912
475 3.78315e-22
475 2.63556
475 2.92461
475 3.25947
475 0.94449
475 0.235873
475 3.78315e-22
475 2.80783
475 3.00652
475 3.41964
475 0.766006
475 3.78315e-22
475 2.82941
475 2.97558
475 3.44928
475 0.637945
475 0.0968132
475 0.0109693
475 3.78315e-22
475 2.69615
475 2.96607
475 3.32035
475 1.01743
475 3.78315e-22
475 2.81203
475 2.93574
475 3.35841
475 0.842775
475 0.0280215
475 0.0230251
475 3.78315e-22
475 2.92089
475 2.76809
475 3.37932
475 0.925466
475 0.00622689
475 3.78315e-22
475 2.92559
475 2.86648
475 3.34507
475 0.862858
475 3.78315e-22
475 2.74353
475 2.91309
475 3.41248
475 0.929737
475 0.00115175
475 3.78315e-22
475 2.80183
475 2.85646
475 3.3652
475 0.942967
475 0.0245899
475 0.00894732
475 3.78315e-22
475 2.76314
475 2.94752
475 3.3608
475 0.912363
475 0.0161811
475 3.78315e-22
475 2.63993
475 2.95004
475 3.25862
475 0.989418
475 0.161989
475 3.78315e-22
475 2.88378
475 2.90552
475 3.39284
475 0.817856
475 3.78315e-22
475 2.82514
475 2.99192
475 3.48318
475 0.584873
475 0.114885
475 3.78315e-22
475 2.82993
475 2.80676
475 3.45274
475 0.910569
475 3.78315e-22
475 2.817
475 3.00236
475 3.31593
475 0.864711
475 3.78315e-22
475 2.80166
475 2.92559
475 3.2778
475 0.804784
475 0.152813
475 0.0330239
475 0.0043217
475 3.78315e-22
475 2.72949
475 2.83768
475 3.35803
475 1.0748
475 3.78315e-22
475 2.8003
475 2.9359
475 3.41133
475 0.852467
475 3.78315e-22
475 2.77164
475 2.95437
475 3.40892
475 0.826378
475 0.0353991
475 0.00328591
475 3.78315e-22
475 2.77624
475 2.8461
475 3.36197
475 0.771653
475 0.24403
475 3.78315e-22
475 2.76341
475 2.8486
475 3.28051
475 1.10748
475 3.78315e-22
475 2.80583
475 2.82462
475 3.39254
475 0.977011
475 3.78315e-22
475 2.67412
475 2.95602
475 3.30341
475 1.06644
475 3.78315e-22
475 2.79046
475 2.94472
475 3.36441
475 0.900405
475 3.78315e-22
475 2.67956
475 2.82853
475 3.25749
475 1.23442
475 3.78315e-22
475 2.80239
475 2.94783
475 3.37888
475 0.594631
475 0.257566
475 0.0033829
475 0.0153236
475 3.78315e-22
475 2.80361
475 2.76973
475 3.2943
475 0.945522
475 0.109947
475 0.0768816
475 3.78315e-22
475 2.74735
475 2.97436
475 3.44445
475 0.747535
475 0.0863069
475 3.78315e-22
475 2.69529
475 2.90746
475 3.35676
475 0.854644
475 0.185858
475 3.78315e-22
475 2.72229
475 2.91278
475 3.32616
475 0.999965
475 0.0388042
475 3.78315e-22
475 2.77769
475 2.86522
475 3.3684
475 0.988698
475 3.78315e-22
475 2.87729
475 2.92801
475 3.43215
475 0.762553
475 3.78315e-22
475 2.89239
475 2.90493
475 3.49871
475 0.70035
475 0.00362552
475 3.78315e-22
475 2.64758
475 2.85748
475 3.35749
475 1.07108
475 0.0176586
475 0.0196532
475 0.029056
475 3.78315e-22
475 2.87258
475 2.88344
475 3.41846
475 0.73293
475 0.0925917
475 3.78315e-22
475 2.82153
475 2.87484
475 3.43381
475 0.864098
475 0.00572094
475 3.78315e-22
475 2.79338
475 2.94748
475 3.38236
475 0.771317
475 0.105456
475 3.78315e-22
475 2.74759
475 2.91683
475 3.28851
475 1.04707
475 3.78315e-22
475 2.75269
475 2.86207
475 3.36478
475 0.674275
475 0.346194
475 3.78315e-22
475 2.81043
475 2.9989
475 3.41056
475 0.755754
475 0.0170001
475 0.00735527
475 3.78315e-22
475 2.76397
475 2.88043
475 3.39794
475 0.80417
475 0.151837
475 0.00165166
475 3.78315e-22
475 2.81748
475 2.95013
475 3.33463
475 0.748914
475 0.148846
475 3.78315e-22
475 2.72627
475 2.9293
475 3.38017
475 0.898867
475 0.0349453
475 0.0157405
475 0.0147104
475 3.78315e-22
475 2.75199
475 2.855
475 3.37052
475 1.02248
475 3.78315e-22
475 2.90334
475 3.0315
475 3.43735
475 0.62781
475 3.78315e-22
475 2.70886
475 2.91839
475 3.29337
475 1.07937
475 3.78315e-22
475 2.77637
475 2.79661
475 3.2956
475 1.09972
475 0.0317022
475 3.78315e-22
475 2.72502
475 2.91622
475 3.34493
475 0.972659
475 0.0308255
475 0.010334
475 3.78315e-22
475 2.79944
475 2.98261
475 3.32091
475 0.897039
475 3.78315e-22
475 2.7111
475 2.92268
475 3.29554
475 0.935098
475 0.118293
475 0.017287
475 3.78315e-22
475 2.77359
475 2.86017
475 3.34089
475 1.00693
475 0.0184268
475 3.78315e-22
475 2.79162
475 2.93843
475 3.3603
475 0.830038
475 0.0796013
475 3.78315e-22
475 2.5702
475 2.92924
475 3.36236
475 1.13821
475 3.78315e-22
475 2.90625
475 2.87446
475 3.34262
475 0.876679
475 3.78315e-22
475 2.85161
475 2.90234
475 3.38038
475 0.865663
475 3.78315e-22
475 2.73476
475 2.90118
475 3.30284
475 0.997208
475 0.0625723
475 0.00144369
475 3.78315e-22
475 2.7328
475 2.9069
475 3.32582
475 0.974794
475 0.0475842
475 0.0120971
475 3.78315e-22
475 2.84014
475 2.83987
475 3.37492
475 0.945065
475 3.78315e-22
475 2.68501
475 2.88315
475 3.35112
475 1.08072
475 3.78315e-22
475 2.81486
475 2.99218
475 3.35459
475 0.819949
475 0.0184169
475 3.78315e-22
475 2.88702
475 2.97533
475 3.46704
475 0.667967
475 0.00264379
475 3.78315e-22
475 2.83756
475 2.98023
475 3.31696
475 0.865247
475 3.78315e-22
475 2.75616
475 2.91944
475 3.34696
475 0.977435
475 3.78315e-22
475 2.91672
475 2.94152
475 3.38083
475 0.759038
475 0.00189008
475 3.78315e-22
475 2.71999
475 3.02173
475 3.28945
475 0.968833
475 3.78315e-22
475 2.93834
475 2.92614
475 3.45958
475 0.606468
475 0.0012886
475 0.0681887
475 3.78315e-22
475 2.86772
475 2.94602
475 3.44036
475 0.745895
475 3.78315e-22
475 2.89052
475 2.96771
475 3.49156
475 0.626842
475 0.00614527
475 0.0172185
475 3.78315e-22
475 2.73353
475 2.99056
475 3.39496
475 0.658528
475 0.222421
475 3.78315e-22
475 2.6768
475 2.86167
475 3.40595
475 1.05558
475 3.78315e-22
475 2.93654
475 2.91859
475 3.47958
475 0.665294
475 3.78315e-22
475 2.78796
475 2.97912
475 3.3473
475 0.77861
475 0.0747259
475 0.0210822
475 0.0112004
475 3.78315e-22
475 2.8267
475 2.89405
475 3.41612
475 0.830869
475 0.0322663
475 3.78315e-22
475 2.75054
475 2.90951
475 3.27415
475 0.949744
475 0.0495936
475 0.0664655
475 3.78315e-22
475 2.82534
475 2.88518
475 3.46068
475 0.452448
475 0.328103
475 0.0368665
475 0.0113878
475 3.78315e-22
475 2.92208
475 2.85074
475 3.41153
475 0.815645
475 3.78315e-22
475 2.85582
475 3.08928
475 3.40059
475 0.654304
475 3.78315e-22
475 2.82344
475 2.9351
475 3.33313
475 0.908321
475 3.78315e-22
475 2.79597
475 2.79156
475 3.40384
475 1.00862
475 3.78315e-22
475 2.58737
475 2.96927
475 3.29241
475 1.15095
475 3.78315e-22
475 2.85424
475 2.86477
475 3.37656
475 0.904424
475 3.78315e-22
475 2.72928
475 2.93908
475 3.31602
475 1.01562
475 3.78315e-22
475 2.80266
475 2.87109
475 3.46356
475 0.862701
475 3.78315e-22
475 2.76929
475 2.84974
475 3.35547
475 0.899906
475 0.125586
475 3.78315e-22
475 2.88947
475 2.97476
475 3.43141
475 0.704363
475 3.78315e-22
475 2.82471
475 2.97855
475 3.38612
475 0.70971
475 0.0799732
475 0.0209418
475 3.78315e-22
475 2.78524
475 2.78336
475 3.30687
475 1.12453
475 3.78315e-22
475 2.79124
475 2.86992
475 3.36305
475 0.942847
475 0.0177404
475 0.0152022
475 3.78315e-22
475 2.74774
475 2.84874
475 3.36069
475 0.904298
475 0.115453
475 0.0230765
475 3.78315e-22
475 2.78089
475 3.00966
475 3.34425
475 0.800345
475 0.0648539
475 3.78315e-22
475 2.83724
475 2.80386
475 3.40043
475 0.95847
475 3.78315e-22
475 2.9368
475 2.88979
475 3.40018
475 0.728548
475 0.0446824
475 3.78315e-22
475 2.77221
475 2.88585
475 3.37282
475 0.969117
475 3.78315e-22
475 2.67538
475 2.85628
475 3.36263
475 1.06543
475 0.0402766
475 3.78315e-22
475 2.78458
475 2.92284
475 3.3141
475 0.978475
475 3.78315e-22
475 2.82477
475 3.08204
475 3.44273
475 0.607334
475 0.0265348
475 0.0165932
475 3.78315e-22
475 2.80002
475 3.03794
475 3.40699
475 0.755038
475 3.78315e-22
475 2.72486
475 2.85573
475 3.26134
475 1.15807
475 3.78315e-22
475 2.91196
475 2.96019
475 3.44924
475 0.534043
475 0.14457
475 3.78315e-22
475 2.85928
475 2.98436
475 3.30156
475 0.679987
475 0.171293
475 0.00351351
475 3.78315e-22
475 2.71481
475 2.86645
475 3.37254
475 1.04619
475 3.78315e-22
475 2.77664
475 2.95972
475 3.37486
475 0.840541
475 0.0331156
475 0.0151214
475 3.78315e-22
475 2.86659
475 2.93977
475 3.38425
475 0.80939
475 3.78315e-22
475 2.74888
475 2.87805
475 3.38015
475 0.992916
475 3.78315e-22
475 2.6684
475 2.92422
475 3.37182
475 1.03557
475 3.78315e-22
475 2.87985
475 2.85977
475 3.41142
475 0.765495
475 0.0826468
475 0.000821825
475 3.78315e-22
475 2.72809
475 2.87604
475 3.30136
475 1.09451
475 3.78315e-22
475 2.80566
475 2.85962
475 3.43373
475 0.900986
475 3.78315e-22
475 2.78063
475 2.91403
475 3.4023
475 0.903047
475 3.78315e-22
475 2.73501
475 2.90501
475 3.30662
475 1.05336
475 3.78315e-22
475 2.6911
475 2.84295
475 3.32429
475 0.93514
475 0.206526
475 3.78315e-22
475 2.71824
475 3.00019
475 3.36108
475 0.920493
475 3.78315e-22
475 2.7041
475 2.85789
475 3.45153
475 0.928992
475 0.0439865
475 0.0135009
475 3.78315e-22
475 2.81265
475 2.89929
475 3.34787
475 0.940178
475 3.78315e-22
475 2.69068
475 2.82229
475 3.38809
475 1.09894
475 3.78315e-22
475 2.66916
475 2.9133
475 3.26553
475 1.15201
475 3.78315e-22
475 2.76555
475 2.94473
475 3.40889
475 0.880833
475 3.78315e-22
475 2.8652
475 2.86744
475 3.38267
475 0.884694
475 3.78315e-22
475 2.77973
475 2.89626
475 3.39802
475 0.925985
475 3.78315e-22
475 2.76692
475 2.85654
475 3.2973
475 1.07924
475 3.78315e-22
475 2.82751
475 2.95363
475 3.44774
475 0.768235
475 0.00287966
475 3.78315e-22
475 2.86087
475 2.92623
475 3.37823
475 0.819671
475 0.0150074
475 3.78315e-22
475 2.74267
475 2.93056
475 3.31575
475 1.01101
475 3.78315e-22
475 2.76971
475 2.79692
475 3.3244
475 1.10897
475 3.78315e-22
475 2.77527
475 2.92008
475 3.34556
475 0.959092
475 3.78315e-22
475 2.86042
475 2.94205
475 3.42276
475 0.774769
475 3.78315e-22
475 2.73113
475 3.03468
475 3.41135
475 0.822834
475 3.78315e-22
475 2.82202
475 2.96775
475 3.41422
475 0.796018
475 3.78315e-22
475 2.71932
475 2.99063
475 3.36704
475 0.923015
475 3.78315e-22
475 2.70402
475 2.792
475 3.24147
475 1.03106
475 0.231454
475 3.78315e-22
475 2.7712
475 2.9419
475 3.41613
475 0.702962
475 0.164932
475 0.00287969
475 3.78315e-22
475 2.67938
475 2.73596
475 3.37101
475 1.21365
475 3.78315e-22
475 2.86174
475 2.98714
475 3.44364
475 0.698045
475 0.00943839
475 3.78315e-22
475 2.76678
475 2.86425
475 3.30091
475 0.901653
475 0.131607
475 0.0348108
475 3.78315e-22
475 2.83992
475 2.91881
475 3.28272
475 0.958544
475 3.78315e-22
475 2.93236
475 2.98502
475 3.44348
475 0.529697
475 0.109438
475 3.78315e-22
475 2.87623
475 2.84722
475 3.3513
475 0.790144
475 0.135109
475 3.78315e-22
475 2.86198
475 2.92337
475 3.42303
475 0.696827
475 0.0947974
475 3.78315e-22
475 2.85328
475 2.92995
475 3.44791
475 0.768854
475 3.78315e-22
475 2.72516
475 2.83919
475 3.25597
475 1.17968
475 3.78315e-22
475 2.85809
475 2.86897
475 3.45994
475 0.81299
475 3.78315e-22
475 2.80119
475 2.95505
475 3.40041
475 0.667877
475 0.149861
475 0.0256117
475 3.78315e-22
475 2.71042
475 2.84916
475 3.28306
475 1.15736
475 3.78315e-22
475 2.88077
475 2.87555
475 3.45198
475 0.791704
475 3.78315e-22
475 2.80187
475 2.88793
475 3.38523
475 0.924965
475 3.78315e-22
475 2.89948
475 2.89506
475 3.3936
475 0.798337
475 0.0135204
475 3.78315e-22
475 2.8183
475 2.87823
475 3.26652
475 1.03695
475 3.78315e-22
475 2.74764
475 2.91466
475 3.3581
475 0.979587
475 3.78315e-22
475 2.83524
475 2.92186
475 3.33758
475 0.718193
475 0.184247
475 0.00287929
475 3.78315e-22
475 2.85882
475 2.97463
475 3.47538
475 0.650719
475 0.0404564
475 3.78315e-22
475 2.73079
475 3.05812
475 3.34217
475 0.868926
475 3.78315e-22
475 2.8407
475 2.95387
475 3.4238
475 0.78163
475 3.78315e-22
475 2.81559
475 2.89428
475 3.39856
475 0.784804
475 0.0813505
475 0.0147353
475 0.0106832
475 3.78315e-22
475 2.73189
475 2.87923
475 3.30057
475 1.08831
475 3.78315e-22
475 2.81792
475 2.88142
475 3.42263
475 0.878023
475 3.78315e-22
475 2.76158
475 2.88169
475 3.33874
475 0.688556
475 0.305057
475 0.0173171
475 0.00706545
475 3.78315e-22
475 2.7857
475 2.97988
475 3.42014
475 0.566835
475 0.227427
475 0.00321422
475 0.0167965
475 3.78315e-22
475 2.7031
475 2.80357
475 3.36286
475 1.13047
475 3.78315e-22
475 2.71387
475 2.83649
475 3.3488
475 1.10084
475 3.78315e-22
475 2.84268
475 2.87664
475 3.38705
475 0.893638
475 3.78315e-22
475 2.74345
475 2.86029
475 3.41953
475 0.976732
475 3.78315e-22
475 2.78785
475 2.82073
475 3.41626
475 0.975161
475 3.78315e-22
475 2.82976
475 2.8728
475 3.38434
475 0.822674
475 0.011089
475 0.0793401
475 3.78315e-22
475 2.82189
475 2.87479
475 3.3687
475 0.934614
475 3.78315e-22
475 2.73063
475 2.78248
475 3.24046
475 1.06462
475 0.181808
475 3.78315e-22
475 2.64481
475 2.93037
475 3.41648
475 1.00834
475 3.78315e-22
475 2.77607
475 2.96699
475 3.31896
475 0.792706
475 0.12864
475 0.0166343
475 3.78315e-22
475 2.7708
475 2.86405
475 3.49282
475 0.701118
475 0.122183
475 0.0409962
475 0.00803506
475 3.78315e-22
475 2.82372
475 2.9763
475 3.39846
475 0.704933
475 0.0965916
475 3.78315e-22
475 2.73692
475 2.94733
475 3.40203
475 0.827365
475 0.0823602
475 0.00398597
475 3.78315e-22
475 2.68437
475 2.78455
475 3.30214
475 1.22894
475 3.78315e-22
475 2.81359
475 2.96972
475 3.44459
475 0.772103
475 3.78315e-22
475 2.75222
475 2.87998
475 3.35053
475 1.01726
475 3.78315e-22
475 2.73864
475 2.88837
475 3.3815
475 0.99149
475 3.78315e-22
475 2.78163
475 2.93566
475 3.41092
475 0.812649
475 0.0448159
475 0.0143203
475 3.78315e-22
475 2.84999
475 2.89339
475 3.39061
475 0.817364
475 0.0464515
475 0.00219793
475 3.78315e-22
475 2.86206
475 2.8576
475 3.26042
475 1.01992
475 3.78315e-22
475 2.86464
475 2.88772
475 3.31431
475 0.923909
475 0.00942433
475 3.78315e-22
475 2.86555
475 2.96005
475 3.4745
475 0.699896
475 3.78315e-22
475 2.79161
475 2.92146
475 3.3195
475 0.891494
475 0.0759389
475 3.78315e-22
475 2.85866
475 2.83715
475 3.40239
475 0.890653
475 0.0111472
475 3.78315e-22
475 2.9291
475 2.90478
475 3.38155
475 0.750141
475 0.0034367
475 0.0309968
475 3.78315e-22
475 2.83132
475 2.9653
475 3.35328
475 0.850102
475 3.78315e-22
475 2.7271
475 2.95471
475 3.32651
475 0.991684
475 3.78315e-22
475 2.74233
475 2.99405
475 3.44884
475 0.814783
475 3.78315e-22
475 2.8258
475 2.8139
475 3.34195
475 1.01835
475 3.78315e-22
475 2.71481
475 2.79896
475 3.23754
475 1.24869
475 3.78315e-22
475 2.76007
475 2.89965
475 3.41896
475 0.840839
475 0.0804815
475 3.78315e-22
475 2.75138
475 2.97544
475 3.33556
475 0.920711
475 0.0169041
475 3.78315e-22
475 2.8268
475 2.92439
475 3.42124
475 0.759892
475 0.0676699
475 3.78315e-22
475 2.80816
475 2.87225
475 3.49323
475 0.826361
475 3.78315e-22
475 2.84593
475 2.87034
475 3.36861
475 0.915118
475 3.78315e-22
475 2.72403
475 2.94161
475 3.34824
475 0.890854
475 0.0952709
475 3.78315e-22
475 2.86987
475 2.97028
475 3.46752
475 0.602635
475 0.089693
475 3.78315e-22
475 2.59101
475 2.94491
475 3.31505
475 1.1145
475 0.0181671
475 0.0163596
475 3.78315e-22
475 2.73035
475 2.80642
475 3.35775
475 1.05108
475 0.0534174
475 0.000979165
475 3.78315e-22
475 2.79774
475 2.82826
475 3.28235
475 1.09164
475 3.78315e-22
475 2.648
475 2.83609
475 3.30278
475 0.892231
475 0.320903
475 3.78315e-22
475 2.72508
475 2.82013
475 3.44162
475 0.974268
475 0.0389015
475 3.78315e-22
475 2.83135
475 2.83636
475 3.32173
475 0.964113
475 0.0440542
475 0.00239092
475 3.78315e-22
475 2.82034
475 2.86351
475 3.36541
475 0.950751
475 3.78315e-22
475 2.81757
475 2.85505
475 3.39207
475 0.692368
475 0.204999
475 0.0379384
475 3.78315e-22
475 2.76743
475 2.95611
475 3.3582
475 0.918261
475 3.78315e-22
475 2.73959
475 2.82681
475 3.3274
475 1.0732
475 0.032998
475 3.78315e-22
475 2.85194
475 2.99456
475 3.37373
475 0.641036
475 0.138734
475 3.78315e-22
475 2.67223
475 2.81584
475 3.25164
475 1.26029
475 3.78315e-22
475 2.78263
475 2.92686
475 3.38224
475 0.83359
475 0.0746863
475 3.78315e-22
475 2.71772
475 2.75718
475 3.34595
475 1.17915
475 3.78315e-22
475 2.78046
475 2.86917
475 3.357
475 0.993367
475 3.78315e-22
475 2.82374
475 2.78155
475 3.32338
475 1.07132
475 3.78315e-22
475 2.77115
475 2.87447
475 3.39152
475 0.962865
475 3.78315e-22
475 2.75859
475 2.92159
475 3.29321
475 0.848221
475 0.137876
475 0.0366245
475 0.00389447
475 3.78315e-22
475 2.76331
475 2.91164
475 3.41161
475 0.772856
475 0.0896992
475 0.044969
475 0.00591352
475 3.78315e-22
475 2.65432
475 2.78427
475 3.27814
475 1.16567
475 0.101078
475 0.0165128
475 3.78315e-22
475 2.76633
475 2.89056
475 3.41238
475 0.898696
475 0.0320348
475 3.78315e-22
475 2.72838
475 2.79541
475 3.22669
475 1.24952
475 3.78315e-22
475 2.78964
475 3.00508
475 3.40662
475 0.798649
475 3.78315e-22
475 2.67621
475 2.94558
475 3.40271
475 0.805577
475 0.0650578
475 0.104875
475 3.78315e-22
475 2.7613
475 2.9497
475 3.37646
475 0.798884
475 0.113662
475 3.78315e-22
475 2.83569
475 2.87279
475 3.27974
475 1.01178
475 3.78315e-22
475 2.90979
475 2.89181
475 3.36218
475 0.765711
475 0.0705113
475 3.78315e-22
475 2.77204
475 2.82707
475 3.36817
475 0.944327
475 0.0606851
475 0.0277131
475 3.78315e-22
475 2.79448
475 2.92726
475 3.4079
475 0.81556
475 0.0544077
475 0.000395269
475 3.78315e-22
475 2.86298
475 2.8585
475 3.32289
475 0.932893
475 0.0227312
475 3.78315e-22
475 2.87227
475 2.86009
475 3.51627
475 0.704656
475 0.0467205
475 3.78315e-22
475 2.87703
475 2.81436
475 3.44066
475 0.833659
475 0.0343012
475 3.78315e-22
475 2.8243
475 2.87411
475 3.54081
475 0.724015
475 0.0197982
475 0.0169661
475 3.78315e-22
475 2.91316
475 2.88722
475 3.4796
475 0.720016
475 3.78315e-22
475 2.81914
475 2.94792
475 3.45417
475 0.778778
475 3.78315e-22
475 2.8447
475 3.00144
475 3.36378
475 0.752258
475 0.0235164
475 0.0143099
475 3.78315e-22
475 2.90625
475 2.9276
475 3.40909
475 0.757055
475 3.78315e-22
475 2.7654
475 2.99398
475 3.44266
475 0.797964
475 3.78315e-22
475 2.82766
475 2.81488
475 3.41484
475 0.852497
475 0.0643189
475 0.0257992
475 3.78315e-22
475 2.64818
475 2.9628
475 3.32404
475 1.06497
475 3.78315e-22
475 2.77097
475 2.82719
475 3.38712
475 0.881612
475 0.106229
475 0.0164187
475 0.0104602
475 3.78315e-22
475 2.84103
475 2.9023
475 3.40442
475 0.799323
475 0.00769324
475 0.0452351
475 3.78315e-22
475 2.89422
475 2.9036
475 3.34249
475 0.85969
475 3.78315e-22
475 2.84294
475 2.91845
475 3.46229
475 0.776318
475 3.78315e-22
475 2.71007
475 2.9253
475 3.36068
475 1.00395
475 3.78315e-22
475 2.89819
475 2.88572
475 3.31564
475 0.758897
475 0.14155
475 3.78315e-22
475 2.87063
475 2.90919
475 3.43548
475 0.7847
475 3.78315e-22
475 2.76401
475 2.84037
475 3.30644
475 1.01347
475 0.0562627
475 0.00549407
475 0.0139563
475 3.78315e-22
475 2.79979
475 2.93807
475 3.37908
475 0.760205
475 0.122855
475 3.78315e-22
475 2.80116
475 2.93134
475 3.37204
475 0.861952
475 0.0118288
475 0.0154254
475 0.0062533
475 3.78315e-22
475 2.75886
475 2.89026
475 3.45433
475 0.896541
475 3.78315e-22
475 2.90589
475 3.03893
475 3.4606
475 0.509254
475 0.0853206
475 3.78315e-22
475 2.73895
475 2.85745
475 3.41174
475 0.991866
475 3.78315e-22
475 2.90235
475 2.93431
475 3.46322
475 0.700123
475 3.78315e-22
475 2.76608
475 2.86626
475 3.31898
475 1.04867
475 3.78315e-22
475 2.83813
475 2.89093
475 3.45881
475 0.812133
475 3.78315e-22
475 2.8252
475 2.8378
475 3.37372
475 0.963289
475 3.78315e-22
475 2.77991
475 2.93549
475 3.33103
475 0.953569
475 3.78315e-22
475 2.78173
475 2.91955
475 3.39956
475 0.899165
475 3.78315e-22
475 2.58997
475 2.86591
475 3.30533
475 1.14477
475 0.0384855
475 0.0555363
475 3.78315e-22
475 2.84445
475 2.87868
475 3.41441
475 0.740932
475 0.121536
475 3.78315e-22
475 2.76255
475 2.83843
475 3.27917
475 1.04315
475 0.076693
475 3.78315e-22
475 2.70916
475 2.74421
475 3.29837
475 1.24826
475 3.78315e-22
475 2.7723
475 2.85441
475 3.33805
475 1.03524
475 3.78315e-22
475 2.68387
475 2.88481
475 3.36847
475 1.06286
475 3.78315e-22
475 2.85085
475 2.85806
475 3.45993
475 0.831157
475 3.78315e-22
475 2.75422
475 2.94087
475 3.39648
475 0.908423
475 3.78315e-22
475 2.8002
475 2.86695
475 3.47797
475 0.782953
475 0.0719257
475 3.78315e-22
475 2.75799
475 2.94387
475 3.3384
475 0.959746
475 3.78315e-22
475 2.86643
475 2.87553
475 3.4336
475 0.82444
475 3.78315e-22
475 2.78133
475 2.87229
475 3.43847
475 0.711655
475 0.196252
475 3.78315e-22
475 2.7254
475 2.88735
475 3.39042
475 0.996826
475 3.78315e-22
475 2.80609
475 2.89379
475 3.33874
475 0.942546
475 0.0188325
475 3.78315e-22
475 2.77593
475 2.91814
475 3.36106
475 0.937825
475 0.00704561
475 3.78315e-22
475 2.81411
475 2.8058
475 3.35189
475 0.731172
475 0.297038
475 3.78315e-22
475 2.83208
475 2.82657
475 3.35282
475 0.860048
475 0.128472
475 3.78315e-22
475 2.86598
475 2.92311
475 3.43312
475 0.618757
475 0.159039
475 3.78315e-22
475 2.67606
475 2.82642
475 3.35166
475 1.14585
475 3.78315e-22
475 2.68519
475 3.06058
475 3.37943
475 0.874798
475 3.78315e-22
475 2.85895
475 2.9665
475 3.3105
475 0.864044
475 3.78315e-22
475 2.7304
475 2.84785
475 3.38717
475 1.00371
475 0.0183943
475 0.0124689
475 3.78315e-22
475 2.67228
475 2.95311
475 3.3505
475 1.02411
475 3.78315e-22
475 2.75289
475 2.93288
475 3.47601
475 0.831467
475 0.00675204
475 3.78315e-22
475 2.85024
475 3.03355
475 3.40055
475 0.691245
475 0.00331004
475 0.0211074
475 3.78315e-22
475 2.76783
475 2.97824
475 3.34425
475 0.909677
475 3.78315e-22
475 2.82166
475 2.91187
475 3.39706
475 0.76768
475 0.101737
475 3.78315e-22
475 2.65814
475 2.80269
475 3.29551
475 1.24366
475 3.78315e-22
475 2.77075
475 2.88892
475 3.43487
475 0.905465
475 3.78315e-22
475 2.92736
475 2.82005
475 3.3362
475 0.916394
475 3.78315e-22
475 2.81085
475 3.02463
475 3.4517
475 0.707525
475 0.00528985
475 3.78315e-22
475 2.91185
475 2.89157
475 3.42113
475 0.59663
475 0.178817
475 3.78315e-22
475 2.71728
475 2.83195
475 3.3014
475 0.899382
475 0.249994
475 3.78315e-22
475 2.76942
475 2.93952
475 3.33029
475 0.960773
475 3.78315e-22
475 2.8011
475 2.80873
475 3.37714
475 1.01302
475 3.78315e-22
475 2.72423
475 2.86494
475 3.26668
475 1.12016
475 0.0239927
475 3.78315e-22
475 2.77804
475 2.85721
475 3.39608
475 0.967108
475 0.00156458
475 3.78315e-22
475 2.93872
475 2.91429
475 3.41048
475 0.73651
475 3.78315e-22
475 2.72145
475 2.91518
475 3.34107
475 1.02231
475 3.78315e-22
475 2.83971
475 2.8327
475 3.28754
475 1.00668
475 0.0333743
475 3.78315e-22
475 2.63754
475 2.81463
475 3.25654
475 1.29129
475 3.78315e-22
475 2.68106
475 2.90766
475 3.35907
475 0.880962
475 0.171248
475 3.78315e-22
475 2.75261
475 2.97328
475 3.36213
475 0.911985
475 3.78315e-22
475 2.81605
475 2.87888
475 3.36953
475 0.790208
475 0.0711975
475 0.0741315
475 3.78315e-22
475 2.82041
475 3.01929
475 3.4348
475 0.585882
475 0.132927
475 0.00668354
475 3.78315e-22
475 2.73755
475 2.90807
475 3.3412
475 1.01317
475 3.78315e-22
475 2.80569
475 2.96481
475 3.41904
475 0.810458
475 3.78315e-22
475 2.83718
475 2.89553
475 3.3956
475 0.816622
475 0.0227978
475 0.032268
475 3.78315e-22
475 2.79523
475 2.97471
475 3.36181
475 0.868257
475 3.78315e-22
475 2.85447
475 2.99934
475 3.40938
475 0.719524
475 0.0172849
475 3.78315e-22
475 2.91194
475 2.96065
475 3.44752
475 0.679897
475 3.78315e-22
475 2.76128
475 2.79816
475 3.40902
475 1.00258
475 0.028957
475 3.78315e-22
475 2.93434
475 2.90238
475 3.42985
475 0.733431
475 3.78315e-22
475 2.75636
475 2.96566
475 3.4358
475 0.842174
475 3.78315e-22
475 2.774
475 2.94213
475 3.39104
475 0.892831
475 3.78315e-22
475 2.78207
475 2.89609
475 3.29122
475 0.939745
475 0.0908819
475 3.78315e-22
475 2.83837
475 2.92236
475 3.3969
475 0.842366
475 3.78315e-22
475 2.76679
475 2.93389
475 3.41859
475 0.679884
475 0.200851
475 3.78315e-22
475 2.68926
475 2.90946
475 3.32859
475 1.05871
475 0.0139774
475 3.78315e-22
475 2.74688
475 3.00641
475 3.36527
475 0.88144
475 3.78315e-22
475 2.81639
475 2.76499
475 3.35303
475 1.06558
475 3.78315e-22
475 2.84874
475 2.98255
475 3.34565
475 0.823057
475 3.78315e-22
475 2.88602
475 2.92755
475 3.39289
475 0.793548
475 3.78315e-22
475 2.748
475 2.9881
475 3.40812
475 0.824136
475 0.0316462
475 3.78315e-22
475 2.88344
475 2.93174
475 3.46911
475 0.518384
475 0.197327
475 3.78315e-22
475 2.72021
475 2.88833
475 3.41866
475 0.947197
475 0.0149036
475 0.010691
475 3.78315e-22
475 2.82794
475 2.92437
475 3.45059
475 0.69343
475 0.0551343
475 0.0475033
475 0.00103918
475 3.78315e-22
475 2.67176
475 2.84822
475 3.36686
475 1.07048
475 0.036071
475 0.00661635
475 3.78315e-22
475 2.69859
475 2.96872
475 3.32947
475 1.00322
475 3.78315e-22
475 2.81001
475 2.91492
475 3.36609
475 0.765805
475 0.143177
475 3.78315e-22
475 2.78183
475 2.9134
475 3.39872
475 0.854074
475 0.0519703
475 3.78315e-22
475 2.86197
475 2.84828
475 3.47404
475 0.815711
475 3.78315e-22
475 2.84331
475 2.82589
475 3.40421
475 0.926585
475 3.78315e-22
475 2.60208
475 2.93541
475 3.35536
475 0.995024
475 0.112131
475 3.78315e-22
475 2.80894
475 2.92265
475 3.42423
475 0.750107
475 0.0940805
475 3.78315e-22
475 2.73931
475 2.84305
475 3.27596
475 1.14168
475 3.78315e-22
475 2.71349
475 2.82984
475 3.35324
475 1.09302
475 0.010415
475 3.78315e-22
475 2.72643
475 2.94384
475 3.34296
475 0.961959
475 0.0214203
475 0.00338462
475 3.78315e-22
475 2.73117
475 2.8455
475 3.38555
475 1.03779
475 3.78315e-22
475 2.76067
475 2.78678
475 3.30303
475 1.14952
475 3.78315e-22
475 2.72518
475 2.91145
475 3.40639
475 0.905519
475 0.0477928
475 0.00366893
475 3.78315e-22
475 2.6384
475 2.78562
475 3.29227
475 1.28371
475 3.78315e-22
475 2.69155
475 2.95945
475 3.33776
475 0.955248
475 0.0395603
475 0.0164289
475 3.78315e-22
475 2.84176
475 2.91705
475 3.29263
475 0.920783
475 0.0239299
475 0.00384443
475 3.78315e-22
475 2.69574
475 2.95875
475 3.33689
475 0.865841
475 0.142785
475 3.78315e-22
475 2.80645
475 2.83799
475 3.37172
475 0.949864
475 0.00721722
475 0.0101404
475 0.0166218
475 3.78315e-22
475 2.77829
475 2.8699
475 3.39699
475 0.954816
475 3.78315e-22
475 2.88798
475 2.88693
475 3.36494
475 0.860158
475 3.78315e-22
475 2.86854
475 2.84392
475 3.37475
475 0.912787
475 3.78315e-22
475 2.73473
475 2.87146
475 3.3364
475 0.638525
475 0.418888
475 3.78315e-22
475 2.78628
475 2.86632
475 3.48653
475 0.815786
475 0.0450829
475 3.78315e-22
475 2.73781
475 2.8085
475 3.29828
475 1.04334
475 0.112079
475 3.78315e-22
475 2.85512
475 2.94772
475 3.46655
475 0.550143
475 0.180466
475 3.78315e-22
475 2.80612
475 2.92451
475 3.35039
475 0.87889
475 0.0242082
475 0.0158838
475 3.78315e-22
475 2.70259
475 2.89412
475 3.37525
475 1.02805
475 3.78315e-22
475 2.65927
475 2.90578
475 3.34845
475 1.0865
475 3.78315e-22
475 2.72431
475 2.88591
475 3.35253
475 1.03725
475 3.78315e-22
475 2.82312
475 2.88727
475 3.39156
475 0.898051
475 3.78315e-22
475 2.75408
475 3.0062
475 3.39935
475 0.840367
475 3.78315e-22
475 2.73429
475 3.05652
475 3.44855
475 0.701362
475 0.0592751
475 3.78315e-22
475 2.61994
475 2.8701
475 3.26391
475 1.03857
475 0.155977
475 0.0368653
475 0.0146283
475 3.78315e-22
475 2.62406
475 2.96293
475 3.27976
475 1.13324
475 3.78315e-22
475 2.72554
475 2.87409
475 3.28571
475 0.89779
475 0.180428
475 0.0205575
475 0.0158843
475 3.78315e-22
475 2.86355
475 2.9034
475 3.39215
475 0.840891
475 3.78315e-22
475 2.75556
475 2.84159
475 3.41094
475 0.991908
475 3.78315e-22
475 2.83998
475 2.92438
475 3.41894
475 0.816698
475 3.78315e-22
475 2.79192
475 2.93938
475 3.41784
475 0.736257
475 0.107571
475 0.00703783
475 3.78315e-22
475 2.93417
475 2.88365
475 3.40079
475 0.748704
475 0.0216784
475 0.0110079
475 3.78315e-22
475 2.83354
475 3.03187
475 3.33392
475 0.774413
475 0.0262487
475 3.78315e-22
475 2.6882
475 2.95769
475 3.35831
475 0.995795
475 3.78315e-22
475 2.88857
475 2.94047
475 3.4378
475 0.677699
475 0.0554554
475 3.78315e-22
475 2.81767
475 2.90776
475 3.39547
475 0.736775
475 0.142326
475 3.78315e-22
475 2.83418
475 2.88102
475 3.4022
475 0.812897
475 0.00839269
475 0.0440356
475 0.0172834
475 3.78315e-22
475 2.74797
475 2.85543
475 3.42594
475 0.970655
475 3.78315e-22
475 2.77714
475 3.08963
475 3.43276
475 0.700471
475 3.78315e-22
475 2.71925
475 2.82955
475 3.31048
475 1.12297
475 0.0177495
475 3.78315e-22
475 2.82433
475 2.79634
475 3.29943
475 0.953963
475 0.110075
475 0.015852
475 3.78315e-22
475 2.75318
475 2.8194
475 3.29186
475 1.13555
475 3.78315e-22
475 2.83672
475 2.86916
475 3.41731
475 0.876813
475 3.78315e-22
475 2.8715
475 1.55821
475 3.01037
475 2.42227
475 0.0204512
475 0.117206
475 3.78315e-22
475 2.75063
475 2.92433
475 3.40324
475 0.902187
475 0.00325766
475 0.0163544
475 3.78315e-22
475 2.78063
475 2.88279
475 3.35648
475 0.980101
475 3.78315e-22
475 2.7476
475 2.86547
475 3.27837
475 1.10856
475 3.78315e-22
475 2.83282
475 2.927
475 3.3677
475 0.741079
475 0.074972
475 0.0564258
475 3.78315e-22
475 2.75776
475 2.8424
475 3.30972
475 1.09013
475 3.78315e-22
475 2.81601
475 2.92382
475 3.46169
475 0.789401
475 0.00907532
475 3.78315e-22
475 2.93514
475 0.817755
475 3.07244
475 3.03075
475 0.0400546
475 0.00615397
475 0.0977039
475 3.78315e-22
475 2.90638
475 2.94457
475 3.30328
475 0.845775
475 3.78315e-22
475 2.87743
475 2.9334
475 3.43448
475 0.754701
475 3.78315e-22
475 2.82825
475 2.93417
475 3.4332
475 0.804384
475 3.78315e-22
475 2.85172
475 2.8198
475 3.41479
475 0.858076
475 0.0556027
475 3.78315e-22
475 2.78183
475 2.87859
475 3.40653
475 0.751136
475 0.145156
475 0.0284415
475 0.00831477
475 3.78315e-22
475 2.71636
475 2.97753
475 3.4104
475 0.867161
475 0.0216638
475 0.00688427
475 3.78315e-22
475 2.6869
475 2.79692
475 3.38324
475 1.13294
475 3.78315e-22
475 2.76664
475 2.87156
475 3.45727
475 0.897151
475 0.00738297
475 3.78315e-22
475 2.70745
475 2.84152
475 3.25979
475 0.885493
475 0.305751
475 3.78315e-22
475 2.61002
475 2.88769
475 3.30288
475 1.19941
475 3.78315e-22
475 2.66114
475 2.84411
475 3.31427
475 1.18047
475 3.78315e-22
475 2.82626
475 2.8185
475 3.35706
475 0.998187
475 3.78315e-22
475 2.89352
475 2.76952
475 3.26854
475 1.06843
475 3.78315e-22
475 2.83139
475 2.88417
475 3.36853
475 0.852984
475 0.0629247
475 3.78315e-22
475 2.77039
475 2.85728
475 3.32192
475 1.05041
