475 3.10141e-23
475 0.228789
476 0.634341
476 0.340446
476 0.080284
476 0.120003
476 0.0935337
476 0.0725305
477 0.285206
478 0.841599
479 1.17752
479 0.137655
480 0.171067
480 0.187341
480 0.14979
481 0.729097
482 0.599164
482 0.0731453
482 0.0258113
482 0.117471
482 0.415071
482 0.140847
482 0.0416551
484 1.35759
484 0.214231
485 0.384318
485 0.0539293
485 0.183297
486 0.843763
486 0.219794
488 1.16021
488 0.213144
488 0.419517
489 0.795292
490 0.285643
490 0.68138
490 0.0450305
491 0.256222
491 0.227553
492 0.861529
493 0.375667
494 1.20863
494 0.480969
496 0.973659
496 0.544585
497 0.720534
497 0.201785
500 2.00936
501 1.09634
501 0.0906197
501 0.406431
502 0.870286
503 0.0619469
503 0.192869
503 0.434813
504 0.245584
505 1.02137
505 0.0205005
505 0.114021
505 0.0233251
506 0.806999
506 0.0941413
507 0.831108
507 0.558987
508 0.231665
508 0.0363884
509 1.49857
510 0.704701
511 0.482779
511 0.138051
511 0.125852
511 0.302129
511 0.0799256
513 1.2362
513 0.0762729
513 0.336517
513 0.0153329
513 0.0616454
513 0.0573448
513 0.127701
514 0.851087
515 0.610078
516 0.617627
516 0.25371
517 0.607009
517 0.511311
517 0.000522195
518 0.42813
518 0.0550321
518 0.412621
519 0.678724
520 1.22367
521 1.01051
522 0.670627
522 0.44061
523 0.263663
523 0.504897
524 0.74864
524 0.0498901
524 0.0845354
525 0.620847
850 2.63103e-23
968 0.00621197
1003 0.00145285
1109 0.00619346
1149 0.00292241
1150 2.53227e-27
1109 0.00184343
1109 0.00214608
1110 0.00216315
1003 0.00198786
968 0.00261206
970 0.00187464
971 0.00081558
969 0.00133574
969 0.00231202
969 0.00114728
524 0.0442921
524 0.0504588
524 0.047613
523 0.221852
522 0.0879482
522 0.0750178
520 0.079861
519 0.0447676
518 0.0790936
518 0.0815622
518 0.0386219
517 0.0431644
517 0.0529068
517 0.0504466
516 0.0375681
515 0.181339
514 0.106062
513 0.0624976
513 0.0837151
513 0.056406
513 0.0955332
511 0.0461459
511 0.0911008
511 0.0360345
511 0.0496276
511 0.0898663
509 0.246645
508 0.0576818
508 0.0397776
507 0.0374326
507 0.0427903
506 0.0347608
506 0.0677177
505 0.0341944
505 0.100494
505 0.0236782
505 0.188609
505 0.0475922
504 0.080097
503 0.0352316
503 0.109425
503 0.074847
502 0.0914917
501 0.081213
501 0.044439
500 0.0386823
497 0.0533288
497 0.102152
496 0.0619184
496 0.107804
494 0.135833
494 0.0819358
493 0.038588
492 0.0983162
491 0.0881893
491 0.050295
490 0.0515906
490 0.26546
489 0.0344418
488 0.0772395
488 0.0607304
486 0.0522187
485 0.142721
485 0.0203226
485 0.259159
485 0.076289
484 0.0793747
484 0.162899
483 0.118554
483 0.120935
483 0.0553271
483 0.0490465
483 0.0693079
482 0.13686
482 0.0344381
482 0.0524856
482 0.0616609
482 0.142803
481 0.0345682
480 0.0505797
480 0.203947
480 0.0457462
479 0.0625969
479 0.0741611
479 0.0698996
478 0.220713
477 0.0402039
476 0.133337
476 0.0623128
476 0.281562
476 0.041616
476 0.0367164
476 0.0388759
475 0.0864696
505 0.001564
505 0.00138692
