475 3.10141e-23
475 0.32833
475 0.481687
476 0.341952
476 0.289537
477 0.170159
477 0.0846359
477 0.103873
477 0.467089
478 0.188788
478 0.00466607
478 0.515411
478 0.0992458
479 0.738898
479 0.013372
480 0.485551
480 0.379355
480 0.176216
481 0.662385
482 0.528035
482 0.420942
483 0.852609
483 0.0790016
484 0.234241
484 0.431989
485 0.191831
485 0.178326
485 0.0918159
485 0.281088
485 0.156618
486 0.347221
487 0.687818
487 0.281592
487 0.383086
488 0.639274
488 0.0435383
489 0.532824
490 0.549551
490 0.834426
491 0.125136
491 0.249925
492 0.819334
493 0.480771
493 0.159202
496 2.3388
496 0.0100029
496 0.687528
497 0.478235
497 0.129752
497 0.0729807
497 0.158104
497 0.198992
498 0.323799
498 0.395014
499 0.270338
499 0.141527
500 1.06864
501 0.737113
501 0.488283
502 0.630674
503 1.22989
505 1.3196
506 0.826698
506 0.0944009
506 0.0677334
507 1.15224
507 0.139294
509 1.4081
509 0.0918992
509 0.128683
510 0.445494
510 0.86837
511 1.01342
512 0.254147
513 1.12425
513 0.304856
513 0.106867
514 0.562092
515 0.908312
515 0.451718
516 0.208906
517 1.29087
517 0.250047
517 0.223342
519 1.33
519 0.057799
519 0.118476
519 0.0292024
519 0.327619
520 0.502776
520 0.0541789
520 0.0154954
520 0.0510844
520 0.102449
520 0.263039
521 0.164812
521 0.318489
521 0.357284
522 0.646168
522 0.521654
523 0.932623
524 0.57866
524 0.0148762
524 0.0251392
524 0.221588
525 0.275879
850 2.63961e-23
922 0.00483757
970 0.00240363
982 0.000651406
1071 0.00562248
1149 0.00465785
1150 4.7389e-28
1071 0.00123096
982 0.000418987
982 0.00233959
982 0.000142051
922 0.00200011
923 0.00181339
923 0.0014779
524 0.0402369
524 0.0584476
524 0.0627813
524 0.346582
522 0.056921
522 0.0551492
521 0.0519535
521 0.336727
520 0.177873
520 0.0435007
520 0.0425614
520 0.04313
520 0.0466965
519 0.0381897
519 0.0563936
519 0.0644154
519 0.0627724
519 0.111982
517 0.0400368
517 0.0550563
516 0.0460087
515 0.0621221
514 0.0345074
513 0.0561149
513 0.0459358
513 0.0486871
511 0.117166
510 0.102718
510 0.0394515
509 0.0607115
509 0.115607
509 0.0649603
507 0.201458
507 0.0477353
506 0.135867
506 0.10217
506 0.0827104
505 0.17035
503 0.0358267
501 0.0415332
501 0.126249
501 0.102516
501 0.0566204
500 0.174189
499 0.0376415
499 0.0517397
498 0.0596477
498 0.0677441
497 0.0392245
497 0.0505997
497 0.123181
497 0.100086
496 0.0494812
496 0.0345475
496 0.0482215
493 0.0961705
493 0.0907986
493 0.0286635
492 0.0722781
491 0.0713943
491 0.186483
491 0.125593
491 0.0283411
491 0.130187
491 0.0351876
491 0.0464012
490 0.132536
489 0.0513782
488 0.117398
488 0.035897
487 0.115627
487 0.037263
485 0.0394236
485 0.059336
485 0.042709
485 0.112514
485 0.147844
485 0.0780918
484 0.0829941
482 0.125594
482 0.0714556
480 0.097147
480 0.180912
480 0.0620534
479 0.0502178
479 0.0616722
479 0.0434468
479 0.0375956
478 0.0918184
478 0.053781
478 0.0375437
478 0.0761402
477 0.135958
477 0.0481488
477 0.0998955
477 0.0911395
476 0.133001
476 0.084785
475 0.0796395
493 0.001564
493 0.00559598
