475 3.10141e-23
475 0.0954348
475 0.608603
477 1.4328
479 1.2686
479 0.543375
479 0.0929419
480 0.464961
480 0.278767
481 0.419041
481 0.303116
482 0.677923
482 0.341888
483 0.659239
483 0.186828
485 1.33203
485 0.2624
486 0.692909
487 0.421533
488 1.4728
488 0.0843829
489 0.617349
489 0.478738
490 0.323285
490 0.426855
491 0.448308
491 0.034039
491 0.346166
492 0.549221
492 0.14501
493 0.449321
493 0.239687
493 0.0302793
493 0.311443
493 0.114821
494 0.427177
494 0.53234
495 0.164056
495 0.0370971
495 0.0158884
495 0.596847
496 0.279875
497 1.27491
497 0.22763
498 0.180982
498 0.308703
498 0.118529
499 0.389033
499 0.481702
499 0.282325
500 0.329163
500 0.210146
500 0.166747
500 0.157813
500 0.0235112
501 0.12389
501 0.0883203
501 0.0903962
502 0.81172
502 0.353358
502 0.081392
503 0.512235
504 0.77942
504 0.139244
505 1.31576
506 0.917137
507 0.696162
507 0.220814
508 0.755887
509 0.575976
510 0.75059
510 0.276478
510 0.541235
511 0.190668
511 0.749897
512 0.212223
512 0.159547
513 1.53598
513 0.0889538
514 0.332775
514 0.418605
514 0.00868048
515 0.221946
515 0.271042
516 0.899141
516 0.505405
517 0.810293
518 0.329239
518 0.405208
518 0.0449929
518 0.209205
519 0.636172
519 0.137916
520 0.588478
520 0.132674
520 0.496848
520 0.10805
521 0.489085
521 0.0166152
521 0.105254
522 0.922034
522 0.289971
523 0.5704
523 0.388609
523 0.064029
525 1.03384
850 2.64002e-23
1007 0.00901453
1022 0.000565948
1050 0.00141806
1148 0.00648701
1149 1.25704e-25
1050 0.00171079
1022 0.00107103
523 0.0418145
523 0.0349093
523 0.0351055
522 0.0467062
521 0.0522583
521 0.0381189
521 0.0254518
521 0.167908
521 0.179567
520 0.0366525
520 0.049171
520 0.0573383
519 0.268673
519 0.0348236
518 0.0562752
518 0.116422
518 0.0608202
517 0.0623752
516 0.0363716
516 0.0671473
515 0.0498452
515 0.06759
514 0.107565
514 0.0371039
514 0.0452163
513 0.061515
512 0.116355
512 0.0440375
511 0.103109
510 0.0771287
510 0.166357
509 0.0376826
508 0.0461707
507 0.10913
507 0.037394
506 0.0546802
505 0.0378234
504 0.0432091
502 0.0655397
502 0.0430674
501 0.234958
501 0.0267489
501 0.0676874
500 0.0459
500 0.0974221
500 0.0452716
500 0.0418819
500 0.0854469
500 0.0280336
500 0.0486674
500 0.0414606
500 0.0431157
499 0.110765
499 0.156422
499 0.0456634
498 0.107705
498 0.0916906
498 0.0887931
498 0.177662
497 0.0405739
496 0.0359843
495 0.0437295
495 0.0622353
495 0.305935
494 0.0604081
494 0.146393
493 0.0817485
493 0.0534011
493 0.0525044
493 0.0718817
492 0.0534317
492 0.158508
491 0.104631
491 0.102165
491 0.0570871
491 0.041354
491 0.110824
490 0.111171
490 0.172871
490 0.0425948
490 0.0763077
489 0.0551186
489 0.0357806
488 0.0436069
488 0.0453897
487 0.130126
485 0.0381048
485 0.0413996
483 0.0454879
483 0.215611
481 0.00314375
481 0.0868536
481 0.0478075
480 0.0808085
479 0.0616359
479 0.0478048
479 0.304292
