475 3.10141e-23
475 0.125879
475 0.560507
477 1.48443
478 0.448134
479 0.72499
480 1.06386
482 1.25497
482 0.605307
483 0.341788
483 0.342937
484 0.700622
484 0.199539
484 0.0707203
485 0.244038
485 0.178847
485 0.0933181
486 0.920979
486 0.165476
488 1.02234
489 1.052
489 0.0677124
489 0.28123
489 0.13915
490 0.412528
490 0.0626133
491 0.920877
491 0.181762
492 0.752546
492 0.0404968
493 0.881317
494 0.548737
494 0.190149
495 0.580896
495 0.131283
495 0.160979
496 0.228175
496 0.471835
497 0.555573
497 0.173977
497 0.233729
497 0.15322
498 0.0834605
498 0.0892432
498 0.570994
499 0.0626813
499 0.052654
499 0.591219
499 0.0929839
500 0.239142
500 0.513014
501 0.259831
501 0.43206
501 0.0934732
501 0.0535908
502 0.86027
503 0.882413
504 0.306403
504 0.0733006
504 0.278516
505 0.903995
506 1.28959
507 0.361561
507 0.409372
508 1.00969
508 0.10647
509 0.910676
509 0.0356892
510 0.322714
510 0.0187014
510 0.378745
510 0.0967222
511 0.382316
512 0.655489
512 0.0344809
513 0.991102
513 0.360429
513 0.0955475
514 0.496804
514 0.143899
514 0.0330439
514 0.0306454
514 0.159907
514 0.0980746
514 0.26467
516 1.24505
516 0.187977
517 0.651928
517 0.016036
517 0.468731
517 0.0743852
518 0.615174
518 0.181356
518 0.0438975
518 0.28468
520 1.2707
520 0.658776
522 1.525
522 0.654914
522 0.0165581
523 0.0450265
523 0.0189202
523 0.950774
524 0.232099
524 0.468773
525 0.40118
850 2.64252e-23
941 0.00552867
1073 0.00719172
1084 0.000572309
1138 0.00284686
1149 0.000558895
1150 6.08226e-26
1138 0.00175652
1085 0.000552572
1086 0.00207892
1086 0.00042788
1085 0.00170176
1073 0.00125031
941 0.00181939
524 0.0286526
524 0.0396366
524 0.0224171
524 0.0288748
524 0.192007
524 0.0432957
523 0.0836874
523 0.0579897
523 0.0663644
522 0.0475612
522 0.041627
520 0.038519
520 0.043711
518 0.19486
518 0.14212
518 0.0427837
517 0.0544517
517 0.0588806
517 0.0407337
516 0.0936104
516 0.217329
514 0.0702809
514 0.0421106
514 0.0857544
514 0.0430332
514 0.0798182
514 0.112137
514 0.0430306
513 0.106294
513 0.245012
513 0.0392781
512 0.36438
512 0.0693522
511 0.0372296
510 0.0619491
510 0.056632
510 0.0468408
510 0.0591429
509 0.200364
508 0.0563122
507 0.0833629
507 0.218078
505 0.0846599
504 0.0531914
504 0.143045
504 0.06356
503 0.0625966
502 0.0224601
502 0.0747858
501 0.0634131
501 0.214905
501 0.101542
500 0.0383713
499 0.0423413
499 0.0645591
498 0.0732794
498 0.0536041
497 0.0913058
497 0.0374547
497 0.107593
497 0.0825215
496 0.0532517
496 0.00965597
496 0.0966799
496 0.0347082
495 0.034276
495 0.0760615
495 0.1091
494 0.0681474
494 0.263144
493 0.100306
492 0.269139
491 0.080316
491 0.0590476
490 0.1941
490 0.0679914
490 0.415463
489 0.0526168
489 0.0620342
489 0.0534243
488 0.129478
486 0.137128
486 0.0477917
485 0.0797041
485 0.0463484
484 0.0789239
484 0.0815267
484 0.178576
483 0.164809
482 0.04681
482 0.142806
479 0.075584
478 0.123024
477 0.1234
475 0.038995
475 0.00945316
475 0.163612
