475 3.10141e-23
475 0.195915
475 0.0513038
475 0.525415
477 1.03916
477 0.192669
477 0.11941
478 0.434511
478 0.0255867
478 0.577751
479 0.500131
480 0.869808
480 0.118677
480 0.078288
480 0.15912
481 0.361205
482 1.06681
482 0.351116
483 0.714219
484 0.181681
484 0.520354
485 0.432249
485 0.188521
486 0.475653
486 0.683613
486 0.0474818
487 0.270703
487 0.213289
487 0.164429
487 0.145736
488 0.141307
488 0.161458
489 0.810126
491 2.19403
491 0.146217
493 1.37036
493 0.00970682
494 0.928551
494 0.103317
495 0.525688
495 0.455174
495 0.000879141
496 0.135906
496 0.760757
497 0.123672
497 0.122755
497 0.036285
497 0.201623
498 0.60201
498 0.101392
500 1.82036
501 0.90454
501 0.0905309
502 0.390805
502 0.685834
502 0.144124
503 0.228529
504 1.00907
504 0.152403
505 0.36301
505 0.150285
506 1.08949
506 0.538842
508 1.16145
508 0.0479312
509 0.612225
509 0.533567
510 0.33169
510 0.446988
511 0.637156
511 0.180982
511 0.27327
512 0.485208
512 0.398498
513 0.392165
513 0.0491901
513 0.379004
514 0.928687
515 0.863575
516 0.499947
516 0.23411
516 0.202829
516 0.0854488
517 0.46243
517 0.604233
517 0.0164687
518 0.403055
519 1.08139
521 1.61906
522 1.08953
522 0.656057
522 0.192725
523 0.339448
524 0.976658
524 0.078262
524 0.23336
524 0.337488
525 0.0877707
850 2.62953e-23
880 0.00174957
958 0.00490942
1149 0.0107768
1150 3.2685e-26
880 0.00102401
524 0.0610326
524 0.039604
524 0.0518927
524 0.0430877
523 0.243441
522 0.0434054
522 0.0492174
521 0.0563515
519 0.0549828
518 0.0648729
517 0.0541585
517 0.0599991
516 0.0393087
516 0.0967865
516 0.0938653
516 0.0417798
514 0.0495537
514 0.0472511
514 0.0378351
513 0.0373936
513 0.0567929
512 0.193365
512 0.0381976
511 0.136524
511 0.0731625
511 0.0953647
510 0.060849
510 0.0271345
510 0.34392
509 0.0148831
509 0.0635592
509 0.0553932
509 0.0145447
509 0.0560069
509 0.048342
508 0.0771763
508 0.162147
506 0.0391509
505 0.0351343
504 0.051736
503 0.0357909
502 0.0630994
502 0.034901
502 0.0446107
501 0.174136
500 0.0845385
500 0.0199182
498 0.0373108
497 0.0355828
497 0.27324
497 0.0388648
497 0.20042
496 0.137655
495 0.111099
496 0.373398
495 0.040683
494 0.143494
493 0.265239
493 0.0583177
491 0.0351406
491 0.056267
489 0.0571715
488 0.177911
488 0.139877
487 0.20001
487 0.300065
487 0.347669
486 0.0492504
486 0.0487018
486 0.0346158
486 0.0400096
485 0.0371432
484 0.0430199
484 0.105252
483 0.0419147
482 0.170069
481 0.0478736
480 0.0370024
480 0.042198
479 0.155396
479 0.204439
478 0.098145
477 0.0413912
477 0.0414165
475 0.0398057
475 0.0415748
475 0.15674
