475 3.10141e-23
475 0.550747
475 0.221137
476 0.286222
477 1.0001
477 0.250437
477 0.149274
477 0.0381774
477 0.0158224
478 0.350987
478 0.0247384
478 0.459727
478 0.0697398
479 0.333788
479 0.141762
481 1.60446
481 0.280219
481 0.0353709
481 0.0838108
482 0.749569
484 0.956701
484 0.0179898
484 0.623303
485 0.230093
485 0.372225
485 0.146979
485 0.241031
486 0.200894
486 0.415962
486 0.155088
487 0.114513
487 0.161779
487 0.136303
488 0.557443
488 0.749254
490 0.968427
490 0.267272
490 0.193212
491 0.266757
491 0.271389
492 0.556677
492 0.198982
492 0.166809
492 0.148589
493 0.446155
493 0.426486
493 0.0102973
494 0.758969
494 0.155754
494 0.126684
495 0.473643
496 1.05563
497 0.259727
498 0.921611
498 0.00640177
500 2.11565
500 0.223609
501 0.965447
502 0.574169
502 0.248954
503 0.614726
503 0.267056
504 0.132915
504 0.153278
504 0.0690977
504 0.49747
505 0.915928
506 0.0984545
506 0.315162
506 0.405889
507 0.763749
507 0.0953069
508 0.123326
508 0.74592
509 0.393358
509 0.606622
510 1.03528
511 0.449552
512 0.585023
514 2.02179
514 0.176852
514 0.114947
514 0.188756
515 0.521464
515 0.224198
515 0.327802
515 0.00614151
516 0.243689
516 0.100974
516 0.0529678
516 0.243017
516 0.1246
518 1.40041
518 0.0118122
518 0.0210038
518 0.215919
518 0.429722
519 0.17448
519 0.480349
520 0.336942
520 0.528781
520 0.231849
521 0.133971
521 0.201236
521 0.0819708
522 0.98578
522 0.113969
522 0.0535905
523 0.980217
523 0.393384
524 0.0408803
524 0.22147
524 0.35023
524 0.00404379
525 0.414072
850 2.61651e-23
922 0.00479294
1149 0.0136576
1149 4.59949e-27
524 0.100472
524 0.162968
524 0.0225919
524 0.0482274
524 0.0671366
523 0.0376021
522 0.0677779
522 0.0367114
522 0.0900442
521 0.0654326
521 0.102003
521 0.135959
520 0.145984
520 0.0623527
519 0.0543189
518 0.079139
518 0.0361848
518 0.0619883
516 0.0431737
516 0.0500028
516 0.0648873
515 0.0666406
515 0.0718901
515 0.0814316
514 0.0659982
514 0.0522327
514 0.0345509
514 0.0545165
512 0.061354
511 0.0361327
511 0.231138
509 0.0349239
509 0.0399366
508 0.052219
508 0.0405995
507 0.0370502
507 0.0418638
506 0.0556225
506 0.0881868
505 0.0351286
504 0.0410183
504 0.0653404
504 0.254816
504 0.081532
503 0.137498
503 0.0927366
502 0.0569372
502 0.0434553
501 0.0380484
500 0.0678778
500 0.050211
498 0.0821672
498 0.116739
497 0.0344875
496 0.039509
495 0.0554131
495 0.0423012
494 0.0395025
493 0.0578561
493 0.0788841
492 0.035678
492 0.0344832
492 0.0511879
491 0.0580571
491 0.177327
490 0.152766
490 0.0535572
490 0.0376026
488 0.0571842
488 0.0392979
487 0.0821657
487 0.0462478
487 0.0839462
486 0.0902831
486 0.0401446
485 0.0613968
485 0.0908086
485 0.0436027
484 0.0537758
484 0.0427411
484 0.0519533
482 0.2118
481 0.066476
481 0.0485495
481 0.104923
481 0.0929893
479 0.0500509
479 0.0516677
478 0.0351831
478 0.0360221
478 0.10129
477 0.105692
477 0.038037
477 0.050273
477 0.163926
477 0.0476066
476 0.178459
475 0.0356188
475 0.058283
