475 3.10141e-23
475 0.230312
475 0.318552
476 0.686247
477 0.906952
478 0.632574
479 0.898145
479 0.0422991
480 0.47434
480 0.363855
480 0.123819
480 0.0131758
482 1.77663
483 0.815808
484 0.271988
484 0.0291101
484 0.000400814
484 0.0278654
484 0.297448
484 0.132662
485 0.806843
486 0.193258
487 1.25274
488 0.949949
488 0.129735
488 0.167202
488 0.0530442
489 0.425617
489 0.0172844
489 0.254085
490 0.989266
491 0.598964
492 0.429139
492 0.201834
492 0.32234
492 0.136855
493 0.405221
493 0.14813
493 0.284473
493 0.0681995
494 0.729155
495 0.251379
495 0.486953
496 0.758372
496 1.33204
496 1.46943
496 0.0702235
496 2.73153
496 0.0295164
496 0.141059
496 0.654187
496 0.495726
496 1.94453
497 3.06957
497 2.99107
498 2.81787
498 2.76266
498 2.87072
498 3.4284
498 0.675288
475 0
31 0
516 0
494 0
480 0
476 0
477 0
483 0
520 0
475 0
76 0
496 0.0378457
496 0.0356512
496 0.0433407
495 0.0498094
494 0.0473623
493 0.0345984
493 0.0383713
493 0.0570577
493 0.1104
493 0.10443
492 0.0532603
492 0.0855551
492 0.131332
491 0.14341
490 0.0818489
489 0.0885157
489 0.118543
489 0.242467
488 0.047435
488 0.0424547
488 0.036304
488 0.0584178
487 0.0356879
486 0.0356815
485 0.0456576
484 0.0470688
484 0.191995
484 0.0361042
484 0.0486732
483 0.0401261
482 0.0562498
480 0.0464458
480 0.0356453
480 0.198996
479 0.0720048
479 0.072307
478 0.0810602
477 0.0436606
476 0.0511558
475 0.0891821
475 0.0492793
523 0
523 0.001564
523 0.0684028
523 0.0115696
525 0
659 0
499 0
499 0
501 0.001564
501 0.0337168
499 0.00424375
499 0.00520456
501 0
505 0
547 0
501 0.173563
501 0.168968
501 0.0502907
475 0
131 0
477 0.0686497
476 0.26379
480 0.00439097
494 0.0609882
516 4.38758
517 2.59319
517 2.8707
517 3.15499
517 2.42761
517 3.1188
517 2.87269
517 2.73773
518 2.89903
518 3.14389
518 1.88596
516 2.98931
516 0.438138
516 3.2433
516 3.07243
516 2.88845
516 2.73657
516 3.03099
516 3.38006
516 0.0777135
516 0.0370297
