475 3.10141e-23
475 0.180316
475 0.0572062
475 0.283828
478 2.12026
478 0.236265
478 0.0732002
479 0.907986
480 0.376977
480 0.176092
480 0.306648
481 0.220201
481 0.453589
482 0.557202
483 0.754601
483 0.0213734
484 0.724789
484 0.0125675
484 0.14515
484 0.358096
487 1.98578
487 0.383754
487 0.0480205
487 0.00193947
488 0.433505
488 0.522496
490 1.30626
490 0.0126324
491 0.916405
491 0.334747
492 0.361173
493 1.37004
495 1.0498
495 0.162173
495 0.290942
496 0.391888
496 0.222245
496 0.0408258
497 1.05632
498 0.425815
499 1.4256
500 0.407844
500 0.0919704
500 0.294043
500 0.100507
501 0.307439
501 0.535732
502 0.629072
502 0.28709
503 0.734381
503 0.324177
503 0.111629
504 0.802786
505 0.717259
505 0.260014
506 0.240705
506 0.499391
506 0.00543009
507 1.03723
509 1.16696
509 0.0154688
509 0.273098
509 0.422939
510 1.01386
511 0.56917
511 0.018463
513 1.30094
513 0.478327
514 0.495701
514 0.0192007
514 0.200549
514 0.118691
515 1.02833
516 0.449917
517 1.03041
517 0.133245
518 0.807226
518 0.68827
519 0.587028
519 0.0135145
519 0.527707
520 0.674786
520 0.0651464
521 0.970169
521 0.0618846
522 0.342894
522 0.0512716
522 0.362051
522 0.11954
523 0.649652
523 0.147455
524 0.534243
524 0.280083
524 0.137471
524 0.47176
524 0.0320118
525 0.0552891
850 2.61958e-23
920 0.00308899
1118 0.0131381
1149 0.00143066
1149 5.64464e-29
1118 0.00210851
1119 0.00179631
920 0.00223209
524 0.0539111
524 0.0554697
524 0.0546277
524 0.0620078
523 0.0818955
523 0.0938657
522 0.0532718
522 0.0452605
522 0.0440724
522 0.0762892
521 0.0532106
521 0.270328
520 0.0969876
520 0.0393545
519 0.0483911
519 0.0599062
519 0.113398
518 0.0354984
518 0.0964363
516 0.0419849
515 0.0396628
514 0.178243
514 0.0434177
514 0.0641672
514 0.0895153
513 0.0801676
513 0.124395
513 0.0491492
513 0.196221
513 0.0659101
511 0.069791
511 0.121734
511 0.0775355
510 0.0467675
509 0.0362793
509 0.0428948
509 0.0434412
506 0.044424
506 0.0291703
506 0.0422369
506 0.0631524
505 0.0402943
505 0.0938677
504 0.11717
503 0.034528
503 0.0957306
503 0.137459
502 0.0374165
501 0.0655731
501 0.065949
500 0.0616306
500 0.309686
500 0.136171
500 0.167498
499 0.0367155
498 0.0749745
497 0.0370791
496 0.0937652
496 0.144085
496 0.109255
495 0.0528616
495 0.0859692
495 0.0356726
492 0.0471396
491 0.0222695
491 0.0583311
490 0.288667
490 0.0486915
487 0.0437681
487 0.0323163
487 0.0394134
487 0.120458
484 0.034395
484 0.0661333
484 0.0423825
483 0.0436373
483 0.0381569
482 0.0398083
481 0.199496
480 0.0590436
479 0.060769
478 0.0615243
478 0.0674802
475 0.0446967
475 0.0565264
475 0.0638066
475 0.0375773
487 0.001564
491 0.001564
506 0.001564
506 0.0196175
491 0.00343394
487 0.017192
