475 1.4622e-20
475 0.02
475 1.4622e-20
475 0.00779884
475 0.0122012
475 1.4622e-20
475 0.0027503
475 0.0172497
475 1.4622e-20
475 0.00612069
475 0.0138793
475 1.4622e-20
475 0.02
475 1.4622e-20
475 0.02
475 1.4622e-20
475 0.0089677
475 0.0110323
475 1.4622e-20
475 0.016954
475 1.31302e-05
475 0.00303287
475 1.4622e-20
475 0.02
475 1.4622e-20
475 0.02
475 1.4622e-20
475 0.00759568
475 0.0124043
475 1.4622e-20
475 0.0112692
475 0.0087308
475 1.4622e-20
475 0.02
475 1.4622e-20
475 0.02
475 1.4622e-20
475 0.0159698
475 0.000949291
475 0.00308095
475 1.4622e-20
475 0.0176782
475 4.59076e-05
475 7.46681e-05
475 0.000431989
475 0.000197411
475 0.000113926
475 9.12244e-09
475 0.00145791
475 1.4622e-20
475 0.0182979
475 6.56295e-07
475 0.00135644
475 0.000344987
475 1.4622e-20
475 0.02
475 1.4622e-20
475 0.0124958
475 0.00750417
475 1.4622e-20
475 0.0102386
475 0.00976144
475 1.4622e-20
475 0.00764259
475 0.0123574
475 1.4622e-20
475 0.02
475 1.4622e-20
475 0.00274248
475 0.0116942
427 4.93772e-21
475 1.4622e-20
475 0.00618127
475 0.0138187
475 1.4622e-20
475 0.02
475 1.4622e-20
475 0.02
475 1.4622e-20
475 0.00615015
475 0.0138498
475 1.4622e-20
475 0.0115305
475 0.00846955
475 1.4622e-20
475 0.0109243
475 0.00202322
475 0
475 0.00705244
475 1.4622e-20
475 0.0136241
475 0.00637591
475 1.4622e-20
475 0.00395731
475 0.0160427
475 1.4622e-20
475 0.02
475 1.4622e-20
475 0.00177932
475 0.00991043
475 0.000469205
69 1.00691e-20
475 1.4622e-20
475 0.00048035
475 0.00698464
475 0.012535
475 1.4622e-20
475 0.0188622
475 0.0011159
475 2.19311e-05
475 1.4622e-20
475 0.00708827
475 0.00462729
210 8.33842e-21
475 1.4622e-20
475 0.02
475 1.4622e-20
475 0.00847929
475 4.2542e-05
475 0
475 0.0114782
475 1.4622e-20
475 0.02
475 1.4622e-20
475 3.23846e-05
475 0.0130165
475 0.00695113
475 1.4622e-20
475 0.0165086
475 3.47057e-05
475 2.7848e-15
475 0.00345665
475 1.4622e-20
475 0.0146592
475 4.93254e-05
475 0.000366911
475 1.6097e-05
475 1.05619e-05
475 0.0048979
475 1.4622e-20
475 0.02
475 1.4622e-20
475 0.02
475 1.4622e-20
475 0.02
475 1.4622e-20
475 0.0167611
475 2.14213e-05
475 0.00028858
475 0.000426177
475 0.00114788
475 0.00135486
475 1.4622e-20
475 0.00460901
475 0.015391
475 1.4622e-20
475 0.0111298
475 0.00887021
475 1.4622e-20
475 0.02
475 1.4622e-20
475 0.02
475 1.4622e-20
475 0.02
475 1.4622e-20
475 0.02
475 1.4622e-20
475 0.02
475 1.4622e-20
475 0.02
475 1.4622e-20
475 0.00462514
475 0.0153749
475 1.4622e-20
475 0.00943705
475 0.0105629
475 1.4622e-20
475 0.00143756
475 0.00262232
475 0.00188178
475 0.0140583
475 1.4622e-20
475 0.00231856
475 0.009894
475 0.00778744
475 1.4622e-20
475 0.00398303
475 0.0112618
475 0.00475519
475 1.4622e-20
475 0.02
475 1.4622e-20
475 0.02
475 1.4622e-20
475 0.02
475 1.4622e-20
475 0.02
475 1.4622e-20
475 0.00188142
475 0.0150837
475 0.00303484
475 1.4622e-20
475 0.00575411
475 0.0142459
475 1.4622e-20
475 0.0132577
475 0.00674235
475 1.4622e-20
475 0.02
475 1.4622e-20
475 0.00799606
475 0.0120039
475 1.4622e-20
475 0.00581317
475 0.0141868
475 1.4622e-20
475 0.02
475 1.4622e-20
475 0.0016666
475 0.00644698
475 0.0118864
475 1.4622e-20
475 0.02
475 1.4622e-20
475 0.000937867
475 0.00316975
475 0.0158924
475 1.4622e-20
475 0.00110112
475 0.0188989
475 1.4622e-20
475 0.0178442
475 0.00143648
475 0.000719365
475 1.4622e-20
475 0.0107991
475 0.00920086
475 1.4622e-20
475 0.00971028
475 0.0102897
475 1.4622e-20
475 0.00145403
475 0.018546
475 1.4622e-20
475 0.0197487
475 0.000251336
475 1.4622e-20
475 0.00339585
475 0.00274987
475 0.0138543
475 1.4622e-20
475 0.0100095
475 0.00999046
475 1.4622e-20
475 0.00516453
475 0.0148355
475 1.4622e-20
475 0.00182788
475 0.0181721
475 1.4622e-20
475 0.02
475 1.4622e-20
475 0.00891362
475 0.0110864
475 1.4622e-20
475 0.02
475 1.4622e-20
475 0.00414322
475 0.0158568
475 1.4622e-20
475 0.0163729
475 2.26558e-10
475 0.00362714
475 1.4622e-20
475 0.000338195
475 0.00228719
475 0.0135216
475 3.51162e-06
475 0.000111123
475 0.00373838
475 1.4622e-20
475 0.02
475 1.4622e-20
475 0.02
475 1.4622e-20
475 0.02
475 1.4622e-20
475 0.00190092
475 0.0175457
475 0.000249289
475 0.000304098
475 1.4622e-20
475 0.00306068
475 0.0156803
475 4.56377e-05
475 0.00121337
475 1.4622e-20
475 0.02
475 1.4622e-20
475 0.02
475 1.4622e-20
475 0.00477289
475 0.0152271
475 1.4622e-20
475 0.0196761
475 1.91805e-33
475 0.000323864
475 1.4622e-20
475 0.02
475 1.4622e-20
475 0.02
