490 -13
490 13
489 -13
489 13
510 -13
510 13
504 -13
504 13
499 -13
499 13
515 -13
515 13
493 -13
493 13
497 -13
497 13
486 -13
486 13
516 -13
516 13
484 -13
484 13
484 1
484 -1
482 1
481 -1
481 1
481 -1
483 -13
483 13
500 1
500 -1
500 1
500 -1
500 1
500 -1
505 1
505 -1
506 1
506 -1
487 -13
487 13
491 1
491 -1
484 1
484 -1
485 1
485 -1
506 -13
506 13
476 -13
476 13
478 1
478 -1
475 1
475 -1
475 1
475 -1
476 1
476 -1
482 -13
482 13
518 -13
518 13
482 -13
482 13
482 -13
482 13
495 1
496 -1
495 1
495 -1
496 1
496 -1
481 -13
481 13
517 -13
517 13
489 -13
489 13
484 1
484 -1
484 1
484 -1
484 1
484 -1
502 -13
502 13
508 -13
508 13
518 1
518 -1
511 1
511 -1
503 -13
503 13
508 -13
508 13
485 1
436 -1
484 1
484 -1
484 1
484 -1
484 1
484 -1
484 1
484 -1
484 1
484 -1
485 1
485 -1
496 -13
496 13
477 -13
477 13
484 -13
484 13
490 -13
490 13
498 -13
498 13
484 -13
484 13
496 1
496 -1
496 -13
496 13
509 -13
509 13
517 -13
517 13
502 1
502 -1
510 1
510 -1
523 1
523 -1
521 1
524 -1
524 1
524 -1
523 1
523 -1
484 -13
484 13
480 -13
480 13
475 1
475 -1
475 1
475 -1
478 1
478 -1
1016 -2
1065 2
503 -13
503 13
496 -13
496 13
512 -13
512 13
506 -13
506 13
483 -13
483 13
495 -13
495 13
496 1
496 -1
509 -13
509 13
476 -13
476 13
475 -13
475 13
522 -13
522 13
522 -13
522 13
480 -13
480 13
520 -13
520 13
501 -13
501 13
483 -13
483 13
494 -13
494 13
515 -13
515 13
488 -13
488 13
501 -13
501 13
498 1
498 -1
501 1
501 -1
501 1
501 -1
487 -13
487 13
483 -13
483 13
498 -13
498 13
520 -13
520 13
513 -13
513 13
523 -13
523 13
483 -13
483 13
480 1
480 -1
520 -13
520 13
482 -13
482 13
494 -13
494 13
480 -13
480 13
479 1
481 -1
481 1
481 -1
481 1
481 -1
481 1
481 -1
481 1
481 -1
480 1
480 -1
480 1
480 -1
480 1
480 -1
479 1
479 -1
481 1
481 -1
482 -13
482 13
482 -13
482 13
487 -13
487 13
524 -13
524 13
507 -13
507 13
