475 0
525 0
850 0
1149 0
475 0
499 0
515 0
514 0
471 0
515 0.17882
499 0.125345
475 0
514 0
525 0
632 0
514 0.196157
475 0
511 0
511 0.151251
512 0
525 0
861 0
512 0
513 0
522 0
516 0
521 0
525 0
893 0
521 0.00953312
516 0.0735119
522 0.28953
513 0.559875
513 0.0152347
512 0.0917261
517 0
575 0
512 0.0516476
475 0
512 0
525 0
895 0
512 0.052305
475 0
496 0
498 0
498 0.0681748
496 0.23415
506 0
525 0
857 0
495 0
475 0
525 0
771 0
506 0.0204684
475 0
525 0
850 0
1149 0
475 0
525 0
850 0
1149 0
475 0
509 0
510 0
512 0
512 0.0770357
510 0.0279701
509 0.0943175
511 0
494 0
515 0
538 0
475 0
525 0
850 0
1149 0
