0 -1
475 1
0 -1
475 1
0 -1
475 1
0 -1
475 1
0 -1
207 1
0 -1
475 1
0 -1
241 1
0 -1
204 1
0 -1
475 1
0 -1
475 1
0 -1
442 1
0 -1
475 1
0 -1
475 1
0 -1
475 1
0 -1
475 1
0 -1
475 1
0 -1
475 1
0 -1
324 1
0 -1
185 1
0 -1
416 1
0 -1
475 1
0 -1
475 1
0 -1
309 1
0 -1
475 1
0 -1
475 1
0 -1
243 1
0 -1
475 1
0 -1
475 1
0 -1
445 1
0 -1
475 1
0 -1
475 1
0 -1
147 1
0 -1
475 1
0 -1
475 1
0 -1
475 1
0 -1
475 1
0 -1
168 1
0 -1
475 1
0 -1
369 1
0 -1
447 1
0 -1
398 1
0 -1
475 1
0 -1
475 1
0 -1
440 1
0 -1
0 1
0 -1
475 1
0 -1
425 1
0 -1
43 1
0 -1
410 1
0 -1
224 1
0 -1
475 1
0 -1
475 1
0 -1
475 1
0 -1
317 1
0 -1
475 1
0 -1
475 1
0 -1
475 1
0 -1
475 1
0 -1
475 1
0 -1
277 1
0 -1
475 1
0 -1
441 1
0 -1
475 1
0 -1
475 1
0 -1
193 1
0 -1
475 1
0 -1
305 1
0 -1
0 1
0 -1
262 1
0 -1
475 1
0 -1
475 1
0 -1
475 1
0 -1
337 1
0 -1
475 1
0 -1
475 1
0 -1
0 1
0 -1
387 1
0 -1
475 1
0 -1
0 1
0 -1
0 1
0 -1
360 1
0 -1
475 1
0 -1
137 1
0 -1
160 1
0 -1
177 1
0 -1
337 1
0 -1
475 1
0 -1
326 1
0 -1
317 1
0 -1
242 1
0 -1
475 1
0 -1
475 1
0 -1
475 1
0 -1
129 1
0 -1
475 1
0 -1
475 1
0 -1
0 1
0 -1
236 1
0 -1
151 1
0 -1
475 1
0 -1
358 1
0 -1
439 1
0 -1
447 1
0 -1
330 1
0 -1
475 1
0 -1
448 1
0 -1
334 1
0 -1
381 1
0 -1
0 1
0 -1
426 1
0 -1
378 1
0 -1
362 1
0 -1
397 1
0 -1
475 1
0 -1
268 1
0 -1
252 1
0 -1
374 1
0 -1
313 1
0 -1
475 1
0 -1
378 1
0 -1
475 1
0 -1
184 1
0 -1
475 1
0 -1
374 1
0 -1
463 1
0 -1
475 1
0 -1
475 1
0 -1
340 1
0 -1
475 1
0 -1
418 1
0 -1
475 1
0 -1
475 1
0 -1
417 1
0 -1
335 1
0 -1
475 1
0 -1
475 1
0 -1
475 1
0 -1
388 1
0 -1
475 1
0 -1
340 1
0 -1
475 1
0 -1
475 1
0 -1
475 1
0 -1
475 1
0 -1
289 1
0 -1
328 1
0 -1
392 1
0 -1
237 1
0 -1
167 1
0 -1
475 1
0 -1
475 1
0 -1
0 1
0 -1
475 1
0 -1
306 1
0 -1
475 1
0 -1
475 1
0 -1
475 1
0 -1
0 1
0 -1
475 1
0 -1
338 1
0 -1
389 1
0 -1
0 1
0 -1
165 1
0 -1
0 1
0 -1
370 1
0 -1
441 1
0 -1
198 1
0 -1
475 1
0 -1
317 1
0 -1
424 1
0 -1
475 1
0 -1
363 1
0 -1
332 1
0 -1
475 1
0 -1
256 1
0 -1
475 1
0 -1
462 1
0 -1
349 1
0 -1
349 1
0 -1
296 1
0 -1
475 1
0 -1
475 1
0 -1
475 1
0 -1
475 1
0 -1
475 1
0 -1
207 1
0 -1
383 1
0 -1
174 1
0 -1
475 1
0 -1
475 1
0 -1
0 1
0 -1
329 1
0 -1
285 1
0 -1
475 1
0 -1
117 1
0 -1
475 1
0 -1
239 1
0 -1
410 1
0 -1
475 1
0 -1
475 1
0 -1
475 1
0 -1
420 1
0 -1
475 1
0 -1
434 1
0 -1
256 1
0 -1
475 1
0 -1
475 1
0 -1
430 1
0 -1
475 1
0 -1
475 1
0 -1
475 1
0 -1
0 1
0 -1
233 1
0 -1
205 1
0 -1
205 1
0 -1
475 1
0 -1
0 1
0 -1
475 1
0 -1
337 1
0 -1
448 1
0 -1
305 1
0 -1
256 1
0 -1
296 1
0 -1
158 1
0 -1
287 1
0 -1
475 1
0 -1
475 1
0 -1
243 1
0 -1
475 1
0 -1
475 1
0 -1
0 1
0 -1
475 1
0 -1
152 1
0 -1
475 1
0 -1
464 1
0 -1
0 1
0 -1
340 1
0 -1
475 1
0 -1
475 1
0 -1
257 1
0 -1
475 1
0 -1
475 1
0 -1
475 1
0 -1
475 1
0 -1
452 1
0 -1
475 1
0 -1
78 1
0 -1
475 1
0 -1
93 1
0 -1
355 1
0 -1
475 1
0 -1
366 1
0 -1
178 1
0 -1
475 1
0 -1
63 1
0 -1
475 1
0 -1
475 1
0 -1
275 1
0 -1
475 1
0 -1
475 1
0 -1
475 1
0 -1
475 1
0 -1
0 1
0 -1
475 1
0 -1
475 1
0 -1
475 1
0 -1
475 1
0 -1
327 1
0 -1
475 1
0 -1
475 1
0 -1
475 1
0 -1
475 1
0 -1
312 1
0 -1
216 1
0 -1
475 1
0 -1
149 1
0 -1
475 1
0 -1
400 1
0 -1
64 1
0 -1
0 1
0 -1
188 1
0 -1
426 1
0 -1
413 1
0 -1
475 1
0 -1
459 1
0 -1
475 1
0 -1
0 1
0 -1
455 1
0 -1
475 1
0 -1
443 1
0 -1
0 1
0 -1
0 1
0 -1
475 1
0 -1
0 1
0 -1
475 1
0 -1
464 1
0 -1
366 1
0 -1
365 1
0 -1
475 1
0 -1
395 1
0 -1
107 1
0 -1
297 1
0 -1
226 1
0 -1
475 1
0 -1
112 1
0 -1
157 1
0 -1
220 1
0 -1
362 1
0 -1
296 1
0 -1
413 1
0 -1
387 1
0 -1
475 1
0 -1
475 1
0 -1
166 1
0 -1
475 1
0 -1
0 1
0 -1
475 1
0 -1
475 1
0 -1
475 1
0 -1
475 1
0 -1
310 1
0 -1
330 1
0 -1
75 1
0 -1
202 1
0 -1
475 1
0 -1
475 1
0 -1
475 1
0 -1
172 1
0 -1
475 1
0 -1
475 1
0 -1
475 1
0 -1
475 1
0 -1
0 1
0 -1
475 1
0 -1
475 1
0 -1
475 1
0 -1
475 1
0 -1
475 1
0 -1
310 1
0 -1
475 1
0 -1
475 1
0 -1
459 1
0 -1
475 1
0 -1
231 1
0 -1
204 1
0 -1
0 1
0 -1
463 1
0 -1
223 1
0 -1
455 1
0 -1
475 1
0 -1
475 1
0 -1
475 1
0 -1
84 1
0 -1
4 1
0 -1
475 1
0 -1
475 1
0 -1
475 1
0 -1
475 1
0 -1
475 1
0 -1
0 1
0 -1
475 1
0 -1
475 1
0 -1
307 1
0 -1
424 1
0 -1
475 1
0 -1
475 1
0 -1
475 1
0 -1
0 1
0 -1
475 1
0 -1
475 1
0 -1
0 1
0 -1
310 1
0 -1
475 1
0 -1
475 1
0 -1
475 1
0 -1
122 1
0 -1
417 1
0 -1
126 1
0 -1
475 1
0 -1
475 1
0 -1
429 1
0 -1
149 1
0 -1
475 1
0 -1
475 1
0 -1
358 1
0 -1
469 1
0 -1
381 1
0 -1
0 1
0 -1
330 1
0 -1
383 1
0 -1
272 1
0 -1
318 1
0 -1
475 1
0 -1
475 1
0 -1
73 1
0 -1
455 1
0 -1
344 1
0 -1
0 1
0 -1
475 1
0 -1
462 1
0 -1
475 1
0 -1
475 1
0 -1
323 1
0 -1
388 1
0 -1
475 1
0 -1
475 1
0 -1
475 1
0 -1
475 1
0 -1
475 1
0 -1
460 1
0 -1
458 1
0 -1
387 1
0 -1
475 1
0 -1
475 1
0 -1
475 1
0 -1
475 1
0 -1
475 1
0 -1
475 1
0 -1
432 1
0 -1
475 1
0 -1
475 1
0 -1
475 1
0 -1
0 1
0 -1
475 1
0 -1
334 1
0 -1
0 1
0 -1
475 1
0 -1
426 1
0 -1
475 1
0 -1
475 1
0 -1
475 1
0 -1
459 1
0 -1
329 1
0 -1
334 1
0 -1
475 1
0 -1
475 1
0 -1
475 1
0 -1
338 1
0 -1
125 1
0 -1
475 1
0 -1
475 1
0 -1
475 1
0 -1
475 1
0 -1
403 1
0 -1
475 1
0 -1
0 1
0 -1
475 1
0 -1
453 1
0 -1
475 1
0 -1
475 1
0 -1
0 1
0 -1
475 1
0 -1
475 1
0 -1
206 1
0 -1
287 1
0 -1
475 1
0 -1
475 1
0 -1
0 1
0 -1
0 1
0 -1
0 1
0 -1
475 1
0 -1
475 1
0 -1
385 1
0 -1
116 1
0 -1
299 1
0 -1
384 1
0 -1
292 1
0 -1
406 1
0 -1
321 1
0 -1
475 1
0 -1
0 1
0 -1
442 1
0 -1
442 1
0 -1
0 1
0 -1
475 1
0 -1
475 1
0 -1
378 1
0 -1
475 1
0 -1
383 1
0 -1
475 1
0 -1
475 1
0 -1
406 1
0 -1
373 1
0 -1
475 1
0 -1
475 1
0 -1
475 1
0 -1
0 1
0 -1
383 1
0 -1
328 1
0 -1
18 1
0 -1
0 1
0 -1
396 1
0 -1
475 1
0 -1
24 1
0 -1
383 1
0 -1
475 1
0 -1
475 1
0 -1
178 1
0 -1
475 1
0 -1
475 1
0 -1
475 1
0 -1
288 1
0 -1
475 1
0 -1
439 1
0 -1
418 1
0 -1
475 1
0 -1
276 1
0 -1
475 1
0 -1
362 1
0 -1
357 1
0 -1
475 1
0 -1
0 1
0 -1
358 1
0 -1
363 1
0 -1
475 1
0 -1
302 1
0 -1
475 1
0 -1
475 1
0 -1
475 1
0 -1
263 1
0 -1
305 1
0 -1
250 1
0 -1
475 1
0 -1
0 1
0 -1
475 1
0 -1
475 1
0 -1
400 1
0 -1
475 1
0 -1
357 1
0 -1
237 1
0 -1
475 1
0 -1
425 1
0 -1
475 1
0 -1
335 1
0 -1
461 1
0 -1
181 1
0 -1
475 1
0 -1
475 1
0 -1
0 1
0 -1
475 1
0 -1
0 1
0 -1
358 1
0 -1
0 1
0 -1
229 1
0 -1
475 1
0 -1
475 1
0 -1
475 1
0 -1
475 1
0 -1
315 1
0 -1
360 1
0 -1
475 1
0 -1
475 1
0 -1
288 1
0 -1
475 1
0 -1
337 1
0 -1
458 1
0 -1
475 1
0 -1
475 1
0 -1
280 1
0 -1
310 1
0 -1
475 1
0 -1
475 1
0 -1
475 1
0 -1
217 1
0 -1
475 1
0 -1
475 1
0 -1
475 1
0 -1
475 1
0 -1
475 1
0 -1
475 1
0 -1
383 1
0 -1
0 1
0 -1
336 1
0 -1
475 1
0 -1
125 1
0 -1
475 1
0 -1
475 1
0 -1
299 1
0 -1
475 1
0 -1
475 1
0 -1
475 1
0 -1
475 1
0 -1
64 1
0 -1
354 1
0 -1
475 1
0 -1
283 1
0 -1
475 1
0 -1
300 1
0 -1
475 1
0 -1
0 1
0 -1
305 1
0 -1
423 1
0 -1
388 1
0 -1
475 1
0 -1
223 1
0 -1
475 1
0 -1
475 1
0 -1
475 1
0 -1
318 1
0 -1
303 1
0 -1
475 1
0 -1
323 1
0 -1
43 1
0 -1
278 1
0 -1
475 1
0 -1
475 1
0 -1
443 1
0 -1
475 1
0 -1
457 1
0 -1
455 1
0 -1
0 1
0 -1
475 1
0 -1
475 1
0 -1
475 1
0 -1
297 1
0 -1
475 1
0 -1
413 1
0 -1
331 1
0 -1
475 1
0 -1
475 1
0 -1
402 1
0 -1
327 1
0 -1
0 1
0 -1
475 1
0 -1
475 1
0 -1
475 1
0 -1
446 1
0 -1
475 1
0 -1
475 1
0 -1
475 1
0 -1
475 1
0 -1
475 1
0 -1
475 1
0 -1
475 1
0 -1
248 1
0 -1
475 1
0 -1
475 1
0 -1
475 1
0 -1
475 1
0 -1
414 1
0 -1
347 1
0 -1
196 1
0 -1
475 1
0 -1
475 1
0 -1
475 1
0 -1
324 1
0 -1
475 1
0 -1
475 1
0 -1
270 1
0 -1
475 1
0 -1
475 1
0 -1
475 1
0 -1
438 1
0 -1
475 1
0 -1
475 1
0 -1
297 1
0 -1
426 1
0 -1
0 1
0 -1
475 1
0 -1
475 1
0 -1
475 1
0 -1
475 1
0 -1
452 1
0 -1
382 1
0 -1
0 1
0 -1
475 1
0 -1
409 1
0 -1
475 1
0 -1
475 1
0 -1
475 1
0 -1
475 1
0 -1
0 1
0 -1
475 1
0 -1
446 1
0 -1
475 1
0 -1
412 1
0 -1
475 1
0 -1
293 1
0 -1
307 1
0 -1
475 1
0 -1
475 1
0 -1
0 1
0 -1
318 1
0 -1
475 1
0 -1
422 1
0 -1
459 1
0 -1
327 1
0 -1
475 1
0 -1
475 1
0 -1
475 1
0 -1
0 1
0 -1
475 1
0 -1
475 1
0 -1
420 1
0 -1
475 1
0 -1
416 1
0 -1
475 1
0 -1
475 1
0 -1
0 1
0 -1
475 1
0 -1
0 1
0 -1
103 1
0 -1
475 1
0 -1
475 1
0 -1
165 1
0 -1
475 1
0 -1
475 1
0 -1
38 1
0 -1
475 1
0 -1
475 1
0 -1
348 1
0 -1
444 1
0 -1
318 1
0 -1
475 1
0 -1
475 1
0 -1
475 1
0 -1
475 1
0 -1
475 1
0 -1
395 1
0 -1
475 1
0 -1
222 1
0 -1
475 1
0 -1
457 1
0 -1
475 1
0 -1
475 1
0 -1
131 1
0 -1
406 1
0 -1
475 1
0 -1
372 1
0 -1
475 1
0 -1
197 1
0 -1
0 1
0 -1
397 1
0 -1
139 1
0 -1
0 1
0 -1
475 1
0 -1
475 1
0 -1
438 1
0 -1
475 1
0 -1
475 1
0 -1
475 1
0 -1
84 1
0 -1
475 1
0 -1
475 1
0 -1
475 1
0 -1
475 1
0 -1
151 1
0 -1
146 1
0 -1
279 1
0 -1
475 1
0 -1
182 1
0 -1
437 1
0 -1
0 1
0 -1
201 1
0 -1
475 1
0 -1
475 1
0 -1
0 1
0 -1
0 1
0 -1
475 1
0 -1
475 1
0 -1
475 1
0 -1
187 1
0 -1
140 1
0 -1
475 1
0 -1
475 1
0 -1
475 1
0 -1
475 1
0 -1
0 1
0 -1
475 1
0 -1
343 1
0 -1
475 1
0 -1
135 1
0 -1
475 1
0 -1
475 1
0 -1
176 1
0 -1
475 1
0 -1
393 1
0 -1
218 1
0 -1
475 1
0 -1
124 1
0 -1
475 1
0 -1
475 1
0 -1
475 1
0 -1
333 1
0 -1
0 1
0 -1
475 1
0 -1
475 1
0 -1
398 1
0 -1
438 1
0 -1
475 1
0 -1
277 1
0 -1
475 1
0 -1
81 1
0 -1
475 1
0 -1
409 1
0 -1
279 1
0 -1
475 1
0 -1
475 1
0 -1
273 1
0 -1
475 1
0 -1
475 1
0 -1
259 1
0 -1
2 1
0 -1
262 1
0 -1
475 1
0 -1
475 1
0 -1
75 1
0 -1
475 1
0 -1
36 1
0 -1
475 1
0 -1
5 1
0 -1
68 1
0 -1
475 1
0 -1
378 1
0 -1
475 1
0 -1
438 1
0 -1
475 1
0 -1
475 1
0 -1
277 1
0 -1
357 1
0 -1
475 1
0 -1
0 1
0 -1
475 1
0 -1
470 1
0 -1
113 1
0 -1
345 1
0 -1
198 1
0 -1
475 1
0 -1
437 1
0 -1
475 1
0 -1
475 1
0 -1
475 1
0 -1
335 1
0 -1
475 1
0 -1
475 1
0 -1
350 1
0 -1
0 1
0 -1
132 1
0 -1
475 1
0 -1
77 1
0 -1
282 1
0 -1
420 1
0 -1
475 1
0 -1
446 1
0 -1
261 1
0 -1
86 1
0 -1
416 1
0 -1
385 1
0 -1
345 1
0 -1
305 1
0 -1
28 1
0 -1
47 1
0 -1
311 1
0 -1
447 1
0 -1
475 1
0 -1
286 1
0 -1
475 1
0 -1
475 1
0 -1
475 1
0 -1
475 1
0 -1
475 1
0 -1
475 1
0 -1
475 1
0 -1
442 1
0 -1
475 1
0 -1
0 1
0 -1
475 1
0 -1
0 1
0 -1
475 1
0 -1
475 1
0 -1
475 1
0 -1
475 1
0 -1
475 1
0 -1
475 1
0 -1
475 1
0 -1
475 1
0 -1
475 1
0 -1
475 1
0 -1
475 1
0 -1
475 1
0 -1
260 1
0 -1
475 1
0 -1
450 1
0 -1
338 1
0 -1
363 1
0 -1
475 1
0 -1
475 1
0 -1
475 1
0 -1
307 1
0 -1
475 1
0 -1
458 1
0 -1
475 1
0 -1
475 1
0 -1
475 1
0 -1
475 1
0 -1
475 1
0 -1
397 1
0 -1
475 1
0 -1
475 1
0 -1
0 1
0 -1
401 1
0 -1
212 1
0 -1
0 1
0 -1
475 1
0 -1
475 1
0 -1
475 1
0 -1
475 1
0 -1
475 1
0 -1
297 1
0 -1
402 1
0 -1
475 1
0 -1
215 1
0 -1
475 1
0 -1
355 1
0 -1
146 1
0 -1
475 1
0 -1
475 1
0 -1
316 1
0 -1
235 1
0 -1
475 1
0 -1
439 1
0 -1
343 1
0 -1
0 1
0 -1
475 1
0 -1
475 1
0 -1
475 1
0 -1
475 1
0 -1
244 1
0 -1
420 1
0 -1
475 1
0 -1
475 1
0 -1
475 1
0 -1
475 1
0 -1
475 1
0 -1
228 1
0 -1
475 1
0 -1
0 1
0 -1
475 1
0 -1
475 1
0 -1
475 1
0 -1
307 1
0 -1
194 1
0 -1
223 1
0 -1
393 1
0 -1
475 1
0 -1
437 1
0 -1
181 1
0 -1
475 1
0 -1
0 1
0 -1
348 1
0 -1
475 1
0 -1
475 1
0 -1
212 1
0 -1
396 1
0 -1
475 1
0 -1
475 1
0 -1
166 1
0 -1
153 1
0 -1
475 1
0 -1
315 1
0 -1
475 1
0 -1
365 1
0 -1
475 1
0 -1
292 1
0 -1
475 1
0 -1
475 1
0 -1
0 1
0 -1
212 1
0 -1
475 1
0 -1
321 1
0 -1
475 1
0 -1
449 1
0 -1
468 1
0 -1
314 1
0 -1
475 1
0 -1
456 1
0 -1
475 1
0 -1
475 1
0 -1
261 1
0 -1
96 1
0 -1
475 1
0 -1
475 1
0 -1
281 1
0 -1
475 1
0 -1
475 1
0 -1
475 1
0 -1
323 1
0 -1
158 1
0 -1
118 1
0 -1
423 1
0 -1
475 1
0 -1
475 1
0 -1
475 1
0 -1
333 1
0 -1
475 1
0 -1
475 1
0 -1
194 1
0 -1
454 1
0 -1
0 1
0 -1
0 1
