475 1.11889e-21
475 5.83784e-05
475 1.9836e-05
475 5.04704e-06
475 7.81699e-06
475 8.9215e-06
475 1.11889e-21
475 2.44352e-05
475 4.63952e-05
475 4.31494e-06
475 8.27907e-06
475 1.0756e-06
475 1.07028e-06
475 8.75404e-06
475 5.67561e-06
475 1.11889e-21
475 3.4885e-05
475 4.90133e-06
475 2.94212e-05
475 1.64801e-05
475 1.01903e-05
475 4.12193e-06
475 1.11889e-21
475 4.5804e-05
475 1.1107e-05
475 1.98985e-05
475 1.34163e-06
475 6.94148e-06
475 9.85482e-06
475 5.0526e-06
475 1.11889e-21
475 2.05228e-05
475 1.06444e-07
475 1.31733e-05
475 3.21044e-05
475 4.25211e-06
475 7.53826e-06
475 4.37599e-06
475 2.83352e-06
475 2.87275e-06
475 6.00646e-06
475 6.214e-06
475 1.11889e-21
475 2.60365e-05
475 4.5431e-05
475 1.40062e-05
475 2.88786e-07
475 9.5764e-06
475 4.66101e-06
475 1.11889e-21
475 5.42188e-05
475 1.51348e-05
475 3.54818e-06
475 1.73307e-05
475 9.76746e-06
475 1.11889e-21
475 1.95368e-06
475 6.23267e-05
475 2.19457e-05
475 8.25173e-06
475 5.52223e-06
475 1.11889e-21
475 5.04238e-05
475 2.41027e-05
475 1.19247e-05
475 1.46133e-06
475 3.05427e-06
475 9.03319e-06
475 1.11889e-21
475 4.40293e-05
475 2.95545e-05
475 3.67331e-06
475 1.06736e-05
475 1.50652e-06
475 5.40236e-06
475 6.02517e-08
184 2.08545e-22
