497 -10
497 10
497 -1
497 1
497 -1
497 1
497 -1
496 1
481 1
481 -1
479 1
479 -1
482 1
482 -1
482 1
482 -1
482 1
482 -1
492 -13
492 13
502 -13
502 13
479 -13
479 13
492 -13
492 13
510 -12
510 12
510 -1
510 1
510 -1
509 1
510 1
949 -1
524 1
524 -1
524 1
524 -1
523 1
523 -1
522 1
522 -1
522 1
522 -1
521 1
521 -1
521 1
521 -1
519 1
519 -1
516 1
517 -1
516 1
516 -1
514 1
514 -1
513 1
513 -1
512 1
512 -1
511 1
511 -1
511 1
511 -1
511 1
511 -1
495 1
495 -1
499 1
499 -1
494 1
494 -1
498 -13
498 13
511 1
511 -1
511 1
511 -1
510 -13
510 13
516 -13
516 13
488 -11
488 11
488 -1
488 1
488 -1
487 1
479 1
479 -1
485 -13
485 13
482 1
482 -1
484 1
484 -1
489 1
489 -1
487 1
487 -1
487 1
487 -1
486 1
486 -1
486 1
486 -1
524 -11
524 11
524 -1
524 1
524 -1
524 1
497 -13
497 13
487 -12
487 12
487 -1
871 1
523 1
523 -1
523 1
523 -1
523 1
523 -1
522 1
523 -1
522 1
522 -1
520 1
520 -1
520 1
520 -1
520 1
520 -1
520 1
520 -1
519 1
519 -1
519 1
519 -1
519 1
519 -1
519 1
519 -1
518 1
518 -1
518 1
518 -1
518 1
518 -1
517 1
517 -1
515 1
515 -1
515 1
515 -1
515 1
515 -1
514 1
515 -1
514 1
514 -1
514 1
514 -1
514 1
514 -1
513 1
513 -1
513 1
513 -1
511 1
511 -1
510 1
510 -1
509 1
509 -1
509 1
509 -1
509 1
509 -1
508 1
508 -1
507 1
507 -1
507 1
507 -1
506 1
506 -1
506 1
506 -1
505 1
505 -1
505 1
505 -1
504 1
504 -1
503 1
503 -1
503 1
503 -1
502 1
502 -1
501 1
501 -1
501 1
501 -1
500 1
500 -1
500 1
500 -1
499 1
499 -1
498 1
498 -1
498 1
498 -1
498 1
498 -1
498 1
498 -1
496 1
496 -1
495 1
495 -1
495 1
495 -1
495 1
495 -1
494 1
494 -1
491 1
491 -1
490 1
490 -1
490 1
490 -1
489 1
489 -1
487 1
487 -1
487 1
487 -1
503 -13
503 13
490 1
490 -1
492 1
492 -1
524 -13
524 13
501 -9
501 9
501 -1
501 1
501 -1
503 1
502 1
502 -1
502 1
502 -1
502 1
502 -1
502 1
502 -1
502 1
502 -1
502 1
502 -1
502 1
502 -1
516 1
516 -1
501 -1
586 1
509 1
509 -1
509 1
509 -1
509 1
509 -1
509 1
509 -1
509 1
509 -1
508 1
508 -1
508 1
508 -1
508 1
508 -1
508 1
508 -1
508 1
508 -1
508 1
508 -1
508 1
508 -1
507 1
507 -1
507 1
507 -1
507 1
507 -1
507 1
507 -1
507 1
507 -1
507 1
507 -1
507 1
507 -1
507 1
507 -1
507 1
507 -1
507 1
507 -1
507 1
507 -1
507 1
507 -1
507 1
507 -1
506 1
506 -1
506 1
506 -1
506 1
506 -1
506 1
506 -1
506 1
506 -1
506 1
506 -1
506 1
506 -1
506 1
506 -1
506 1
506 -1
506 1
506 -1
506 1
506 -1
505 1
505 -1
505 1
505 -1
505 1
505 -1
505 1
505 -1
505 1
505 -1
505 1
505 -1
505 1
505 -1
505 1
505 -1
504 1
504 -1
504 1
504 -1
504 1
504 -1
504 1
504 -1
504 1
504 -1
504 1
504 -1
504 1
504 -1
504 1
504 -1
503 1
503 -1
503 1
503 -1
503 1
503 -1
503 1
503 -1
502 1
502 -1
502 1
502 -1
502 1
502 -1
502 1
502 -1
502 1
502 -1
502 1
502 -1
502 1
502 -1
502 1
502 -1
502 1
502 -1
502 1
502 -1
502 1
502 -1
502 1
502 -1
501 1
501 -1
501 1
501 -1
506 1
507 -1
507 1
507 -1
507 1
507 -1
501 -1
1149 1
524 1
524 -1
524 1
524 -1
524 1
524 -1
523 1
523 -1
523 1
523 -1
523 1
523 -1
523 1
523 -1
522 1
522 -1
522 1
522 -1
521 1
521 -1
520 1
520 -1
520 1
520 -1
520 1
520 -1
519 1
519 -1
518 1
518 -1
517 1
517 -1
517 1
517 -1
517 1
517 -1
517 1
517 -1
516 1
516 -1
516 1
516 -1
516 1
516 -1
516 1
516 -1
516 1
516 -1
515 1
515 -1
515 1
515 -1
514 1
514 -1
513 1
514 -1
513 1
513 -1
513 1
513 -1
513 1
513 -1
512 1
512 -1
511 1
511 -1
511 1
511 -1
511 1
511 -1
510 1
510 -1
510 1
510 -1
510 1
510 -1
510 1
510 -1
510 1
510 -1
509 1
509 -1
508 1
509 -1
508 1
508 -1
508 1
508 -1
507 1
507 -1
506 1
506 -1
505 1
505 -1
504 1
504 -1
504 1
504 -1
503 1
503 -1
503 1
503 -1
502 1
502 -1
508 1
508 -1
509 1
509 -1
502 -12
502 12
502 -1
502 1
510 -12
510 12
510 -1
510 1
524 -12
524 12
524 -1
524 1
483 -13
483 13
487 -8
487 8
487 -2
487 2
487 -1
488 1
487 -1
488 1
487 -1
487 1
487 -1
492 1
487 -1
492 1
492 -1
492 1
492 -1
492 1
492 1
492 -1
492 1
492 -1
492 1
492 -1
492 1
492 -1
492 1
492 -1
492 1
492 -1
492 1
492 -1
492 1
492 -1
492 1
492 -1
492 1
492 -1
492 1
492 -1
492 1
492 -1
491 1
491 -1
491 1
491 -1
491 1
491 -1
490 1
490 -1
490 1
490 -1
490 1
490 -1
490 1
490 -1
490 1
490 -1
490 1
490 -1
490 1
490 -1
490 1
490 -1
489 1
489 -1
489 1
489 -1
489 1
489 -1
489 1
489 -1
489 1
489 -1
489 1
489 -1
489 1
489 -1
489 1
489 -1
489 1
489 -1
489 1
489 -1
489 1
489 -1
489 1
489 -1
489 1
489 -1
489 1
489 -1
489 1
489 -1
488 1
488 -1
488 1
488 -1
488 1
488 -1
488 1
488 -1
488 1
488 -1
488 1
488 -1
487 1
487 -1
487 1
487 -1
487 1
487 -1
489 1
489 -1
492 -1
683 1
523 1
523 -1
521 1
521 -1
519 1
519 -1
518 1
518 -1
518 1
518 -1
516 1
516 -1
516 1
516 -1
515 1
515 -1
514 1
514 -1
514 1
514 -1
513 1
513 -1
507 1
507 -1
507 1
507 -1
507 1
507 -1
505 1
505 -1
504 1
504 -1
503 1
503 -1
503 1
503 -1
503 1
503 -1
503 1
503 -1
503 1
503 -1
502 1
502 -1
500 1
500 -1
497 1
497 -1
496 1
497 -1
497 1
497 -1
496 1
496 -1
495 1
495 -1
492 1
492 -1
519 1
520 -1
494 1
494 -1
503 1
503 -1
517 1
517 -1
481 -11
481 11
481 -1
481 1
481 -1
1149 1
524 1
524 -1
522 1
522 -1
522 1
522 -1
522 1
522 -1
519 1
519 -1
518 1
518 -1
516 1
516 -1
516 1
516 -1
515 1
515 -1
515 1
515 -1
515 1
515 -1
515 1
515 -1
515 1
515 -1
512 1
512 -1
511 1
511 -1
509 1
509 -1
508 1
508 -1
508 1
508 -1
507 1
507 -1
506 1
506 -1
506 1
506 -1
505 1
505 -1
504 1
504 -1
503 1
504 -1
503 1
503 -1
503 1
503 -1
503 1
503 -1
503 1
503 -1
502 1
502 -1
497 1
497 -1
496 1
496 -1
496 1
496 -1
496 1
496 -1
495 1
495 -1
495 1
495 -1
495 1
495 -1
492 1
492 -1
492 1
492 -1
492 1
492 -1
491 1
491 -1
490 1
490 -1
488 1
488 -1
488 1
488 -1
487 1
487 -1
487 1
487 -1
486 1
486 -1
483 1
483 -1
482 1
482 -1
481 1
482 -1
481 1
481 -1
505 -13
505 13
479 -13
479 13
480 -13
480 13
482 -13
482 13
477 -13
477 13
524 -13
524 13
