0 0 0
0 0 0
0 0 0
0 0 0
0 0 0
0 0 0
0 0 0
0 0 0
0 0 0
0 0 0
0 0 0
0 0 0
3 5 1
0 0 0
0 0 0
0 0 0
0 0 0
0 0 0
0 0 0
0 0 0
0 0 0
0 0 0
0 0 0
0 0 0
0 0 0
0 0 0
0 0 0
0 0 0
0 0 0
0 0 0
0 0 0
0 0 0
0 0 0
0 0 0
0 0 0
0 0 0
0 0 0
0 0 0
0 0 0
0 0 0
0 0 0
0 0 0
0 0 0
0 0 0
0 0 0
0 0 0
0 0 0
0 0 0
0 0 0
0 0 0
0 0 0
0 0 0
0 0 0
2 3 5
0 0 0
0 0 0
0 0 0
0 0 0
0 0 0
0 0 0
0 0 0
0 0 0
0 0 0
0 0 0
0 0 0
0 0 0
2 1 4
0 0 0
0 0 0
0 0 0
0 0 0
0 0 0
0 0 0
0 1 3
0 0 0
2 3 2
0 0 0
0 0 0
0 0 0
0 0 0
1 3 2
0 0 0
0 0 0
4 3 4
0 0 0
0 0 0
0 0 0
0 0 0
0 0 0
2 3 5
0 0 0
0 0 0
0 0 0
0 0 0
0 0 0
1 1 2
1 4 8
0 0 0
1 2 2
0 0 0
