0 -1
475 1
0 -1
475 1
0 -1
475 1
0 -1
367 1
0 -1
475 1
0 -1
475 1
0 -1
152 1
0 -1
475 1
0 -1
475 1
0 -1
290 1
0 -1
0 1
0 -1
0 1
0 -1
0 1
0 -1
288 1
0 -1
475 1
0 -1
475 1
0 -1
388 1
0 -1
475 1
0 -1
475 1
0 -1
309 1
0 -1
292 1
0 -1
475 1
0 -1
59 1
0 -1
389 1
0 -1
0 1
0 -1
475 1
0 -1
263 1
0 -1
388 1
0 -1
270 1
0 -1
475 1
0 -1
354 1
0 -1
316 1
0 -1
473 1
0 -1
223 1
0 -1
475 1
0 -1
475 1
0 -1
475 1
0 -1
475 1
0 -1
475 1
0 -1
475 1
0 -1
475 1
0 -1
18 1
0 -1
0 1
0 -1
408 1
0 -1
475 1
0 -1
376 1
0 -1
475 1
0 -1
475 1
0 -1
330 1
0 -1
0 1
0 -1
0 1
0 -1
40 1
0 -1
475 1
0 -1
202 1
0 -1
475 1
0 -1
390 1
0 -1
475 1
0 -1
0 1
0 -1
475 1
0 -1
475 1
0 -1
475 1
0 -1
0 1
0 -1
475 1
0 -1
424 1
0 -1
294 1
0 -1
283 1
0 -1
475 1
0 -1
242 1
0 -1
431 1
0 -1
475 1
0 -1
105 1
0 -1
0 1
0 -1
475 1
0 -1
425 1
0 -1
475 1
0 -1
475 1
0 -1
203 1
0 -1
475 1
0 -1
475 1
0 -1
475 1
0 -1
434 1
0 -1
475 1
0 -1
219 1
0 -1
18 1
0 -1
475 1
0 -1
112 1
0 -1
236 1
0 -1
399 1
0 -1
0 1
0 -1
475 1
0 -1
475 1
0 -1
475 1
0 -1
293 1
0 -1
10 1
0 -1
0 1
0 -1
308 1
0 -1
264 1
0 -1
15 1
0 -1
475 1
0 -1
475 1
