475 2.50193e-21
475 2.54618e-17
475 2.78671e-06
350 1.81645e-21
475 2.50193e-21
475 3.46011e-06
475 2.49495e-11
475 8.85027e-05
475 5.88965e-12
475 7.09722e-16
475 0.000408037
475 2.50193e-21
475 1.23894e-07
475 2.46706e-18
475 4.61116e-05
475 4.16812e-07
57 2.50188e-21
475 2.50193e-21
475 0.0005
475 2.50193e-21
475 6.35472e-13
475 0.0005
475 2.50193e-21
475 7.89605e-19
475 7.55133e-07
0 2.68244e-21
475 2.50193e-21
475 6.40532e-07
475 2.63463e-08
134 2.22618e-21
475 2.50193e-21
475 0.000174208
475 1.51716e-30
475 3.64062e-52
475 8.58249e-06
334 1.54918e-21
475 2.50193e-21
475 1.11198e-06
475 3.03289e-15
475 5.29446e-06
475 5.30309e-18
475 2.25423e-25
475 5.16384e-11
475 5.12455e-08
475 1.82938e-15
475 1.84954e-06
475 3.2328e-10
475 8.98348e-08
475 6.9608e-05
475 9.59473e-16
475 3.85143e-06
475 1.04391e-10
475 1.27785e-11
475 1.03929e-06
475 2.25931e-22
475 9.21935e-10
475 0.000147154
475 1.17527e-37
475 2.3703e-14
475 4.78372e-31
475 8.72966e-13
475 1.81231e-67
475 1.25719e-08
475 8.06897e-09
475 5.85232e-10
475 1.03174e-27
475 2.87367e-44
475 6.41114e-14
475 6.14301e-57
475 5.4339e-15
475 2.38277e-08
475 4.14877e-26
475 2.72819e-25
475 6.42329e-08
475 8.96165e-13
475 9.71723e-06
475 5.53028e-18
475 2.32774e-15
475 2.51308e-07
475 8.10709e-05
475 1.72458e-92
475 2.09877e-36
475 3.52831e-294
475 4.7713e-09
475 9.4356e-104
475 4.56713e-09
475 3.85822e-21
475 6.57218e-36
475 3.68788e-59
475 1.29448e-23
475 2.09608e-18
475 4.66761e-08
475 2.67656e-10
475 1.66604e-50
475 1.41457e-24
475 6.38248e-33
475 2.1376e-28
475 9.03959e-25
475 1.116e-42
475 9.0839e-57
475 3.97698e-12
475 1.10393e-20
475 2.10384e-93
475 1.12867e-22
475 8.75524e-13
475 8.07696e-53
475 2.09662e-69
475 8.12231e-09
475 1.29624e-23
475 4.11125e-24
475 8.78337e-113
475 7.79209e-191
475 2.27047e-53
475 2.81746e-05
475 7.72355e-05
475 5.25508e-05
475 1.14464e-05
475 3.33351e-06
0 3.01728e-22
475 2.50193e-21
475 2.66501e-12
475 1.58716e-33
475 9.82463e-05
475 7.60123e-07
187 1.96469e-21
