475 3.78315e-22
475 2.80555
475 2.82575
475 3.28696
475 1.02106
475 0.0399952
475 0.0206795
475 3.78315e-22
475 2.77346
475 2.95867
475 3.2951
475 0.972769
475 3.78315e-22
475 2.70187
475 3.04404
475 3.41479
475 0.79359
475 0.0457006
475 3.78315e-22
475 2.73738
475 2.94168
475 3.39058
475 0.862412
475 0.063738
475 0.00420966
475 3.78315e-22
475 2.82336
475 2.97137
475 3.3584
475 0.846872
475 3.78315e-22
475 2.73099
475 2.92762
475 3.46218
475 0.87921
475 3.78315e-22
475 2.78448
475 2.78364
475 3.34512
475 1.08676
475 3.78315e-22
475 2.89126
475 2.90336
475 3.50018
475 0.682357
475 0.0228496
475 3.78315e-22
475 2.84408
475 2.95445
475 3.32943
475 0.619316
475 0.252722
475 3.78315e-22
475 2.92722
475 2.82992
475 3.50508
475 0.688238
475 0.0298558
475 0.0135735
475 0.00612131
475 3.78315e-22
475 2.68203
475 2.8751
475 3.37707
475 1.0658
475 3.78315e-22
475 2.75846
475 2.91703
475 3.43754
475 0.886973
475 3.78315e-22
475 2.78205
475 2.85575
475 3.29731
475 0.956483
475 0.108404
475 3.78315e-22
475 2.74873
475 2.83844
475 3.23395
475 1.11299
475 0.0658859
475 3.78315e-22
475 2.84282
475 2.86035
475 3.29354
475 0.893124
475 0.110158
475 3.78315e-22
475 2.75655
475 2.88604
475 3.29503
475 1.06239
475 3.78315e-22
475 2.71665
475 2.98834
475 3.32697
475 0.911799
475 0.02089
475 0.0184837
475 0.0168572
475 3.78315e-22
475 2.70641
475 2.93027
475 3.42985
475 0.856821
475 0.0420862
475 0.0129345
475 0.0216225
475 3.78315e-22
475 2.69938
475 2.87545
475 3.34546
475 1.02597
475 0.0478669
475 0.00588076
475 3.78315e-22
475 2.79176
475 2.9153
475 3.35626
475 0.936184
475 0.000493552
475 3.78315e-22
475 2.74639
475 2.97349
475 3.38964
475 0.88898
475 0.00149061
475 3.78315e-22
475 2.83427
475 2.93104
475 3.33519
475 0.765564
475 0.133924
475 3.78315e-22
475 2.9537
475 3.02962
475 3.49732
475 0.427312
475 0.0920535
475 3.78315e-22
475 2.76533
475 2.9169
475 3.35342
475 0.964346
475 3.78315e-22
475 2.81338
475 2.82978
475 3.33068
475 0.997005
475 0.0228781
475 0.00627017
475 3.78315e-22
475 2.85494
475 2.86128
475 3.46925
475 0.761232
475 0.0345866
475 0.0187124
475 3.78315e-22
475 2.68726
475 2.94738
475 3.25336
475 0.993972
475 0.0825699
475 0.0231717
475 0.0122854
475 3.78315e-22
475 2.80142
475 2.92383
475 3.39069
475 0.88406
475 3.78315e-22
475 2.72477
475 2.83184
475 3.3369
475 1.10649
475 3.78315e-22
475 2.83661
475 2.87301
475 3.25615
475 1.03423
475 3.78315e-22
475 2.79048
475 2.85773
475 3.26878
475 0.822219
475 0.260786
475 3.78315e-22
475 2.72345
475 2.86168
475 3.37508
475 1.00117
475 0.0186574
475 0.00156838
475 0.0183915
475 3.78315e-22
475 2.76684
475 2.89323
475 3.3942
475 0.945728
475 3.78315e-22
475 2.79979
475 2.95381
475 3.3465
475 0.861118
475 0.0283104
475 0.0104585
475 3.78315e-22
475 2.76417
475 2.92108
475 3.40823
475 0.906523
475 3.78315e-22
475 2.80208
475 2.93808
475 3.44841
475 0.689215
475 0.0923092
475 0.0299013
475 3.78315e-22
475 2.80382
475 2.85893
475 3.41549
475 0.791465
475 0.130291
475 3.78315e-22
475 2.81118
475 2.93609
475 3.45299
475 0.79307
475 0.00667079
475 3.78315e-22
475 2.75958
475 2.99772
475 3.34316
475 0.797375
475 0.0599183
475 0.042252
475 3.78315e-22
475 2.94606
475 2.86977
475 3.33779
475 0.846374
475 3.78315e-22
475 2.75887
475 2.82801
475 3.29112
475 1.122
475 3.78315e-22
475 2.88655
475 2.96819
475 3.49022
475 0.62573
475 0.0285288
475 0.000784658
475 3.78315e-22
475 2.77809
475 2.82408
475 3.32428
475 1.01935
475 0.0228346
475 0.0313748
475 3.78315e-22
475 2.82987
475 2.94438
475 3.37747
475 0.831853
475 0.0164262
475 3.78315e-22
475 2.7991
475 3.03594
475 3.37688
475 0.78808
475 3.78315e-22
475 2.78218
475 2.86059
475 3.39853
475 0.958698
475 3.78315e-22
475 2.71264
475 2.89038
475 3.33477
475 0.990043
475 0.0547209
475 0.0174431
475 3.78315e-22
475 2.88431
475 2.93944
475 3.49947
475 0.590739
475 0.0860344
475 3.78315e-22
475 2.83767
475 2.87188
475 3.36459
475 0.92586
475 3.78315e-22
475 2.71275
475 2.80737
475 3.40179
475 0.932111
475 0.145973
475 3.78315e-22
475 2.70031
475 2.95002
475 3.27693
475 1.06628
475 0.00646328
475 3.78315e-22
475 2.73773
475 2.91432
475 3.32583
475 0.784955
475 0.150603
475 0.0614423
475 0.0121698
475 0.0129516
475 3.78315e-22
475 2.7733
475 2.89187
475 3.37591
475 0.888836
475 0.0647896
475 0.00529107
475 3.78315e-22
475 2.80043
475 3.03101
475 3.47606
475 0.692506
475 3.78315e-22
475 2.75427
475 2.88052
475 3.36841
475 0.889002
475 0.107805
475 3.78315e-22
475 2.81651
475 3.03856
475 3.41955
475 0.580151
475 0.0955959
475 0.0496251
475 3.78315e-22
475 2.85749
475 2.92719
475 3.34293
475 0.821435
475 0.0232702
475 0.0134981
475 0.0141876
475 3.78315e-22
475 2.83714
475 2.99386
475 3.38628
475 0.782725
475 3.78315e-22
475 2.70236
475 3.04287
475 3.32709
475 0.927681
475 3.78315e-22
475 2.80202
475 2.90936
475 3.29473
475 0.993883
475 3.78315e-22
475 2.74408
475 2.81642
475 3.3249
475 1.11459
475 3.78315e-22
475 2.77369
475 2.87303
475 3.4045
475 0.94879
475 3.78315e-22
475 2.76616
475 2.90649
475 3.2853
475 1.00833
475 0.0191012
475 0.0146251
475 3.78315e-22
475 2.71539
475 2.85022
475 3.37271
475 1.06169
475 3.78315e-22
475 2.77124
475 2.85051
475 3.32186
475 1.04249
475 0.0138989
475 3.78315e-22
475 2.74116
475 2.92397
475 3.28574
475 0.830662
475 0.193977
475 0.019475
475 0.00501476
475 3.78315e-22
475 2.83956
475 2.85133
475 3.39312
475 0.91599
475 3.78315e-22
475 2.7985
475 2.8932
475 3.40962
475 0.852199
475 0.0150514
475 0.0166535
475 0.0147679
475 3.78315e-22
475 2.85998
475 2.90676
475 3.3948
475 0.834999
475 0.00346056
475 3.78315e-22
475 2.80057
475 2.88858
475 3.37235
475 0.839592
475 0.043183
475 0.0557321
475 3.78315e-22
475 2.79144
475 2.83737
475 3.30634
475 1.02196
475 0.0428916
475 3.78315e-22
475 2.85263
475 2.86922
475 3.5005
475 0.675603
475 0.0713022
475 0.0307383
475 3.78315e-22
475 2.80912
475 2.87982
475 3.35593
475 0.955132
475 3.78315e-22
475 2.80028
475 2.98221
475 3.41581
475 0.751992
475 0.0235554
475 0.0259044
475 0.00024421
475 3.78315e-22
475 2.88782
475 2.83758
475 3.44582
475 0.828776
475 3.78315e-22
475 2.77375
475 2.86671
475 3.41585
475 0.878505
475 0.0651871
475 3.78315e-22
475 2.75938
475 2.68829
475 3.31575
475 1.19124
475 0.0453352
475 3.78315e-22
475 2.81442
475 2.90049
475 3.35224
475 0.93286
475 3.78315e-22
475 2.66641
475 2.93449
475 3.28839
475 1.11071
475 3.78315e-22
475 2.80975
475 2.96291
475 3.52642
475 0.700921
475 3.78315e-22
475 2.68728
475 2.81291
475 3.32546
475 1.01043
475 0.149263
475 0.0146673
475 3.78315e-22
475 2.6748
475 2.90306
475 3.4278
475 0.870096
475 0.0892568
475 0.0301788
475 0.00480692
475 3.78315e-22
475 2.75896
475 2.79374
475 3.26446
475 1.18284
475 3.78315e-22
475 2.84153
475 2.86325
475 3.43
475 0.861821
475 0.00340224
475 3.78315e-22
475 2.75581
475 2.9671
475 3.36739
475 0.792037
475 0.117657
475 3.78315e-22
475 2.8568
475 2.95236
475 3.43459
475 0.756248
475 3.78315e-22
475 2.74755
475 2.80909
475 3.1949
475 1.24847
475 3.78315e-22
475 2.84622
475 2.94276
475 3.41017
475 0.800849
475 3.78315e-22
475 2.78773
475 2.89765
475 3.36913
475 0.909779
475 0.0243877
475 0.0113213
475 3.78315e-22
475 2.8352
475 2.79717
475 3.33722
475 1.02462
475 0.00579068
475 3.78315e-22
475 2.77242
475 2.96629
475 3.31184
475 0.949448
475 3.78315e-22
475 2.71283
475 2.90784
475 3.34178
475 1.03755
475 3.78315e-22
475 2.81156
475 2.98481
475 3.48279
475 0.672853
475 0.0479895
475 3.78315e-22
475 2.86789
475 2.86646
475 3.35684
475 0.908809
475 3.78315e-22
475 2.76866
475 2.89607
475 3.39393
475 0.941348
475 3.78315e-22
475 2.74437
475 2.84773
475 3.36676
475 0.849468
475 0.191668
475 3.78315e-22
475 2.75066
475 2.92101
475 3.34002
475 0.988305
475 3.78315e-22
475 2.84723
475 2.8927
475 3.40988
475 0.849513
475 0.000676701
475 3.78315e-22
475 2.92719
475 2.9835
475 3.41366
475 0.675642
475 3.78315e-22
475 2.8591
475 2.88498
475 3.36522
475 0.890705
