475 1.11712e-21
475 3
475 1.11712e-21
475 3
475 1.11712e-21
475 2.94091
475 0.030951
475 0.0266895
475 0.0014499
475 1.11712e-21
475 2.9418
475 0.0582035
475 1.11712e-21
475 2.97301
475 0.0269872
475 1.11712e-21
475 3
475 1.11712e-21
475 3
475 1.11712e-21
475 3
475 1.11712e-21
475 2.96284
475 0.0371614
475 1.11712e-21
475 2.99824
475 0.00176445
475 1.11712e-21
475 2.98097
475 0.00139583
475 0.0176326
475 1.11712e-21
475 3
475 1.11712e-21
475 2.97731
475 0.0226884
475 1.11712e-21
475 3
475 1.11712e-21
475 2.94296
475 0.0570383
475 1.11712e-21
475 3
475 1.11712e-21
475 3
475 1.11712e-21
475 2.97153
475 0.0205282
475 0.00794107
475 1.11712e-21
475 2.97206
475 0.00877242
475 0.00320983
475 0.0159618
475 1.11712e-21
475 3
475 1.11712e-21
475 3
475 1.11712e-21
475 2.93904
475 0.0609576
475 1.11712e-21
475 2.99041
475 0.00959325
475 1.11712e-21
475 2.93181
475 0.06819
475 1.11712e-21
475 2.92391
475 0.0630049
475 0.0130819
475 1.11712e-21
475 3
475 1.11712e-21
475 3
475 1.11712e-21
475 3
475 1.11712e-21
475 2.97664
475 0.00477758
475 0.00579581
475 0.0127854
475 1.11712e-21
475 3
475 1.11712e-21
475 3
475 1.11712e-21
475 3
475 1.11712e-21
475 2.98905
475 0.0109537
475 1.11712e-21
475 2.98517
475 0.0148306
475 1.11712e-21
475 2.9752
475 0.00214183
475 0.0226552
475 1.11712e-21
475 3
475 1.11712e-21
475 2.97518
475 0.0236398
475 0.00117701
475 1.11712e-21
475 2.99909
475 0.00090949
475 1.11712e-21
475 3
475 1.11712e-21
475 3
475 1.11712e-21
475 2.9925
475 0.00749765
475 1.11712e-21
475 3
475 1.11712e-21
475 3
475 1.11712e-21
475 3
475 1.11712e-21
475 3
475 1.11712e-21
475 3
475 1.11712e-21
475 2.97415
475 0.0258486
475 1.11712e-21
475 2.98838
475 0.0116244
475 1.11712e-21
475 2.99749
475 0.00250616
475 1.11712e-21
475 3
475 1.11712e-21
475 2.95085
475 0.0317333
475 0.0174174
475 1.11712e-21
475 2.91413
475 0.0858705
475 1.11712e-21
475 2.97735
475 0.00562155
475 0.0170244
475 1.11712e-21
475 3
475 1.11712e-21
475 2.9268
475 0.0458175
475 0.0273787
475 1.11712e-21
475 2.98795
475 0.0120464
475 1.11712e-21
475 2.96847
475 0.0243862
475 0.00714711
475 1.11712e-21
475 2.99733
475 0.00266585
475 1.11712e-21
475 3
475 1.11712e-21
475 3
475 1.11712e-21
475 3
475 1.11712e-21
475 2.99489
475 0.00511373
475 1.11712e-21
475 2.92192
475 0.0780756
475 1.11712e-21
475 3
475 1.11712e-21
475 2.96665
475 0.0244262
475 0.00892614
475 1.11712e-21
475 2.99791
475 0.00209282
475 1.11712e-21
475 3
475 1.11712e-21
475 3
475 1.11712e-21
475 2.99024
475 0.0097606
475 1.11712e-21
475 3
475 1.11712e-21
475 2.96954
475 0.0304624
475 1.11712e-21
475 2.99429
475 0.00570553
475 1.11712e-21
475 2.96957
475 0.00993482
475 0.0149851
475 0.00550528
475 1.11712e-21
475 2.92937
475 0.0549158
475 0.0157176
475 1.11712e-21
475 3
475 1.11712e-21
475 3
475 1.11712e-21
475 3
475 1.11712e-21
475 3
475 1.11712e-21
475 3
475 1.11712e-21
475 3
475 1.11712e-21
475 3
475 1.11712e-21
475 2.98857
475 0.0114305
475 1.11712e-21
475 3
475 1.11712e-21
475 3
475 1.11712e-21
475 2.97822
475 0.0217802
475 1.11712e-21
475 2.9859
475 0.0140999
475 1.11712e-21
475 3
475 1.11712e-21
475 3
475 1.11712e-21
475 3
475 1.11712e-21
475 2.98375
475 0.0162512
475 1.11712e-21
475 3
475 1.11712e-21
475 2.95301
475 0.0432873
475 0.00370185
475 1.11712e-21
475 2.97447
475 0.0255334
475 1.11712e-21
475 3
475 1.11712e-21
475 2.97391
475 0.0185971
475 0.0074936
475 1.11712e-21
475 2.96931
475 0.02701
475 0.00367611
475 1.11712e-21
475 3
475 1.11712e-21
475 2.9884
475 0.0115997
475 1.11712e-21
475 2.98073
475 6.01154e-06
475 0.00100567
475 0.0182568
475 1.11712e-21
475 2.99535
475 0.00465365
475 1.11712e-21
475 2.99308
475 0.00692227
475 1.11712e-21
475 2.94383
475 0.0561702
475 1.11712e-21
475 2.98391
475 0.0160923
475 1.11712e-21
475 3
475 1.11712e-21
475 2.91351
475 0.0263712
475 0.0601213
475 1.11712e-21
475 2.96979
475 0.0134475
475 0.0167598
475 1.11712e-21
475 2.95003
475 0.0363063
475 0.0136604
475 1.11712e-21
475 3
475 1.11712e-21
475 3
475 1.11712e-21
475 3
475 1.11712e-21
475 3
475 1.11712e-21
475 3
475 1.11712e-21
475 3
475 1.11712e-21
475 2.9434
475 0.0443789
475 0.0122254
475 1.11712e-21
475 2.96487
475 0.0351251
475 1.11712e-21
475 3
475 1.11712e-21
475 3
475 1.11712e-21
475 2.99624
475 0.00376061
475 1.11712e-21
475 2.98822
475 0.0117793
475 1.11712e-21
475 2.98553
475 0.0144695
475 1.11712e-21
475 3
475 1.11712e-21
475 2.99252
475 0.00748218
475 1.11712e-21
475 3
475 1.11712e-21
475 2.91661
475 0.0464988
475 0.0368886
475 1.11712e-21
475 2.96814
475 0.0318569
475 1.11712e-21
475 3
475 1.11712e-21
475 3
475 1.11712e-21
475 2.9982
475 0.0017988
475 1.11712e-21
475 3
475 1.11712e-21
475 2.97585
475 0.0241491
475 1.11712e-21
475 2.95437
475 0.0181422
475 0.0231482
475 0.00434214
475 1.11712e-21
475 3
475 1.11712e-21
475 2.98979
475 0.0102127
475 1.11712e-21
475 2.99811
475 0.00189292
475 1.11712e-21
475 2.95973
475 0.0312051
475 0.00906958
475 1.11712e-21
475 3
475 1.11712e-21
475 2.93695
475 0.0630478
475 1.11712e-21
475 3
475 1.11712e-21
475 2.98322
475 0.0167792
475 1.11712e-21
475 2.95781
475 0.0298782
475 0.0123091
475 1.11712e-21
475 2.99448
475 0.00551792
475 1.11712e-21
475 2.96334
475 0.036655
475 1.11712e-21
475 3
475 1.11712e-21
475 2.961
475 0.0390029
475 1.11712e-21
475 2.99457
475 0.00542853
475 1.11712e-21
475 3
475 1.11712e-21
475 2.96902
475 0.0309798
475 1.11712e-21
475 2.98719
475 0.0128122
475 1.11712e-21
475 2.982
475 0.0180015
475 1.11712e-21
475 2.99924
475 0.000756657
475 1.11712e-21
475 3
475 1.11712e-21
475 3
475 1.11712e-21
475 2.92601
475 0.0739941
475 1.11712e-21
475 3
475 1.11712e-21
475 3
475 1.11712e-21
475 3
475 1.11712e-21
475 2.97613
475 0.0132316
475 0.0106416
475 1.11712e-21
475 2.95031
475 0.0496921
475 1.11712e-21
475 2.95229
475 0.0286263
475 0.0107359
475 0.00834654
475 1.11712e-21
475 2.99895
475 0.00104667
475 1.11712e-21
475 2.93842
475 0.0238766
475 0.0377014
475 1.11712e-21
475 2.95448
475 0.0455185
475 1.11712e-21
475 3
475 1.11712e-21
475 3
475 1.11712e-21
475 3
475 1.11712e-21
475 2.94961
475 0.0405786
475 0.00980689
475 1.11712e-21
475 2.98404
475 0.0159602
475 1.11712e-21
475 3
475 1.11712e-21
475 3
475 1.11712e-21
475 3
475 1.11712e-21
475 2.98653
475 0.0134667
475 1.11712e-21
475 2.99461
475 0.00538865
475 1.11712e-21
475 3
475 1.11712e-21
475 2.95811
475 0.0418869
475 1.11712e-21
475 2.98917
475 0.010833
475 1.11712e-21
475 3
475 1.11712e-21
475 2.99346
475 0.00654277
475 1.11712e-21
475 3
475 1.11712e-21
475 3
475 1.11712e-21
475 2.95239
475 0.0332772
475 0.0143285
475 1.11712e-21
475 3
475 1.11712e-21
475 2.94846
475 0.0515355
475 1.11712e-21
475 2.9918
475 0.00820082
475 1.11712e-21
475 3
475 1.11712e-21
475 3
475 1.11712e-21
475 3
475 1.11712e-21
475 3
475 1.11712e-21
475 3
475 1.11712e-21
475 2.92414
475 0.0758557
475 1.11712e-21
475 3
475 1.11712e-21
475 3
475 1.11712e-21
475 2.99715
475 0.00284578
475 1.11712e-21
475 2.91767
475 0.0395955
475 0.0372041
475 0.00552899
475 1.11712e-21
475 3
475 1.11712e-21
475 3
475 1.11712e-21
475 2.98485
475 0.0151471
475 1.11712e-21
475 2.96492
475 0.0350765
475 1.11712e-21
475 2.93159
475 0.0374779
475 0.0249966
475 0.00593268
475 1.11712e-21
475 2.96816
475 0.0318353
475 1.11712e-21
475 2.98439
475 0.015611
475 1.11712e-21
475 2.96806
475 0.0100382
475 0.0218977
475 1.11712e-21
475 2.96118
475 0.0388198
475 1.11712e-21
475 3
475 1.11712e-21
475 2.97166
475 0.0208432
475 0.00749642
475 1.11712e-21
475 3
475 1.11712e-21
475 3
475 1.11712e-21
475 2.9937
475 0.00630059
475 1.11712e-21
475 3
475 1.11712e-21
475 3
475 1.11712e-21
475 2.99927
475 0.00073038
475 1.11712e-21
475 3
475 1.11712e-21
475 2.99715
475 0.00284683
475 1.11712e-21
475 3
475 1.11712e-21
475 2.97657
475 0.0234307
475 1.11712e-21
475 3
475 1.11712e-21
475 2.90904
475 0.0909558
475 1.11712e-21
475 3
475 1.11712e-21
475 3
475 1.11712e-21
475 2.94983
475 0.0501709
475 1.11712e-21
475 3
475 1.11712e-21
475 2.97548
475 0.0155124
475 0.0090051
475 1.11712e-21
475 2.9199
475 0.0482191
475 0.0318769
475 1.11712e-21
475 2.98189
475 0.0181066
475 1.11712e-21
475 2.98868
475 0.0113204
475 1.11712e-21
475 3
475 1.11712e-21
475 3
475 1.11712e-21
475 2.9905
475 0.00949547
475 1.11712e-21
475 3
475 1.11712e-21
475 3
475 1.11712e-21
475 2.94898
475 0.0510212
475 1.11712e-21
475 2.95969
475 0.0280416
475 0.0122732
475 1.11712e-21
475 2.98894
475 0.0110562
475 1.11712e-21
475 3
475 1.11712e-21
475 2.97833
475 0.0216737
475 1.11712e-21
475 2.95344
475 0.0411039
475 0.00545384
475 1.11712e-21
475 3
475 1.11712e-21
475 2.94703
475 0.052972
475 1.11712e-21
475 3
475 1.11712e-21
475 3
475 1.11712e-21
475 3
475 1.11712e-21
475 2.95554
475 0.0444565
475 1.11712e-21
475 3
475 1.11712e-21
475 2.97219
475 0.00952063
475 0.0182937
475 1.11712e-21
475 3
475 1.11712e-21
475 3
475 1.11712e-21
475 3
475 1.11712e-21
475 3
475 1.11712e-21
475 2.95765
475 0.0423485
475 1.11712e-21
475 2.93741
475 0.0522928
475 0.0102928
475 1.11712e-21
475 3
475 1.11712e-21
475 2.97933
475 0.020668
475 1.11712e-21
475 3
475 1.11712e-21
475 2.96489
475 0.0351121
475 1.11712e-21
475 2.97733
475 0.00517556
475 0.0174917
475 1.11712e-21
475 3
475 1.11712e-21
475 2.97384
475 0.0261593
475 1.11712e-21
475 3
475 1.11712e-21
475 2.99692
475 0.00308253
475 1.11712e-21
475 2.9962
475 0.0038022
475 1.11712e-21
475 3
475 1.11712e-21
475 2.97466
475 0.0187724
475 0.0065693
475 1.11712e-21
475 3
475 1.11712e-21
475 3
475 1.11712e-21
475 3
475 1.11712e-21
475 3
475 1.11712e-21
475 3
475 1.11712e-21
475 2.99335
475 0.00664795
475 1.11712e-21
475 3
475 1.11712e-21
475 3
475 1.11712e-21
475 2.97023
475 0.0264407
475 0.00333304
475 1.11712e-21
475 3
475 1.11712e-21
475 3
475 1.11712e-21
475 2.99854
475 0.00145646
475 1.11712e-21
475 2.97193
475 0.0280733
475 1.11712e-21
475 2.98124
475 0.0154209
475 0.00334232
475 1.11712e-21
475 3
475 1.11712e-21
475 3
475 1.11712e-21
475 3
475 1.11712e-21
475 3
475 1.11712e-21
475 2.92571
475 0.0696191
475 0.00467277
475 1.11712e-21
475 3
475 1.11712e-21
475 2.94684
475 0.0329922
475 0.01061
475 0.00955529
475 1.11712e-21
475 2.97632
475 0.0046099
475 0.0190748
475 1.11712e-21
475 3
475 1.11712e-21
475 2.98841
475 0.0115901
475 1.11712e-21
475 2.98999
475 0.010006
475 1.11712e-21
475 2.97789
475 0.0154746
475 0.00663816
475 1.11712e-21
475 3
475 1.11712e-21
475 3
475 1.11712e-21
475 3
475 1.11712e-21
475 3
475 1.11712e-21
475 3
475 1.11712e-21
475 2.97789
475 0.0221138
475 1.11712e-21
475 3
475 1.11712e-21
475 2.99848
475 0.00151822
475 1.11712e-21
475 3
475 1.11712e-21
475 3
475 1.11712e-21
475 2.9251
475 0.0608452
475 0.014052
475 1.11712e-21
475 3
475 1.11712e-21
475 3
475 1.11712e-21
475 3
475 1.11712e-21
475 3
475 1.11712e-21
475 3
475 1.11712e-21
475 2.98222
475 0.0177836
475 1.11712e-21
475 2.96792
475 0.0300824
475 0.00199645
475 1.11712e-21
475 2.95924
475 0.0407623
475 1.11712e-21
475 2.94602
475 0.0539836
475 1.11712e-21
475 2.98677
475 0.0132321
475 1.11712e-21
475 3
475 1.11712e-21
475 2.99585
475 0.00414693
475 1.11712e-21
475 3
475 1.11712e-21
475 3
475 1.11712e-21
475 2.9936
475 0.00640483
475 1.11712e-21
475 3
475 1.11712e-21
475 2.92432
475 0.0502353
475 0.00991896
475 0.0155231
475 1.11712e-21
475 2.9492
475 0.036393
475 0.0144058
475 1.11712e-21
475 3
475 1.11712e-21
475 2.99702
475 0.00298011
475 1.11712e-21
475 3
475 1.11712e-21
475 2.97257
475 0.0261084
475 0.00132552
475 1.11712e-21
475 2.99655
475 0.00344868
475 1.11712e-21
475 3
475 1.11712e-21
475 2.94872
475 0.0276533
475 0.0180859
475 0.00554526
475 1.11712e-21
475 3
475 1.11712e-21
475 3
475 1.11712e-21
475 3
475 1.11712e-21
475 2.96687
475 0.0260666
475 0.00706712
475 1.11712e-21
475 3
475 1.11712e-21
475 2.98969
475 0.0103072
475 1.11712e-21
475 2.99155
475 0.00845362
475 1.11712e-21
475 2.9951
475 0.00490313
475 1.11712e-21
475 2.99513
475 0.00486565
475 1.11712e-21
475 2.92895
475 0.0710505
475 1.11712e-21
475 3
475 1.11712e-21
475 3
475 1.11712e-21
475 3
475 1.11712e-21
475 2.94676
475 0.0532394
475 1.11712e-21
475 3
475 1.11712e-21
475 3
475 1.11712e-21
475 2.94499
475 0.0550132
475 1.11712e-21
475 3
475 1.11712e-21
475 3
475 1.11712e-21
475 2.97181
475 0.0152411
475 0.0129457
475 1.11712e-21
475 2.99547
475 0.00453063
475 1.11712e-21
475 3
475 1.11712e-21
475 2.9783
475 0.0216965
475 1.11712e-21
475 2.97193
475 0.00724679
475 0.0184719
475 0.00235142
475 1.11712e-21
475 3
475 1.11712e-21
475 2.96933
475 0.0185387
475 0.0121292
475 1.11712e-21
475 3
475 1.11712e-21
475 3
475 1.11712e-21
475 3
475 1.11712e-21
475 2.95661
475 0.0198088
475 0.000921124
475 0.0192839
475 0.00338048
475 1.11712e-21
475 2.99686
475 0.00314321
475 1.11712e-21
475 3
475 1.11712e-21
475 3
475 1.11712e-21
475 2.91329
475 0.0769506
475 0.00976301
475 1.11712e-21
475 2.92157
475 0.02613
475 0.0523042
475 1.11712e-21
475 2.9595
475 0.0391961
475 0.00130248
475 1.11712e-21
475 2.89866
475 0.101339
475 1.11712e-21
475 2.97678
475 0.00545893
475 0.0177571
475 1.11712e-21
475 3
475 1.11712e-21
475 2.95845
475 0.0201013
475 0.00838346
475 0.0130625
475 1.11712e-21
475 3
475 1.11712e-21
475 2.95665
475 0.0433542
475 1.11712e-21
475 3
475 1.11712e-21
475 3
475 1.11712e-21
475 3
475 1.11712e-21
475 3
475 1.11712e-21
475 2.99795
475 0.00205424
475 1.11712e-21
475 3
475 1.11712e-21
475 3
475 1.11712e-21
475 2.97898
475 0.0157356
475 0.00528255
475 1.11712e-21
475 3
475 1.11712e-21
475 2.97609
475 0.00544381
475 0.0075613
475 0.010906
475 1.11712e-21
475 3
475 1.11712e-21
475 2.98392
475 0.0160813
475 1.11712e-21
475 3
475 1.11712e-21
475 3
475 1.11712e-21
475 2.97952
475 0.00707243
475 0.013405
475 1.11712e-21
475 3
475 1.11712e-21
475 3
475 1.11712e-21
475 3
475 1.11712e-21
475 2.99476
475 0.00524387
475 1.11712e-21
475 2.98489
475 0.015114
475 1.11712e-21
475 2.97017
475 0.0298278
475 1.11712e-21
475 3
475 1.11712e-21
475 3
475 1.11712e-21
475 3
475 1.11712e-21
475 2.91924
475 0.0690005
475 0.0117606
475 1.11712e-21
475 3
475 1.11712e-21
475 2.96801
475 0.0309442
475 0.00104284
475 1.11712e-21
475 2.92406
475 0.0759427
475 1.11712e-21
475 3
475 1.11712e-21
475 2.91311
475 0.0868859
475 1.11712e-21
475 2.99176
475 0.00824203
475 1.11712e-21
475 2.9819
475 0.018097
475 1.11712e-21
475 2.99677
475 0.00323188
475 1.11712e-21
475 3
475 1.11712e-21
475 2.95407
475 0.0304695
475 0.0154625
475 1.11712e-21
475 3
475 1.11712e-21
475 2.92223
475 0.0482057
475 0.0288712
475 0.000694814
475 1.11712e-21
475 2.96509
475 0.0326418
475 0.00226485
475 1.11712e-21
475 2.97326
475 0.0267397
475 1.11712e-21
475 2.96936
475 0.0306449
475 1.11712e-21
475 3
475 1.11712e-21
475 3
475 1.11712e-21
475 2.93633
475 0.0103863
475 0.0424243
475 0.0108633
475 1.11712e-21
475 2.99461
475 0.00538841
475 1.11712e-21
475 2.91738
475 0.0730972
475 0.00952446
475 1.11712e-21
475 2.9838
475 0.0162039
475 1.11712e-21
475 3
475 1.11712e-21
475 2.99062
475 0.00937559
475 1.11712e-21
475 2.88179
475 0.11821
475 1.11712e-21
475 2.94756
475 0.0349236
475 0.0175205
475 1.11712e-21
475 2.92227
475 0.0777346
475 1.11712e-21
475 3
475 1.11712e-21
475 2.93982
475 0.0601754
475 1.11712e-21
475 3
475 1.11712e-21
475 3
475 1.11712e-21
475 2.92145
475 0.0785494
475 1.11712e-21
475 3
475 1.11712e-21
475 2.93076
475 0.069244
475 1.11712e-21
475 2.98507
475 0.0149298
475 1.11712e-21
475 2.917
475 0.0731135
475 0.0098854
475 1.11712e-21
475 3
475 1.11712e-21
475 3
475 1.11712e-21
475 3
475 1.11712e-21
475 3
475 1.11712e-21
475 3
475 1.11712e-21
475 3
475 1.11712e-21
475 2.97876
475 0.021236
475 1.11712e-21
475 3
475 1.11712e-21
475 2.97579
475 0.00850081
475 0.0157051
475 1.11712e-21
475 3
475 1.11712e-21
475 3
475 1.11712e-21
475 2.95753
475 0.0117255
475 0.0307486
475 1.11712e-21
475 2.96423
475 0.0357744
475 1.11712e-21
475 2.99887
475 0.00112656
475 1.11712e-21
475 2.95648
475 0.0181375
475 0.0101842
475 0.0151978
475 1.11712e-21
475 3
475 1.11712e-21
475 2.97997
475 0.0104945
475 0.00953574
475 1.11712e-21
475 3
475 1.11712e-21
475 3
475 1.11712e-21
475 2.97318
475 0.0193169
475 0.00750056
475 1.11712e-21
475 2.99602
475 0.00398407
475 1.11712e-21
475 3
475 1.11712e-21
475 2.91975
475 0.080247
475 1.11712e-21
475 2.98267
475 0.017334
475 1.11712e-21
475 3
475 1.11712e-21
475 2.96389
475 0.0324377
475 0.00367001
475 1.11712e-21
475 3
475 1.11712e-21
475 3
475 1.11712e-21
475 2.91355
475 0.0549
475 0.0315501
475 1.11712e-21
475 3
475 1.11712e-21
475 2.96427
475 0.0357289
475 1.11712e-21
475 2.99382
475 0.0061808
475 1.11712e-21
475 2.97859
475 0.00270237
475 0.0148752
475 0.00383495
475 1.11712e-21
475 2.96193
475 0.0329777
475 0.00509395
475 1.11712e-21
475 3
475 1.11712e-21
475 3
475 1.11712e-21
475 2.98351
475 0.0164862
475 1.11712e-21
475 2.99284
475 0.00716225
475 1.11712e-21
475 2.94588
475 0.0541225
475 1.11712e-21
475 2.97191
475 0.0280869
475 1.11712e-21
475 2.92162
475 0.0587917
475 0.000942854
475 0.018645
475 1.11712e-21
475 3
475 1.11712e-21
475 3
475 1.11712e-21
475 3
475 1.11712e-21
475 3
475 1.11712e-21
475 2.99639
475 0.00361398
475 1.11712e-21
475 2.96149
475 0.0385134
475 1.11712e-21
475 2.98883
475 0.011174
475 1.11712e-21
475 3
475 1.11712e-21
475 3
475 1.11712e-21
475 3
475 1.11712e-21
475 2.99884
475 0.00115729
475 1.11712e-21
475 2.97856
475 0.0214398
475 1.11712e-21
475 2.96891
475 0.00830768
475 0.00208259
475 0.000526044
475 0.0201774
475 1.11712e-21
475 3
475 1.11712e-21
475 2.98456
475 0.0154371
475 1.11712e-21
475 2.98979
475 0.0102148
475 1.11712e-21
475 3
475 1.11712e-21
475 3
475 1.11712e-21
475 3
475 1.11712e-21
475 2.93325
475 0.0537843
475 0.0129634
475 1.11712e-21
475 3
475 1.11712e-21
475 3
475 1.11712e-21
475 3
475 1.11712e-21
475 3
475 1.11712e-21
475 3
475 1.11712e-21
475 3
475 1.11712e-21
475 2.99123
475 0.00876535
475 1.11712e-21
475 3
475 1.11712e-21
475 3
475 1.11712e-21
475 2.96411
475 0.0358889
475 1.11712e-21
475 3
475 1.11712e-21
475 3
475 1.11712e-21
475 2.94123
475 0.0587678
475 1.11712e-21
475 3
475 1.11712e-21
475 2.90207
475 0.0979347
475 1.11712e-21
475 2.91335
475 0.0759582
475 0.010694
475 1.11712e-21
475 2.97332
475 0.000460336
475 0.0262195
475 1.11712e-21
475 3
475 1.11712e-21
475 2.97036
475 0.0296394
475 1.11712e-21
475 3
475 1.11712e-21
475 3
475 1.11712e-21
475 2.94239
475 0.0576101
475 1.11712e-21
475 3
475 1.11712e-21
475 3
475 1.11712e-21
475 3
475 1.11712e-21
475 3
475 1.11712e-21
475 3
475 1.11712e-21
475 3
475 1.11712e-21
475 3
475 1.11712e-21
475 3
475 1.11712e-21
475 3
475 1.11712e-21
475 3
475 1.11712e-21
475 2.9762
475 0.0183893
475 0.00541107
475 1.11712e-21
475 3
475 1.11712e-21
475 2.97448
475 0.0199227
475 0.00560016
475 1.11712e-21
475 2.93378
475 0.0662191
475 1.11712e-21
475 3
475 1.11712e-21
475 2.98399
475 0.0160074
475 1.11712e-21
475 3
475 1.11712e-21
475 2.95136
475 0.0386855
475 0.00995447
475 1.11712e-21
475 3
475 1.11712e-21
475 3
475 1.11712e-21
475 2.96343
475 0.00749577
475 0.0165985
475 0.012475
475 1.11712e-21
475 3
475 1.11712e-21
475 3
475 1.11712e-21
475 2.99905
475 0.000945801
475 1.11712e-21
475 2.92717
475 0.0643387
475 0.0084878
475 1.11712e-21
475 3
475 1.11712e-21
475 2.98794
475 0.0120628
475 1.11712e-21
475 3
475 1.11712e-21
475 2.9517
475 0.0405568
475 0.00774394
475 1.11712e-21
475 2.98649
475 0.0135075
475 1.11712e-21
475 3
475 1.11712e-21
475 2.96185
475 0.0349104
475 0.00324132
475 1.11712e-21
475 3
475 1.11712e-21
475 3
475 1.11712e-21
475 3
475 1.11712e-21
475 2.8997
475 0.0911807
475 0.00912287
475 1.11712e-21
475 2.96941
475 0.00893483
475 0.013801
475 0.00785408
475 1.11712e-21
475 3
475 1.11712e-21
475 3
475 1.11712e-21
475 2.89792
475 0.102075
475 1.11712e-21
475 2.99747
475 0.0025295
475 1.11712e-21
475 2.98176
475 0.0182365
475 1.11712e-21
475 2.94168
475 0.0503293
475 0.00799529
475 1.11712e-21
475 2.97418
475 0.0210035
475 0.00482025
475 1.11712e-21
475 3
475 1.11712e-21
475 2.96916
475 0.0308381
475 1.11712e-21
475 3
475 1.11712e-21
475 3
475 1.11712e-21
475 2.99434
475 0.00565923
475 1.11712e-21
475 3
475 1.11712e-21
475 3
475 1.11712e-21
475 3
475 1.11712e-21
475 3
475 1.11712e-21
475 3
475 1.11712e-21
475 2.92033
475 0.0796723
475 1.11712e-21
475 2.94759
475 0.0381635
475 0.0142473
475 1.11712e-21
475 3
475 1.11712e-21
475 2.98342
475 0.0165834
475 1.11712e-21
475 2.99838
475 0.00162046
475 1.11712e-21
475 2.96034
475 0.0246117
475 0.0150458
475 1.11712e-21
475 3
475 1.11712e-21
475 3
475 1.11712e-21
475 3
475 1.11712e-21
475 3
475 1.11712e-21
475 2.98486
475 0.0151395
475 1.11712e-21
475 3
475 1.11712e-21
475 2.98617
475 0.0138299
475 1.11712e-21
475 3
475 1.11712e-21
475 3
475 1.11712e-21
475 3
475 1.11712e-21
475 3
475 1.11712e-21
475 3
475 1.11712e-21
475 3
475 1.11712e-21
475 3
475 1.11712e-21
475 3
475 1.11712e-21
475 3
475 1.11712e-21
475 2.95101
475 0.0469584
475 0.00203383
475 1.11712e-21
475 2.98638
475 0.0136153
475 1.11712e-21
475 2.99162
475 0.00838189
475 1.11712e-21
475 3
475 1.11712e-21
475 3
475 1.11712e-21
475 3
475 1.11712e-21
475 3
475 1.11712e-21
475 3
475 1.11712e-21
475 2.97473
475 0.0108801
475 0.0143879
475 1.11712e-21
475 3
475 1.11712e-21
475 3
475 1.11712e-21
475 3
475 1.11712e-21
475 2.99987
475 0.000133299
475 1.11712e-21
475 2.97234
475 0.0221579
475 0.00550706
475 1.11712e-21
475 2.98117
475 0.011367
475 0.00746603
475 1.11712e-21
475 2.9617
475 0.0217404
475 0.016558
475 1.11712e-21
475 3
475 1.11712e-21
475 2.91927
475 0.0774876
475 0.00324207
475 1.11712e-21
475 3
475 1.11712e-21
475 2.98119
475 0.00708986
475 0.0117249
475 1.11712e-21
475 2.99339
475 0.00661047
475 1.11712e-21
475 3
475 1.11712e-21
475 3
475 1.11712e-21
475 2.9513
475 0.0486963
475 1.11712e-21
475 3
475 1.11712e-21
475 2.90395
475 0.0960538
475 1.11712e-21
475 2.9694
475 0.0160767
475 0.0145263
475 1.11712e-21
475 3
475 1.11712e-21
475 2.96664
475 0.0333581
475 1.11712e-21
475 2.94469
475 0.0553114
475 1.11712e-21
475 3
475 1.11712e-21
475 2.95627
475 0.0233096
475 0.0185231
475 0.00189236
475 1.11712e-21
475 3
475 1.11712e-21
475 3
475 1.11712e-21
475 3
475 1.11712e-21
475 3
475 1.11712e-21
475 3
475 1.11712e-21
475 3
475 1.11712e-21
475 3
475 1.11712e-21
475 3
475 1.11712e-21
475 2.98204
475 0.0179586
475 1.11712e-21
475 2.94999
475 0.0202424
475 0.0188939
475 0.0108727
475 1.11712e-21
475 3
475 1.11712e-21
475 2.9922
475 0.00780027
475 1.11712e-21
475 2.96095
475 0.0195016
475 0.0146953
475 0.0048574
475 1.11712e-21
475 2.95962
475 0.0403825
475 1.11712e-21
475 3
475 1.11712e-21
475 3
475 1.11712e-21
475 3
475 1.11712e-21
475 3
475 1.11712e-21
475 2.95255
475 0.0474541
475 1.11712e-21
475 2.98797
475 0.0120285
475 1.11712e-21
475 3
475 1.11712e-21
475 2.99055
475 0.00945138
475 1.11712e-21
475 3
475 1.11712e-21
475 2.90377
475 0.08357
475 0.0126641
475 1.11712e-21
475 3
475 1.11712e-21
475 3
475 1.11712e-21
475 2.99827
475 0.00173088
475 1.11712e-21
475 2.95453
475 0.0407751
475 0.00469119
475 1.11712e-21
475 2.95943
475 0.0247243
475 0.0158501
475 1.11712e-21
475 2.973
475 0.0269962
475 1.11712e-21
475 2.94909
475 0.0255161
475 0.00565638
475 0.00354143
475 0.0162003
475 1.11712e-21
475 3
475 1.11712e-21
475 3
475 1.11712e-21
475 3
475 1.11712e-21
475 2.9398
475 0.0348643
475 0.0253379
475 1.11712e-21
475 3
475 1.11712e-21
475 3
475 1.11712e-21
475 3
475 1.11712e-21
475 2.99838
475 0.00161546
475 1.11712e-21
475 3
475 1.11712e-21
475 3
475 1.11712e-21
475 3
475 1.11712e-21
475 3
475 1.11712e-21
475 2.99828
475 0.00171854
475 1.11712e-21
475 2.94224
475 0.0231278
475 0.00846891
475 0.0132282
475 0.0129376
475 1.11712e-21
475 3
475 1.11712e-21
475 2.99732
475 0.00268296
475 1.11712e-21
475 3
475 1.11712e-21
475 2.94044
475 0.0420666
475 0.0174923
475 1.11712e-21
475 3
475 1.11712e-21
475 3
475 1.11712e-21
475 2.9716
475 0.0265158
475 0.00188892
475 1.11712e-21
475 2.99356
475 0.00643841
475 1.11712e-21
475 3
475 1.11712e-21
475 2.99677
475 0.00323144
475 1.11712e-21
475 3
475 1.11712e-21
475 3
475 1.11712e-21
475 3
475 1.11712e-21
475 3
475 1.11712e-21
475 2.99487
475 0.00512501
475 1.11712e-21
475 2.9599
475 0.0304673
475 0.0096298
475 1.11712e-21
475 3
475 1.11712e-21
475 2.94586
475 0.0493472
475 0.00479712
475 1.11712e-21
475 2.97254
475 0.0274569
475 1.11712e-21
475 3
475 1.11712e-21
475 3
475 1.11712e-21
475 3
475 1.11712e-21
475 2.99318
475 0.00682175
475 1.11712e-21
475 3
475 1.11712e-21
475 2.95697
475 0.0354163
475 0.00761819
475 1.11712e-21
475 2.99812
475 0.00187637
475 1.11712e-21
475 3
475 1.11712e-21
475 2.93277
475 0.0632379
475 0.00399179
475 1.11712e-21
475 3
475 1.11712e-21
475 3
475 1.11712e-21
475 2.96798
475 0.0178484
475 0.0141673
475 1.11712e-21
475 3
475 1.11712e-21
475 3
475 1.11712e-21
475 2.97379
475 0.0262128
475 1.11712e-21
475 3
475 1.11712e-21
475 3
475 1.11712e-21
475 3
475 1.11712e-21
475 3
475 1.11712e-21
475 2.9848
475 0.0151976
475 1.11712e-21
475 3
475 1.11712e-21
475 2.89151
475 0.0663808
475 0.0248213
475 0.0172895
475 1.11712e-21
475 2.97937
475 0.0206267
475 1.11712e-21
475 3
475 1.11712e-21
475 2.97409
475 0.0259083
475 1.11712e-21
475 2.99796
475 0.00204368
475 1.11712e-21
475 3
475 1.11712e-21
475 3
475 1.11712e-21
475 3
475 1.11712e-21
475 2.97647
475 0.0235303
475 1.11712e-21
475 2.99542
475 0.00458389
475 1.11712e-21
475 2.98062
475 0.0112081
475 0.00817324
475 1.11712e-21
475 3
475 1.11712e-21
475 3
475 1.11712e-21
475 2.92098
475 0.0513923
475 0.0276233
475 1.11712e-21
475 3
475 1.11712e-21
475 3
475 1.11712e-21
475 3
475 1.11712e-21
475 2.98967
475 0.0103262
475 1.11712e-21
475 3
475 1.11712e-21
475 3
475 1.11712e-21
475 3
475 1.11712e-21
475 2.96163
475 0.02004
475 0.0183327
475 1.11712e-21
475 3
475 1.11712e-21
475 3
475 1.11712e-21
475 2.98373
475 0.0162735
475 1.11712e-21
475 2.97045
475 0.00922173
475 0.00928648
475 0.0110374
475 1.11712e-21
475 2.94344
475 0.0465006
475 0.0100599
475 1.11712e-21
475 3
475 1.11712e-21
475 2.96369
475 0.00892887
475 0.0273854
475 1.11712e-21
475 3
475 1.11712e-21
475 3
475 1.11712e-21
475 3
475 1.11712e-21
475 3
475 1.11712e-21
475 3
475 1.11712e-21
475 3
475 1.11712e-21
475 3
475 1.11712e-21
475 3
475 1.11712e-21
475 2.97174
475 0.028259
475 1.11712e-21
475 3
475 1.11712e-21
475 2.96263
475 0.0372458
475 0.000122832
475 1.11712e-21
475 3
475 1.11712e-21
475 3
475 1.11712e-21
475 2.99022
475 0.00978137
475 1.11712e-21
475 2.97915
475 0.000488252
475 0.00972551
475 0.0106331
475 1.11712e-21
475 3
475 1.11712e-21
475 3
475 1.11712e-21
475 2.96284
475 0.0318023
475 0.00535874
475 1.11712e-21
475 3
475 1.11712e-21
475 3
475 1.11712e-21
475 3
475 1.11712e-21
475 2.94249
475 0.0575079
475 1.11712e-21
475 3
475 1.11712e-21
475 3
475 1.11712e-21
475 3
475 1.11712e-21
475 2.93256
475 0.0674353
475 1.11712e-21
475 3
475 1.11712e-21
475 3
475 1.11712e-21
475 3
475 1.11712e-21
475 3
475 1.11712e-21
475 3
475 1.11712e-21
475 3
475 1.11712e-21
475 3
475 1.11712e-21
475 2.98578
475 0.0142173
475 1.11712e-21
475 3
475 1.11712e-21
475 3
475 1.11712e-21
475 3
475 1.11712e-21
475 3
475 1.11712e-21
475 3
475 1.11712e-21
475 3
475 1.11712e-21
475 2.97283
475 0.0271709
475 1.11712e-21
475 2.89839
475 0.101611
475 1.11712e-21
475 3
475 1.11712e-21
475 3
475 1.11712e-21
475 3
475 1.11712e-21
475 2.99606
475 0.00394255
475 1.11712e-21
475 3
475 1.11712e-21
475 2.99391
475 0.00609436
475 1.11712e-21
475 2.96706
475 0.0329384
475 1.11712e-21
475 2.96728
475 0.00883499
475 0.0115218
475 0.0123667
475 1.11712e-21
475 3
475 1.11712e-21
475 3
475 1.11712e-21
475 3
475 1.11712e-21
475 2.93862
475 0.032492
475 0.0236574
475 0.00522964
475 1.11712e-21
475 3
475 1.11712e-21
475 2.94809
475 0.0184845
475 0.0334246
475 1.11712e-21
475 3
475 1.11712e-21
475 3
475 1.11712e-21
475 3
475 1.11712e-21
475 3
475 1.11712e-21
475 3
475 1.11712e-21
475 3
475 1.11712e-21
475 2.96516
475 0.0188565
475 0.0159884
475 1.11712e-21
475 2.99826
475 0.00173906
475 1.11712e-21
475 3
475 1.11712e-21
475 2.99284
475 0.00715546
475 1.11712e-21
475 3
475 1.11712e-21
475 3
475 1.11712e-21
475 3
475 1.11712e-21
475 2.99737
475 0.00262608
475 1.11712e-21
475 2.99123
475 0.00877256
475 1.11712e-21
475 3
475 1.11712e-21
475 2.98285
475 0.0171489
475 1.11712e-21
475 2.99834
475 0.00165716
475 1.11712e-21
475 2.93848
475 0.0499943
475 0.0115237
475 1.11712e-21
475 3
475 1.11712e-21
475 2.93249
475 0.0551662
475 0.0123455
475 1.11712e-21
475 3
475 1.11712e-21
475 3
475 1.11712e-21
475 3
475 1.11712e-21
475 3
475 1.11712e-21
475 2.98963
475 0.0103695
475 1.11712e-21
475 3
475 1.11712e-21
475 3
475 1.11712e-21
475 3
475 1.11712e-21
475 2.98078
475 0.00447873
475 0.0147436
475 1.11712e-21
475 3
475 1.11712e-21
475 2.97116
475 0.00562144
475 0.0232153
475 1.11712e-21
475 2.99454
475 0.00546444
475 1.11712e-21
475 2.95634
475 0.0162883
475 0.00549982
475 0.00691951
475 0.01495
475 1.11712e-21
475 2.9932
475 0.00680495
475 1.11712e-21
475 3
475 1.11712e-21
475 2.96948
475 0.0305192
475 1.11712e-21
475 3
475 1.11712e-21
475 2.98243
475 0.0175738
475 1.11712e-21
475 3
475 1.11712e-21
475 2.94313
475 0.0568705
475 1.11712e-21
475 2.95405
475 0.012327
475 0.0336274
475 1.11712e-21
475 3
475 1.11712e-21
475 3
475 1.11712e-21
475 2.90738
475 0.0926208
475 1.11712e-21
475 3
475 1.11712e-21
475 3
475 1.11712e-21
475 2.98018
475 0.01085
475 0.00896849
475 1.11712e-21
475 2.97884
475 0.01623
475 0.00493091
475 1.11712e-21
475 2.97429
475 0.0257067
475 1.11712e-21
475 2.93959
475 0.0474859
475 0.0129272
475 1.11712e-21
475 3
475 1.11712e-21
475 2.96452
475 0.0354821
475 1.11712e-21
475 2.97166
475 0.027547
475 0.000793826
475 1.11712e-21
475 3
475 1.11712e-21
475 3
475 1.11712e-21
475 3
475 1.11712e-21
475 3
475 1.11712e-21
475 3
475 1.11712e-21
475 3
475 1.11712e-21
475 2.95211
475 0.0478884
475 1.11712e-21
475 2.99666
475 0.00334293
475 1.11712e-21
475 2.99025
475 0.00974522
475 1.11712e-21
475 3
475 1.11712e-21
475 2.95727
475 0.0420097
475 0.000716796
475 1.11712e-21
475 2.97949
475 0.0205122
475 1.11712e-21
475 3
475 1.11712e-21
475 2.98298
475 0.0170201
475 1.11712e-21
475 2.98562
475 0.0143817
475 1.11712e-21
475 2.95015
475 0.0498512
475 1.11712e-21
475 3
475 1.11712e-21
475 3
475 1.11712e-21
475 3
475 1.11712e-21
475 3
475 1.11712e-21
475 3
475 1.11712e-21
475 2.96616
475 0.028558
475 0.00527907
475 1.11712e-21
475 3
475 1.11712e-21
475 3
475 1.11712e-21
475 2.97514
475 0.0199965
475 0.0048635
475 1.11712e-21
475 3
475 1.11712e-21
475 3
475 1.11712e-21
475 3
475 1.11712e-21
475 3
475 1.11712e-21
475 3
475 1.11712e-21
475 2.93472
475 0.0458421
475 0.00933474
475 0.0101068
475 1.11712e-21
475 2.97609
475 0.0107119
475 0.0132019
475 1.11712e-21
475 3
475 1.11712e-21
475 3
475 1.11712e-21
475 3
475 1.11712e-21
475 2.9812
475 0.00797768
475 0.0108268
475 1.11712e-21
475 2.96945
475 0.00568345
475 0.0248665
475 1.11712e-21
475 2.98581
475 0.014192
475 1.11712e-21
475 2.99653
475 0.00347101
475 1.11712e-21
475 2.96195
475 0.0380486
475 1.11712e-21
475 3
475 1.11712e-21
475 2.99913
475 0.000865711
475 1.11712e-21
475 2.99735
475 0.00265384
475 1.11712e-21
475 2.95804
475 0.0186749
475 0.023284
475 1.11712e-21
475 3
475 1.11712e-21
475 3
475 1.11712e-21
475 3
475 1.11712e-21
475 2.96585
475 0.0341507
475 1.11712e-21
475 2.95035
475 0.0434518
475 0.00620086
475 1.11712e-21
475 2.98866
475 0.0113436
475 1.11712e-21
475 3
475 1.11712e-21
475 3
475 1.11712e-21
475 3
475 1.11712e-21
475 3
475 1.11712e-21
475 3
475 1.11712e-21
475 2.98249
475 0.0175147
475 1.11712e-21
475 3
475 1.11712e-21
475 3
475 1.11712e-21
475 2.97749
475 0.0116907
475 0.0108227
475 1.11712e-21
475 2.96714
475 0.0328632
475 1.11712e-21
475 2.98082
475 0.0101765
475 0.00900163
475 1.11712e-21
475 3
475 1.11712e-21
475 3
475 1.11712e-21
475 2.98184
475 0.0181599
475 1.11712e-21
475 3
475 1.11712e-21
475 2.97689
475 0.00248739
475 0.00194857
475 0.00861308
475 0.0100657
475 1.11712e-21
475 3
475 1.11712e-21
475 2.99435
475 0.00564536
475 1.11712e-21
475 2.9833
475 0.0167038
475 1.11712e-21
475 2.97363
475 0.0263724
475 1.11712e-21
475 3
475 1.11712e-21
475 2.98687
475 0.0131309
475 1.11712e-21
475 2.96399
475 0.0282807
475 0.00772694
475 1.11712e-21
475 2.93535
475 0.0646541
475 1.11712e-21
475 3
475 1.11712e-21
475 2.97864
475 0.00946288
475 0.0119012
475 1.11712e-21
475 3
475 1.11712e-21
475 3
475 1.11712e-21
475 3
475 1.11712e-21
475 3
475 1.11712e-21
475 2.91189
475 0.0621363
475 0.00217748
475 0.00704363
475 0.016749
475 1.11712e-21
475 3
475 1.11712e-21
475 3
475 1.11712e-21
475 3
475 1.11712e-21
475 2.93588
475 0.0641234
475 1.11712e-21
475 3
475 1.11712e-21
475 3
475 1.11712e-21
475 2.94908
475 0.0509151
475 1.11712e-21
475 3
475 1.11712e-21
475 2.94832
475 0.0391764
475 0.0125074
475 1.11712e-21
475 2.98052
475 0.00218308
475 0.0172923
475 1.11712e-21
475 3
475 1.11712e-21
475 3
475 1.11712e-21
475 2.99665
475 0.00334528
475 1.11712e-21
475 2.97474
475 0.0242023
475 0.00106089
475 1.11712e-21
475 3
475 1.11712e-21
475 2.92505
475 0.0496922
475 0.0188992
475 0.00636325
475 1.11712e-21
475 2.99413
475 0.0058659
475 1.11712e-21
475 3
475 1.11712e-21
475 2.99238
475 0.00762064
475 1.11712e-21
475 2.95059
475 0.0267561
475 0.0226574
475 1.11712e-21
475 3
475 1.11712e-21
475 3
475 1.11712e-21
475 3
475 1.11712e-21
475 3
475 1.11712e-21
475 2.89784
475 0.102159
475 1.11712e-21
475 3
475 1.11712e-21
475 2.98352
475 0.016479
475 1.11712e-21
475 3
475 1.11712e-21
475 3
475 1.11712e-21
475 2.96891
475 0.0310939
475 1.11712e-21
475 3
475 1.11712e-21
475 2.94047
475 0.0595322
475 1.11712e-21
475 3
475 1.11712e-21
475 2.94491
475 0.0550855
475 1.11712e-21
475 3
475 1.11712e-21
475 2.9712
475 0.0287988
475 1.11712e-21
475 3
475 1.11712e-21
475 2.96176
475 0.0330375
475 0.00520617
475 1.11712e-21
475 3
475 1.11712e-21
475 3
475 1.11712e-21
475 3
475 1.11712e-21
475 3
475 1.11712e-21
475 3
475 1.11712e-21
475 3
475 1.11712e-21
475 2.99836
475 0.00163728
475 1.11712e-21
475 3
475 1.11712e-21
475 2.94478
475 0.0552165
475 1.11712e-21
475 3
475 1.11712e-21
475 3
475 1.11712e-21
475 2.99741
475 0.00259347
475 1.11712e-21
475 3
475 1.11712e-21
475 3
475 1.11712e-21
475 2.99262
475 0.00738349
475 1.11712e-21
475 3
475 1.11712e-21
475 3
475 1.11712e-21
475 3
475 1.11712e-21
475 2.9815
475 0.0146358
475 0.00385927
475 1.11712e-21
475 2.99182
475 0.008175
475 1.11712e-21
475 3
475 1.11712e-21
475 3
475 1.11712e-21
475 2.98218
475 0.0178217
475 1.11712e-21
475 3
475 1.11712e-21
475 3
475 1.11712e-21
475 2.98062
475 0.0167968
475 0.00258441
475 1.11712e-21
475 3
475 1.11712e-21
475 3
475 1.11712e-21
475 3
475 1.11712e-21
475 3
475 1.11712e-21
475 2.99125
475 0.00875264
475 1.11712e-21
475 3
475 1.11712e-21
475 2.96642
475 0.00429981
475 0.020403
475 0.00887496
475 1.11712e-21
475 3
475 1.11712e-21
475 3
475 1.11712e-21
475 3
475 1.11712e-21
475 2.96885
475 0.031146
475 1.11712e-21
475 2.96919
475 0.0308101
475 1.11712e-21
475 3
475 1.11712e-21
475 2.95316
475 0.0468429
475 1.11712e-21
475 3
