475 2.50193e-21
475 8.77931e-05
475 8.63043e-16
475 5.17974e-16
475 0.000412207
475 2.50193e-21
475 4.75635e-15
475 4.7703e-05
475 2.14123e-06
475 4.8369e-14
475 0.000450156
475 2.50193e-21
475 4.91334e-14
475 7.09027e-08
475 0.000499929
475 2.50193e-21
475 0.000452377
475 1.2376e-05
475 1.924e-05
475 9.25301e-06
475 3.32011e-07
52 2.93385e-22
475 2.50193e-21
475 1.15147e-13
475 5.11466e-11
475 9.54482e-08
475 1.33145e-20
475 3.87002e-21
475 1.19476e-10
475 0.000499904
475 2.50193e-21
475 3.8726e-15
475 6.62215e-08
475 8.31738e-22
475 8.57863e-15
475 4.70358e-08
475 1.24693e-28
475 9.43708e-07
475 0.000207069
475 8.51651e-36
475 1.3582e-14
475 8.01217e-72
475 6.49639e-06
475 3.33818e-05
475 3.68382e-14
475 1.05763e-31
475 1.97394e-08
475 2.3593e-15
475 1.20258e-44
475 3.2587e-07
475 1.26958e-09
475 4.87554e-48
475 4.03399e-08
475 0.000251609
475 2.50193e-21
475 4.67614e-06
475 0.000297174
475 2.2645e-16
475 1.64556e-96
475 7.51598e-07
475 2.24065e-259
475 7.64574e-20
475 3.36138e-17
475 1.66853e-11
475 1.62436e-09
475 1.26254e-31
475 3.9933e-08
475 2.11202e-37
475 3.09197e-44
475 4.5239e-05
475 9.95185e-05
475 1.09771e-05
475 1.6203e-05
475 2.57027e-06
475 1.61821e-06
475 5.07118e-06
475 7.25028e-06
475 3.76078e-06
53 2.86228e-22
475 2.50193e-21
475 5.62104e-08
475 8.14853e-29
475 2.01202e-08
475 4.71912e-25
475 0.000339251
475 6.63779e-05
475 9.25351e-06
475 4.17884e-05
475 7.76425e-06
475 1.30497e-05
475 1.41668e-05
475 8.27212e-06
475 2.50193e-21
475 1.40159e-10
475 9.19467e-21
475 0.0005
475 2.50193e-21
475 1.99534e-09
475 0.000329711
475 1.47535e-15
475 6.32551e-24
475 1.25775e-16
475 2.53265e-44
475 2.20779e-56
475 1.25832e-117
475 3.76906e-72
475 1.89555e-06
475 3.00342e-60
475 1.52623e-18
475 4.5815e-15
475 1.82999e-10
475 7.62897e-27
475 1.09061e-10
475 3.19481e-06
475 6.65588e-100
475 4.14563e-36
475 3.93972e-37
475 1.22669e-96
475 6.24051e-70
475 1.11112e-36
475 5.9454e-43
475 1.3829e-06
475 5.90516e-05
475 8.35948e-06
475 2.06473e-05
475 4.04561e-05
475 1.17908e-05
475 6.79343e-06
475 9.55784e-06
475 7.15698e-06
