0 -1
475 1
0 -1
475 1
0 -1
228 1
0 -1
475 1
0 -1
475 1
0 -1
475 1
0 -1
256 1
0 -1
238 1
0 -1
475 1
0 -1
475 1
0 -1
475 1
0 -1
475 1
0 -1
297 1
0 -1
475 1
0 -1
475 1
0 -1
169 1
0 -1
475 1
0 -1
475 1
0 -1
475 1
0 -1
298 1
0 -1
475 1
0 -1
307 1
0 -1
475 1
0 -1
475 1
0 -1
475 1
0 -1
475 1
0 -1
475 1
0 -1
475 1
0 -1
475 1
0 -1
475 1
0 -1
475 1
0 -1
475 1
0 -1
475 1
0 -1
0 1
0 -1
0 1
0 -1
0 1
0 -1
69 1
0 -1
475 1
0 -1
475 1
0 -1
378 1
0 -1
335 1
0 -1
475 1
0 -1
475 1
0 -1
370 1
0 -1
0 1
0 -1
419 1
0 -1
318 1
0 -1
475 1
0 -1
0 1
0 -1
416 1
0 -1
475 1
0 -1
311 1
0 -1
475 1
0 -1
475 1
0 -1
475 1
0 -1
475 1
0 -1
475 1
0 -1
0 1
0 -1
475 1
0 -1
168 1
0 -1
475 1
0 -1
475 1
0 -1
44 1
0 -1
24 1
0 -1
475 1
0 -1
229 1
0 -1
475 1
0 -1
475 1
0 -1
475 1
0 -1
0 1
0 -1
475 1
0 -1
0 1
0 -1
475 1
0 -1
352 1
0 -1
475 1
0 -1
475 1
0 -1
475 1
0 -1
475 1
0 -1
475 1
0 -1
225 1
0 -1
38 1
0 -1
0 1
0 -1
475 1
0 -1
475 1
0 -1
475 1
0 -1
0 1
0 -1
475 1
0 -1
475 1
0 -1
475 1
0 -1
475 1
0 -1
475 1
0 -1
475 1
0 -1
366 1
0 -1
475 1
0 -1
20 1
0 -1
475 1
0 -1
475 1
0 -1
475 1
0 -1
475 1
0 -1
475 1
