475 3.53823e-21
475 2.47273e-07
475 0.000999753
475 3.53823e-21
475 0.000133174
475 2.24597e-16
475 3.6247e-06
475 1.01473e-06
475 0
475 2.16201e-09
475 1.2621e-06
475 0.000108042
475 1.78212e-29
467 1.87339e-21
475 3.53823e-21
475 4.5815e-05
475 4.2098e-07
475 1.60022e-16
0 3.7901e-21
475 3.53823e-21
475 3.71197e-06
475 0.000120476
475 0.000186886
475 2.06179e-05
475 0.000106183
475 0.000562125
475 3.53823e-21
475 1.2843e-06
475 6.33078e-22
0 3.62389e-21
475 3.53823e-21
475 0.000443731
475 1.50462e-10
475 6.29739e-12
475 2.10211e-22
475 1.06185e-06
475 1.858e-08
475 0.000555188
475 3.53823e-21
475 0.000199763
475 3.00896e-11
0 3.18428e-21
475 3.53823e-21
475 2.99953e-08
475 2.12532e-33
321 2.21971e-21
475 3.53823e-21
475 3.06347e-07
475 1.67676e-06
475 0
475 0.000132902
475 4.62579e-08
475 3.47883e-09
475 4.4641e-07
475 2.90822e-68
374 2.00152e-21
475 3.53823e-21
475 0.000752487
475 0.000247513
