475 3.53823e-21
475 0.000182071
475 2.63723e-10
475 5.32577e-07
475 1.16281e-06
475 4.12405e-09
475 3.70727e-06
475 1.2069e-05
475 1.25391e-24
475 0.000244788
475 2.55711e-18
475 1.10053e-14
475 2.08917e-06
475 3.95166e-07
475 7.08929e-07
475 8.75066e-07
475 0.000386654
475 2.94172e-26
475 3.78136e-62
475 8.39645e-41
475 2.57348e-20
475 3.73898e-18
475 8.50299e-123
475 4.52017e-28
475 2.93905e-101
475 1.11414e-54
475 4.52063e-60
475 1.16487e-144
475 1.05271e-75
475 7.7797e-150
475 1.49163e-35
475 1.04989e-244
475 2.93293e-130
475 5.26282e-11
475 6.40161e-11
475 2.5713e-06
475 0.000112998
475 1.18966e-05
475 1.61909e-05
475 9.61953e-06
475 6.1549e-06
475 5.51231e-06
