475 3.53823e-21
475 0.000160623
475 2.48113e-05
475 0.000557199
475 3.26262e-68
475 3.24967e-11
475 1.26628e-42
475 7.98609e-34
475 2.21125e-09
475 4.19792e-09
475 2.44226e-59
475 6.91631e-26
475 7.81074e-09
475 1.65184e-05
475 1.83882e-09
475 5.22713e-23
475 4.3529e-10
475 3.4216e-09
475 1.25437e-06
475 9.60424e-18
475 5.84657e-32
475 2.87297e-10
475 4.6615e-20
475 1.92431e-18
475 1.32071e-49
475 2.36553e-45
475 5.38354e-11
475 1.17878e-12
475 3.28339e-10
475 3.02597e-25
475 2.50591e-15
475 5.51979e-16
475 1.01919e-32
475 2.55755e-19
475 3.24859e-17
475 3.27417e-80
475 4.67344e-42
475 1.17399e-06
475 9.79888e-80
475 9.91947e-29
475 8.14746e-16
475 1.1809e-23
475 2.73586e-21
475 4.70522e-21
475 1.868e-54
475 1.37655e-05
475 1.86925e-36
475 1.03841e-12
475 4.93365e-48
475 8.74093e-23
475 7.2278e-65
475 2.01061e-05
475 1.54269e-05
475 0.000189101
