475 1.11712e-21
475 3
475 1.11712e-21
475 3
475 1.11712e-21
475 2.97285
475 0.027149
475 1.11712e-21
475 2.96782
475 0.0321817
475 1.11712e-21
475 2.99869
475 0.00131488
475 1.11712e-21
475 3
475 1.11712e-21
475 3
475 1.11712e-21
475 3
475 1.11712e-21
475 3
475 1.11712e-21
475 2.96628
475 0.0337241
475 1.11712e-21
475 3
475 1.11712e-21
475 3
475 1.11712e-21
475 3
475 1.11712e-21
475 3
475 1.11712e-21
475 2.9277
475 0.0657819
475 0.00651375
475 1.11712e-21
475 2.98258
475 0.0174237
475 1.11712e-21
475 3
475 1.11712e-21
475 2.95964
475 0.0198599
475 0.0174752
475 0.00302084
475 1.11712e-21
475 3
475 1.11712e-21
475 3
475 1.11712e-21
475 3
475 1.11712e-21
475 2.91626
475 0.0837358
475 1.11712e-21
475 2.95625
475 0.0397148
475 0.00403709
475 1.11712e-21
475 3
475 1.11712e-21
475 2.97916
475 0.00397508
475 0.0168652
475 1.11712e-21
475 3
475 1.11712e-21
475 2.97877
475 0.00519463
475 0.0160339
475 1.11712e-21
475 3
475 1.11712e-21
475 3
475 1.11712e-21
475 2.98303
475 0.0169685
475 1.11712e-21
475 3
475 1.11712e-21
475 3
475 1.11712e-21
475 2.99177
475 0.00822669
475 1.11712e-21
475 2.98202
475 0.0179757
475 1.11712e-21
475 3
475 1.11712e-21
475 3
475 1.11712e-21
475 3
475 1.11712e-21
475 2.96343
475 0.0238474
475 0.0127206
475 1.11712e-21
475 3
475 1.11712e-21
475 2.99114
475 0.00886134
475 1.11712e-21
475 3
475 1.11712e-21
475 3
475 1.11712e-21
475 3
475 1.11712e-21
475 2.96896
475 0.0192416
475 0.0117999
475 1.11712e-21
475 3
475 1.11712e-21
475 3
475 1.11712e-21
475 3
475 1.11712e-21
475 3
475 1.11712e-21
475 2.94916
475 0.0508363
475 1.11712e-21
475 3
475 1.11712e-21
475 2.99092
475 0.00908303
475 1.11712e-21
475 2.98389
475 0.0161069
475 1.11712e-21
475 3
475 1.11712e-21
475 3
475 1.11712e-21
475 3
475 1.11712e-21
475 2.90897
475 0.0824512
475 0.00858344
475 1.11712e-21
475 3
475 1.11712e-21
475 3
475 1.11712e-21
475 2.96303
475 0.0298494
475 0.00711578
475 1.11712e-21
475 3
475 1.11712e-21
475 3
475 1.11712e-21
475 2.93434
475 0.0656575
475 1.11712e-21
475 3
475 1.11712e-21
475 2.96917
475 0.00979682
475 0.0210293
475 1.11712e-21
475 2.9831
475 0.0168957
475 1.11712e-21
475 3
475 1.11712e-21
475 3
475 1.11712e-21
475 3
475 1.11712e-21
475 2.97221
475 0.0257297
475 0.00205829
475 1.11712e-21
475 3
475 1.11712e-21
475 3
475 1.11712e-21
475 2.94573
475 0.0542664
475 1.11712e-21
475 2.95516
475 0.0107086
475 0.0341311
475 1.11712e-21
475 2.98959
475 0.0104137
475 1.11712e-21
475 3
475 1.11712e-21
475 3
475 1.11712e-21
475 3
475 1.11712e-21
475 3
475 1.11712e-21
475 3
475 1.11712e-21
475 2.99687
475 0.00312801
475 1.11712e-21
475 3
475 1.11712e-21
475 3
475 1.11712e-21
475 3
475 1.11712e-21
475 2.96646
475 0.0271536
475 0.00638993
475 1.11712e-21
475 3
475 1.11712e-21
475 2.95261
475 0.031936
475 0.0154501
475 1.11712e-21
475 3
475 1.11712e-21
475 2.9773
475 0.0226984
475 1.11712e-21
475 3
475 1.11712e-21
475 2.97946
475 0.00983128
475 0.0107063
475 1.11712e-21
475 2.97863
475 0.0213695
475 1.11712e-21
475 2.9679
475 0.0160202
475 0.0160771
475 1.11712e-21
475 2.9788
475 0.00926509
475 0.0119352
475 1.11712e-21
475 3
475 1.11712e-21
475 2.948
475 0.0232026
475 0.0287927
475 1.11712e-21
475 3
475 1.11712e-21
475 3
475 1.11712e-21
475 3
475 1.11712e-21
475 3
475 1.11712e-21
475 2.98841
475 0.0115895
