477 -13
477 13
505 -13
505 13
485 -13
485 13
518 -13
518 13
485 -13
485 13
490 -13
490 13
490 -13
490 13
484 -13
484 13
514 -13
514 13
482 -13
482 13
489 -13
489 13
492 -13
492 13
516 -13
516 13
479 -13
479 13
511 -13
511 13
495 -13
495 13
481 -13
481 13
492 -13
492 13
512 -13
512 13
477 -13
477 13
498 -13
498 13
484 -13
484 13
505 -13
505 13
483 -13
483 13
517 -13
517 13
498 -13
498 13
476 -13
476 13
481 -13
481 13
494 -13
494 13
492 -13
492 13
498 -13
498 13
481 -13
481 13
492 -13
492 13
482 -13
482 13
480 -13
480 13
476 -13
476 13
481 -13
481 13
475 -13
475 13
475 -13
475 13
495 -13
495 13
497 -13
497 13
498 -13
498 13
495 -13
495 13
523 -13
523 13
523 -13
523 13
478 -13
478 13
477 -13
477 13
484 -13
484 13
479 -13
479 13
485 -13
485 13
485 -13
485 13
480 -13
480 13
496 -13
496 13
479 -13
479 13
493 -13
493 13
481 -13
481 13
486 -13
486 13
491 -13
491 13
483 -13
483 13
477 -13
477 13
486 -13
486 13
476 -13
476 13
504 -13
504 13
482 -13
482 13
477 -13
477 13
476 -13
476 13
493 -13
493 13
506 -13
506 13
502 -13
502 13
506 -13
506 13
517 -13
517 13
516 -13
516 13
502 -13
502 13
475 -13
475 13
486 -13
486 13
487 -13
487 13
489 -13
489 13
506 -13
506 13
516 -13
516 13
517 -13
517 13
504 -13
504 13
494 -13
494 13
508 -13
508 13
491 -13
491 13
492 -13
492 13
488 -13
488 13
486 -13
486 13
488 -13
488 13
492 -13
492 13
482 -13
482 13
487 -13
487 13
512 -13
512 13
511 -13
511 13
517 -13
517 13
493 -13
493 13
488 -13
488 13
516 -13
516 13
507 -13
507 13
524 -13
524 13
488 -13
488 13
492 -13
492 13
500 -13
500 13
479 -13
479 13
477 -13
477 13
515 -13
515 13
513 -13
513 13
514 -13
514 13
495 -13
495 13
489 -13
489 13
492 -13
492 13
492 -13
492 13
493 -13
493 13
502 -13
502 13
501 -13
501 13
486 -13
486 13
492 -13
492 13
484 -13
484 13
488 -13
488 13
487 -13
487 13
483 -13
483 13
519 -13
519 13
491 -13
491 13
491 -13
491 13
479 -13
479 13
479 -13
479 13
514 -13
514 13
