475 0
525 0
850 0
1149 0
475 0
496 0
502 0
557 0
496 0.00119326
475 0
477 0
477 0.000822394
487 0.000316732
513 0
910 0
477 0.00149438
475 0
496 0
481 0.000979346
480 0
475 0
259 0
480 0.00205451
496 0.00259956
475 0
510 0
476 0
168 0
510 0.00248384
475 0
478 0.000526861
501 0
704 0
475 0
486 0
487 0
495 0
565 0
487 0.00170321
486 0.00110351
475 0
498 0.000426056
509 0.000849553
525 0
991 0
475 0
500 0.000465317
522 0
522 0.000834869
521 0.000766539
520 0.000668475
525 0
801 0
522 0.00204872
475 0
482 0
484 0
500 0
482 0.00134437
