475 6.12847e-21
475 0.003
475 6.12847e-21
475 0.00149493
475 0.000488572
475 6.05355e-09
475 3.49444e-05
475 3.74421e-05
364 2.14975e-21
475 6.12847e-21
475 0.000777119
475 0.00209972
70 1.35185e-21
475 6.12847e-21
475 0.000211024
475 0.00015843
0 5.99672e-21
475 6.12847e-21
475 8.9636e-05
475 0.00151952
475 0.000351669
475 0.000199221
475 0.000839954
475 6.12847e-21
475 5.13959e-06
475 0.000136023
475 0.00285884
475 6.12847e-21
475 0.000669748
475 2.85239e-07
0 5.76421e-21
475 6.12847e-21
475 0.003
475 6.12847e-21
475 0.00196233
475 1.72897e-05
475 2.77573e-11
475 8.39563e-16
475 0.00102038
475 6.12847e-21
475 0.00149926
475 4.98962e-06
475 2.66466e-08
475 3.8886e-05
475 0.000321323
475 3.29763e-07
475 4.07845e-08
475 0.000421551
475 0.000405163
475 5.31239e-33
475 2.98747e-05
475 2.1697e-08
475 5.12692e-19
475 8.25319e-05
475 1.53202e-95
475 2.31942e-160
475 4.5972e-27
475 6.66728e-05
475 6.1377e-07
475 5.84328e-05
475 2.059e-05
475 1.53253e-05
475 8.85599e-07
475 2.03298e-05
475 2.0215e-06
475 6.01675e-06
475 5.11681e-06
475 6.12847e-21
475 0.000139983
475 0.000563334
475 2.12058e-05
475 0.00114548
475 0
475 9.74352e-08
475 0.0011299
475 6.12847e-21
475 0.000359306
475 0.000148855
475 0.000184311
475 0.000341649
475 0.00139572
475 1.82327e-14
475 7.96735e-05
475 6.2821e-09
475 6.04538e-09
475 0.000490469
475 6.12847e-21
475 7.95089e-05
475 0.000149337
474 3.67398e-21
475 6.12847e-21
475 9.75054e-10
475 0.00112137
475 2.45073e-05
475 0.000616506
0 4.30097e-21
475 6.12847e-21
475 0.00242713
475 1.53709e-08
475 6.75659e-07
475 0.000340896
475 5.00085e-21
475 1.55725e-16
475 6.06801e-40
475 1.26836e-123
475 2.06416e-08
475 1.37846e-27
475 1.42873e-24
475 1.4824e-11
475 6.43628e-41
475 1.51702e-06
475 2.38141e-13
475 5.03053e-58
475 1.06825e-58
475 1.04517e-52
475 2.3733e-08
475 1.76718e-47
475 1.10548e-14
475 1.25177e-08
475 1.10447e-29
475 1.78298e-74
475 4.32808e-23
475 5.06503e-25
475 3.30866e-49
475 1.3063e-61
475 1.33483e-05
475 0.000216357
475 6.12847e-21
475 0.003
475 6.12847e-21
475 0.000396925
475 0.00260307
475 6.12847e-21
475 0.0020239
475 9.76539e-07
475 1.91989e-16
475 4.16783e-12
475 1.04178e-08
475 0.000975109
475 6.12847e-21
475 0.00156484
475 3.0033e-08
475 1.00913e-30
475 0
475 0.000290281
475 0.000133292
475 1.21468e-07
475 9.12568e-07
475 3.47457e-17
444 2.27533e-21
475 6.12847e-21
475 7.55561e-06
475 1.10484e-06
88 6.61519e-21
475 6.12847e-21
475 0.00181175
475 0.000908812
475 4.19883e-29
475 3.76821e-22
475 1.88531e-40
475 3.30947e-23
475 1.71191e-31
475 8.10007e-10
475 2.20479e-36
475 0.000279441
475 6.12847e-21
475 4.23956e-05
475 0.000291929
426 3.40794e-21
475 6.12847e-21
475 1.83762e-05
475 0.000354817
157 5.49986e-21
475 6.12847e-21
475 0.003
475 6.12847e-21
475 0.003
475 6.12847e-21
475 1.73144e-06
475 0.00251602
475 2.74308e-30
475 4.03485e-07
475 7.33675e-09
475 1.57547e-08
475 0.000174696
475 2.17203e-30
475 1.47318e-16
475 1.9685e-08
475 1.80225e-20
475 7.99526e-12
475 4.27089e-21
475 2.12882e-14
475 9.4951e-07
475 2.267e-12
475 8.17234e-77
475 0.000306161
475 6.12847e-21
475 2.36564e-06
475 0.000191585
475 0.000147176
312 4.05524e-21
475 6.12847e-21
475 0.00212511
475 1.37284e-05
475 0.000263982
475 3.99891e-05
475 3.71033e-10
475 0.000557194
475 6.12847e-21
475 0.000311051
475 3.11173e-06
475 1.56196e-09
475 0.00104788
475 0.000227245
475 0.00141071
475 6.12847e-21
475 0.003
475 6.12847e-21
475 0.000602445
475 0.00239755
475 6.12847e-21
475 6.09803e-05
475 2.43905e-08
167 5.23401e-21
475 6.12847e-21
475 7.27874e-05
475 4.5939e-05
357 3.52877e-21
475 6.12847e-21
475 0.003
475 6.12847e-21
475 0.000103238
475 7.57494e-05
475 7.74681e-06
475 0.00043721
475 0.00237606
475 6.12847e-21
475 6.99467e-06
475 0.000304915
170 4.8309e-21
475 6.12847e-21
475 2.53052e-08
475 0.00299997
475 6.12847e-21
475 0.000343164
475 4.93512e-05
0 6.09119e-21
475 6.12847e-21
475 0.00191764
475 1.37041e-05
475 4.22458e-06
475 8.38999e-09
475 1.44673e-07
475 1.08475e-08
475 3.29148e-06
475 1.1776e-08
475 3.14059e-05
475 1.6591e-05
475 0.00101297
475 6.12847e-21
475 0.000404051
475 0.000722596
475 0.000290222
475 0.000578911
475 3.39704e-06
475 0.000133901
475 3.90092e-05
475 3.37469e-06
475 0.000350421
475 4.62459e-07
475 7.72505e-10
475 2.82103e-06
475 3.26377e-21
475 4.89521e-21
475 3.98434e-18
475 5.55621e-28
475 3.74971e-08
475 7.73243e-08
475 0.000470718
475 6.12847e-21
475 0.00147082
475 0.000828836
475 0.000700344
475 6.12847e-21
475 1.89508e-05
475 0.00298105
475 6.12847e-21
475 0.000698874
475 0.00230113
475 6.12847e-21
475 0.003
475 6.12847e-21
475 7.92711e-06
475 0.000251301
379 3.41476e-21
475 6.12847e-21
475 7.28022e-06
475 0.000828738
475 5.48681e-05
404 3.46835e-21
475 6.12847e-21
475 0.000394216
475 0.000648829
475 0.000426862
475 0.000771299
475 2.4206e-05
475 2.60635e-09
475 4.87853e-05
475 3.06022e-16
475 0.000265169
475 3.0714e-18
475 6.55487e-07
475 1.63518e-09
475 1.44972e-13
475 1.35236e-11
475 1.28206e-11
475 1.03428e-24
475 3.40266e-10
475 4.7161e-36
475 2.19673e-10
475 2.68332e-38
475 8.99933e-10
475 1.46562e-27
475 1.90346e-14
475 1.82624e-11
475 1.23383e-55
475 1.01421e-07
475 5.5326e-12
475 6.54222e-11
475 8.10864e-15
475 5.89666e-13
475 0.000419871
475 6.12847e-21
475 0.000155759
475 0.00202667
475 4.20435e-05
475 1.26854e-07
475 1.91691e-07
475 6.86479e-10
475 1.97017e-11
475 3.43174e-05
475 6.02542e-05
475 0.000680639
475 6.12847e-21
475 0.00160442
475 0.000127039
475 0.000901183
475 3.98704e-15
475 1.43382e-20
475 7.17803e-11
475 5.15926e-09
475 1.56118e-07
475 7.3032e-26
475 0.000118736
475 1.69718e-77
475 2.14486e-10
475 5.65808e-14
475 2.64575e-12
475 6.77355e-25
475 4.50168e-74
475 1.39521e-18
475 1.40141e-28
475 3.18156e-22
475 0.000248461
475 6.12847e-21
475 0.00292665
475 2.76698e-06
475 7.90975e-06
475 8.14717e-06
475 1.11308e-05
475 9.197e-06
475 3.44387e-06
475 5.01094e-06
475 1.40665e-05
475 6.04761e-06
475 5.63153e-06
475 6.12847e-21
475 0.003
475 6.12847e-21
475 0.00256705
475 2.24413e-06
475 2.43821e-40
475 3.24431e-05
475 0.000316253
475 5.70375e-05
475 1.41794e-05
475 1.07931e-05
475 6.12847e-21
475 4.08543e-05
475 7.37527e-05
475 2.61263e-05
475 0.00285927
475 6.12847e-21
475 0.0021407
475 3.79338e-11
475 7.53462e-15
475 1.92226e-06
475 0.00059476
475 2.22699e-06
475 1.76505e-19
475 4.74997e-22
475 1.73604e-22
475 4.19587e-31
475 1.63312e-11
475 6.30318e-18
475 3.37409e-44
475 1.75745e-12
475 0.000260393
475 6.12847e-21
475 0.00231886
475 0.000572941
475 3.71866e-05
475 3.89745e-05
475 1.37287e-05
475 6.25484e-06
475 8.35653e-07
475 2.23919e-06
475 8.98377e-06
475 6.12847e-21
475 0.00177915
475 2.44112e-12
475 0.000523501
475 2.40655e-08
475 9.17506e-05
475 7.88633e-18
475 7.98691e-08
475 0.000157513
475 3.59958e-10
475 5.45575e-08
475 4.55317e-06
475 2.07053e-27
475 1.16531e-05
475 3.65953e-14
475 0.000167639
475 2.04392e-29
475 1.26663e-26
475 5.53836e-44
475 5.83589e-129
475 6.59088e-08
475 1.10834e-36
475 0.00026402
475 6.12847e-21
475 8.46794e-05
475 2.94965e-05
475 0.00133767
452 2.51074e-21
475 6.12847e-21
475 3.58737e-05
475 0.00296413
475 6.12847e-21
475 0.003
475 6.12847e-21
475 0.00021806
475 8.41508e-06
305 3.84726e-21
475 6.12847e-21
475 0.003
475 6.12847e-21
475 0.003
475 6.12847e-21
475 1.50812e-05
475 1.80898e-09
475 0.00124062
475 0
475 0.00131232
475 7.52679e-09
475 3.5791e-20
475 7.48968e-05
475 2.05479e-15
475 2.26854e-06
475 0.000260111
475 3.24413e-05
475 2.05436e-05
475 8.39861e-06
475 1.13065e-05
475 1.19193e-05
475 2.23687e-06
475 7.84147e-06
475 6.12847e-21
475 0.003
475 6.12847e-21
475 6.21362e-05
475 0.000140586
475 0.00279728
475 6.12847e-21
475 0.000121683
475 0.00148895
475 0.000467491
475 8.42832e-05
475 3.68333e-06
475 8.2676e-06
475 1.31294e-05
475 1.25796e-07
475 3.12896e-09
475 1.03436e-12
475 9.52297e-06
475 2.44513e-11
475 3.92462e-15
475 1.11993e-05
475 0.000791665
475 6.12847e-21
475 0.003
475 6.12847e-21
475 0.000565427
475 0.00243457
475 6.12847e-21
475 0.00178092
475 0.000149295
475 5.02819e-05
475 3.00295e-09
475 6.35306e-08
475 3.26937e-06
475 8.03743e-05
475 7.15103e-06
475 0.000910407
475 8.15576e-07
475 5.6823e-06
475 1.60779e-06
475 1.3916e-06
475 8.73296e-06
475 6.12847e-21
475 0.00265505
475 6.3991e-07
475 5.45247e-08
475 1.11374e-06
475 1.17288e-07
475 9.79599e-17
475 7.44226e-12
475 1.62467e-21
475 4.94697e-16
475 9.89682e-11
475 1.38428e-09
475 1.26372e-14
475 8.6196e-05
475 2.68619e-15
475 1.94542e-07
475 3.36216e-24
475 1.95301e-14
475 6.35916e-11
475 1.49035e-14
475 5.92566e-05
475 1.8663e-06
475 1.39135e-31
475 2.63968e-107
475 8.6748e-17
475 2.62987e-15
475 2.39549e-24
475 1.17648e-06
475 1.61554e-10
475 4.1882e-11
475 1.10498e-21
475 4.06715e-31
475 5.43204e-10
475 8.42734e-05
475 5.25119e-05
475 1.59071e-05
475 2.58713e-05
475 1.57729e-05
475 6.12847e-21
475 0.00165025
475 2.51681e-05
475 4.79265e-06
475 0.000863539
475 6.99697e-11
475 0.000456252
475 6.12847e-21
475 0.003
475 6.12847e-21
475 0.003
475 6.12847e-21
475 0.003
475 6.12847e-21
475 1.76895e-09
475 3.88625e-06
360 4.09219e-21
475 6.12847e-21
475 0.003
475 6.12847e-21
475 0.000205183
475 0.000649032
119 4.76717e-21
475 6.12847e-21
475 7.60448e-05
475 0.00292396
475 6.12847e-21
475 0.003
475 6.12847e-21
475 0.000122956
475 0.00287704
475 6.12847e-21
475 0.003
475 6.12847e-21
475 0.000546093
475 7.51666e-06
348 3.30026e-21
475 6.12847e-21
475 0.000313915
475 3.82853e-05
103 5.49878e-21
475 6.12847e-21
475 7.43996e-05
475 5.33926e-05
197 5.0356e-21
475 6.12847e-21
475 0.000489696
475 4.63576e-05
475 0.00246395
475 6.12847e-21
475 0.00294775
475 5.30011e-06
475 1.64908e-05
475 1.80029e-06
475 1.72374e-05
475 1.25488e-06
475 3.2275e-06
475 6.93784e-06
475 6.12847e-21
475 0.003
475 6.12847e-21
475 0.003
475 6.12847e-21
475 0.003
475 6.12847e-21
475 0.00207682
475 1.50665e-07
475 1.19025e-07
475 2.42365e-09
475 3.46603e-09
475 7.06422e-12
475 1.40874e-05
475 2.89514e-10
475 0.000908822
475 6.12847e-21
475 0.000280772
475 0.00271923
475 6.12847e-21
475 0.000180351
475 1.52492e-07
475 0.0028195
475 6.12847e-21
475 1.08144e-05
475 1.12729e-05
370 4.44687e-21
475 6.12847e-21
475 3.46058e-07
475 0.00269087
475 2.59852e-28
475 3.43116e-12
475 4.14429e-08
475 6.74533e-41
475 3.56893e-06
475 1.08523e-20
475 4.01433e-08
475 2.72005e-25
475 8.10703e-10
475 9.70996e-37
475 8.43148e-08
475 0.000305048
475 6.12847e-21
475 3.03471e-06
475 0.000544298
475 8.68094e-06
475 0.000199601
78 5.92319e-21
475 6.12847e-21
475 0.003
475 6.12847e-21
475 0.003
475 6.12847e-21
475 0.00222952
475 1.64172e-05
475 4.75691e-05
475 7.71798e-07
475 1.08741e-09
475 2.51356e-11
475 0.00048174
475 1.80006e-49
475 0.000223978
475 6.12847e-21
475 7.92921e-05
475 0.00292071
475 6.12847e-21
475 2.73397e-05
475 0.00129568
475 0.00153624
475 4.89244e-05
475 4.41525e-05
475 4.7663e-05
