475 2.23784e-21
475 6.53995e-12
475 7.37438e-06
462 1.50162e-21
475 2.23784e-21
475 5.71014e-08
475 4.2254e-15
475 2.6096e-06
91 2.17152e-21
475 2.23784e-21
475 1.46672e-16
475 6.80633e-09
475 1.90126e-47
475 1.01898e-11
475 5.63548e-42
475 8.78619e-09
475 8.12488e-22
475 0.000156808
475 5.35691e-58
475 2.43861e-81
475 1.06276e-121
475 8.05558e-27
475 5.66572e-29
475 1.06166e-15
475 5.43552e-31
475 9.22285e-07
475 3.53934e-09
475 0.000242251
475 2.23784e-21
475 1.31527e-17
475 1.06796e-20
475 2.8568e-20
475 7.24756e-27
475 7.38531e-16
475 2.3545e-06
475 8.32363e-07
475 1.86986e-21
475 7.96057e-19
475 1.83072e-09
475 4.66802e-16
475 0.000192774
475 3.56709e-10
475 2.94156e-26
475 3.52035e-25
475 5.66759e-05
475 9.029e-05
475 1.54007e-05
475 8.15402e-06
475 1.74609e-05
475 1.14874e-05
475 4.56833e-06
475 2.23784e-21
475 5.2662e-49
475 4.91165e-06
475 0
475 0.000395088
475 2.23784e-21
475 7.2307e-18
475 8.9611e-12
475 0.0004
475 2.23784e-21
475 7.8399e-12
475 7.94238e-07
0 2.4103e-21
475 2.23784e-21
475 5.12929e-55
475 1.62332e-12
475 7.5693e-15
475 0.000189773
475 1.21215e-35
475 4.41284e-262
475 9.44088e-18
475 1.45463e-30
475 1.54845e-86
475 8.13424e-18
475 2.08367e-42
475 1.66135e-18
475 1.59543e-19
475 3.93098e-16
475 1.58439e-06
0 1.76575e-21
475 2.23784e-21
475 2.46925e-20
475 7.05759e-15
475 6.00092e-10
475 2.45822e-06
475 2.84592e-13
475 1.4184e-21
475 5.46589e-28
475 8.99282e-45
475 5.71105e-19
475 0.000397541
475 2.23784e-21
475 1.74779e-11
475 9.09146e-24
475 5.41615e-10
475 1.89114e-13
475 0.000399999
