0 -1
475 1
0 -1
368 1
0 -1
475 1
0 -1
0 1
0 -1
475 1
0 -1
475 1
0 -1
307 1
0 -1
475 1
0 -1
475 1
0 -1
217 1
0 -1
475 1
0 -1
475 1
0 -1
475 1
0 -1
475 1
0 -1
457 1
0 -1
336 1
0 -1
443 1
0 -1
360 1
0 -1
475 1
0 -1
475 1
0 -1
475 1
0 -1
117 1
0 -1
475 1
0 -1
367 1
0 -1
0 1
0 -1
414 1
0 -1
475 1
0 -1
423 1
0 -1
202 1
0 -1
452 1
0 -1
428 1
0 -1
475 1
0 -1
340 1
0 -1
428 1
0 -1
475 1
0 -1
391 1
0 -1
475 1
0 -1
475 1
0 -1
475 1
0 -1
424 1
0 -1
475 1
0 -1
475 1
0 -1
119 1
0 -1
230 1
0 -1
420 1
0 -1
33 1
0 -1
475 1
0 -1
475 1
0 -1
436 1
0 -1
470 1
0 -1
475 1
0 -1
338 1
0 -1
248 1
0 -1
475 1
0 -1
475 1
0 -1
429 1
0 -1
475 1
0 -1
236 1
0 -1
475 1
0 -1
475 1
0 -1
475 1
0 -1
475 1
0 -1
475 1
0 -1
475 1
0 -1
242 1
0 -1
397 1
0 -1
452 1
0 -1
359 1
0 -1
475 1
0 -1
452 1
0 -1
475 1
0 -1
330 1
0 -1
475 1
0 -1
475 1
0 -1
368 1
0 -1
475 1
0 -1
475 1
0 -1
475 1
0 -1
433 1
0 -1
475 1
0 -1
475 1
0 -1
360 1
0 -1
475 1
0 -1
475 1
0 -1
205 1
0 -1
412 1
0 -1
435 1
0 -1
475 1
0 -1
475 1
0 -1
114 1
0 -1
143 1
0 -1
372 1
0 -1
109 1
0 -1
218 1
0 -1
475 1
0 -1
475 1
0 -1
360 1
0 -1
475 1
0 -1
475 1
0 -1
0 1
