0 -1
475 1
0 -1
299 1
0 -1
475 1
0 -1
313 1
0 -1
475 1
0 -1
341 1
0 -1
475 1
0 -1
475 1
0 -1
475 1
0 -1
344 1
0 -1
271 1
0 -1
387 1
0 -1
475 1
0 -1
475 1
0 -1
475 1
0 -1
475 1
0 -1
20 1
0 -1
475 1
0 -1
475 1
0 -1
444 1
0 -1
0 1
0 -1
475 1
0 -1
475 1
0 -1
475 1
0 -1
475 1
0 -1
469 1
0 -1
294 1
0 -1
475 1
0 -1
475 1
0 -1
475 1
0 -1
475 1
0 -1
435 1
0 -1
475 1
0 -1
475 1
0 -1
475 1
0 -1
475 1
0 -1
475 1
0 -1
475 1
0 -1
208 1
0 -1
440 1
0 -1
475 1
0 -1
475 1
0 -1
475 1
0 -1
427 1
0 -1
471 1
0 -1
475 1
0 -1
475 1
0 -1
445 1
0 -1
421 1
0 -1
475 1
0 -1
475 1
0 -1
363 1
0 -1
475 1
0 -1
475 1
0 -1
475 1
0 -1
219 1
0 -1
0 1
0 -1
240 1
0 -1
469 1
0 -1
268 1
0 -1
313 1
0 -1
364 1
0 -1
0 1
0 -1
174 1
0 -1
316 1
0 -1
475 1
0 -1
475 1
0 -1
475 1
0 -1
475 1
0 -1
475 1
0 -1
301 1
0 -1
475 1
0 -1
475 1
0 -1
475 1
0 -1
475 1
0 -1
475 1
0 -1
475 1
0 -1
475 1
0 -1
12 1
0 -1
475 1
0 -1
343 1
0 -1
382 1
0 -1
339 1
0 -1
0 1
0 -1
475 1
0 -1
475 1
0 -1
475 1
0 -1
475 1
0 -1
475 1
0 -1
458 1
0 -1
475 1
0 -1
0 1
0 -1
424 1
0 -1
475 1
0 -1
0 1
0 -1
475 1
0 -1
271 1
0 -1
0 1
0 -1
426 1
0 -1
475 1
0 -1
185 1
0 -1
265 1
0 -1
49 1
0 -1
475 1
0 -1
312 1
0 -1
475 1
0 -1
443 1
0 -1
475 1
0 -1
425 1
0 -1
183 1
0 -1
475 1
0 -1
475 1
0 -1
475 1
0 -1
390 1
0 -1
475 1
0 -1
475 1
0 -1
168 1
0 -1
475 1
0 -1
429 1
0 -1
475 1
0 -1
475 1
0 -1
0 1
0 -1
179 1
0 -1
475 1
0 -1
438 1
0 -1
475 1
0 -1
260 1
0 -1
475 1
0 -1
475 1
0 -1
0 1
0 -1
475 1
0 -1
0 1
0 -1
475 1
0 -1
188 1
0 -1
475 1
0 -1
475 1
0 -1
232 1
0 -1
417 1
0 -1
458 1
0 -1
475 1
0 -1
475 1
0 -1
430 1
0 -1
461 1
0 -1
475 1
0 -1
475 1
0 -1
475 1
0 -1
475 1
0 -1
26 1
0 -1
475 1
0 -1
199 1
0 -1
301 1
0 -1
218 1
0 -1
475 1
0 -1
44 1
0 -1
475 1
0 -1
475 1
0 -1
475 1
0 -1
475 1
0 -1
475 1
0 -1
475 1
0 -1
0 1
0 -1
107 1
0 -1
475 1
0 -1
458 1
0 -1
364 1
0 -1
475 1
0 -1
432 1
0 -1
475 1
0 -1
180 1
0 -1
475 1
0 -1
126 1
0 -1
475 1
0 -1
475 1
0 -1
406 1
0 -1
475 1
0 -1
475 1
0 -1
0 1
0 -1
383 1
0 -1
475 1
0 -1
372 1
0 -1
475 1
0 -1
475 1
0 -1
475 1
0 -1
0 1
0 -1
467 1
0 -1
475 1
0 -1
475 1
0 -1
475 1
0 -1
475 1
0 -1
440 1
0 -1
475 1
0 -1
458 1
0 -1
380 1
0 -1
475 1
0 -1
475 1
0 -1
289 1
0 -1
341 1
0 -1
432 1
0 -1
345 1
0 -1
210 1
0 -1
475 1
0 -1
475 1
0 -1
475 1
0 -1
465 1
0 -1
451 1
0 -1
0 1
0 -1
351 1
0 -1
271 1
0 -1
416 1
0 -1
215 1
0 -1
411 1
0 -1
475 1
0 -1
475 1
0 -1
402 1
0 -1
475 1
0 -1
475 1
0 -1
452 1
0 -1
461 1
0 -1
475 1
0 -1
298 1
0 -1
0 1
0 -1
402 1
0 -1
391 1
0 -1
318 1
0 -1
440 1
0 -1
475 1
0 -1
133 1
0 -1
471 1
0 -1
408 1
0 -1
0 1
0 -1
315 1
0 -1
261 1
0 -1
475 1
0 -1
258 1
0 -1
475 1
0 -1
352 1
0 -1
475 1
0 -1
345 1
0 -1
142 1
0 -1
333 1
0 -1
469 1
0 -1
475 1
0 -1
326 1
0 -1
475 1
0 -1
475 1
0 -1
371 1
0 -1
475 1
0 -1
475 1
0 -1
475 1
0 -1
0 1
0 -1
0 1
0 -1
475 1
0 -1
475 1
0 -1
0 1
0 -1
475 1
0 -1
296 1
0 -1
475 1
0 -1
392 1
0 -1
475 1
0 -1
475 1
0 -1
433 1
0 -1
475 1
0 -1
475 1
0 -1
475 1
0 -1
475 1
0 -1
196 1
0 -1
475 1
0 -1
475 1
0 -1
144 1
0 -1
311 1
0 -1
418 1
0 -1
301 1
0 -1
160 1
0 -1
475 1
0 -1
475 1
0 -1
475 1
0 -1
475 1
0 -1
475 1
0 -1
330 1
0 -1
430 1
0 -1
475 1
0 -1
364 1
0 -1
475 1
0 -1
183 1
0 -1
475 1
0 -1
0 1
0 -1
475 1
0 -1
475 1
0 -1
227 1
0 -1
475 1
0 -1
399 1
0 -1
475 1
0 -1
475 1
0 -1
430 1
0 -1
475 1
0 -1
475 1
0 -1
475 1
0 -1
475 1
0 -1
84 1
0 -1
300 1
0 -1
475 1
0 -1
181 1
0 -1
262 1
0 -1
370 1
0 -1
475 1
0 -1
475 1
0 -1
224 1
0 -1
475 1
0 -1
475 1
0 -1
475 1
0 -1
475 1
0 -1
475 1
0 -1
389 1
0 -1
444 1
0 -1
158 1
0 -1
475 1
0 -1
475 1
0 -1
475 1
0 -1
252 1
0 -1
0 1
0 -1
428 1
0 -1
475 1
0 -1
475 1
0 -1
322 1
0 -1
126 1
0 -1
475 1
0 -1
402 1
0 -1
413 1
0 -1
361 1
0 -1
299 1
0 -1
183 1
0 -1
371 1
0 -1
475 1
0 -1
387 1
0 -1
475 1
0 -1
0 1
0 -1
475 1
0 -1
475 1
0 -1
362 1
0 -1
475 1
0 -1
0 1
0 -1
475 1
0 -1
475 1
0 -1
475 1
0 -1
0 1
0 -1
475 1
0 -1
475 1
0 -1
475 1
0 -1
287 1
0 -1
403 1
0 -1
475 1
0 -1
475 1
0 -1
472 1
0 -1
475 1
0 -1
395 1
0 -1
0 1
0 -1
475 1
0 -1
475 1
0 -1
475 1
0 -1
227 1
0 -1
0 1
0 -1
475 1
0 -1
475 1
0 -1
280 1
0 -1
472 1
0 -1
475 1
0 -1
475 1
0 -1
90 1
0 -1
475 1
0 -1
475 1
0 -1
357 1
0 -1
475 1
0 -1
308 1
0 -1
475 1
0 -1
475 1
0 -1
290 1
0 -1
475 1
0 -1
475 1
0 -1
475 1
0 -1
475 1
0 -1
337 1
0 -1
475 1
0 -1
475 1
0 -1
475 1
0 -1
475 1
0 -1
475 1
0 -1
355 1
0 -1
0 1
0 -1
95 1
0 -1
475 1
0 -1
435 1
0 -1
340 1
0 -1
475 1
0 -1
0 1
0 -1
475 1
0 -1
299 1
0 -1
310 1
0 -1
369 1
0 -1
475 1
0 -1
226 1
0 -1
387 1
0 -1
475 1
0 -1
475 1
0 -1
475 1
0 -1
475 1
0 -1
458 1
0 -1
475 1
0 -1
0 1
0 -1
475 1
0 -1
465 1
0 -1
475 1
0 -1
475 1
0 -1
475 1
0 -1
446 1
0 -1
434 1
0 -1
354 1
0 -1
475 1
0 -1
78 1
0 -1
457 1
0 -1
454 1
0 -1
475 1
0 -1
475 1
0 -1
475 1
0 -1
475 1
0 -1
0 1
0 -1
475 1
0 -1
475 1
0 -1
435 1
0 -1
237 1
0 -1
475 1
0 -1
470 1
0 -1
475 1
0 -1
64 1
0 -1
104 1
0 -1
317 1
0 -1
475 1
0 -1
475 1
0 -1
475 1
0 -1
243 1
0 -1
349 1
0 -1
475 1
0 -1
475 1
0 -1
470 1
0 -1
475 1
0 -1
475 1
0 -1
359 1
0 -1
475 1
0 -1
286 1
0 -1
456 1
0 -1
475 1
0 -1
333 1
0 -1
0 1
0 -1
475 1
0 -1
172 1
0 -1
475 1
0 -1
396 1
0 -1
475 1
0 -1
475 1
0 -1
475 1
0 -1
335 1
0 -1
475 1
0 -1
168 1
0 -1
183 1
0 -1
330 1
0 -1
475 1
0 -1
53 1
0 -1
475 1
0 -1
475 1
0 -1
437 1
0 -1
475 1
0 -1
475 1
0 -1
475 1
0 -1
333 1
0 -1
0 1
0 -1
475 1
0 -1
389 1
0 -1
439 1
0 -1
219 1
0 -1
475 1
0 -1
475 1
0 -1
242 1
0 -1
399 1
0 -1
369 1
0 -1
475 1
0 -1
475 1
0 -1
475 1
0 -1
475 1
0 -1
475 1
0 -1
443 1
0 -1
475 1
0 -1
189 1
0 -1
0 1
0 -1
440 1
0 -1
337 1
0 -1
475 1
0 -1
432 1
0 -1
475 1
0 -1
0 1
0 -1
0 1
0 -1
475 1
0 -1
475 1
0 -1
475 1
0 -1
475 1
0 -1
475 1
0 -1
0 1
0 -1
0 1
0 -1
475 1
0 -1
475 1
0 -1
405 1
0 -1
475 1
0 -1
201 1
0 -1
0 1
0 -1
461 1
0 -1
475 1
0 -1
475 1
0 -1
441 1
0 -1
475 1
0 -1
475 1
0 -1
475 1
0 -1
343 1
0 -1
475 1
0 -1
475 1
0 -1
475 1
0 -1
0 1
0 -1
416 1
0 -1
475 1
0 -1
116 1
0 -1
475 1
0 -1
273 1
0 -1
353 1
0 -1
475 1
0 -1
374 1
0 -1
475 1
0 -1
310 1
0 -1
288 1
0 -1
475 1
0 -1
475 1
0 -1
475 1
0 -1
475 1
0 -1
475 1
0 -1
475 1
0 -1
290 1
0 -1
0 1
0 -1
124 1
0 -1
259 1
0 -1
287 1
0 -1
475 1
0 -1
364 1
0 -1
0 1
0 -1
0 1
0 -1
324 1
0 -1
327 1
0 -1
36 1
0 -1
475 1
0 -1
475 1
0 -1
374 1
0 -1
475 1
0 -1
275 1
0 -1
0 1
0 -1
475 1
0 -1
424 1
0 -1
239 1
0 -1
475 1
0 -1
475 1
0 -1
451 1
0 -1
475 1
0 -1
11 1
0 -1
475 1
0 -1
475 1
0 -1
0 1
0 -1
457 1
0 -1
405 1
0 -1
475 1
0 -1
475 1
0 -1
358 1
0 -1
416 1
0 -1
475 1
0 -1
475 1
0 -1
475 1
0 -1
475 1
0 -1
264 1
0 -1
32 1
0 -1
475 1
0 -1
475 1
0 -1
259 1
0 -1
475 1
0 -1
475 1
0 -1
475 1
0 -1
95 1
0 -1
475 1
0 -1
265 1
0 -1
475 1
0 -1
475 1
0 -1
196 1
0 -1
472 1
0 -1
226 1
0 -1
475 1
0 -1
292 1
0 -1
358 1
0 -1
0 1
0 -1
295 1
0 -1
271 1
0 -1
0 1
0 -1
305 1
0 -1
398 1
0 -1
6 1
0 -1
339 1
0 -1
475 1
0 -1
413 1
0 -1
475 1
0 -1
475 1
0 -1
40 1
0 -1
402 1
0 -1
402 1
0 -1
475 1
0 -1
0 1
0 -1
400 1
0 -1
354 1
0 -1
475 1
0 -1
371 1
0 -1
475 1
0 -1
133 1
0 -1
475 1
0 -1
475 1
0 -1
386 1
0 -1
475 1
0 -1
475 1
0 -1
215 1
0 -1
475 1
0 -1
287 1
0 -1
475 1
0 -1
475 1
0 -1
475 1
0 -1
475 1
0 -1
445 1
0 -1
475 1
0 -1
475 1
0 -1
469 1
0 -1
232 1
0 -1
374 1
0 -1
403 1
0 -1
367 1
0 -1
327 1
0 -1
475 1
0 -1
383 1
0 -1
475 1
0 -1
475 1
0 -1
395 1
0 -1
250 1
0 -1
424 1
0 -1
475 1
0 -1
475 1
0 -1
377 1
0 -1
459 1
0 -1
475 1
0 -1
0 1
0 -1
361 1
0 -1
287 1
0 -1
475 1
0 -1
475 1
0 -1
475 1
0 -1
306 1
0 -1
249 1
0 -1
73 1
0 -1
0 1
0 -1
0 1
0 -1
475 1
0 -1
236 1
0 -1
475 1
0 -1
240 1
0 -1
337 1
0 -1
475 1
0 -1
475 1
0 -1
329 1
0 -1
475 1
0 -1
475 1
0 -1
475 1
0 -1
346 1
0 -1
376 1
0 -1
335 1
0 -1
0 1
0 -1
475 1
0 -1
475 1
0 -1
388 1
0 -1
475 1
0 -1
448 1
0 -1
468 1
0 -1
392 1
0 -1
256 1
0 -1
475 1
0 -1
475 1
0 -1
385 1
0 -1
150 1
0 -1
313 1
0 -1
475 1
0 -1
0 1
0 -1
175 1
0 -1
474 1
0 -1
475 1
0 -1
441 1
0 -1
418 1
0 -1
475 1
0 -1
475 1
0 -1
276 1
0 -1
475 1
0 -1
475 1
0 -1
475 1
0 -1
0 1
0 -1
445 1
0 -1
475 1
0 -1
475 1
0 -1
312 1
0 -1
475 1
0 -1
475 1
0 -1
475 1
0 -1
435 1
0 -1
386 1
0 -1
438 1
0 -1
475 1
0 -1
475 1
0 -1
382 1
0 -1
475 1
0 -1
365 1
0 -1
475 1
0 -1
475 1
0 -1
475 1
0 -1
475 1
0 -1
475 1
0 -1
475 1
0 -1
475 1
0 -1
475 1
0 -1
315 1
0 -1
381 1
0 -1
0 1
0 -1
475 1
0 -1
475 1
0 -1
475 1
0 -1
371 1
0 -1
475 1
0 -1
475 1
0 -1
337 1
0 -1
475 1
0 -1
475 1
0 -1
475 1
0 -1
475 1
0 -1
321 1
0 -1
399 1
0 -1
475 1
0 -1
475 1
0 -1
0 1
0 -1
475 1
0 -1
179 1
0 -1
67 1
0 -1
475 1
0 -1
0 1
0 -1
475 1
0 -1
0 1
0 -1
452 1
0 -1
424 1
0 -1
296 1
0 -1
305 1
0 -1
414 1
0 -1
412 1
0 -1
289 1
0 -1
17 1
0 -1
463 1
0 -1
475 1
0 -1
390 1
0 -1
462 1
0 -1
475 1
0 -1
259 1
0 -1
475 1
0 -1
475 1
0 -1
194 1
0 -1
475 1
0 -1
449 1
0 -1
475 1
0 -1
18 1
0 -1
444 1
0 -1
475 1
0 -1
90 1
0 -1
375 1
0 -1
475 1
0 -1
0 1
0 -1
446 1
0 -1
266 1
0 -1
0 1
0 -1
254 1
0 -1
372 1
0 -1
0 1
0 -1
449 1
0 -1
0 1
0 -1
475 1
0 -1
284 1
0 -1
455 1
0 -1
449 1
0 -1
179 1
0 -1
280 1
0 -1
225 1
0 -1
399 1
0 -1
475 1
0 -1
380 1
0 -1
475 1
0 -1
285 1
0 -1
0 1
0 -1
475 1
0 -1
456 1
0 -1
475 1
0 -1
438 1
0 -1
181 1
0 -1
475 1
0 -1
458 1
0 -1
475 1
0 -1
0 1
0 -1
475 1
0 -1
42 1
0 -1
209 1
0 -1
412 1
0 -1
475 1
0 -1
312 1
0 -1
475 1
0 -1
475 1
0 -1
424 1
0 -1
0 1
0 -1
475 1
0 -1
475 1
0 -1
475 1
0 -1
0 1
0 -1
475 1
0 -1
285 1
0 -1
0 1
0 -1
425 1
0 -1
0 1
0 -1
412 1
0 -1
475 1
0 -1
475 1
0 -1
60 1
0 -1
450 1
0 -1
375 1
0 -1
0 1
0 -1
0 1
0 -1
475 1
0 -1
475 1
0 -1
0 1
0 -1
475 1
0 -1
475 1
0 -1
334 1
0 -1
416 1
0 -1
475 1
0 -1
335 1
0 -1
475 1
0 -1
137 1
0 -1
0 1
0 -1
471 1
0 -1
475 1
0 -1
475 1
0 -1
0 1
0 -1
466 1
0 -1
196 1
0 -1
363 1
0 -1
475 1
0 -1
475 1
0 -1
475 1
0 -1
475 1
0 -1
322 1
0 -1
0 1
0 -1
214 1
0 -1
475 1
0 -1
470 1
0 -1
475 1
0 -1
411 1
0 -1
475 1
0 -1
475 1
0 -1
0 1
0 -1
475 1
0 -1
475 1
0 -1
475 1
0 -1
0 1
0 -1
179 1
0 -1
475 1
0 -1
475 1
0 -1
475 1
0 -1
475 1
0 -1
155 1
0 -1
178 1
0 -1
59 1
0 -1
438 1
0 -1
251 1
0 -1
396 1
0 -1
475 1
0 -1
0 1
0 -1
432 1
0 -1
0 1
0 -1
475 1
0 -1
99 1
0 -1
475 1
0 -1
475 1
0 -1
475 1
0 -1
441 1
0 -1
243 1
0 -1
342 1
0 -1
475 1
0 -1
164 1
0 -1
475 1
0 -1
347 1
0 -1
130 1
0 -1
229 1
0 -1
475 1
0 -1
475 1
0 -1
475 1
0 -1
475 1
0 -1
475 1
0 -1
440 1
0 -1
461 1
0 -1
148 1
0 -1
475 1
0 -1
415 1
0 -1
475 1
0 -1
475 1
0 -1
475 1
0 -1
475 1
0 -1
370 1
0 -1
189 1
0 -1
0 1
0 -1
392 1
0 -1
475 1
0 -1
295 1
0 -1
475 1
0 -1
210 1
0 -1
309 1
0 -1
475 1
0 -1
415 1
0 -1
475 1
0 -1
226 1
0 -1
475 1
0 -1
475 1
0 -1
0 1
0 -1
0 1
0 -1
226 1
0 -1
186 1
0 -1
30 1
0 -1
475 1
0 -1
475 1
0 -1
115 1
0 -1
390 1
0 -1
475 1
0 -1
475 1
0 -1
475 1
0 -1
475 1
0 -1
361 1
0 -1
308 1
0 -1
475 1
0 -1
312 1
0 -1
27 1
0 -1
430 1
0 -1
475 1
0 -1
285 1
0 -1
475 1
0 -1
393 1
0 -1
0 1
0 -1
0 1
0 -1
410 1
0 -1
263 1
0 -1
475 1
0 -1
475 1
0 -1
475 1
0 -1
347 1
0 -1
475 1
0 -1
475 1
0 -1
475 1
0 -1
103 1
0 -1
72 1
0 -1
475 1
0 -1
475 1
0 -1
313 1
0 -1
0 1
0 -1
475 1
0 -1
441 1
0 -1
265 1
0 -1
311 1
0 -1
404 1
0 -1
396 1
0 -1
475 1
0 -1
111 1
0 -1
339 1
0 -1
270 1
0 -1
475 1
0 -1
0 1
0 -1
138 1
0 -1
129 1
0 -1
475 1
0 -1
475 1
0 -1
475 1
0 -1
346 1
0 -1
475 1
0 -1
461 1
0 -1
231 1
0 -1
475 1
0 -1
475 1
0 -1
475 1
