475 7.07646e-22
475 1.05716e-05
475 3.99288e-06
475 1.66801e-05
475 8.75544e-06
475 7.07646e-22
475 8.9332e-07
475 2.39411e-05
475 9.21803e-06
475 5.94755e-06
475 7.07646e-22
475 2.48823e-05
475 4.12309e-06
475 6.97044e-06
475 5.97379e-09
337 1.36241e-22
475 7.07646e-22
475 1.72843e-05
475 1.14426e-05
475 6.1234e-06
475 2.52306e-08
37 2.69107e-22
475 7.07646e-22
475 5.33786e-06
475 6.2743e-06
475 1.20119e-05
475 4.09988e-06
475 4.99791e-06
475 1.28262e-07
368 2.06896e-22
475 7.07646e-22
475 5.9473e-08
475 2.10965e-05
475 9.54847e-06
475 6.261e-09
197 2.81337e-22
475 7.07646e-22
475 2.47207e-06
475 2.12644e-05
475 8.20051e-06
475 7.9995e-08
353 1.91184e-22
475 7.07646e-22
475 2.328e-05
475 7.9674e-06
475 8.75262e-06
475 7.07646e-22
475 3.95171e-06
475 2.76395e-06
475 2.05908e-05
475 1.29208e-06
475 6.2008e-07
475 7.63547e-06
475 3.14591e-06
475 7.07646e-22
475 2.33211e-05
475 2.34111e-06
475 7.39379e-06
475 9.46565e-10
444 1.58449e-22
