475 5.18281e-23
476 1.61038
476 0.472055
476 0.178949
476 0.249679
477 0.178261
477 0.200954
477 0.116854
477 0.623128
478 0.480951
478 0.326411
478 0.153421
478 0.0545004
478 0.0982098
478 0.121766
479 0.716795
480 2.42127
481 0.524639
481 0.730053
481 0.26374
482 1.03568
483 0.714948
483 0.039334
483 0.100154
483 0.570332
484 0.945345
484 0.603674
484 0.297486
484 0.0502782
485 0.537947
486 1.43255
486 0.260969
486 0.993078
487 1.72829
488 0.458313
489 1.70135
489 0.116747
489 0.0915786
489 0.102688
489 0.196405
490 1.24017
490 0.034016
490 0.311124
490 0.175382
490 0.172809
490 0.0594735
490 0.00733911
491 1.28389
491 0.169314
491 0.00215094
491 0.0603873
491 0.066268
491 0.199728
492 0.620553
492 0.610674
493 1.2698
493 0.170532
493 0.196433
494 2.8303
494 0.0814392
495 0.611987
495 0.644594
495 0.109959
495 0.257756
495 0.329363
496 0.202574
496 0.801976
496 0.473081
496 0.140873
496 0.130333
497 0.294362
497 1.32915
498 0.693024
498 0.748736
498 0.416472
498 0.149604
498 0.225617
499 1.32247
499 0.227439
499 0.940801
500 0.601958
500 0.261608
500 0.590274
501 1.05988
501 0.00359804
501 0.442035
501 1.20332
502 1.36798
502 0.748105
502 0.741585
502 0.0166365
503 0.22559
503 1.13034
503 0.138346
503 0.33567
503 0.483297
504 1.67525
504 1.01246
504 0.150277
505 0.644622
505 0.204315
505 0.0784125
505 0.360701
505 0.365957
505 1.3126
506 0.393076
506 0.0154661
506 0.31377
506 1.48488
506 0.486691
506 0.423116
507 1.23337
507 0.59586
507 1.73579
508 0.76561
508 1.2144
508 0.518456
509 1.71488
509 1.10008
509 0.0581042
509 1.00147
509 0.341784
509 0.229467
510 2.38043
510 3.41945
511 2.70326
511 2.90878
512 2.75399
512 2.74686
512 3.06364
512 3.45158
512 0.197026
512 0.00583725
510 0.0390911
509 0.0412584
509 0.0344915
509 0.05199
509 0.0405968
509 0.0562223
509 0.0387772
508 0.0498161
508 0.0381282
508 0.0378956
507 0.04595
507 0.0469481
507 0.0605532
506 0.0376306
506 0.0377685
506 0.0438224
506 0.0364702
506 0.071266
506 0.0512488
505 0.0480443
505 0.0370613
505 0.0636137
505 0.0364496
505 0.065713
505 0.0458225
504 0.0793175
504 0.0466929
504 0.0566808
503 0.0575342
503 0.0350862
503 0.0858695
503 0.035054
503 0.0390214
502 0.0425802
502 0.0579967
502 0.0371609
502 0.047537
501 0.0855561
501 0.0504889
501 0.0754108
501 0.0344546
500 0.0454182
500 0.0389923
499 0.0485367
499 0.0461506
499 0.0347825
498 0.109542
498 0.0368742
498 0.0444797
498 0.070719
498 0.0617788
497 0.0418958
496 0.0391064
496 0.0466558
496 0.0475573
495 0.121863
495 0.0386885
495 0.0374694
495 0.0366072
494 0.0491347
494 0.0776946
493 0.113979
493 0.0381565
493 0.0368364
492 0.0756664
491 0.0374471
491 0.0541973
491 0.0359215
491 0.0499765
491 0.0370966
491 0.0437413
490 0.0385645
490 0.0591563
490 0.0558347
490 0.0349366
489 0.0551166
489 0.143108
489 0.040036
489 0.037457
489 0.0443876
488 0.0433698
487 0.101566
486 0.167215
486 0.0495851
486 0.0452053
485 0.155275
484 0.0795281
484 0.0544495
484 0.144642
483 0.0499232
483 0.0534611
483 0.0400809
483 0.0644121
482 0.0871706
481 0.120569
481 0.0425208
481 0.0348011
480 0.106811
479 0.0560709
478 0.0709781
478 0.103685
478 0.0805075
478 0.100875
478 0.0357265
478 0.0559649
477 0.0352033
477 0.0698832
477 0.0427488
477 0.051888
476 0.0698648
476 0.0454981
476 0.0486846
476 0.040133
