475 5.18281e-23
475 0.203882
475 0.126179
475 0.0197776
476 1.81164
476 0.201501
477 0.651848
477 0.549085
477 0.0225461
477 0.28843
478 0.263661
478 0.40569
478 0.62475
478 0.224301
479 1.3448
480 0.258169
480 0.00239414
480 0.0352515
480 0.734398
480 0.00229341
480 0.155194
480 0.277705
480 0.159823
481 1.44431
482 0.904673
482 0.116921
483 0.677058
483 0.687053
483 0.031152
483 0.445373
483 0.00805553
484 0.184243
484 0.0589982
484 0.220703
484 0.355617
484 0.0682389
484 0.573003
485 0.166997
485 0.895237
485 0.011041
486 2.09094
487 0.385254
487 0.29949
487 0.103465
487 0.211252
487 0.437836
488 0.513812
488 0.0343865
488 0.170583
488 0.0761403
488 0.106248
488 0.0877419
488 0.12543
488 0.054465
489 1.55718
489 0.176157
489 0.057425
489 0.0114968
490 0.936415
490 0.666166
490 0.461685
490 0.0714952
491 0.233071
491 0.215376
491 0.339591
491 0.00128636
491 0.106161
491 0.378303
491 0.463334
492 0.316664
492 1.13479
492 0.290778
493 0.568738
493 0.516785
493 0.556882
493 0.0409809
494 0.595942
494 0.192688
495 2.38778
495 0.745473
496 1.48211
497 0.957304
497 0.0521071
497 0.609355
497 0.249846
498 1.43506
498 1.85624
499 0.403429
499 0.682625
499 0.378812
500 1.34816
500 1.20048
500 0.436219
501 0.422873
501 0.119472
501 1.04435
501 0.481553
501 0.338873
501 0.110783
502 0.732852
502 1.12398
502 0.135899
503 0.66912
503 1.42048
504 2.36606
504 0.0907604
504 0.53645
505 1.35543
505 0.712019
505 0.26327
505 0.353267
505 0.346298
505 0.534427
505 0.342657
505 0.077858
506 0.480273
506 0.351277
506 0.832101
506 1.17874
507 0.755396
507 0.0621625
507 1.0886
507 0.0138435
507 1.99993
507 0.118405
508 0.547102
508 0.283129
508 1.0063
508 0.524598
508 0.111234
508 0.105864
508 0.619529
508 0.0766897
508 0.360672
508 0.165965
509 0.69992
509 0.941447
509 0.0266785
509 0.298092
509 1.21849
509 0.602214
510 1.88073
510 2.69847
510 2.97589
511 2.81653
511 2.84784
511 2.93171
511 3.50701
511 0.00784775
511 0.00942707
510 0.0358598
509 0.0344408
509 0.0371824
509 0.0365661
509 0.0411132
509 0.0424597
509 0.0359049
508 0.0440796
508 0.0412883
508 0.03768
508 0.0401861
508 0.05396
508 0.0382553
508 0.0471048
508 0.0505718
508 0.0371779
508 0.0483183
507 0.0616649
507 0.046935
507 0.0495234
507 0.0623277
507 0.06357
507 0.0618446
506 0.0451639
506 0.0349313
506 0.0357545
506 0.0365707
505 0.0438542
505 0.0569439
505 0.0419003
505 0.0670009
505 0.0443098
505 0.0446022
505 0.0366139
505 0.0502974
504 0.0365452
504 0.0358817
503 0.0559306
503 0.0377405
502 0.0846229
502 0.0846025
502 0.0462338
502 0.045261
501 0.0935188
501 0.08688
501 0.0998665
501 0.0347808
500 0.0435183
500 0.0405318
500 0.0657763
499 0.0724568
499 0.115071
499 0.0563574
498 0.0494923
498 0.0588047
497 0.0615162
497 0.0346265
497 0.0593855
496 0.0441679
495 0.0543168
495 0.0369962
494 0.0411217
494 0.0463937
493 0.147502
493 0.0364394
493 0.057199
493 0.0610708
492 0.0344655
492 0.0796186
492 0.136652
491 0.124434
491 0.0624128
491 0.0385919
491 0.0385103
491 0.0885386
491 0.130279
490 0.045955
490 0.0452343
490 0.0560718
490 0.0570101
489 0.0509712
489 0.0632182
489 0.0878066
488 0.064368
488 0.0628511
488 0.048257
488 0.0789888
488 0.0428758
488 0.0777067
488 0.060895
488 0.0433581
487 0.0652144
487 0.0369225
487 0.111174
487 0.0348388
487 0.0408602
486 0.0640745
485 0.0410914
485 0.0525783
485 0.0477152
484 0.180435
484 0.0657877
484 0.117394
484 0.147046
484 0.0437882
484 0.0614269
483 0.0390255
483 0.079145
483 0.17091
483 0.0431993
483 0.0656354
482 0.0902368
482 0.0759351
482 0.0368103
481 0.101743
480 0.0647297
480 0.067261
480 0.0370438
480 0.0404724
480 0.0456554
479 0.0364674
479 0.195695
478 0.0426588
478 0.0423393
478 0.0372409
477 0.0502826
477 0.177684
477 0.0634549
476 0.051824
475 0.145512
475 0.174775
475 0.0379974
