475 5.18281e-23
475 0.821944
477 2.84584
477 0.0714505
478 0.232871
479 1.38452
480 1.38456
480 1.2867
481 0.467965
481 0.0459227
481 0.332755
481 0.399851
482 0.266179
482 0.122212
482 0.243289
482 0.110517
482 0.375015
482 0.146816
483 0.358517
483 0.0217295
483 0.760859
483 0.179652
483 0.355989
484 0.272939
484 0.858458
485 1.73133
485 0.00896915
485 0.0815088
486 0.561936
486 0.198067
486 0.104518
486 0.400867
486 0.179956
487 0.829878
487 0.720106
489 3.33391
490 0.406713
490 0.0711199
490 0.179619
490 1.17821
491 0.89243
492 2.00887
492 0.215762
492 0.104376
493 0.452821
493 0.744196
493 0.0114547
494 1.76821
494 0.555858
495 0.516639
496 2.35624
496 0.0639008
496 0.58201
497 0.827302
497 0.236147
497 0.595538
497 0.102016
497 0.034023
497 0.528015
498 1.39404
498 0.127022
498 0.167537
499 0.928158
499 7.42301e-05
499 0.752276
499 0.0154108
499 0.421358
500 1.82689
500 0.918759
501 0.615891
501 0.407686
502 2.33454
502 0.590353
503 1.10261
503 0.0474224
503 1.67494
504 0.840814
504 0.348615
504 0.319007
504 0.0597781
504 0.681357
504 0.611687
505 1.16727
505 0.0330225
505 0.0497721
505 0.563882
505 0.248508
506 1.60104
506 0.0255174
506 0.215815
506 0.0669516
506 0.275157
507 2.22053
507 0.0534185
507 0.690443
507 0.983942
508 1.38797
508 1.89493
509 1.4094
509 0.205344
509 0.244299
509 0.311285
509 2.02849
510 2.00294
510 1.98172
510 1.26384
511 1.97849
511 0.151519
511 2.24435
512 2.94781
512 2.66433
512 2.8365
513 2.83863
513 3.11887
513 2.06426
511 0.0348509
511 0.0397852
510 0.0448684
510 0.0380466
509 0.0513291
509 0.0352544
509 0.057056
509 0.0351174
509 0.0556352
508 0.0383596
508 0.0546828
507 0.0429385
507 0.0511774
507 0.0514869
507 0.0386666
506 0.0406154
506 0.0478775
506 0.0825113
506 0.0461754
506 0.075745
505 0.0848081
505 0.0384754
505 0.0609166
505 0.049965
505 0.0502288
504 0.0441796
504 0.0703145
504 0.0347649
504 0.045993
504 0.0548018
504 0.0382235
503 0.0935981
503 0.0438665
503 0.0477733
502 0.0352562
502 0.0434093
501 0.0348501
500 0.0391582
500 0.0478625
499 0.0578581
499 0.0620565
499 0.0458843
499 0.0367285
499 0.084296
498 0.0500763
498 0.0661724
497 0.0759889
497 0.0515318
497 0.123238
497 0.116227
497 0.000797604
497 0.0740527
496 0.0947371
496 0.014187
496 0.0254007
496 0.0587119
495 0.0510854
494 0.0401434
494 0.128386
493 0.0599734
493 0.0471316
492 0.0528647
492 0.0388118
492 0.044074
491 0.0412873
490 0.0496562
490 0.0949031
490 0.0363465
489 0.0927036
487 0.100687
487 0.051916
486 0.143505
486 0.0693969
486 0.0418085
486 0.0442951
486 0.0742886
485 0.0534627
485 0.061838
485 0.0365804
484 0.0868554
484 0.0730167
483 0.152655
483 0.0389804
483 0.0398534
483 0.0879544
482 0.124331
482 0.0519967
482 0.0355454
482 0.129996
482 0.0578913
481 0.0464564
481 0.103912
481 0.206126
481 0.117407
480 0.0466576
480 0.0441958
479 0.0357076
478 0.0345827
477 0.0513883
477 0.0475851
475 0.0383631
496 0.001564
517 0.001564
517 0.0451841
496 0.000972229
