475 5.18281e-23
475 0.819824
475 0.0199042
476 1.0916
476 0.262612
476 0.188398
477 1.07549
477 0.448702
478 0.422758
478 0.280558
478 0.173026
478 0.0523048
480 2.12996
481 1.44571
481 0.14193
481 0.257411
481 0.058708
481 0.0118026
481 0.699137
482 0.858424
482 0.0190892
482 0.0875865
482 0.018361
483 0.864491
483 0.912998
484 0.516169
484 0.138123
484 0.27045
485 1.28139
485 0.366124
485 0.0582288
485 0.00365652
486 1.03822
486 0.417912
486 0.873128
487 0.865468
488 0.809858
488 0.0656322
488 0.144038
488 0.0216623
488 0.486622
488 0.381752
489 0.842642
489 0.00873684
489 0.19935
489 0.30734
489 0.0570681
489 0.742081
490 0.218409
490 0.705142
490 0.748558
490 0.183419
491 0.112718
491 0.493699
491 0.976041
492 0.499132
492 0.405515
492 0.58604
492 0.124347
493 1.27189
493 0.00135797
493 0.194456
493 0.238048
494 2.56956
495 0.952641
495 0.328381
495 0.13418
495 0.444183
496 0.761134
496 0.313819
496 0.107636
497 1.72944
497 1.18291
498 0.603548
498 0.19591
498 0.374753
498 0.208716
498 0.222593
498 0.268787
498 0.0231941
498 0.48116
499 0.494897
499 0.500138
499 0.323543
499 0.36499
499 0.0307984
500 0.904315
500 0.227795
500 1.12151
500 0.560003
501 0.4574
501 1.56466
502 1.16311
502 0.975806
503 1.72892
503 0.0618651
503 0.00931328
503 0.467616
503 0.463414
503 0.18441
503 0.552997
504 1.18918
504 0.144975
504 0.417404
504 0.3175
504 0.491211
504 0.0514919
504 0.0794057
505 0.215448
505 1.06118
505 0.42875
505 1.26707
506 0.320768
506 0.906102
506 0.968713
506 0.171719
507 0.965448
507 0.415578
507 0.1975
507 2.04063
508 1.29051
508 0.172333
508 0.81662
508 0.619881
508 0.527548
508 0.536251
508 0.181717
508 0.000731214
508 0.273051
508 0.0823333
509 2.03391
509 2.61203
510 0.327399
510 0.144634
510 1.37173
510 3.12974
511 2.84789
511 2.9568
511 2.89185
511 2.94362
512 3.3101
510 0.0348264
510 0.0369929
510 0.0364728
509 0.0344588
508 0.0448334
508 0.0530652
508 0.0474941
508 0.0492142
508 0.0529489
508 0.0437234
508 0.0476393
508 0.0527688
508 0.0374805
508 0.0425805
507 0.0648815
507 0.065737
507 0.0381279
507 0.0383039
506 0.0602783
506 0.0440249
506 0.035133
506 0.0350671
505 0.0643042
505 0.0395772
505 0.0352073
505 0.0438437
504 0.0595324
504 0.0647752
504 0.0659006
504 0.0588875
504 0.0312344
504 0.0489333
504 0.0414406
504 0.03474
503 0.0423414
503 0.0125485
503 0.0223879
503 0.0852998
503 0.0548394
503 0.0350034
503 0.0369264
503 0.0396218
502 0.0375475
501 0.0714227
501 0.0366079
500 0.05085
500 0.0481786
500 0.0543495
500 0.0436869
499 0.0572622
499 0.0366727
499 0.0617369
499 0.0425455
499 0.0607496
498 0.0715049
498 0.0371987
498 0.0394086
498 0.0506914
498 0.038637
498 0.0546968
498 0.0467972
498 0.0346386
497 0.0438394
497 0.0100817
497 0.0802792
496 0.051289
496 0.089425
495 0.077662
495 0.0431096
495 0.0411208
495 0.0399418
494 0.0511802
493 0.0743758
493 0.055801
493 0.0735626
492 0.0373085
492 0.155168
492 0.0452594
492 0.0370369
491 0.127705
491 0.105846
491 0.0438006
491 0.0523954
490 0.0502949
490 0.0349292
490 0.0351009
489 0.0645471
489 0.0535076
489 0.120221
489 0.0368721
488 0.159881
488 0.0420081
488 0.0705912
488 0.0633888
488 0.0793811
488 0.0512708
487 0.0644123
486 0.0432729
486 0.170384
486 0.0721269
485 0.0536574
485 0.0333712
485 0.0619099
485 0.0376782
485 0.0485852
484 0.0969391
484 0.0841316
484 0.0665292
483 0.0472891
483 0.0456774
482 0.0402485
482 0.0366103
482 0.0503244
482 0.0717953
481 0.0651959
481 0.0512105
481 0.0432055
481 0.14012
481 0.044167
480 0.0357302
478 0.0485192
478 0.0666359
477 0.0495136
477 0.0902637
476 0.0498246
476 0.101226
476 0.0496711
475 0.115816
475 0.0588891
503 0.001564
503 0.000753621
