475 5.18281e-23
475 0.833225
475 0.081161
475 0.158727
475 0.133217
476 0.412731
476 0.453521
477 0.785612
477 0.318578
478 1.09927
478 0.129417
478 0.241558
479 0.785355
479 0.162689
479 0.0664335
479 0.142111
479 0.122663
479 0.301147
479 0.01232
479 0.226797
480 0.302644
480 0.3898
480 0.388891
481 0.799578
481 0.401756
481 0.163864
481 0.310488
482 1.617
482 0.00772199
483 0.915252
484 1.38175
484 0.0163831
484 0.0144462
484 0.691438
485 0.514499
485 0.249867
485 0.594985
485 0.0225077
486 0.297293
486 0.688415
486 0.0110588
486 0.283745
486 0.301011
486 0.00693648
486 0.079219
487 0.356343
487 0.0872512
488 1.61422
488 0.0183326
488 0.771365
490 2.76757
490 0.18321
490 0.399604
490 0.668596
491 0.356052
491 1.10449
492 1.16163
492 0.0191109
492 0.0108247
492 0.105843
493 0.992073
493 0.65138
493 0.370296
493 0.257687
494 1.04801
494 0.3962
494 0.00422644
494 0.095143
494 0.351075
495 0.345269
495 0.612391
495 0.377099
496 1.16554
497 1.64919
497 0.388988
497 0.606199
497 0.30742
498 1.39575
499 1.37632
499 1.40864
499 0.250892
500 1.04086
500 0.374396
501 1.42508
501 1.44651
502 0.734936
502 0.266892
502 0.055083
502 0.208519
502 0.545989
502 0.0102871
502 0.787518
502 0.149739
502 0.0157229
503 0.429676
503 0.181436
503 0.521887
503 0.0178353
503 0.380201
503 0.456706
503 0.00988383
503 0.420668
504 0.531335
504 0.0679443
504 0.33098
504 0.448461
504 0.00644846
504 0.398843
504 0.570619
504 0.570403
505 0.879535
505 1.02016
505 0.0920536
505 0.0906817
505 0.285561
506 1.64481
506 0.167899
506 0.943473
506 0.676618
507 2.82622
507 0.365509
507 0.343432
507 0.142373
508 1.54008
508 0.700503
508 0.579877
508 0.355434
508 0.17592
509 1.72942
509 0.389652
510 3.69804
510 0.0255748
510 1.01487
510 3.27806
511 3.01763
511 2.83238
512 2.66627
512 2.94061
512 3.15576
512 2.06166
510 0.0434846
510 0.0421291
509 0.0519631
509 0.0400064
508 0.0464362
508 0.0556374
508 0.0455324
508 0.0385399
508 0.0577156
507 0.0424308
507 0.0393487
507 0.0459657
507 0.0540379
506 0.0355115
506 0.0441752
506 0.0593187
506 0.034894
505 0.0696558
505 0.0486374
505 0.0432228
505 0.0790874
505 0.0838267
504 0.0617688
504 0.0391239
504 0.091146
504 0.0589013
504 0.0480886
504 0.0527782
504 0.0869422
504 0.0397746
503 0.0419645
503 0.0398506
503 0.06448
503 0.0405608
503 0.092977
503 0.0367473
503 0.0831866
503 0.0559848
502 0.0417449
502 0.102988
502 0.0355424
502 0.0360255
502 0.0883655
502 0.0413185
502 0.103246
502 0.0395409
502 0.0961628
501 0.0776693
501 0.0819759
500 0.0360002
500 0.0449859
499 0.0641405
499 0.0507284
499 0.0349794
498 0.0677547
497 0.0993893
497 0.0749083
497 0.0537909
497 0.0553638
495 0.0458796
495 0.0356498
494 0.0418948
494 0.0415781
494 0.0736614
494 0.0405701
493 0.0581273
493 0.0466386
493 0.0491319
493 0.0379643
492 0.0348759
492 0.0396617
492 0.0692853
492 0.0560992
491 0.0548657
491 0.0544239
490 0.112514
490 0.0381138
490 0.130812
490 0.0430659
488 0.0504222
488 0.0421572
487 0.135407
487 0.088889
486 0.0379322
486 0.0520891
486 0.110803
486 0.0380217
486 0.134178
486 0.0966589
485 0.0387526
485 0.0357425
485 0.0410107
485 0.158404
484 0.0508173
484 0.0478346
484 0.0879224
484 0.0710424
483 0.122701
482 0.0612469
481 0.0421448
481 0.0957651
481 0.0473404
481 0.0605661
481 0.0457834
481 0.0430424
480 0.0464137
480 0.0356005
479 0.0369064
479 0.0367077
479 0.0411188
479 0.117576
479 0.0479782
478 0.0653872
478 0.0918817
477 0.0562199
477 0.0442547
476 0.0714147
476 0.0576236
476 0.0369394
475 0.0365048
475 0.137266
475 0.0655062
475 0.0345265
