475 5.18281e-23
476 2.13433
476 0.0444216
476 0.0563574
476 0.177135
476 0.191246
477 0.694024
477 0.595929
478 0.493852
478 0.0676205
478 0.183181
478 0.399197
478 0.239445
479 0.206265
479 0.960062
480 0.723943
480 0.172979
480 0.16591
480 0.229216
481 0.569048
481 0.706354
481 0.290435
482 0.764679
483 1.49657
483 0.217426
483 0.0135283
484 1.71393
484 0.186248
484 0.283024
484 0.0942444
485 0.860375
486 1.09253
486 0.699995
486 0.304283
487 1.32542
487 0.00612474
487 0.508735
488 0.324098
488 0.165048
488 0.503106
488 0.111125
488 0.126489
488 0.325718
489 0.519429
489 0.14596
489 0.0336852
489 0.111365
489 0.179179
489 0.089564
489 0.189627
489 0.056272
489 0.223903
489 0.315218
490 0.264747
490 0.282703
490 0.407198
490 0.269567
490 0.0743906
490 0.147347
491 1.231
491 0.00865853
492 0.85751
492 0.361833
492 0.311796
493 1.22301
493 0.799001
493 0.0451045
493 0.354748
493 0.0530965
494 0.334545
494 0.300122
494 1.35713
495 0.270074
495 0.386789
495 0.40554
496 1.27736
496 0.209513
497 2.26752
497 0.3035
497 0.193949
498 0.696776
498 0.369898
498 0.0824316
498 1.31943
498 0.179654
499 0.103457
499 0.69186
499 0.416801
499 0.299245
499 0.229128
500 0.628178
500 0.557337
500 0.851532
500 0.0354916
500 0.651729
501 0.91159
501 0.902592
501 0.374528
502 0.336272
502 0.0405137
502 0.0641528
502 0.271223
502 0.861956
502 0.249092
502 0.300864
502 0.0891463
503 1.55458
503 0.485035
503 0.418847
503 0.72226
503 0.0160789
504 0.985587
504 0.91329
504 0.0957095
504 0.266632
505 0.860599
505 1.66437
505 0.714015
505 0.251584
506 0.269358
506 0.648661
506 0.983582
507 1.85586
507 0.251898
507 0.110618
508 3.3421
508 1.71045
508 0.834824
509 1.57456
509 1.41922
510 3.33146
510 3.23646
511 3.03936
511 2.73989
511 2.79338
511 2.79864
512 3.15992
512 1.63773
509 0.0369144
509 0.0376997
508 0.04053
508 0.0430437
508 0.0561634
507 0.0482636
507 0.0504101
507 0.0546915
506 0.0688549
506 0.0352999
506 0.0461853
505 0.045157
505 0.0720157
505 0.0600291
505 0.037058
504 0.0442903
504 0.0407137
504 0.0618544
504 0.0584735
503 0.040462
503 0.052743
503 0.0502771
503 0.062268
503 0.0387351
502 0.0433016
502 0.0611611
502 0.036633
502 0.0400686
502 0.0936363
502 0.0948844
502 0.0519583
502 0.0409187
501 0.079019
501 0.094458
501 0.0547135
500 0.0392069
500 0.0490046
500 0.0399821
500 0.0386479
499 0.0622333
499 0.0511866
499 0.0501333
499 0.0692496
499 0.0363982
498 0.0454572
498 0.0690156
498 0.0617863
498 0.0874498
497 0.0480282
497 0.0379966
497 0.0364423
496 0.118351
496 0.106522
495 0.0504427
494 0.0438191
494 0.0495093
494 0.0369847
493 0.0745447
493 0.0553932
493 0.102459
493 0.1081
492 0.144366
492 0.051184
492 0.0359459
491 0.0374851
491 0.035836
490 0.0342936
490 0.0572367
490 0.0601984
490 0.0663301
490 0.0927505
490 0.088932
489 0.139683
489 0.116455
489 0.0424108
489 0.0912776
489 0.0462329
489 0.100543
489 0.0350076
489 0.0720796
489 0.0629662
488 0.0436469
488 0.0345414
488 0.0535231
488 0.0567597
488 0.0506112
487 0.119607
487 0.0511123
487 0.0379416
486 0.117422
486 0.0486898
486 0.153897
485 0.0822521
484 0.0357945
484 0.104313
484 0.116986
483 0.066621
483 0.0625279
482 0.182491
481 0.0345439
481 0.0495265
480 0.05001
480 0.0381022
480 0.0437479
480 0.0554173
479 0.058756
479 0.085392
478 0.0433493
478 0.0631407
478 0.0379573
478 0.0547604
477 0.0861957
476 0.0815957
476 0.0582989
476 0.0580136
476 0.039063
476 0.0852467
476 0.0605938
476 0.0413507
476 0.0724811
476 0.0442219
