475 2.23784e-21
475 1.14e-12
475 5.90331e-06
475 8.93656e-25
475 1.25891e-07
475 3.49e-48
475 7.29462e-11
475 8.41222e-07
475 0.000144573
475 1.46655e-24
475 1.30558e-29
475 2.05652e-07
475 7.08016e-10
475 6.66522e-48
475 4.17334e-10
475 9.50763e-41
475 3.50128e-27
475 1.66536e-67
475 9.46219e-18
475 9.6827e-20
475 9.13355e-24
475 7.73683e-19
475 7.28445e-16
475 7.99156e-12
475 5.53458e-14
475 1.49681e-22
475 5.52279e-05
475 2.78982e-88
475 2.81319e-20
475 1.86244e-08
475 2.9205e-70
475 2.61469e-34
475 5.06724e-58
475 1.25239e-05
475 1.4751e-11
475 1.22694e-21
475 7.41817e-80
475 3.53294e-11
475 5.81228e-26
475 9.71386e-20
475 2.12549e-82
475 2.4165e-42
475 2.78169e-20
475 1.16584e-176
475 1.93181e-42
475 3.38434e-41
475 2.69502e-39
475 1.08326e-41
475 3.6521e-38
475 0.000180579
