# Energy z_(mm) Energy_Dep Net_Charge
30000 0 0 0
30000 1 0 0
30000 2 0 0
30000 3 0 0
30000 4 0 0
30000 5 0 0
30000 6 0 0
30000 7 0 0
30000 8 0 0
30000 9 0 0
30000 10 0 0
30000 11 0 0
30000 12 0 0
30000 13 0 0
30000 14 0 0
30000 15 0 0
30000 16 0 0
30000 17 0 0
30000 18 0 0
30000 19 0 0
30000 20 0 0
30000 21 0 0
30000 22 0 0
30000 23 0 0
30000 24 0 0
30000 25 0 0
30000 26 0 0
30000 27 0 0
30000 28 0 0
30000 29 0 0
30000 30 0 0
30000 31 0 0
30000 32 0 0
30000 33 0 0
30000 34 0 0
30000 35 0 0
30000 36 0 0
30000 37 0 0
30000 38 0 0
30000 39 0 0
30000 40 0 0
30000 41 0 0
30000 42 0 0
30000 43 0 0
30000 44 0 0
30000 45 0 0
30000 46 0 0
30000 47 0 0
30000 48 0 0
30000 49 0 0
30000 50 0 0
30000 51 0 0
30000 52 0 0
30000 53 0 0
30000 54 0 0
30000 55 0 0
30000 56 0 0
30000 57 0 0
30000 58 0 0
30000 59 0 0
30000 60 0 0
30000 61 0 0
30000 62 0 0
30000 63 0 0
30000 64 0 0
30000 65 0 0
30000 66 0 0
30000 67 0 0
30000 68 0 0
30000 69 0 0
30000 70 0 0
30000 71 0 0
30000 72 0 0
30000 73 0 0
30000 74 0 0
30000 75 0 0
30000 76 0 0
30000 77 0 0
30000 78 0 0
30000 79 0 0
30000 80 0 0
30000 81 0 0
30000 82 0 0
30000 83 0 0
30000 84 0 0
30000 85 0 0
30000 86 0 0
30000 87 0 0
30000 88 0 0
30000 89 0 0
30000 90 0 0
30000 91 0 0
30000 92 0 0
30000 93 0 0
30000 94 0 0
30000 95 0 0
30000 96 0 0
30000 97 0 0
30000 98 0 0
30000 99 0 0
30000 100 0 0
30000 101 0 0
30000 102 0 0
30000 103 0 0
30000 104 0 0
30000 105 0 0
30000 106 0 0
30000 107 0 0
30000 108 0 0
30000 109 0 0
30000 110 0 0
30000 111 0 0
30000 112 0 0
30000 113 0 0
30000 114 0 0
30000 115 0 0
30000 116 0 0
30000 117 0 0
30000 118 0 0
30000 119 0 0
30000 120 0 0
30000 121 0 0
30000 122 0 0
30000 123 0 0
30000 124 0 0
30000 125 0 0
30000 126 0 0
30000 127 0 0
30000 128 0 0
30000 129 0 0
30000 130 0 0
30000 131 0 0
30000 132 0 0
30000 133 0 0
30000 134 0 0
30000 135 0 0
30000 136 0 0
30000 137 0 0
30000 138 0 0
30000 139 0 0
30000 140 0 0
30000 141 0 0
30000 142 0 0
30000 143 0 0
30000 144 0 0
30000 145 0 0
30000 146 0 0
30000 147 0 0
30000 148 0 0
30000 149 0 0
30000 150 0 0
30000 151 0 0
30000 152 0 0
30000 153 0 0
30000 154 0 0
30000 155 0 0
30000 156 0 0
30000 157 0 0
30000 158 0 0
30000 159 0 0
30000 160 0 0
30000 161 0 0
30000 162 0 0
30000 163 0 0
30000 164 0 0
30000 165 0 0
30000 166 0 0
30000 167 0 0
30000 168 0 0
30000 169 0 0
30000 170 0 0
30000 171 0 0
30000 172 0 0
30000 173 0 0
30000 174 0 0
30000 175 0 0
30000 176 0 0
30000 177 0 0
30000 178 0 0
30000 179 0 0
30000 180 0 0
30000 181 0 0
30000 182 0 0
30000 183 0 0
30000 184 0 0
30000 185 0 0
30000 186 0 0
30000 187 0 0
30000 188 0 0
30000 189 0 0
30000 190 0 0
30000 191 0 0
30000 192 0 0
30000 193 0 0
30000 194 0 0
30000 195 0 0
30000 196 0 0
30000 197 0 0
30000 198 0 0
30000 199 0 0
30000 200 0 0
30000 201 0 0
30000 202 0 0
30000 203 0 0
30000 204 0 0
30000 205 0 0
30000 206 0 0
30000 207 0 0
30000 208 0 0
30000 209 0 0
30000 210 0 0
30000 211 0 0
30000 212 0 0
30000 213 0 0
30000 214 0 0
30000 215 0 0
30000 216 0 0
30000 217 0 0
30000 218 0 0
30000 219 0 0
30000 220 0 0
30000 221 0 0
30000 222 0 0
30000 223 0 0
30000 224 0 0
30000 225 0 0
30000 226 0 0
30000 227 0 0
30000 228 0 0
30000 229 0 0
30000 230 0 0
30000 231 0 0
30000 232 0 0
30000 233 0 0
30000 234 0 0
30000 235 0 0
30000 236 0 0
30000 237 0 0
30000 238 0 0
30000 239 0 0
30000 240 0 0
30000 241 0 0
30000 242 0 0
30000 243 0 0
30000 244 0 0
30000 245 0 0
30000 246 0 0
30000 247 0 0
30000 248 0 0
30000 249 0 0
30000 250 0 0
30000 251 0 0
30000 252 0 0
30000 253 0 0
30000 254 0 0
30000 255 0 0
30000 256 0 0
30000 257 0 0
30000 258 0 0
30000 259 0 0
30000 260 0 0
30000 261 0 0
30000 262 0 0
30000 263 0 0
30000 264 0 0
30000 265 0 0
30000 266 0 0
30000 267 0 0
30000 268 0 0
30000 269 0 0
30000 270 0 0
30000 271 0 0
30000 272 0 0
30000 273 0 0
30000 274 0 0
30000 275 0 0
30000 276 0 0
30000 277 0 0
30000 278 0 0
30000 279 0 0
30000 280 0 0
30000 281 0 0
30000 282 0 0
30000 283 0 0
30000 284 0 0
30000 285 0 0
30000 286 0 0
30000 287 0 0
30000 288 0 0
30000 289 0 0
30000 290 0 0
30000 291 0 0
30000 292 0 0
30000 293 0 0
30000 294 0 0
30000 295 0 0
30000 296 0 0
30000 297 0 0
30000 298 0 0
30000 299 0 0
30000 300 0 0
30000 301 0 0
30000 302 0 0
30000 303 0 0
30000 304 0 0
30000 305 0 0
30000 306 0 0
30000 307 0 0
30000 308 0 0
30000 309 0 0
30000 310 0 0
30000 311 0 0
30000 312 0 0
30000 313 0 0
30000 314 0 0
30000 315 0 0
30000 316 0 0
30000 317 0 0
30000 318 0 0
30000 319 0 0
30000 320 0 0
30000 321 0 0
30000 322 0 0
30000 323 0 0
30000 324 0 0
30000 325 0 0
30000 326 0 0
30000 327 0 0
30000 328 0 0
30000 329 0 0
30000 330 0 0
30000 331 0 0
30000 332 0 0
30000 333 0 0
30000 334 0 0
30000 335 0 0
30000 336 0 0
30000 337 0 0
30000 338 0 0
30000 339 0 0
30000 340 0 0
30000 341 0 0
30000 342 0 0
30000 343 0 0
30000 344 0 0
30000 345 0 0
30000 346 0 0
30000 347 0 0
30000 348 0 0
30000 349 0 0
30000 350 0 0
30000 351 0 0
30000 352 0 0
30000 353 0 0
30000 354 0 0
30000 355 0 0
30000 356 0 0
30000 357 0 0
30000 358 0 0
30000 359 0 0
30000 360 0 0
30000 361 0 0
30000 362 0 0
30000 363 0 0
30000 364 0 0
30000 365 0 0
30000 366 0 0
30000 367 0 0
30000 368 0 0
30000 369 0 0
30000 370 0 0
30000 371 0 0
30000 372 0 0
30000 373 0 0
30000 374 0 0
30000 375 0 0
30000 376 0 0
30000 377 0 0
30000 378 0 0
30000 379 0 0
30000 380 0 0
30000 381 0 0
30000 382 0 0
30000 383 0 0
30000 384 0 0
30000 385 0 0
30000 386 0 0
30000 387 0 0
30000 388 0 0
30000 389 0 0
30000 390 0 0
30000 391 0 0
30000 392 0 0
30000 393 0 0
30000 394 0 0
30000 395 0 0
30000 396 0 0
30000 397 0 0
30000 398 0 0
30000 399 0 0
30000 400 0 0
30000 401 0 0
30000 402 0 0
30000 403 0 0
30000 404 0 0
30000 405 0 0
30000 406 0 0
30000 407 0 0
30000 408 0 0
30000 409 0 0
30000 410 0 0
30000 411 0 0
30000 412 0 0
30000 413 0 0
30000 414 0 0
30000 415 0 0
30000 416 0 0
30000 417 0 0
30000 418 0 0
30000 419 0 0
30000 420 0 0
30000 421 0 0
30000 422 0 0
30000 423 0 0
30000 424 0 0
30000 425 0 0
30000 426 0 0
30000 427 0 0
30000 428 0 0
30000 429 0 0
30000 430 0 0
30000 431 0 0
30000 432 0 0
30000 433 0 0
30000 434 0 0
30000 435 0 0
30000 436 0 0
30000 437 0 0
30000 438 0 0
30000 439 0 0
30000 440 0 0
30000 441 0 0
30000 442 0 0
30000 443 0 0
30000 444 0 0
30000 445 0 0
30000 446 0 0
30000 447 0 0
30000 448 0 0
30000 449 0 0
30000 450 0 0
30000 451 0 0
30000 452 0 0
30000 453 0 0
30000 454 0 0
30000 455 0 0
30000 456 0 0
30000 457 0 0
30000 458 0 0
30000 459 0 0
30000 460 0 0
30000 461 0 0
30000 462 0 0
30000 463 0 0
30000 464 0 0
30000 465 0 0
30000 466 0 0
30000 467 0 0
30000 468 0 0
30000 469 0 0
30000 470 0 0
30000 471 0 0
30000 472 0 0
30000 473 0 0
30000 474 0 0
30000 475 6.84758e-05 0
30000 476 0 0
30000 477 0 0
30000 478 0 0
30000 479 0.000515147 0
30000 480 3.32378e-05 0
30000 481 0 0
30000 482 0.000325048 0
30000 483 0 0
30000 484 0.00039242 0
30000 485 0.000140604 0
30000 486 0 0
30000 487 0.000423629 0
30000 488 0 0
30000 489 0.000150741 0
30000 490 0 0
30000 491 0 0
30000 492 0 0
30000 493 0 0
30000 494 0.000268583 0
30000 495 0 0
30000 496 0 0
30000 497 0 0
30000 498 0 0
30000 499 0 0
30000 500 0 0
30000 501 0 0
30000 502 0.000221417 0
30000 503 0 0
30000 504 0 0
30000 505 0 0
30000 506 0 0
30000 507 0 0
30000 508 0 0
30000 509 0 0
30000 510 0 0
30000 511 0 0
30000 512 0 0
30000 513 0 0
30000 514 0 0
30000 515 0 0
30000 516 0 0
30000 517 0 0
30000 518 0 0
30000 519 0 0
30000 520 0 0
30000 521 0 0
30000 522 0 0
30000 523 0 0
30000 524 0 0
30000 525 0 0
30000 526 0 0
30000 527 0 0
30000 528 0 0
30000 529 0 0
30000 530 0 0
30000 531 0 0
30000 532 0 0
30000 533 0 0
30000 534 0 0
30000 535 0 0
30000 536 0 0
30000 537 0 0
30000 538 0 0
30000 539 0 0
30000 540 0 0
30000 541 0 0
30000 542 0 0
30000 543 0 0
30000 544 0 0
30000 545 0 0
30000 546 0 0
30000 547 0 0
30000 548 0 0
30000 549 0 0
30000 550 0 0
30000 551 0 0
30000 552 0 0
30000 553 0 0
30000 554 0 0
30000 555 0 0
30000 556 0 0
30000 557 0 0
30000 558 0 0
30000 559 0 0
30000 560 0 0
30000 561 0 0
30000 562 0 0
30000 563 0 0
30000 564 0 0
30000 565 0 0
30000 566 0 0
30000 567 0 0
30000 568 0 0
30000 569 0 0
30000 570 0 0
30000 571 0 0
30000 572 0 0
30000 573 0 0
30000 574 0 0
30000 575 0 0
30000 576 0 0
30000 577 0 0
30000 578 0 0
30000 579 0 0
30000 580 0 0
30000 581 0 0
30000 582 0 0
30000 583 0 0
30000 584 0 0
30000 585 0 0
30000 586 0 0
30000 587 0 0
30000 588 0 0
30000 589 0 0
30000 590 0 0
30000 591 0 0
30000 592 0 0
30000 593 0 0
30000 594 0 0
30000 595 0 0
30000 596 0 0
30000 597 0 0
30000 598 0 0
30000 599 0 0
30000 600 0 0
30000 601 0 0
30000 602 0 0
30000 603 0 0
30000 604 0 0
30000 605 0 0
30000 606 0 0
30000 607 0 0
30000 608 0 0
30000 609 0 0
30000 610 0 0
30000 611 0 0
30000 612 0 0
30000 613 0 0
30000 614 0 0
30000 615 0 0
30000 616 0 0
30000 617 0 0
30000 618 0 0
30000 619 0 0
30000 620 0 0
30000 621 0 0
30000 622 0 0
30000 623 0 0
30000 624 0 0
30000 625 0 0
30000 626 0 0
30000 627 0 0
30000 628 0 0
30000 629 0 0
30000 630 0 0
30000 631 0 0
30000 632 0 0
30000 633 0 0
30000 634 0 0
30000 635 0 0
30000 636 0 0
30000 637 0 0
30000 638 0 0
30000 639 0 0
30000 640 0 0
30000 641 0 0
30000 642 0 0
30000 643 0 0
30000 644 0 0
30000 645 0 0
30000 646 0 0
30000 647 0 0
30000 648 0 0
30000 649 0 0
30000 650 0 0
30000 651 0 0
30000 652 0 0
30000 653 0 0
30000 654 0 0
30000 655 0 0
30000 656 0 0
30000 657 0 0
30000 658 0 0
30000 659 0 0
30000 660 0 0
30000 661 0 0
30000 662 0 0
30000 663 0 0
30000 664 0 0
30000 665 0 0
30000 666 0 0
30000 667 0 0
30000 668 0 0
30000 669 0 0
30000 670 0 0
30000 671 0 0
30000 672 0 0
30000 673 0 0
30000 674 0 0
30000 675 0 0
30000 676 0 0
30000 677 0 0
30000 678 0 0
30000 679 0 0
30000 680 0 0
30000 681 0 0
30000 682 0 0
30000 683 0 0
30000 684 0 0
30000 685 0 0
30000 686 0 0
30000 687 0 0
30000 688 0 0
30000 689 0 0
30000 690 0 0
30000 691 0 0
30000 692 0 0
30000 693 0 0
30000 694 0 0
30000 695 0 0
30000 696 0 0
30000 697 0 0
30000 698 0 0
30000 699 0 0
30000 700 0 0
30000 701 0 0
30000 702 0 0
30000 703 0 0
30000 704 0 0
30000 705 0 0
30000 706 0 0
30000 707 0 0
30000 708 0 0
30000 709 0 0
30000 710 0 0
30000 711 0 0
30000 712 0 0
30000 713 0 0
30000 714 0 0
30000 715 0 0
30000 716 0 0
30000 717 0 0
30000 718 0 0
30000 719 0 0
30000 720 0 0
30000 721 0 0
30000 722 0 0
30000 723 0 0
30000 724 0 0
30000 725 0 0
30000 726 0 0
30000 727 0 0
30000 728 0 0
30000 729 0 0
30000 730 0 0
30000 731 0 0
30000 732 0 0
30000 733 0 0
30000 734 0 0
30000 735 0 0
30000 736 0 0
30000 737 0 0
30000 738 0 0
30000 739 0 0
30000 740 0 0
30000 741 0 0
30000 742 0 0
30000 743 0 0
30000 744 0 0
30000 745 0 0
30000 746 0 0
30000 747 0 0
30000 748 0 0
30000 749 0 0
30000 750 0 0
30000 751 0 0
30000 752 0 0
30000 753 0 0
30000 754 0 0
30000 755 0 0
30000 756 0 0
30000 757 0 0
30000 758 0 0
30000 759 0 0
30000 760 0 0
30000 761 0 0
30000 762 0 0
30000 763 0 0
30000 764 0 0
30000 765 0 0
30000 766 0 0
30000 767 0 0
30000 768 0 0
30000 769 0 0
30000 770 0 0
30000 771 0 0
30000 772 0 0
30000 773 0 0
30000 774 0 0
30000 775 0 0
30000 776 0 0
30000 777 0 0
30000 778 0 0
30000 779 0 0
30000 780 0 0
30000 781 0 0
30000 782 0 0
30000 783 0 0
30000 784 0 0
30000 785 0 0
30000 786 0 0
30000 787 0 0
30000 788 0 0
30000 789 0 0
30000 790 0 0
30000 791 0 0
30000 792 0 0
30000 793 0 0
30000 794 0 0
30000 795 0 0
30000 796 0 0
30000 797 0 0
30000 798 0 0
30000 799 0 0
30000 800 0 0
30000 801 0 0
30000 802 0 0
30000 803 0 0
30000 804 0 0
30000 805 0 0
30000 806 0 0
30000 807 0 0
30000 808 0 0
30000 809 0 0
30000 810 0 0
30000 811 0 0
30000 812 0 0
30000 813 0 0
30000 814 0 0
30000 815 0 0
30000 816 0 0
30000 817 0 0
30000 818 0 0
30000 819 0 0
30000 820 0 0
30000 821 0 0
30000 822 0 0
30000 823 0 0
30000 824 0 0
30000 825 0 0
30000 826 0 0
30000 827 0 0
30000 828 0 0
30000 829 0 0
30000 830 0 0
30000 831 0 0
30000 832 0 0
30000 833 0 0
30000 834 0 0
30000 835 0 0
30000 836 0 0
30000 837 0 0
30000 838 0 0
30000 839 0 0
30000 840 0 0
30000 841 0 0
30000 842 0 0
30000 843 0 0
30000 844 0 0
30000 845 0 0
30000 846 0 0
30000 847 0 0
30000 848 0 0
30000 849 0 0
30000 850 0 0
30000 851 0 0
30000 852 0 0
30000 853 0 0
30000 854 0 0
30000 855 0 0
30000 856 0 0
30000 857 0 0
30000 858 0 0
30000 859 0 0
30000 860 0 0
30000 861 0 0
30000 862 0 0
30000 863 0 0
30000 864 0 0
30000 865 0 0
30000 866 0 0
30000 867 0 0
30000 868 0 0
30000 869 0 0
30000 870 0 0
30000 871 0 0
30000 872 0 0
30000 873 0 0
30000 874 0 0
30000 875 0 0
30000 876 0 0
30000 877 0 0
30000 878 0 0
30000 879 0 0
30000 880 0 0
30000 881 0 0
30000 882 0 0
30000 883 0 0
30000 884 0 0
30000 885 0 0
30000 886 0 0
30000 887 0 0
30000 888 0 0
30000 889 0 0
30000 890 0 0
30000 891 0 0
30000 892 0 0
30000 893 0 0
30000 894 0 0
30000 895 0 0
30000 896 0 0
30000 897 0 0
30000 898 0 0
30000 899 0 0
30000 900 0 0
30000 901 0 0
30000 902 0 0
30000 903 0 0
30000 904 0 0
30000 905 0 0
30000 906 0 0
30000 907 0 0
30000 908 0 0
30000 909 0 0
30000 910 0 0
30000 911 0 0
30000 912 0 0
30000 913 0 0
30000 914 0 0
30000 915 0 0
30000 916 0 0
30000 917 0 0
30000 918 0 0
30000 919 0 0
30000 920 0 0
30000 921 0 0
30000 922 0 0
30000 923 0 0
30000 924 0 0
30000 925 0 0
30000 926 0 0
30000 927 0 0
30000 928 0 0
30000 929 0 0
30000 930 0 0
30000 931 0 0
30000 932 0 0
30000 933 0 0
30000 934 0 0
30000 935 0 0
30000 936 0 0
30000 937 0 0
30000 938 0 0
30000 939 0 0
30000 940 0 0
30000 941 0 0
30000 942 0 0
30000 943 0 0
30000 944 0 0
30000 945 0 0
30000 946 0 0
30000 947 0 0
30000 948 0 0
30000 949 0 0
30000 950 0 0
30000 951 0 0
30000 952 0 0
30000 953 0 0
30000 954 0 0
30000 955 0 0
30000 956 0 0
30000 957 0 0
30000 958 0 0
30000 959 0 0
30000 960 0 0
30000 961 0 0
30000 962 0 0
30000 963 0 0
30000 964 0 0
30000 965 0 0
30000 966 0 0
30000 967 0 0
30000 968 0 0
30000 969 0 0
30000 970 0 0
30000 971 0 0
30000 972 0 0
30000 973 0 0
30000 974 0 0
30000 975 0 0
30000 976 0 0
30000 977 0 0
30000 978 0 0
30000 979 0 0
30000 980 0 0
30000 981 0 0
30000 982 0 0
30000 983 0 0
30000 984 0 0
30000 985 0 0
30000 986 0 0
30000 987 0 0
30000 988 0 0
30000 989 0 0
30000 990 0 0
30000 991 0 0
30000 992 0 0
30000 993 0 0
30000 994 0 0
30000 995 0 0
30000 996 0 0
30000 997 0 0
30000 998 0 0
30000 999 0 0
30000 1000 0 0
30000 1001 0 0
30000 1002 0 0
30000 1003 0 0
30000 1004 0 0
30000 1005 0 0
30000 1006 0 0
30000 1007 0 0
30000 1008 0 0
30000 1009 0 0
30000 1010 0 0
30000 1011 0 0
30000 1012 0 0
30000 1013 0 0
30000 1014 0 0
30000 1015 0 0
30000 1016 0 0
30000 1017 0 0
30000 1018 0 0
30000 1019 0 0
30000 1020 0 0
30000 1021 0 0
30000 1022 0 0
30000 1023 0 0
30000 1024 0 0
30000 1025 0 0
30000 1026 0 0
30000 1027 0 0
30000 1028 0 0
30000 1029 0 0
30000 1030 0 0
30000 1031 0 0
30000 1032 0 0
30000 1033 0 0
30000 1034 0 0
30000 1035 0 0
30000 1036 0 0
30000 1037 0 0
30000 1038 0 0
30000 1039 0 0
30000 1040 0 0
30000 1041 0 0
30000 1042 0 0
30000 1043 0 0
30000 1044 0 0
30000 1045 0 0
30000 1046 0 0
30000 1047 0 0
30000 1048 0 0
30000 1049 0 0
30000 1050 0 0
30000 1051 0 0
30000 1052 0 0
30000 1053 0 0
30000 1054 0 0
30000 1055 0 0
30000 1056 0 0
30000 1057 0 0
30000 1058 0 0
30000 1059 0 0
30000 1060 0 0
30000 1061 0 0
30000 1062 0 0
30000 1063 0 0
30000 1064 0 0
30000 1065 0 0
30000 1066 0 0
30000 1067 0 0
30000 1068 0 0
30000 1069 0 0
30000 1070 0 0
30000 1071 0 0
30000 1072 0 0
30000 1073 0 0
30000 1074 0 0
30000 1075 0 0
30000 1076 0 0
30000 1077 0 0
30000 1078 0 0
30000 1079 0 0
30000 1080 0 0
30000 1081 0 0
30000 1082 0 0
30000 1083 0 0
30000 1084 0 0
30000 1085 0 0
30000 1086 0 0
30000 1087 0 0
30000 1088 0 0
30000 1089 0 0
30000 1090 0 0
30000 1091 0 0
30000 1092 0 0
30000 1093 0 0
30000 1094 0 0
30000 1095 0 0
30000 1096 0 0
30000 1097 0 0
30000 1098 0 0
30000 1099 0 0
30000 1100 0 0
30000 1101 0 0
30000 1102 0 0
30000 1103 0 0
30000 1104 0 0
30000 1105 0 0
30000 1106 0 0
30000 1107 0 0
30000 1108 0 0
30000 1109 0 0
30000 1110 0 0
30000 1111 0 0
30000 1112 0 0
30000 1113 0 0
30000 1114 0 0
30000 1115 0 0
30000 1116 0 0
30000 1117 0 0
30000 1118 0 0
30000 1119 0 0
30000 1120 0 0
30000 1121 0 0
30000 1122 0 0
30000 1123 0 0
30000 1124 0 0
30000 1125 0 0
30000 1126 0 0
30000 1127 0 0
30000 1128 0 0
30000 1129 0 0
30000 1130 0 0
30000 1131 0 0
30000 1132 0 0
30000 1133 0 0
30000 1134 0 0
30000 1135 0 0
30000 1136 0 0
30000 1137 0 0
30000 1138 0 0
30000 1139 0 0
30000 1140 0 0
30000 1141 0 0
30000 1142 0 0
30000 1143 0 0
30000 1144 0 0
30000 1145 0 0
30000 1146 0 0
30000 1147 0 0
30000 1148 0 0
30000 1149 0 0
