475 2.23784e-21
475 0.000128806
475 7.42561e-13
475 1.73097e-07
475 4.41094e-44
475 1.99463e-63
475 1.82331e-07
475 4.0945e-16
475 4.63155e-08
475 5.00765e-32
475 1.70513e-08
475 5.27645e-06
475 3.67045e-45
475 9.97702e-70
475 4.2115e-43
475 2.93647e-12
475 1.22997e-185
475 3.62834e-07
475 2.08483e-05
475 3.43388e-28
475 5.52032e-151
475 2.41922e-09
475 5.77128e-28
475 3.00942e-10
475 1.06633e-07
475 4.83374e-88
475 4.59467e-52
475 1.18539e-45
475 2.39005e-13
475 7.89318e-05
475 1.47779e-18
475 9.22398e-125
475 0
475 5.85351e-58
475 1.12547e-23
475 1.58189e-08
475 3.54583e-59
475 1.26865e-05
475 4.58847e-06
475 5.80642e-05
475 3.61803e-05
475 3.30338e-05
475 1.08373e-05
475 9.84009e-06
