0 -1
472 1
0 -1
0 1
0 -1
302 1
0 -1
399 1
0 -1
377 1
0 -1
475 1
0 -1
475 1
0 -1
475 1
0 -1
300 1
0 -1
0 1
0 -1
475 1
0 -1
403 1
0 -1
294 1
0 -1
475 1
0 -1
307 1
0 -1
335 1
0 -1
475 1
0 -1
238 1
0 -1
475 1
0 -1
475 1
0 -1
95 1
0 -1
305 1
0 -1
475 1
0 -1
294 1
0 -1
475 1
0 -1
475 1
0 -1
350 1
0 -1
475 1
0 -1
197 1
0 -1
445 1
0 -1
475 1
0 -1
475 1
0 -1
411 1
0 -1
356 1
0 -1
0 1
0 -1
149 1
0 -1
302 1
0 -1
475 1
0 -1
397 1
0 -1
450 1
0 -1
437 1
0 -1
378 1
0 -1
475 1
0 -1
371 1
0 -1
342 1
0 -1
0 1
0 -1
475 1
0 -1
395 1
0 -1
0 1
0 -1
332 1
0 -1
475 1
0 -1
475 1
0 -1
475 1
0 -1
475 1
0 -1
475 1
0 -1
453 1
0 -1
150 1
0 -1
320 1
0 -1
449 1
0 -1
402 1
0 -1
475 1
0 -1
411 1
0 -1
475 1
0 -1
410 1
0 -1
475 1
0 -1
475 1
0 -1
475 1
0 -1
475 1
0 -1
0 1
0 -1
475 1
0 -1
432 1
0 -1
475 1
0 -1
326 1
0 -1
475 1
0 -1
0 1
0 -1
0 1
0 -1
395 1
0 -1
442 1
0 -1
128 1
0 -1
475 1
0 -1
475 1
0 -1
475 1
0 -1
431 1
0 -1
475 1
0 -1
475 1
0 -1
394 1
0 -1
354 1
0 -1
475 1
0 -1
475 1
0 -1
407 1
0 -1
290 1
0 -1
82 1
0 -1
470 1
0 -1
475 1
0 -1
475 1
0 -1
475 1
0 -1
475 1
0 -1
0 1
0 -1
243 1
0 -1
375 1
