0 -1
485 1
483 1
483 -1
483 1
483 -1
483 1
483 -1
483 1
483 -1
482 1
482 -1
482 1
482 -1
482 1
482 -1
482 1
482 -1
482 1
482 -1
481 1
481 -1
481 1
481 -1
481 1
481 -1
480 1
480 -1
480 1
480 -1
480 1
480 -1
480 1
480 -1
480 1
480 -1
480 1
480 -1
480 1
480 -1
479 1
479 -1
479 1
479 -1
479 1
479 -1
479 1
479 -1
479 1
479 -1
478 1
478 -1
478 1
478 -1
477 1
477 -1
477 1
477 -1
477 1
477 -1
476 1
476 -1
476 1
476 -1
476 1
476 -1
476 1
476 -1
476 1
476 -1
476 1
476 -1
476 1
476 -1
476 1
476 -1
476 1
476 -1
476 1
476 -1
475 1
475 -1
475 1
475 -1
475 1
475 -1
475 1
475 -1
475 1
475 -1
0 -1
479 1
479 -12
479 12
479 -1
479 1
479 -1
480 1
479 1
479 -1
478 1
478 -1
478 1
478 -1
478 1
478 -1
478 1
478 -1
478 1
478 -1
478 1
478 -1
477 1
477 -1
477 1
477 -1
477 1
477 -1
476 1
476 -1
476 1
476 -1
476 1
476 -1
476 1
476 -1
476 1
476 -1
476 1
476 -1
476 1
476 -1
475 1
475 -1
475 1
475 -1
475 1
475 -1
475 1
475 -1
475 1
475 -1
475 1
475 -1
475 1
475 -1
0 -1
477 1
477 -12
477 12
477 -1
477 1
477 -1
478 1
477 1
477 -1
477 1
477 -1
477 1
477 -1
477 1
477 -1
477 1
477 -1
476 1
476 -1
476 1
476 -1
476 1
476 -1
476 1
476 -1
475 1
475 -1
475 1
475 -1
475 1
475 -1
487 1
487 -1
0 -1
478 1
478 -13
478 13
478 -1
478 1
478 1
478 -1
478 1
478 -1
478 1
478 -1
477 1
477 -1
477 1
477 -1
477 1
477 -1
477 1
477 -1
476 1
476 -1
476 1
476 -1
476 1
476 -1
476 1
476 -1
476 1
476 -1
476 1
476 -1
476 1
476 -1
476 1
476 -1
476 1
476 -1
476 1
476 -1
479 1
479 -1
0 -1
479 1
479 -12
479 12
479 -1
479 1
479 -1
479 1
478 1
478 -1
478 1
478 -1
478 1
478 -1
477 1
477 -1
477 1
477 -1
476 1
476 -1
476 1
476 -1
476 1
476 -1
476 1
476 -1
476 1
476 -1
476 1
476 -1
475 1
475 -1
475 1
475 -1
475 1
475 -1
475 1
475 -1
475 1
475 -1
475 1
475 -1
475 1
475 -1
477 1
477 -1
476 -13
476 13
479 1
479 -1
0 -1
485 1
483 1
483 -1
483 1
483 -1
483 1
483 -1
483 1
483 -1
482 1
482 -1
482 1
482 -1
482 1
482 -1
482 1
482 -1
481 1
481 -1
481 1
481 -1
481 1
481 -1
481 1
481 -1
481 1
481 -1
480 1
480 -1
480 1
480 -1
480 1
480 -1
480 1
480 -1
480 1
480 -1
479 1
479 -1
479 1
479 -1
479 1
479 -1
479 1
479 -1
479 1
479 -1
478 1
478 -1
478 1
478 -1
478 1
478 -1
478 1
478 -1
477 1
477 -1
477 1
477 -1
477 1
477 -1
477 1
477 -1
476 1
476 -1
476 1
476 -1
476 1
476 -1
476 1
476 -1
476 1
476 -1
475 1
476 -1
475 1
475 -1
475 1
475 -1
475 1
475 -1
475 1
475 -1
475 1
475 -1
475 1
475 -1
0 -1
485 1
483 1
483 -1
483 1
483 -1
483 1
483 -1
483 1
483 -1
483 1
483 -1
483 1
483 -1
482 1
482 -1
482 1
482 -1
481 1
481 -1
481 1
481 -1
481 1
481 -1
481 1
481 -1
481 1
481 -1
481 1
481 -1
481 1
481 -1
480 1
480 -1
480 1
480 -1
480 1
480 -1
480 1
480 -1
479 1
479 -1
479 1
479 -1
479 1
479 -1
478 1
478 -1
478 1
478 -1
478 1
478 -1
478 1
478 -1
478 1
478 -1
477 1
477 -1
477 1
477 -1
477 1
477 -1
477 1
477 -1
477 1
477 -1
476 1
476 -1
476 1
476 -1
476 1
476 -1
476 1
476 -1
476 1
476 -1
476 1
476 -1
476 1
476 -1
475 1
475 -1
475 1
475 -1
475 1
475 -1
475 1
475 -1
475 1
475 -1
475 1
475 -1
475 1
475 -1
0 -1
483 1
483 -13
483 13
483 -1
483 1
483 1
483 -1
482 1
482 -1
482 1
482 -1
482 1
482 -1
482 1
482 -1
482 1
482 -1
481 1
481 -1
481 1
481 -1
481 1
481 -1
481 1
481 -1
481 1
481 -1
481 1
481 -1
480 1
480 -1
480 1
480 -1
480 1
480 -1
480 1
480 -1
479 1
479 -1
479 1
479 -1
478 1
478 -1
478 1
478 -1
478 1
478 -1
478 1
478 -1
478 1
478 -1
477 1
477 -1
476 1
476 -1
476 1
476 -1
476 1
476 -1
476 1
476 -1
476 1
476 -1
476 1
476 -1
475 1
475 -1
475 1
475 -1
475 1
475 -1
475 1
475 -1
475 1
475 -1
489 1
490 -1
489 1
489 -1
478 -13
478 13
487 1
488 -1
488 1
488 -1
488 1
488 -1
487 1
487 -1
0 -1
479 1
479 -12
479 12
479 -1
479 1
479 -1
479 1
479 -1
479 1
478 1
478 -1
478 1
478 -1
477 1
477 -1
477 1
477 -1
477 1
477 -1
476 1
476 -1
476 1
476 -1
475 1
475 -1
475 1
475 -1
475 1
475 -1
475 1
475 -1
475 1
475 -1
0 -1
485 1
483 1
483 -1
483 1
483 -1
482 1
482 -1
482 1
482 -1
482 1
482 -1
482 1
482 -1
481 1
481 -1
481 1
481 -1
481 1
481 -1
481 1
481 -1
481 1
481 -1
480 1
480 -1
480 1
480 -1
480 1
480 -1
480 1
480 -1
479 1
479 -1
479 1
479 -1
479 1
479 -1
479 1
479 -1
478 1
478 -1
478 1
478 -1
478 1
478 -1
478 1
478 -1
477 1
477 -1
477 1
477 -1
477 1
477 -1
476 1
476 -1
475 1
475 -1
475 1
475 -1
475 1
475 -1
475 1
475 -1
475 1
475 -1
475 1
475 -1
