475 9.16961e-23
475 0.00744181
475 0.685299
475 0.096015
475 0.469334
475 0.468994
475 0.360929
476 0.258175
476 0.243943
476 0.184534
476 0.0487353
476 0.590569
476 0.256379
476 0.123719
476 0.216314
476 0.472944
476 0.0549036
477 1.40913
477 0.659147
477 0.343284
478 1.45971
478 0.0422587
479 2.41908
479 0.0690234
479 0.469553
479 0.583214
479 0.599672
480 1.07796
480 0.293829
480 0.143656
480 0.0476393
480 0.331159
480 1.69666
480 0.291808
481 0.556672
481 0.673066
481 1.19813
482 1.62371
482 1.89516
482 0.638537
482 0.475019
482 0.249302
483 0.862811
483 1.31311
483 2.1761
483 0.757043
484 3.24965
484 2.9678
485 2.75954
485 2.62662
485 2.8931
485 3.35155
485 1.1251
483 0.0349392
483 0.0360918
483 0.0375344
483 0.037058
482 0.0399555
482 0.0399807
482 0.0383884
482 0.0486097
482 0.0502308
481 0.0618398
481 0.0548096
481 0.0607643
480 0.0491141
480 0.0423591
480 0.034827
480 0.035897
480 0.034375
480 0.0447584
480 0.0349691
479 0.0372403
479 0.0448738
479 0.0496602
479 0.0728154
479 0.0367076
478 0.067021
478 0.040083
477 0.0361838
477 0.0653252
477 0.0471023
476 0.0678948
476 0.0388919
476 0.0428988
476 0.0696834
476 0.0723726
476 0.0355601
476 0.0588816
476 0.0708732
476 0.0503114
476 0.0641784
475 0.0515434
475 0.0586808
475 0.0445399
475 0.0482213
475 0.0449315
475 9.16961e-23
475 0.489861
475 0.0732432
475 0.116976
475 0.231854
475 0.369589
475 0.104581
475 0.244525
475 0.630235
475 0.0706617
476 0.240895
476 0.306737
476 0.0319163
476 0.351478
476 0.209732
476 0.472182
476 0.214913
477 1.84922
477 0.418241
477 0.0558731
477 1.12806
478 0.0231962
478 0.0558729
478 0.237522
478 0.025041
478 1.09737
478 0.690154
479 1.27495
479 0.888147
479 0.995905
479 1.84207
479 3.29156
480 3.00269
480 2.68013
480 2.77699
480 2.94423
480 3.27913
479 0.0380628
478 0.0417324
478 0.0362601
478 0.0453519
478 0.0515884
478 0.0663998
478 0.0406912
477 0.042062
477 0.0350728
477 0.0358907
476 0.0491509
476 0.0558348
476 0.0584793
476 0.0379602
476 0.0734085
476 0.0722194
476 0.0341794
475 0.0990645
475 0.0373162
475 0.0463625
475 0.0937983
475 0.0456481
475 0.079962
475 0.0382892
475 0
357 0
504 0
734 0
475 9.16961e-23
475 0.698546
475 0.945375
475 0.375687
476 0.476351
476 0.822739
476 0.0558491
476 0.573286
476 0.909373
477 0.259779
477 0.128038
477 0.253573
477 0.598856
477 0.00153715
477 0.922744
477 2.09784
477 3.05548
477 3.3812
477 0.0890303
478 2.77043
478 2.8865
478 2.86793
478 3.08411
478 2.95639
477 0.0442357
477 0.0610377
477 0.0459616
477 0.0377847
477 0.0479114
476 0.0409243
476 0.0924141
476 0.0748248
476 0.04251
475 0.0698143
475 0.0467359
475 0.0642189
487 0
484 0
405 0
487 0.0422214
475 0
243 0
510 0
802 0
520 0
907 0
475 9.16961e-23
476 2.49788
476 0.399645
476 0.177131
476 0.00369165
476 0.101802
476 0.390031
476 0.280323
476 0.0923111
476 0.519422
476 0.010149
477 0.473927
477 0.961362
477 0.864405
477 0.388327
478 0.498912
478 0.105714
478 1.08725
478 0.133937
478 2.85554
478 2.92977
478 3.30879
478 1.11084
478 0.215119
478 0.0806246
475 0
297 0
478 0.0352533
478 0.0564188
478 0.0587576
477 0.0540871
477 0.039799
477 0.0496787
477 0.0651231
476 0.0385291
476 0.0306956
476 0.00955315
476 0.0576521
476 0.0776263
476 0.046262
476 0.0352334
476 0.0918257
476 0.0348022
476 0.0405067
476 0.0356443
479 0.001564
479 0.0343074
507 0
771 0
493 0
632 0
475 9.16961e-23
475 0.0025311
475 0.507213
475 0.244674
475 0.110637
475 0.00595302
475 0.673919
475 0.0185314
475 0.0644679
476 1.16398
476 0.520932
476 0.353732
476 0.38989
476 0.00652895
476 0.34021
477 2.25562
477 0.671233
478 1.34784
478 0.873378
478 0.729555
479 0.940386
479 0.359937
479 3.13292
479 2.41464
479 0.00519416
479 2.89616
479 3.02448
479 2.76557
476 0
479 0
554 0
478 0.0808721
478 0.0375024
478 0.0791728
477 0.0477216
477 0.0533533
476 0.0366422
476 0.0459847
476 0.0766805
476 0.0459496
476 0.0699191
476 0.0887765
475 0.0364965
475 0.0399916
475 0.0837914
475 0.0352144
475 0.0486406
475 0.038231
475 9.86699e-05
475 0.000156597
475 0.000199733
475 0.000471951
475 0.00023157
475 0.000293048
475 0.000752774
475 0.00239015
475 0.0033285
475 0.00165408
475 0.00200921
475 0.00883398
475 0.0142734
477 0
477 0
565 0
477 0.00319991
475 0
357 0
479 0
475 0
197 0
476 0.0441269
479 0.243575
475 9.16961e-23
475 0.32381
475 0.141283
475 0.039476
475 0.942102
475 0.271167
475 0.248548
475 0.329414
476 0.0408901
476 0.644269
476 0.0206608
476 0.640872
476 0.21391
476 0.683169
477 0.279001
477 1.22768
477 0.120125
477 0.656907
478 1.60291
478 0.542775
478 0.533978
478 0.387215
479 0.227578
479 0.68995
479 0.179401
479 0.133247
479 0.153009
479 1.55921
480 0.442914
480 1.56021
480 0.533334
480 0.283446
480 0.214794
481 1.11389
481 0.834576
481 0.65391
481 0.666698
481 0.390553
482 0.630275
482 0.707302
482 2.26182
482 0.899383
483 0.683081
483 0.856282
483 0.902731
483 0.585041
484 2.72777
484 3.05811
485 2.85323
485 2.80197
485 2.69509
485 2.86831
485 3.52042
485 0.0326071
485 0.035299
483 0.0443135
483 0.0376787
483 0.0380607
483 0.0412221
482 0.0423567
482 0.0366965
482 0.0402499
482 0.0342512
481 0.0586757
481 0.0436575
481 0.0617559
481 0.0536384
481 0.036641
480 0.0611761
480 0.0387958
480 0.0480572
480 0.050421
480 0.0493294
479 0.0503551
479 0.0543648
479 0.0354106
479 0.0828654
479 0.0642662
478 0.051717
478 0.0454946
478 0.0844991
478 0.0852403
477 0.0832688
477 0.0803208
477 0.0500862
477 0.0419252
476 0.0781975
476 0.083083
476 0.0395138
476 0.052301
476 0.0477885
476 0.0845653
475 0.0675282
475 0.0822892
475 0.0411632
475 0.0444609
475 0.0640389
475 0.042677
475 9.16961e-23
475 0.181876
475 0.0493004
475 0.829679
475 0.296152
475 0.237442
475 0.312087
475 0.160885
475 0.0286182
476 0.329856
476 0.340564
476 0.501099
476 0.113179
476 0.11941
476 0.733859
476 0.406034
477 0.848359
477 0.0993449
477 0.326554
477 0.491232
477 0.80742
478 0.541608
478 1.23977
478 0.66693
478 0.138987
478 0.0914948
479 0.712504
479 0.598368
479 2.2852
480 1.34989
480 0.00251261
480 1.39853
480 0.143217
481 1.83482
481 1.31296
481 0.163487
481 0.021748
481 0.00561416
481 0.276002
481 0.298572
482 3.92101
482 0.120625
482 0.165982
483 0.405748
483 0.348793
483 0.272831
483 0.545571
483 0.282941
483 1.91924
483 0.371776
484 3.21297
484 2.95299
485 2.87718
485 2.77596
485 2.94432
485 3.4986
485 0.598799
485 0.0270916
485 0.00587292
483 0.0398288
483 0.0353809
483 0.0442564
483 0.0415117
483 0.0374144
483 0.0438022
482 0.0472302
482 0.0458962
481 0.0343369
481 0.0415052
481 0.0571851
481 0.0387645
481 0.0456288
481 0.0570608
481 0.0597046
480 0.0466624
480 0.0417621
480 0.0365487
480 0.0614752
479 0.0399273
479 0.0641399
479 0.058358
478 0.0596842
478 0.0533019
478 0.0574113
478 0.0646763
478 0.0471564
477 0.0351225
477 0.0369117
477 0.0397835
477 0.0771151
477 0.0380157
476 0.086893
476 0.069749
476 0.042226
476 0.0631409
476 0.0365884
476 0.0404892
476 0.0430809
475 0.06149
475 0.0603422
475 0.0985547
475 0.0566167
475 0.0887502
475 0.0813665
475 0.0996799
475 9.16961e-23
475 0.546174
475 0.510262
475 0.0229679
475 0.470025
475 0.606146
476 0.744077
476 0.0301686
476 0.866504
476 0.148621
476 0.529464
476 0.435486
477 1.15851
478 2.0979
478 0.0822188
478 1.15357
478 0.045292
478 0.44733
478 0.47057
479 0.522455
479 0.73184
480 1.84578
480 1.05664
480 1.07136
480 0.442143
481 1.38791
481 0.640818
481 0.182692
481 0.211766
481 1.58382
481 0.195074
482 0.289525
482 1.4258
482 0.152948
482 1.71226
482 0.134079
483 2.31673
483 0.164763
483 1.39338
483 3.26493
483 0.0152063
483 0.00567982
478 0
475 0
397 0
483 0.047347
482 0.0342721
482 0.0485763
482 0.0568117
482 0.0505864
482 0.0422604
481 0.0369271
481 0.056807
481 0.0374557
481 0.0579596
481 0.0351184
481 0.0668685
480 0.0393023
480 0.0505041
480 0.0347099
480 0.0778479
479 0.0369141
479 0.0364212
478 0.0665827
478 0.0556299
478 0.0540786
478 0.0696355
478 0.0498129
477 0.0435245
476 0.0651709
476 0.0651128
476 0.0505201
476 0.0441664
476 0.0414779
476 0.0685637
475 0.0737438
475 0.0349507
475 0.0438577
475 0.0628491
475 0.0501938
489 0.001564
489 0.00151264
490 0.380182
489 0.207795
487 0
482 0
439 0
478 0.0366189
487 0.059482
488 0.495035
488 0.213387
488 0.50091
488 0.0350463
488 0.0466925
487 0.0971763
475 9.16961e-23
475 0.754144
475 0.0713891
475 0.585323
475 0.208913
475 0.478888
475 0.0213272
476 0.456208
476 0.286503
477 2.35818
477 0.0513626
477 0.161979
478 2.40524
478 1.21646
479 2.00596
479 0.309646
479 5.35891
479 0.837249
479 0
479 3.40572
479 0.839481
478 0.0351978
478 0.0918703
477 0.0368803
477 0.0708227
477 0.0488249
476 0.0342293
476 0.0360147
475 0.0440482
475 0.0589754
475 0.0454651
475 0.0569894
475 0.108632
475 0
337 0
475 0
0 0
475 0
255 0
475 0
367 0
475 9.16961e-23
475 0.594321
475 0.26767
475 0.287431
475 0.506907
475 0.432872
475 0.020522
476 1.68832
477 2.22309
477 0.460759
477 0.202553
478 1.08648
478 0.0327232
478 0.0604466
478 0.199338
478 1.20565
478 0.637402
479 1.00748
479 0.117318
479 1.20228
479 1.28877
480 1.25389
480 0.0467057
480 1.22278
480 0.116899
481 1.03285
481 0.991634
481 0.402662
481 1.50594
481 0.4438
482 0.504065
482 0.181454
482 0.484792
482 1.87741
483 2.41006
483 0.229906
483 3.41191
484 3.3972
484 2.81916
485 2.83739
485 2.89265
485 2.92036
485 3.46182
485 0.316494
483 0.0356337
483 0.0350155
482 0.0378709
482 0.0492933
482 0.0351728
482 0.0427159
481 0.0418806
481 0.0376171
481 0.0413285
481 0.0541528
481 0.0518076
480 0.0633448
480 0.0354018
480 0.058011
480 0.0607444
479 0.0400337
479 0.0363952
479 0.0598008
479 0.0372793
478 0.0715965
478 0.0450132
478 0.0479941
478 0.0860744
477 0.0419953
477 0.0629954
477 0.0418902
476 0.0477458
475 0.10137
475 0.0684756
475 0.0726654
475 0.0599271
475 0.0345226
475 0.0800745
