475 2.97229e-21
475 1
475 2.97229e-21
475 0.943877
475 0.056123
475 2.97229e-21
475 0.942748
475 0.0572522
475 2.97229e-21
475 1
475 2.97229e-21
475 0.983334
475 0.0166659
475 2.97229e-21
475 1
475 2.97229e-21
475 1
475 2.97229e-21
475 1
475 2.97229e-21
475 0.985778
475 0.0142217
475 2.97229e-21
475 0.975908
475 0.0113001
475 0.0127921
475 2.97229e-21
475 0.927773
475 0.0722275
475 2.97229e-21
475 1
475 2.97229e-21
475 1
475 2.97229e-21
475 1
475 2.97229e-21
475 0.854755
475 0.145245
475 2.97229e-21
475 0.841744
475 0.128469
475 0.00480275
475 0.0106599
475 0.0143242
475 2.97229e-21
475 0.876292
475 0.123708
475 2.97229e-21
475 1
475 2.97229e-21
475 0.935655
475 0.0643452
475 2.97229e-21
475 1
475 2.97229e-21
475 0.851381
475 0.148619
475 2.97229e-21
475 0.949049
475 0.0509509
475 2.97229e-21
475 1
475 2.97229e-21
475 1
475 2.97229e-21
475 0.858789
475 0.102611
475 0.0194874
475 0.00982898
475 0.00928415
475 2.97229e-21
475 1
475 2.97229e-21
475 0.938854
475 0.0604193
475 0.000726409
475 2.97229e-21
475 1
475 2.97229e-21
475 1
475 2.97229e-21
475 1
475 2.97229e-21
475 0.881906
475 0.102665
475 0.0154291
475 2.97229e-21
475 1
475 2.97229e-21
475 1
475 2.97229e-21
475 0.825966
475 0.120717
475 0.0442177
475 0.00909889
475 2.97229e-21
475 0.948163
475 0.0344627
475 0.00429666
475 0.0130777
475 2.97229e-21
475 1
475 2.97229e-21
475 1
475 2.97229e-21
475 1
475 2.97229e-21
475 0.946424
475 0.0535755
475 2.97229e-21
475 1
475 2.97229e-21
475 1
475 2.97229e-21
475 0.917563
475 0.0808911
475 0.00154595
475 2.97229e-21
475 1
475 2.97229e-21
475 1
475 2.97229e-21
475 0.890371
475 0.109629
475 2.97229e-21
475 1
475 2.97229e-21
475 0.962734
475 0.0372663
475 2.97229e-21
475 1
475 2.97229e-21
475 1
475 2.97229e-21
475 0.98343
475 0.0104264
475 0.00614376
475 2.97229e-21
475 0.827234
475 0.172766
475 2.97229e-21
475 1
475 2.97229e-21
475 0.946507
475 0.0534932
475 2.97229e-21
475 1
475 2.97229e-21
475 1
475 2.97229e-21
475 0.638758
475 0.361242
475 2.97229e-21
475 0.921967
475 0.0780334
475 2.97229e-21
475 0.981525
475 0.0116881
475 0.00678699
475 2.97229e-21
475 0.80114
475 0.18473
475 0.0141292
475 2.97229e-21
475 0.917348
475 0.0826518
475 2.97229e-21
475 1
475 2.97229e-21
475 0.955471
475 0.0322176
475 0.0123116
475 2.97229e-21
475 1
475 2.97229e-21
475 1
475 2.97229e-21
475 0.992252
475 0.00774784
475 2.97229e-21
475 0.947101
475 0.0283529
475 0.0245462
475 2.97229e-21
475 0.801038
475 0.198962
475 2.97229e-21
475 1
475 2.97229e-21
475 1
475 2.97229e-21
475 1
475 2.97229e-21
475 1
475 2.97229e-21
475 1
475 2.97229e-21
475 1
475 2.97229e-21
475 0.802631
475 0.149948
475 0.0474216
475 2.97229e-21
475 0.999076
475 0.000924264
475 2.97229e-21
475 1
475 2.97229e-21
475 0.866407
475 0.126741
475 0.00685157
475 2.97229e-21
475 0.800801
475 0.19175
475 0.00744874
475 2.97229e-21
475 0.978642
475 0.0213578
475 2.97229e-21
475 1
475 2.97229e-21
475 0.964234
475 0.00709853
475 0.0246983
475 0.00396933
475 2.97229e-21
475 0.835232
475 0.157067
475 0.00770007
475 2.97229e-21
475 0.925211
475 0.0747889
475 2.97229e-21
475 0.984785
475 0.0152148
475 2.97229e-21
475 0.891625
475 0.108375
475 2.97229e-21
475 0.92817
475 0.0718296
475 2.97229e-21
475 1
475 2.97229e-21
475 1
475 2.97229e-21
475 0.988397
475 0.0116026
475 2.97229e-21
475 0.951728
475 0.0438922
475 0.00437958
475 2.97229e-21
475 0.719289
475 0.183751
475 0.0969603
475 2.97229e-21
475 0.86015
475 0.13985
475 2.97229e-21
475 1
475 2.97229e-21
475 0.961994
475 0.0339542
475 0.00405164
475 2.97229e-21
475 0.911527
475 0.0367974
475 0.0390977
475 0.0125783
475 2.97229e-21
475 1
475 2.97229e-21
475 0.98201
475 0.00164145
475 0.00553568
475 0.0108127
475 2.97229e-21
475 0.897583
475 0.102417
475 2.97229e-21
475 0.967622
475 0.0249203
475 0.0074578
475 2.97229e-21
475 1
