475 6.12847e-21
475 0.003
475 6.12847e-21
475 0.003
475 6.12847e-21
475 2.70241e-05
475 2.77951e-05
475 6.37767e-12
460 3.20242e-21
475 6.12847e-21
475 6.09873e-06
475 0.0019072
475 0.000491484
475 9.30323e-12
475 3.53881e-06
475 2.14111e-11
475 2.39402e-19
475 9.43912e-07
475 0.000546694
475 1.96774e-05
475 2.29382e-06
475 6.50786e-06
475 9.9986e-06
475 5.56036e-06
475 6.12847e-21
475 0.000540152
475 0.000836722
475 0.000239899
475 1.57735e-07
475 0.000176443
475 3.30802e-07
475 4.05525e-06
475 0.000242269
475 3.40973e-11
475 3.8736e-05
475 0.000289165
475 1.37404e-09
475 6.83126e-06
475 3.28283e-05
475 1.5163e-17
475 1.26782e-06
475 4.70142e-13
475 1.32866e-22
475 4.65314e-11
475 5.47019e-17
475 1.19237e-07
475 0.000591021
475 6.12847e-21
475 3.85555e-05
475 0.00135491
475 4.93698e-05
475 0.000631656
475 1.35595e-07
475 4.18848e-07
475 1.88673e-05
475 7.50672e-10
475 6.81405e-09
475 1.51773e-11
475 2.56258e-07
475 0.000657219
475 2.64229e-15
475 1.33701e-42
475 1.00246e-07
475 1.42399e-28
475 6.71811e-27
475 2.65354e-25
475 4.56007e-11
475 8.634e-22
475 5.7971e-11
475 1.17882e-11
475 5.69166e-19
475 3.19276e-06
475 4.76477e-07
475 8.90038e-33
475 7.64661e-16
475 7.24007e-05
475 9.25183e-17
475 1.61833e-84
475 2.71909e-17
475 4.64172e-56
475 2.5379e-13
475 7.54067e-52
475 8.39328e-42
475 2.84554e-05
475 6.47262e-05
475 1.83122e-05
475 4.00652e-05
475 2.08798e-05
475 6.12847e-21
475 0.003
475 6.12847e-21
475 1.45802e-06
475 0.00079593
475 0.000812804
475 0.000111428
475 8.91173e-07
475 1.54126e-06
475 0.000697334
475 0.000270604
475 8.37386e-39
475 1.43054e-59
475 1.04143e-57
475 4.26455e-41
475 8.8328e-06
475 3.3314e-12
475 2.05213e-20
475 2.84966e-16
475 2.7898e-09
475 2.8104e-13
475 1.97922e-30
475 3.63918e-10
475 1.33478e-14
475 1.56191e-05
475 0.00011154
475 3.33832e-54
475 4.00143e-17
475 2.42095e-07
475 1.60837e-28
475 1.32024e-33
475 1.133e-27
475 2.24792e-51
475 2.84488e-137
475 1.14061e-99
475 2.40733e-40
475 7.14766e-29
475 6.23373e-47
475 0.000149348
475 2.31839e-06
475 1.41761e-05
475 5.92922e-06
475 6.12847e-21
475 0.000354352
475 0.000140014
475 1.25114e-07
226 4.4873e-21
475 6.12847e-21
475 2.12475e-05
475 0.000345391
475 0.000230538
475 0.000335055
475 2.59457e-06
475 1.91127e-05
475 0.000325575
475 5.29942e-05
475 0
475 1.5435e-06
475 0.000316847
475 0
475 1.60671e-05
475 1.89266e-07
475 4.03033e-06
0 4.48905e-21
