0 -1
1149 1
522 1
522 -1
521 1
521 -1
520 1
520 -1
519 1
519 -1
519 1
519 -1
519 1
519 -1
517 1
517 -1
517 1
517 -1
517 1
517 -1
515 1
515 -1
514 1
514 -1
514 1
514 -1
513 1
513 -1
512 1
512 -1
507 1
507 -1
504 1
504 -1
503 1
503 -1
500 1
500 -1
500 1
500 -1
499 1
499 -1
499 1
499 -1
497 1
497 -1
497 1
497 -1
497 1
497 -1
497 1
497 -1
497 1
497 -1
496 1
496 -1
495 1
495 -1
495 1
495 -1
493 1
493 -1
491 1
491 -1
490 1
490 -1
490 1
490 -1
489 1
489 -1
483 1
483 -1
483 1
483 -1
482 1
482 -1
482 1
482 -1
480 1
480 -1
480 1
480 -1
480 1
480 -1
479 1
479 -1
478 1
478 -1
478 1
478 -1
476 1
476 -1
476 1
476 -1
476 1
476 -1
475 1
292 -1
0 -1
1149 1
524 1
524 -1
522 1
522 -1
522 1
522 -1
522 1
522 -1
521 1
521 -1
519 1
519 -1
519 1
519 -1
519 1
519 -1
517 1
517 -1
516 1
516 -1
516 1
516 -1
516 1
516 -1
514 1
514 -1
514 1
514 -1
514 1
514 -1
514 1
514 -1
513 1
513 -1
513 1
513 -1
512 1
512 -1
511 1
511 -1
511 1
511 -1
511 1
511 -1
508 1
508 -1
507 1
507 -1
506 1
506 -1
506 1
506 -1
505 1
505 -1
503 1
503 -1
503 1
503 -1
503 1
503 -1
503 1
503 -1
503 1
503 -1
503 1
503 -1
502 1
502 -1
502 1
502 -1
502 1
502 -1
499 1
499 -1
498 1
498 -1
498 1
499 -1
496 1
496 -1
496 1
496 -1
496 1
496 -1
496 1
496 -1
495 1
495 -1
492 1
492 -1
492 1
492 -1
491 1
491 -1
490 1
490 -1
489 1
489 -1
488 1
488 -1
488 1
488 -1
487 1
487 -1
484 1
485 -1
483 1
483 -1
483 1
483 -1
482 1
482 -1
482 1
482 -1
479 1
479 -1
479 1
479 -1
478 1
479 -1
477 1
477 -1
476 1
476 -1
476 1
476 -1
476 1
476 -1
475 1
475 -1
479 1
479 -1
0 -1
1149 1
877 1
877 -1
524 1
524 -1
522 1
522 -1
522 1
522 -1
522 1
522 -1
521 1
521 -1
519 1
519 -1
518 1
518 -1
518 1
518 -1
517 1
517 -1
517 1
517 -1
516 1
516 -1
516 1
516 -1
515 1
515 -1
514 1
514 -1
513 1
513 -1
511 1
511 -1
511 1
511 -1
511 1
511 -1
510 1
510 -1
510 1
510 -1
509 1
509 -1
508 1
508 -1
508 1
508 -1
507 1
507 -1
507 1
507 -1
507 1
507 -1
507 1
507 -1
506 1
506 -1
497 1
497 -1
496 1
496 -1
495 1
495 -1
495 1
495 -1
494 1
494 -1
493 1
493 -1
492 1
492 -1
492 1
492 -1
491 1
491 -1
490 1
490 -1
489 1
489 -1
489 1
489 -1
486 1
486 -1
486 1
486 -1
485 1
485 -1
484 1
484 -1
483 1
483 -1
481 1
481 -1
481 1
481 -1
479 1
479 -1
478 1
478 -1
478 1
478 -1
478 1
478 -1
475 1
475 -1
0 -1
1149 1
524 1
524 -1
523 1
523 -1
522 1
522 -1
520 1
520 -1
519 1
519 -1
519 1
519 -1
519 1
519 -1
516 1
516 -1
515 1
515 -1
515 1
515 -1
514 1
514 -1
514 1
514 -1
512 1
512 -1
510 1
510 -1
509 1
509 -1
509 1
509 -1
508 1
508 -1
507 1
507 -1
507 1
507 -1
505 1
505 -1
505 1
505 -1
505 1
505 -1
503 1
503 -1
502 1
502 -1
500 1
501 -1
500 1
500 -1
497 1
497 -1
496 1
496 -1
495 1
495 -1
494 1
494 -1
493 1
493 -1
492 1
492 -1
492 1
492 -1
491 1
491 -1
487 1
487 -1
486 1
486 -1
486 1
486 -1
485 1
485 -1
484 1
484 -1
484 1
484 -1
483 1
483 -1
481 1
481 -1
481 1
481 -1
481 1
481 -1
481 1
481 -1
481 1
481 -1
477 1
477 -1
477 1
477 -1
476 1
476 -1
475 1
475 -1
475 1
475 -1
0 -1
1149 1
1100 1
1098 -1
1102 1
1102 -1
1108 1
1108 -1
523 1
523 -1
521 1
521 -1
521 1
521 -1
515 1
515 -1
513 1
513 -1
511 1
511 -1
506 1
506 -1
506 1
506 -1
503 1
503 -1
502 1
502 -1
502 1
502 -1
502 1
502 -1
502 1
502 -1
502 1
502 -1
501 1
501 -1
501 1
501 -1
501 1
501 -1
500 1
500 -1
498 1
498 -1
498 1
498 -1
497 1
497 -1
496 1
496 -1
496 1
496 -1
495 1
495 -1
493 1
493 -1
492 1
492 -1
491 1
491 -1
487 1
487 -1
487 1
487 -1
487 1
487 -1
485 1
485 -1
485 1
485 -1
484 1
484 -1
484 1
484 -1
480 1
480 -1
480 1
480 -1
479 1
479 -1
479 1
479 -1
478 1
478 -1
477 1
477 -1
475 1
475 -1
475 1
475 -1
496 1
496 -1
0 -1
1149 1
523 1
523 -1
523 1
523 -1
523 1
523 -1
522 1
522 -1
521 1
521 -1
521 1
521 -1
521 1
521 -1
520 1
520 -1
520 1
520 -1
519 1
519 -1
518 1
518 -1
517 1
517 -1
517 1
517 -1
517 1
517 -1
517 1
517 -1
516 1
516 -1
516 1
516 -1
516 1
516 -1
514 1
514 -1
513 1
513 -1
512 1
512 -1
510 1
510 -1
510 1
510 -1
509 1
510 -1
509 1
509 -1
509 1
509 -1
507 1
507 -1
506 1
506 -1
503 1
503 -1
502 1
502 -1
501 1
501 -1
500 1
500 -1
498 1
498 -1
498 1
498 -1
497 1
497 -1
496 1
497 -1
495 1
495 -1
494 1
494 -1
491 1
491 -1
490 1
490 -1
488 1
488 -1
487 1
487 -1
487 1
487 -1
485 1
485 -1
484 1
484 -1
484 1
484 -1
484 1
484 -1
483 1
483 -1
482 1
482 -1
482 1
482 -1
481 1
482 -1
480 1
480 -1
480 1
480 -1
480 1
480 -1
480 1
480 -1
478 1
478 -1
476 1
476 -1
0 -1
1149 1
969 1
969 -1
524 1
524 -1
523 1
523 -1
522 1
522 -1
521 1
521 -1
520 1
520 -1
520 1
520 -1
518 1
518 -1
518 1
518 -1
517 1
517 -1
517 1
517 -1
516 1
516 -1
516 1
516 -1
516 1
516 -1
516 1
516 -1
514 1
514 -1
514 1
514 -1
514 1
514 -1
513 1
513 -1
512 1
512 -1
511 1
511 -1
510 1
510 -1
510 1
510 -1
509 1
509 -1
509 1
509 -1
508 1
508 -1
506 1
506 -1
506 1
506 -1
505 1
505 -1
504 1
504 -1
501 1
501 -1
500 1
500 -1
499 1
499 -1
496 1
496 -1
496 1
496 -1
495 1
495 -1
493 1
493 -1
493 1
493 -1
489 1
489 -1
489 1
489 -1
488 1
488 -1
487 1
487 -1
487 1
487 -1
486 1
486 -1
484 1
484 -1
484 1
484 -1
484 1
484 -1
484 1
484 -1
483 1
483 -1
483 1
483 -1
479 1
479 -1
478 1
478 -1
477 1
477 -1
475 1
475 -1
0 -1
1149 1
859 1
859 -1
524 1
524 -1
523 1
523 -1
523 1
523 -1
522 1
522 -1
521 1
521 -1
520 1
520 -1
519 1
520 -1
520 1
520 -1
519 1
519 -1
518 1
518 -1
518 1
518 -1
518 1
518 -1
517 1
517 -1
517 1
517 -1
517 1
517 -1
516 1
516 -1
516 1
516 -1
516 1
516 -1
515 1
515 -1
514 1
514 -1
512 1
512 -1
509 1
509 -1
508 1
508 -1
506 1
506 -1
506 1
506 -1
505 1
505 -1
504 1
504 -1
502 1
502 -1
502 1
502 -1
500 1
500 -1
499 1
499 -1
499 1
499 -1
497 1
497 -1
494 1
494 -1
493 1
493 -1
493 1
493 -1
492 1
492 -1
492 1
492 -1
490 1
490 -1
490 1
490 -1
489 1
489 -1
488 1
488 -1
485 1
485 -1
485 1
485 -1
484 1
484 -1
484 1
484 -1
484 1
484 -1
482 1
482 -1
481 1
481 -1
480 1
480 -1
479 1
479 -1
477 1
477 -1
477 1
477 -1
476 1
476 -1
475 1
475 -1
475 1
475 -1
0 -1
1149 1
1100 1
1078 -1
1080 1
1081 -1
1088 1
1088 -1
1089 1
1090 -1
523 1
523 -1
523 1
523 -1
518 1
518 -1
518 1
518 -1
517 1
517 -1
515 1
515 -1
515 1
515 -1
514 1
514 -1
512 1
512 -1
511 1
511 -1
511 1
511 -1
509 1
509 -1
505 1
505 -1
504 1
504 -1
502 1
502 -1
501 1
501 -1
499 1
499 -1
499 1
499 -1
497 1
497 -1
496 1
496 -1
495 1
495 -1
494 1
494 -1
493 1
493 -1
492 1
492 -1
491 1
491 -1
489 1
489 -1
489 1
489 -1
489 1
489 -1
488 1
488 -1
487 1
487 -1
486 1
486 -1
484 1
484 -1
484 1
484 -1
483 1
483 -1
482 1
482 -1
482 1
482 -1
477 1
477 -1
476 1
476 -1
0 -1
1149 1
524 1
524 -1
524 1
524 -1
524 1
524 -1
523 1
523 -1
521 1
521 -1
519 1
519 -1
519 1
519 -1
519 1
519 -1
519 1
519 -1
518 1
518 -1
515 1
515 -1
514 1
514 -1
512 1
512 -1
510 1
510 -1
510 1
510 -1
508 1
508 -1
508 1
508 -1
504 1
504 -1
504 1
504 -1
504 1
504 -1
503 1
503 -1
500 1
500 -1
498 1
498 -1
497 1
497 -1
495 1
495 -1
495 1
495 -1
494 1
494 -1
491 1
491 -1
491 1
491 -1
489 1
489 -1
488 1
488 -1
488 1
488 -1
488 1
488 -1
488 1
488 -1
487 1
487 -1
487 1
487 -1
485 1
485 -1
484 1
484 -1
482 1
482 -1
482 1
482 -1
481 1
483 -1
483 1
483 -1
482 1
482 -1
480 1
480 -1
479 1
479 -1
479 1
479 -1
478 1
478 -1
478 1
478 -1
478 1
478 -1
477 1
477 -1
476 1
476 -1
476 1
476 -1
476 1
476 -1
475 1
475 -1
475 1
475 -1
518 1
518 -1
0 -1
1149 1
523 1
523 -1
523 1
523 -1
522 1
522 -1
522 1
522 -1
522 1
522 -1
522 1
522 -1
521 1
521 -1
520 1
520 -1
518 1
518 -1
515 1
515 -1
513 1
514 -1
513 1
513 -1
513 1
513 -1
512 1
512 -1
510 1
510 -1
510 1
510 -1
509 1
509 -1
508 1
508 -1
508 1
508 -1
508 1
508 -1
508 1
508 -1
508 1
508 -1
507 1
507 -1
504 1
504 -1
502 1
502 -1
502 1
502 -1
501 1
501 -1
500 1
500 -1
499 1
499 -1
498 1
498 -1
498 1
498 -1
495 1
495 -1
495 1
495 -1
494 1
494 -1
493 1
493 -1
493 1
493 -1
492 1
492 -1
492 1
492 -1
489 1
489 -1
488 1
488 -1
487 1
487 -1
486 1
486 -1
485 1
485 -1
485 1
485 -1
484 1
484 -1
483 1
483 -1
480 1
480 -1
480 1
480 -1
478 1
478 -1
478 1
478 -1
477 1
477 -1
477 1
477 -1
477 1
477 -1
0 -1
1149 1
1115 1
1115 -1
524 1
524 -1
522 1
522 -1
520 1
520 -1
519 1
519 -1
516 1
516 -1
515 1
515 -1
515 1
515 -1
515 1
515 -1
514 1
514 -1
514 1
514 -1
512 1
512 -1
512 1
512 -1
511 1
511 -1
509 1
509 -1
508 1
508 -1
506 1
506 -1
506 1
506 -1
505 1
505 -1
504 1
504 -1
504 1
504 -1
503 1
503 -1
503 1
503 -1
503 1
503 -1
502 1
502 -1
502 1
502 -1
500 1
500 -1
497 1
497 -1
497 1
497 -1
497 1
497 -1
496 1
497 -1
497 1
497 -1
496 1
496 -1
496 1
496 -1
495 1
495 -1
495 1
495 -1
491 1
491 -1
491 1
491 -1
491 1
491 -1
491 1
491 -1
490 1
490 -1
490 1
490 -1
489 1
489 -1
489 1
489 -1
487 1
488 -1
486 1
486 -1
485 1
485 -1
483 1
483 -1
483 1
483 -1
483 1
483 -1
483 1
483 -1
482 1
482 -1
480 1
480 -1
478 1
478 -1
477 1
477 -1
477 1
477 -1
476 1
476 -1
475 1
475 -1
475 1
475 -1
475 1
475 -1
475 1
475 -1
505 1
505 -1
0 -1
1149 1
1131 1
1131 -1
1059 1
1059 -1
524 1
524 -1
524 1
524 -1
524 1
524 -1
523 1
523 -1
523 1
523 -1
523 1
523 -1
522 1
523 -1
523 1
523 -1
522 1
522 -1
522 1
522 -1
521 1
521 -1
520 1
520 -1
518 1
518 -1
518 1
518 -1
518 1
518 -1
518 1
518 -1
517 1
517 -1
516 1
516 -1
515 1
515 -1
515 1
515 -1
513 1
513 -1
510 1
510 -1
508 1
508 -1
507 1
507 -1
507 1
507 -1
506 1
506 -1
502 1
502 -1
502 1
502 -1
501 1
501 -1
500 1
500 -1
499 1
499 -1
498 1
498 -1
497 1
497 -1
496 1
496 -1
494 1
494 -1
493 1
493 -1
491 1
491 -1
488 1
488 -1
487 1
487 -1
487 1
487 -1
486 1
486 -1
484 1
484 -1
483 1
483 -1
483 1
483 -1
482 1
482 -1
482 1
482 -1
482 1
482 -1
476 1
476 -1
476 1
476 -1
0 -1
1149 1
524 1
843 -1
523 1
523 -1
522 1
522 -1
522 1
522 -1
521 1
521 -1
521 1
521 -1
520 1
520 -1
519 1
519 -1
518 1
518 -1
517 1
517 -1
516 1
516 -1
516 1
516 -1
515 1
515 -1
514 1
514 -1
513 1
513 -1
512 1
512 -1
510 1
510 -1
510 1
510 -1
504 1
504 -1
504 1
504 -1
504 1
504 -1
503 1
503 -1
503 1
503 -1
503 1
503 -1
500 1
500 -1
499 1
499 -1
498 1
498 -1
498 1
498 -1
496 1
496 -1
496 1
496 -1
496 1
496 -1
494 1
494 -1
493 1
493 -1
492 1
492 -1
491 1
491 -1
491 1
491 -1
491 1
491 -1
490 1
490 -1
489 1
489 -1
489 1
489 -1
488 1
488 -1
487 1
487 -1
487 1
487 -1
487 1
487 -1
486 1
486 -1
485 1
485 -1
484 1
484 -1
483 1
483 -1
483 1
483 -1
479 1
479 -1
479 1
479 -1
477 1
477 -1
475 1
475 -1
0 -1
1149 1
1049 1
1050 -1
524 1
524 -1
522 1
522 -1
519 1
519 -1
518 1
518 -1
518 1
518 -1
515 1
515 -1
513 1
513 -1
513 1
513 -1
511 1
511 -1
510 1
510 -1
510 1
510 -1
509 1
509 -1
509 1
509 -1
509 1
509 -1
508 1
508 -1
506 1
506 -1
505 1
505 -1
505 1
505 -1
504 1
504 -1
504 1
504 -1
504 1
504 -1
503 1
503 -1
495 1
495 -1
495 1
495 -1
495 1
495 -1
494 1
494 -1
491 1
491 -1
489 1
489 -1
488 1
488 -1
488 1
488 -1
487 1
487 -1
484 1
484 -1
481 1
481 -1
481 1
481 -1
480 1
480 -1
480 1
480 -1
475 1
475 -1
0 -1
1149 1
1046 1
1046 -1
524 1
524 -1
523 1
523 -1
523 1
523 -1
521 1
521 -1
521 1
521 -1
518 1
518 -1
517 1
517 -1
512 1
512 -1
509 1
509 -1
508 1
508 -1
507 1
507 -1
504 1
504 -1
504 1
504 -1
504 1
504 -1
503 1
503 -1
503 1
503 -1
502 1
502 -1
501 1
501 -1
501 1
501 -1
501 1
501 -1
500 1
500 -1
498 1
498 -1
498 1
498 -1
497 1
497 -1
494 1
494 -1
494 1
494 -1
492 1
492 -1
488 1
488 -1
488 1
488 -1
488 1
488 -1
486 1
486 -1
485 1
485 -1
485 1
485 -1
484 1
484 -1
483 1
483 -1
482 1
482 -1
481 1
481 -1
477 1
477 -1
503 1
503 -1
0 -1
1149 1
1014 1
1014 -1
524 1
524 -1
521 1
521 -1
521 1
521 -1
520 1
520 -1
519 1
519 -1
519 1
519 -1
520 1
520 -1
519 1
519 -1
518 1
518 -1
518 1
518 -1
517 1
517 -1
516 1
516 -1
515 1
515 -1
515 1
515 -1
514 1
514 -1
512 1
512 -1
512 1
512 -1
511 1
511 -1
511 1
511 -1
509 1
509 -1
504 1
504 -1
503 1
504 -1
504 1
504 -1
504 1
504 -1
504 1
504 -1
502 1
502 -1
502 1
502 -1
502 1
502 -1
502 1
502 -1
502 1
502 -1
502 1
502 -1
501 1
501 -1
498 1
498 -1
496 1
496 -1
494 1
494 -1
494 1
494 -1
494 1
494 -1
494 1
494 -1
494 1
494 -1
494 1
494 -1
493 1
493 -1
491 1
491 -1
488 1
488 -1
484 1
484 -1
483 1
483 -1
482 1
482 -1
480 1
480 -1
479 1
479 -1
479 1
479 -1
478 1
478 -1
475 1
475 -1
516 1
516 -1
0 -1
1149 1
1089 1
1089 -1
1042 1
1045 -1
1045 1
1045 -1
1045 1
1045 -1
1042 1
1042 -1
522 1
522 -1
522 1
522 -1
521 1
521 -1
521 1
521 -1
520 1
520 -1
518 1
518 -1
515 1
515 -1
515 1
515 -1
515 1
515 -1
513 1
514 -1
511 1
511 -1
510 1
510 -1
505 1
505 -1
504 1
504 -1
497 1
497 -1
497 1
497 -1
496 1
496 -1
495 1
495 -1
495 1
495 -1
489 1
489 -1
489 1
489 -1
487 1
487 -1
487 1
487 -1
486 1
486 -1
486 1
486 -1
484 1
484 -1
483 1
483 -1
480 1
480 -1
480 1
480 -1
479 1
479 -1
477 1
477 -1
477 1
477 -1
477 1
477 -1
476 1
476 -1
476 1
476 -1
475 1
475 -1
0 -1
1149 1
1099 1
1099 -1
524 1
524 -1
524 1
524 -1
521 1
521 -1
520 1
520 -1
519 1
519 -1
517 1
517 -1
517 1
517 -1
516 1
516 -1
515 1
515 -1
515 1
515 -1
513 1
513 -1
513 1
513 -1
512 1
512 -1
512 1
512 -1
511 1
511 -1
511 1
511 -1
511 1
511 -1
510 1
510 -1
510 1
510 -1
510 1
510 -1
509 1
509 -1
509 1
509 -1
508 1
508 -1
507 1
507 -1
507 1
507 -1
507 1
507 -1
505 1
505 -1
505 1
505 -1
505 1
505 -1
503 1
503 -1
503 1
503 -1
501 1
501 -1
500 1
500 -1
500 1
500 -1
500 1
500 -1
497 1
497 -1
496 1
496 -1
495 1
495 -1
494 1
494 -1
494 1
494 -1
494 1
494 -1
493 1
493 -1
491 1
491 -1
490 1
490 -1
488 1
488 -1
487 1
487 -1
486 1
486 -1
483 1
483 -1
483 1
483 -1
482 1
482 -1
481 1
481 -1
479 1
479 -1
479 1
479 -1
477 1
477 -1
477 1
477 -1
476 1
476 -1
475 1
475 -1
475 1
475 -1
506 -13
506 13
0 -1
1149 1
523 1
523 -1
523 1
523 -1
523 1
523 -1
514 1
514 -1
513 1
513 -1
512 1
512 -1
510 1
510 -1
510 1
510 -1
509 1
509 -1
508 1
508 -1
507 1
507 -1
505 1
506 -1
506 1
506 -1
505 1
505 -1
505 1
505 -1
505 1
506 -1
505 1
505 -1
504 1
505 -1
504 1
505 -1
504 1
504 -1
503 1
503 -1
503 1
503 -1
503 1
503 -1
502 1
502 -1
501 1
501 -1
499 1
499 -1
499 1
499 -1
497 1
497 -1
497 1
497 -1
494 1
494 -1
494 1
494 -1
493 1
493 -1
493 1
493 -1
493 1
493 -1
491 1
491 -1
491 1
491 -1
488 1
488 -1
488 1
488 -1
487 1
487 -1
487 1
487 -1
487 1
487 -1
487 1
487 -1
485 1
485 -1
483 1
483 -1
482 1
482 -1
482 1
482 -1
481 1
481 -1
481 1
481 -1
481 1
481 -1
480 1
480 -1
479 1
479 -1
478 1
478 -1
477 1
477 -1
477 1
477 -1
477 1
477 -1
477 1
477 -1
476 1
476 -1
505 1
505 -1
0 -1
1149 1
988 1
989 -1
988 1
988 -1
524 1
524 -1
524 1
524 -1
523 1
524 -1
523 1
523 -1
522 1
522 -1
522 1
522 -1
520 1
520 -1
520 1
520 -1
516 1
516 -1
516 1
516 -1
515 1
515 -1
515 1
515 -1
513 1
513 -1
512 1
512 -1
511 1
511 -1
510 1
510 -1
510 1
510 -1
509 1
509 -1
508 1
508 -1
508 1
508 -1
504 1
504 -1
500 1
500 -1
498 1
498 -1
497 1
497 -1
496 1
496 -1
494 1
494 -1
492 1
492 -1
488 1
488 -1
488 1
488 -1
488 1
488 -1
488 1
488 -1
486 1
486 -1
485 1
485 -1
485 1
485 -1
484 1
484 -1
483 1
483 -1
483 1
483 -1
482 1
482 -1
481 1
481 -1
481 1
481 -1
480 1
480 -1
479 1
479 -1
478 1
478 -1
477 1
477 -1
477 1
477 -1
475 1
475 -1
0 -1
1149 1
1090 1
1093 -1
1092 1
1093 -1
524 1
524 -1
523 1
523 -1
520 1
520 -1
520 1
520 -1
520 1
520 -1
520 1
520 -1
519 1
519 -1
519 1
519 -1
519 1
519 -1
519 1
519 -1
519 1
519 -1
516 1
516 -1
516 1
516 -1
515 1
515 -1
514 1
514 -1
514 1
514 -1
514 1
514 -1
514 1
514 -1
511 1
511 -1
510 1
510 -1
509 1
509 -1
509 1
509 -1
508 1
508 -1
507 1
507 -1
507 1
507 -1
507 1
507 -1
506 1
506 -1
506 1
506 -1
505 1
505 -1
504 1
504 -1
502 1
502 -1
502 1
502 -1
501 1
501 -1
500 1
500 -1
500 1
500 -1
498 1
498 -1
496 1
496 -1
494 1
494 -1
493 1
493 -1
493 1
493 -1
492 1
492 -1
492 1
492 -1
491 1
491 -1
489 1
489 -1
489 1
489 -1
487 1
487 -1
487 1
487 -1
486 1
486 -1
486 1
486 -1
485 1
485 -1
484 1
484 -1
484 1
484 -1
482 1
482 -1
482 1
482 -1
481 1
482 -1
482 1
482 -1
481 1
481 -1
481 1
481 -1
480 1
480 -1
479 1
479 -1
478 1
478 -1
477 1
477 -1
475 1
475 -1
0 -1
1149 1
524 1
524 -1
524 1
524 -1
524 1
524 -1
523 1
523 -1
522 1
522 -1
521 1
521 -1
520 1
520 -1
520 1
520 -1
519 1
519 -1
519 1
519 -1
519 1
519 -1
519 1
520 -1
520 1
520 -1
519 1
519 -1
518 1
518 -1
518 1
518 -1
517 1
517 -1
517 1
517 -1
514 1
514 -1
513 1
513 -1
513 1
513 -1
513 1
513 -1
513 1
513 -1
513 1
513 -1
511 1
511 -1
510 1
510 -1
510 1
510 -1
507 1
507 -1
506 1
506 -1
505 1
505 -1
505 1
505 -1
503 1
503 -1
503 1
503 -1
502 1
502 -1
501 1
501 -1
499 1
499 -1
499 1
499 -1
498 1
498 -1
498 1
498 -1
498 1
498 -1
497 1
497 -1
493 1
494 -1
492 1
492 -1
491 1
491 -1
491 1
491 -1
490 1
490 -1
490 1
490 -1
490 1
490 -1
490 1
490 -1
490 1
490 -1
488 1
488 -1
488 1
488 -1
488 1
488 -1
488 1
488 -1
487 1
487 -1
487 1
487 -1
486 1
486 -1
485 1
485 -1
482 1
482 -1
478 1
478 -1
477 1
477 -1
475 1
475 -1
494 -13
494 13
0 -1
517 1
517 -10
517 10
517 -1
517 1
517 -1
1127 1
524 1
524 -1
524 1
524 -1
524 1
524 -1
524 1
524 -1
524 1
524 -1
523 1
524 -1
523 1
523 -1
523 1
523 -1
523 1
523 -1
522 1
522 -1
522 1
522 -1
522 1
522 -1
521 1
521 -1
521 1
521 -1
521 1
521 -1
521 1
521 -1
521 1
521 -1
520 1
520 -1
519 1
519 -1
518 1
518 -1
517 1
517 -1
517 1
517 -1
511 1
511 -1
510 1
510 -1
510 1
510 -1
509 1
509 -1
509 1
509 -1
508 1
508 -1
507 1
507 -1
506 1
507 -1
506 1
506 -1
503 1
503 -1
503 1
503 -1
503 1
503 -1
501 1
501 -1
499 1
499 -1
497 1
497 -1
495 1
495 -1
494 1
494 -1
493 1
493 -1
492 1
493 -1
491 1
491 -1
491 1
491 -1
491 1
491 -1
491 1
491 -1
491 1
491 -1
491 1
491 -1
490 1
490 -1
489 1
490 -1
489 1
489 -1
488 1
488 -1
486 1
486 -1
485 1
485 -1
485 1
485 -1
485 1
485 -1
480 1
480 -1
480 1
480 -1
479 1
479 -1
479 1
479 -1
479 1
479 -1
479 1
479 -1
478 1
478 -1
478 1
478 -1
477 1
478 -1
475 1
475 -1
517 -1
567 1
521 1
521 -1
521 1
521 -1
521 1
521 -1
521 1
521 -1
521 1
521 -1
521 1
521 -1
521 1
521 -1
521 1
521 -1
521 1
521 -1
521 1
521 -1
521 1
521 -1
521 1
521 -1
521 1
521 -1
520 1
520 -1
520 1
520 -1
520 1
520 -1
520 1
520 -1
520 1
520 -1
520 1
520 -1
520 1
520 -1
520 1
520 -1
520 1
520 -1
520 1
520 -1
520 1
520 -1
520 1
520 -1
520 1
520 -1
520 1
520 -1
520 1
520 -1
520 1
520 -1
520 1
520 -1
520 1
520 -1
520 1
520 -1
520 1
520 -1
520 1
520 -1
519 1
519 -1
519 1
519 -1
519 1
519 -1
519 1
519 -1
519 1
519 -1
519 1
519 -1
519 1
519 -1
519 1
519 -1
519 1
519 -1
519 1
519 -1
519 1
519 -1
518 1
518 -1
518 1
518 -1
518 1
518 -1
518 1
518 -1
518 1
518 -1
518 1
518 -1
518 1
518 -1
518 1
518 -1
518 1
518 -1
518 1
518 -1
518 1
518 -1
518 1
518 -1
518 1
518 -1
518 1
518 -1
517 1
517 -1
517 1
517 -1
517 1
517 -1
517 1
517 -1
517 1
517 -1
517 -1
920 1
524 1
524 -1
523 1
523 -1
523 1
523 -1
522 1
522 -1
520 1
521 -1
520 1
521 -1
520 1
520 -1
520 1
520 -1
520 1
520 -1
520 1
520 -1
519 1
519 -1
519 1
519 -1
519 1
519 -1
519 1
519 -1
518 1
519 -1
518 1
518 -1
518 1
518 -1
517 1
517 -1
495 -13
495 13
0 -1
1149 1
524 1
524 -1
523 1
523 -1
523 1
523 -1
522 1
522 -1
521 1
521 -1
521 1
521 -1
521 1
521 -1
520 1
520 -1
517 1
517 -1
516 1
516 -1
516 1
516 -1
515 1
515 -1
513 1
513 -1
511 1
511 -1
509 1
509 -1
508 1
508 -1
508 1
508 -1
507 1
507 -1
507 1
507 -1
505 1
505 -1
505 1
505 -1
505 1
505 -1
502 1
502 -1
502 1
502 -1
500 1
501 -1
501 1
501 -1
500 1
500 -1
499 1
499 -1
499 1
499 -1
497 1
497 -1
496 1
496 -1
495 1
495 -1
494 1
494 -1
489 1
489 -1
486 1
486 -1
485 1
485 -1
485 1
485 -1
485 1
485 -1
484 1
484 -1
484 1
484 -1
483 1
483 -1
479 1
479 -1
477 1
477 -1
477 1
477 -1
476 1
476 -1
476 1
476 -1
0 -1
1149 1
524 1
524 -1
523 1
523 -1
523 1
523 -1
522 1
522 -1
522 1
522 -1
521 1
521 -1
521 1
521 -1
517 1
517 -1
517 1
517 -1
516 1
516 -1
515 1
515 -1
515 1
515 -1
514 1
514 -1
511 1
511 -1
510 1
510 -1
510 1
510 -1
509 1
509 -1
509 1
509 -1
508 1
508 -1
506 1
507 -1
506 1
506 -1
505 1
505 -1
504 1
504 -1
503 1
503 -1
503 1
503 -1
502 1
502 -1
502 1
502 -1
502 1
502 -1
501 1
501 -1
500 1
500 -1
500 1
500 -1
496 1
496 -1
495 1
495 -1
494 1
494 -1
492 1
493 -1
492 1
492 -1
492 1
492 -1
492 1
492 -1
491 1
491 -1
491 1
491 -1
489 1
489 -1
489 1
489 -1
488 1
488 -1
487 1
487 -1
487 1
487 -1
485 1
485 -1
484 1
484 -1
484 1
484 -1
484 1
484 -1
482 1
482 -1
482 1
482 -1
481 1
481 -1
481 1
481 -1
481 1
481 -1
475 1
475 -1
0 -1
1149 1
523 1
523 -1
522 1
522 -1
518 1
518 -1
517 1
517 -1
516 1
516 -1
515 1
515 -1
514 1
514 -1
514 1
514 -1
513 1
513 -1
512 1
512 -1
512 1
512 -1
511 1
511 -1
508 1
508 -1
507 1
507 -1
507 1
507 -1
506 1
506 -1
504 1
504 -1
498 1
498 -1
498 1
498 -1
498 1
498 -1
498 1
498 -1
497 1
497 -1
496 1
496 -1
496 1
496 -1
496 1
496 -1
494 1
494 -1
493 1
493 -1
493 1
493 -1
492 1
492 -1
490 1
490 -1
490 1
490 -1
489 1
489 -1
489 1
489 -1
486 1
486 -1
485 1
485 -1
482 1
482 -1
481 1
481 -1
481 1
481 -1
480 1
480 -1
479 1
479 -1
477 1
477 -1
0 -1
1149 1
964 1
964 -1
522 1
522 -1
521 1
521 -1
520 1
520 -1
520 1
520 -1
520 1
520 -1
520 1
520 -1
520 1
520 -1
520 1
520 -1
517 1
517 -1
517 1
517 -1
516 1
516 -1
515 1
515 -1
514 1
514 -1
514 1
514 -1
512 1
512 -1
512 1
512 -1
512 1
512 -1
511 1
511 -1
509 1
509 -1
508 1
508 -1
508 1
508 -1
507 1
507 -1
507 1
507 -1
506 1
506 -1
506 1
506 -1
504 1
504 -1
502 1
502 -1
501 1
501 -1
500 1
500 -1
500 1
500 -1
499 1
499 -1
498 1
499 -1
499 1
499 -1
499 1
499 -1
498 1
498 -1
497 1
497 -1
492 1
492 -1
492 1
492 -1
492 1
492 -1
491 1
491 -1
491 1
491 -1
491 1
491 -1
490 1
490 -1
490 1
490 -1
490 1
490 -1
488 1
488 -1
487 1
487 -1
487 1
487 -1
487 1
487 -1
485 1
485 -1
485 1
485 -1
482 1
482 -1
482 1
482 -1
482 1
482 -1
481 1
481 -1
481 1
481 -1
481 1
481 -1
478 1
478 -1
477 1
477 -1
477 1
477 -1
519 1
519 -1
520 1
520 -1
0 -1
1149 1
1034 1
1034 -1
523 1
523 -1
522 1
522 -1
521 1
522 -1
519 1
520 -1
519 1
519 -1
519 1
519 -1
516 1
516 -1
515 1
515 -1
514 1
514 -1
514 1
514 -1
513 1
513 -1
510 1
510 -1
508 1
508 -1
507 1
508 -1
507 1
507 -1
507 1
507 -1
506 1
506 -1
505 1
505 -1
504 1
504 -1
504 1
504 -1
504 1
504 -1
503 1
503 -1
500 1
500 -1
499 1
499 -1
494 1
494 -1
493 1
493 -1
493 1
493 -1
492 1
492 -1
490 1
490 -1
490 1
490 -1
489 1
489 -1
489 1
489 -1
488 1
488 -1
487 1
487 -1
484 1
485 -1
485 1
485 -1
484 1
484 -1
480 1
480 -1
480 1
480 -1
480 1
480 -1
479 1
479 -1
479 1
479 -1
478 1
478 -1
478 1
478 -1
476 1
476 -1
476 1
476 -1
475 1
475 -1
0 -1
1149 1
524 1
524 -1
522 1
522 -1
520 1
520 -1
519 1
519 -1
519 1
519 -1
518 1
518 -1
516 1
516 -1
516 1
516 -1
514 1
514 -1
514 1
514 -1
514 1
514 -1
512 1
512 -1
511 1
511 -1
511 1
511 -1
508 1
508 -1
507 1
507 -1
507 1
507 -1
507 1
507 -1
507 1
507 -1
505 1
505 -1
505 1
505 -1
504 1
504 -1
499 1
499 -1
499 1
499 -1
499 1
499 -1
499 1
499 -1
497 1
497 -1
492 1
492 -1
492 1
492 -1
490 1
490 -1
487 1
487 -1
487 1
487 -1
487 1
487 -1
486 1
486 -1
484 1
484 -1
483 1
483 -1
482 1
482 -1
481 1
481 -1
480 1
480 -1
479 1
479 -1
478 1
478 -1
476 1
476 -1
475 1
475 -1
487 1
487 -1
0 -1
1149 1
522 1
522 -1
522 1
522 -1
521 1
521 -1
521 1
521 -1
520 1
521 -1
518 1
518 -1
518 1
518 -1
518 1
518 -1
517 1
517 -1
517 1
517 -1
517 1
517 -1
516 1
516 -1
515 1
515 -1
515 1
515 -1
515 1
515 -1
515 1
515 -1
512 1
512 -1
509 1
509 -1
509 1
509 -1
509 1
509 -1
509 1
509 -1
508 1
508 -1
508 1
508 -1
507 1
507 -1
506 1
506 -1
505 1
505 -1
504 1
504 -1
504 1
504 -1
504 1
504 -1
502 1
502 -1
501 1
501 -1
501 1
501 -1
501 1
501 -1
499 1
499 -1
499 1
499 -1
499 1
499 -1
499 1
499 -1
498 1
498 -1
497 1
497 -1
497 1
497 -1
496 1
496 -1
496 1
496 -1
494 1
494 -1
491 1
491 -1
489 1
489 -1
488 1
488 -1
487 1
487 -1
483 1
483 -1
482 1
482 -1
479 1
479 -1
479 1
479 -1
477 1
477 -1
477 1
477 -1
477 1
477 -1
475 1
475 -1
0 -1
485 1
485 -12
485 12
485 -1
486 1
485 -1
1149 1
523 1
523 -1
523 1
523 -1
520 1
520 -1
520 1
520 -1
518 1
518 -1
516 1
516 -1
516 1
516 -1
515 1
515 -1
513 1
513 -1
512 1
512 -1
510 1
510 -1
509 1
509 -1
508 1
508 -1
508 1
508 -1
506 1
506 -1
502 1
502 -1
501 1
501 -1
500 1
500 -1
500 1
500 -1
499 1
499 -1
498 1
498 -1
498 1
498 -1
497 1
497 -1
496 1
496 -1
493 1
493 -1
492 1
492 -1
491 1
491 -1
491 1
491 -1
486 1
486 -1
485 1
485 -1
484 1
484 -1
481 1
481 -1
480 1
480 -1
479 1
479 -1
479 1
479 -1
479 1
479 -1
478 1
479 -1
478 1
478 -1
478 1
478 -1
478 1
478 -1
477 1
478 -1
475 1
475 -1
475 1
475 -1
475 1
475 -1
479 1
479 -1
517 1
517 -1
517 1
517 -1
517 1
517 -1
479 -13
479 13
493 -13
493 13
492 -13
492 13
0 -1
1149 1
524 1
524 -1
521 1
521 -1
520 1
520 -1
518 1
518 -1
518 1
518 -1
518 1
519 -1
516 1
516 -1
516 1
516 -1
515 1
515 -1
515 1
515 -1
515 1
515 -1
515 1
515 -1
514 1
515 -1
515 1
515 -1
514 1
514 -1
513 1
513 -1
511 1
511 -1
510 1
510 -1
508 1
508 -1
506 1
506 -1
505 1
506 -1
506 1
506 -1
504 1
504 -1
502 1
502 -1
501 1
501 -1
500 1
500 -1
500 1
500 -1
499 1
499 -1
499 1
499 -1
499 1
499 -1
498 1
498 -1
496 1
496 -1
494 1
494 -1
492 1
492 -1
492 1
492 -1
491 1
491 -1
488 1
488 -1
485 1
485 -1
485 1
486 -1
485 1
485 -1
485 1
485 -1
484 1
484 -1
484 1
484 -1
482 1
483 -1
482 1
482 -1
481 1
481 -1
480 1
480 -1
479 1
479 -1
478 1
478 -1
477 1
478 -1
476 1
476 -1
475 1
475 -1
519 1
519 -1
0 -1
1149 1
523 1
523 -1
522 1
522 -1
522 1
522 -1
521 1
521 -1
521 1
521 -1
520 1
520 -1
520 1
520 -1
520 1
520 -1
520 1
520 -1
519 1
519 -1
519 1
520 -1
519 1
519 -1
516 1
516 -1
516 1
516 -1
516 1
516 -1
516 1
516 -1
515 1
515 -1
514 1
514 -1
514 1
514 -1
513 1
514 -1
513 1
513 -1
512 1
512 -1
512 1
512 -1
511 1
511 -1
511 1
511 -1
511 1
511 -1
511 1
511 -1
509 1
509 -1
509 1
509 -1
508 1
509 -1
507 1
507 -1
506 1
506 -1
506 1
506 -1
506 1
506 -1
505 1
505 -1
505 1
505 -1
505 1
505 -1
503 1
503 -1
502 1
502 -1
501 1
501 -1
500 1
500 -1
500 1
500 -1
500 1
500 -1
500 1
500 -1
500 1
500 -1
498 1
498 -1
497 1
497 -1
496 1
496 -1
495 1
495 -1
495 1
495 -1
494 1
494 -1
494 1
494 -1
494 1
494 -1
494 1
494 -1
493 1
493 -1
492 1
492 -1
491 1
492 -1
491 1
491 -1
488 1
488 -1
487 1
487 -1
487 1
487 -1
487 1
487 -1
481 1
481 -1
481 1
481 -1
480 1
480 -1
478 1
479 -1
478 1
478 -1
0 -1
1149 1
1086 1
1086 -1
524 1
524 -1
523 1
523 -1
523 1
523 -1
522 1
522 -1
522 1
522 -1
521 1
521 -1
519 1
519 -1
517 1
517 -1
517 1
517 -1
516 1
516 -1
516 1
516 -1
515 1
515 -1
515 1
515 -1
514 1
514 -1
514 1
514 -1
514 1
514 -1
512 1
512 -1
512 1
512 -1
512 1
512 -1
511 1
511 -1
510 1
510 -1
509 1
509 -1
508 1
508 -1
507 1
507 -1
507 1
508 -1
508 1
508 -1
507 1
507 -1
505 1
505 -1
504 1
504 -1
504 1
504 -1
503 1
503 -1
502 1
502 -1
501 1
501 -1
499 1
499 -1
497 1
497 -1
496 1
496 -1
496 1
496 -1
495 1
495 -1
495 1
495 -1
495 1
495 -1
495 1
495 -1
492 1
492 -1
492 1
492 -1
491 1
491 -1
490 1
490 -1
489 1
489 -1
488 1
489 -1
485 1
486 -1
485 1
485 -1
485 1
485 -1
482 1
482 -1
482 1
482 -1
480 1
480 -1
478 1
478 -1
478 1
478 -1
478 1
478 -1
478 1
478 -1
516 1
516 -1
0 -1
488 1
488 -12
488 12
488 -1
796 1
519 1
519 -1
518 1
518 -1
517 1
517 -1
516 1
516 -1
516 1
516 -1
516 1
516 -1
515 1
515 -1
515 1
515 -1
515 1
515 -1
514 1
514 -1
514 1
514 -1
513 1
513 -1
513 1
513 -1
513 1
513 -1
512 1
512 -1
512 1
512 -1
511 1
511 -1
511 1
511 -1
511 1
511 -1
511 1
511 -1
510 1
510 -1
510 1
510 -1
510 1
510 -1
510 1
510 -1
510 1
510 -1
509 1
509 -1
509 1
509 -1
508 1
508 -1
508 1
508 -1
507 1
507 -1
506 1
506 -1
506 1
506 -1
505 1
505 -1
505 1
505 -1
505 1
505 -1
503 1
503 -1
502 1
502 -1
502 1
502 -1
502 1
502 -1
502 1
502 -1
502 1
502 -1
500 1
500 -1
500 1
500 -1
500 1
500 -1
499 1
499 -1
499 1
499 -1
498 1
498 -1
498 1
498 -1
497 1
497 -1
497 1
497 -1
496 1
496 -1
496 1
496 -1
496 1
496 -1
495 1
495 -1
495 1
495 -1
495 1
495 -1
494 1
494 -1
494 1
494 -1
493 1
493 -1
492 1
492 -1
492 1
492 -1
491 1
491 -1
491 1
491 -1
491 1
491 -1
490 1
490 -1
490 1
490 -1
489 1
489 -1
488 1
488 -1
488 1
488 -1
486 1
486 -1
485 1
485 -1
485 1
485 -1
483 1
483 -1
483 1
483 -1
482 1
482 -1
481 1
481 -1
481 1
481 -1
481 1
481 -1
481 1
481 -1
481 1
481 -1
480 1
480 -1
479 1
479 -1
478 1
479 -1
479 1
479 -1
476 1
476 -1
475 1
475 -1
488 -1
938 1
524 1
524 -1
524 1
524 -1
523 1
523 -1
522 1
522 -1
522 1
522 -1
521 1
521 -1
520 1
520 -1
519 1
519 -1
518 1
518 -1
516 1
516 -1
516 1
516 -1
515 1
515 -1
513 1
513 -1
512 1
512 -1
511 1
511 -1
511 1
511 -1
509 1
509 -1
508 1
508 -1
507 1
507 -1
507 1
507 -1
507 1
507 -1
506 1
506 -1
505 1
505 -1
504 1
504 -1
501 1
501 -1
499 1
499 -1
498 1
498 -1
498 1
498 -1
497 1
497 -1
497 1
497 -1
495 1
495 -1
495 1
495 -1
493 1
493 -1
492 1
492 -1
491 1
491 -1
490 1
490 -1
490 1
490 -1
490 1
490 -1
488 1
488 -1
488 1
488 -1
512 1
512 -1
493 1
493 -1
476 -13
476 13
0 -1
1149 1
524 1
524 -1
517 1
517 -1
516 1
516 -1
513 1
513 -1
513 1
513 -1
510 1
510 -1
509 1
509 -1
509 1
509 -1
508 1
508 -1
507 1
507 -1
506 1
506 -1
505 1
505 -1
504 1
504 -1
504 1
504 -1
504 1
504 -1
503 1
503 -1
502 1
502 -1
502 1
502 -1
500 1
500 -1
500 1
500 -1
499 1
499 -1
497 1
497 -1
497 1
497 -1
496 1
496 -1
495 1
495 -1
495 1
495 -1
493 1
493 -1
491 1
492 -1
490 1
490 -1
490 1
490 -1
486 1
486 -1
486 1
486 -1
485 1
485 -1
485 1
485 -1
485 1
485 -1
483 1
483 -1
483 1
483 -1
483 1
483 -1
482 1
483 -1
482 1
482 -1
481 1
481 -1
480 1
480 -1
477 1
478 -1
477 1
477 -1
476 1
476 -1
0 -1
1149 1
524 1
524 -1
524 1
524 -1
524 1
524 -1
522 1
522 -1
517 1
517 -1
516 1
516 -1
516 1
516 -1
516 1
516 -1
514 1
514 -1
514 1
514 -1
513 1
513 -1
512 1
512 -1
511 1
511 -1
507 1
507 -1
505 1
505 -1
505 1
505 -1
504 1
504 -1
503 1
503 -1
503 1
503 -1
502 1
502 -1
501 1
501 -1
501 1
501 -1
500 1
500 -1
499 1
499 -1
499 1
499 -1
497 1
497 -1
497 1
497 -1
493 1
493 -1
492 1
492 -1
492 1
492 -1
492 1
492 -1
492 1
492 -1
491 1
491 -1
491 1
491 -1
491 1
491 -1
488 1
488 -1
487 1
487 -1
483 1
483 -1
483 1
483 -1
481 1
481 -1
481 1
481 -1
479 1
479 -1
479 1
479 -1
479 1
479 -1
479 1
479 -1
479 1
479 -1
477 1
477 -1
0 -1
1149 1
1134 1
1134 -1
524 1
524 -1
524 1
524 -1
524 1
524 -1
523 1
523 -1
522 1
522 -1
522 1
522 -1
519 1
519 -1
517 1
517 -1
516 1
517 -1
516 1
516 -1
515 1
515 -1
514 1
514 -1
514 1
514 -1
513 1
513 -1
513 1
513 -1
512 1
512 -1
512 1
512 -1
511 1
511 -1
510 1
510 -1
510 1
510 -1
509 1
509 -1
508 1
508 -1
508 1
508 -1
507 1
507 -1
507 1
507 -1
506 1
506 -1
505 1
505 -1
505 1
505 -1
505 1
505 -1
504 1
504 -1
504 1
504 -1
503 1
503 -1
499 1
499 -1
499 1
499 -1
498 1
498 -1
497 1
497 -1
495 1
495 -1
493 1
493 -1
493 1
493 -1
491 1
491 -1
491 1
491 -1
491 1
491 -1
490 1
490 -1
490 1
490 -1
487 1
487 -1
486 1
486 -1
485 1
485 -1
484 1
484 -1
484 1
484 -1
482 1
482 -1
481 1
481 -1
481 1
481 -1
481 1
481 -1
481 1
481 -1
480 1
480 -1
476 1
476 -1
475 1
475 -1
502 1
502 -1
504 1
504 -1
498 1
498 -1
498 1
498 -1
497 1
497 -1
498 1
498 -1
0 -1
1149 1
930 1
930 -1
524 1
524 -1
524 1
524 -1
521 1
521 -1
520 1
520 -1
520 1
520 -1
520 1
520 -1
519 1
520 -1
519 1
519 -1
517 1
517 -1
513 1
514 -1
513 1
513 -1
510 1
510 -1
509 1
509 -1
508 1
508 -1
507 1
507 -1
504 1
504 -1
504 1
504 -1
504 1
504 -1
502 1
502 -1
502 1
502 -1
501 1
501 -1
501 1
501 -1
501 1
501 -1
499 1
499 -1
498 1
498 -1
495 1
495 -1
495 1
495 -1
494 1
494 -1
492 1
492 -1
492 1
492 -1
490 1
490 -1
490 1
491 -1
490 1
490 -1
487 1
487 -1
484 1
484 -1
484 1
484 -1
484 1
484 -1
484 1
484 -1
484 1
484 -1
482 1
482 -1
482 1
482 -1
481 1
481 -1
481 1
481 -1
481 1
481 -1
479 1
479 -1
477 1
477 -1
517 1
517 -1
0 -1
1149 1
968 1
968 -1
521 1
521 -1
521 1
521 -1
521 1
521 -1
520 1
520 -1
518 1
519 -1
518 1
518 -1
518 1
518 -1
517 1
517 -1
516 1
516 -1
515 1
515 -1
515 1
515 -1
514 1
514 -1
512 1
512 -1
507 1
507 -1
506 1
506 -1
506 1
506 -1
506 1
506 -1
504 1
504 -1
503 1
503 -1
501 1
501 -1
498 1
498 -1
497 1
497 -1
497 1
497 -1
494 1
494 -1
492 1
492 -1
490 1
490 -1
489 1
489 -1
487 1
487 -1
487 1
487 -1
486 1
487 -1
486 1
486 -1
482 1
482 -1
482 1
482 -1
481 1
481 -1
481 1
481 -1
481 1
481 -1
480 1
480 -1
480 1
480 -1
480 1
480 -1
479 1
479 -1
478 1
478 -1
478 1
478 -1
477 1
477 -1
476 1
476 -1
495 1
495 -1
0 -1
1149 1
524 1
524 -1
523 1
523 -1
523 1
523 -1
522 1
522 -1
520 1
521 -1
519 1
519 -1
519 1
519 -1
518 1
518 -1
517 1
517 -1
517 1
517 -1
516 1
517 -1
516 1
516 -1
515 1
515 -1
515 1
515 -1
515 1
515 -1
512 1
512 -1
509 1
510 -1
509 1
509 -1
509 1
509 -1
508 1
508 -1
507 1
507 -1
507 1
507 -1
505 1
505 -1
503 1
503 -1
502 1
502 -1
502 1
502 -1
500 1
500 -1
498 1
498 -1
497 1
497 -1
497 1
497 -1
496 1
496 -1
495 1
495 -1
494 1
494 -1
494 1
494 -1
493 1
493 -1
493 1
493 -1
491 1
491 -1
490 1
490 -1
490 1
490 -1
490 1
490 -1
488 1
488 -1
488 1
488 -1
487 1
488 -1
486 1
486 -1
484 1
484 -1
484 1
484 -1
483 1
483 -1
482 1
482 -1
481 1
481 -1
480 1
481 -1
479 1
479 -1
478 1
478 -1
477 1
477 -1
0 -1
1149 1
522 1
522 -1
522 1
522 -1
522 1
522 -1
522 1
522 -1
521 1
521 -1
521 1
521 -1
517 1
517 -1
516 1
516 -1
516 1
516 -1
516 1
516 -1
516 1
516 -1
515 1
515 -1
515 1
515 -1
515 1
515 -1
513 1
513 -1
513 1
513 -1
512 1
512 -1
511 1
511 -1
510 1
510 -1
509 1
509 -1
508 1
508 -1
505 1
505 -1
505 1
505 -1
502 1
502 -1
501 1
502 -1
500 1
500 -1
499 1
499 -1
499 1
499 -1
498 1
498 -1
498 1
498 -1
497 1
497 -1
496 1
497 -1
496 1
496 -1
495 1
495 -1
495 1
495 -1
495 1
495 -1
495 1
495 -1
494 1
494 -1
491 1
491 -1
489 1
489 -1
488 1
488 -1
488 1
488 -1
487 1
487 -1
487 1
487 -1
486 1
486 -1
485 1
485 -1
485 1
485 -1
484 1
484 -1
483 1
483 -1
482 1
482 -1
480 1
480 -1
480 1
480 -1
479 1
479 -1
476 1
476 -1
475 1
475 -1
0 -1
1149 1
524 1
524 -1
524 1
524 -1
523 1
523 -1
523 1
523 -1
523 1
523 -1
522 1
522 -1
517 1
517 -1
516 1
516 -1
515 1
515 -1
515 1
515 -1
513 1
513 -1
511 1
511 -1
511 1
511 -1
511 1
511 -1
511 1
511 -1
510 1
510 -1
510 1
510 -1
509 1
509 -1
509 1
509 -1
509 1
509 -1
507 1
507 -1
506 1
506 -1
506 1
506 -1
505 1
505 -1
505 1
505 -1
504 1
504 -1
503 1
503 -1
503 1
503 -1
502 1
502 -1
502 1
502 -1
501 1
501 -1
500 1
500 -1
498 1
498 -1
498 1
498 -1
498 1
498 -1
498 1
498 -1
496 1
496 -1
496 1
496 -1
494 1
494 -1
491 1
491 -1
490 1
490 -1
489 1
489 -1
488 1
488 -1
484 1
484 -1
479 1
479 -1
478 1
478 -1
478 1
478 -1
478 1
478 -1
476 1
476 -1
476 1
476 -1
475 1
475 -1
520 -13
520 13
0 -1
1149 1
522 1
522 -1
521 1
521 -1
520 1
520 -1
520 1
520 -1
520 1
520 -1
518 1
518 -1
518 1
518 -1
517 1
517 -1
516 1
516 -1
516 1
516 -1
513 1
513 -1
512 1
512 -1
509 1
509 -1
509 1
509 -1
509 1
509 -1
507 1
507 -1
506 1
506 -1
504 1
505 -1
505 1
505 -1
504 1
504 -1
504 1
504 -1
501 1
501 -1
498 1
498 -1
497 1
497 -1
497 1
497 -1
497 1
497 -1
496 1
496 -1
493 1
493 -1
492 1
492 -1
492 1
492 -1
491 1
491 -1
491 1
491 -1
490 1
490 -1
489 1
489 -1
489 1
489 -1
488 1
488 -1
488 1
488 -1
488 1
488 -1
487 1
487 -1
487 1
487 -1
487 1
487 -1
485 1
485 -1
485 1
485 -1
485 1
485 -1
483 1
483 -1
483 1
483 -1
480 1
480 -1
480 1
480 -1
479 1
479 -1
477 1
477 -1
476 1
476 -1
0 -1
478 1
478 -11
478 11
478 -1
478 1
478 -1
481 1
481 1
481 -1
481 1
481 -1
481 1
481 -1
481 1
481 -1
481 1
481 -1
481 1
481 -1
480 1
480 -1
480 1
480 -1
480 1
480 -1
480 1
480 -1
479 1
479 -1
479 1
479 -1
479 1
479 -1
478 1
478 -1
478 1
478 -1
478 1
478 -1
477 1
477 -1
475 1
475 -1
506 1
506 -1
506 1
506 -1
506 1
506 -1
481 -12
481 12
481 -1
481 1
481 -1
481 1
481 -1
611 1
495 1
495 -1
495 1
495 -1
495 1
495 -1
494 1
494 -1
494 1
494 -1
494 1
494 -1
494 1
494 -1
494 1
494 -1
494 1
494 -1
494 1
494 -1
494 1
494 -1
494 1
494 -1
494 1
494 -1
493 1
493 -1
493 1
493 -1
493 1
493 -1
493 1
493 -1
493 1
493 -1
493 1
493 -1
493 1
493 -1
493 1
493 -1
493 1
493 -1
492 1
492 -1
492 1
492 -1
492 1
492 -1
492 1
492 -1
492 1
492 -1
492 1
492 -1
492 1
492 -1
492 1
492 -1
491 1
491 -1
491 1
491 -1
491 1
491 -1
491 1
491 -1
490 1
490 -1
490 1
490 -1
489 1
489 -1
489 1
489 -1
489 1
489 -1
489 1
489 -1
489 1
489 -1
489 1
489 -1
489 1
489 -1
488 1
488 -1
488 1
488 -1
488 1
488 -1
488 1
488 -1
488 1
488 -1
488 1
488 -1
488 1
488 -1
487 1
487 -1
487 1
487 -1
487 1
487 -1
487 1
487 -1
486 1
486 -1
486 1
486 -1
486 1
486 -1
486 1
486 -1
486 1
486 -1
486 1
486 -1
486 1
486 -1
486 1
486 -1
486 1
486 -1
486 1
486 -1
486 1
486 -1
486 1
486 -1
485 1
485 -1
485 1
485 -1
485 1
485 -1
485 1
485 -1
485 1
485 -1
485 1
485 -1
485 1
485 -1
485 1
485 -1
484 1
484 -1
484 1
484 -1
484 1
484 -1
484 1
483 -1
483 1
483 -1
483 1
483 -1
483 1
483 -1
483 1
483 -1
483 1
483 -1
483 1
483 -1
483 1
483 -1
483 1
483 -1
483 1
483 -1
482 1
482 -1
482 1
482 -1
482 1
482 -1
481 1
481 -1
483 -13
483 13
478 -1
485 1
485 -12
485 12
485 -1
479 1
480 1
480 -1
480 1
480 -1
480 1
480 -1
480 1
480 -1
480 1
480 -1
481 1
481 -1
481 1
481 -1
481 1
481 -1
481 1
481 -1
481 1
481 -1
481 1
481 -1
481 1
481 -1
481 1
481 -1
481 1
481 -1
481 1
481 -1
482 1
482 -1
482 1
482 -1
482 1
482 -1
482 1
482 -1
482 1
482 -1
482 1
482 -1
482 1
482 -1
482 1
482 -1
482 1
482 -1
483 1
483 -1
483 1
483 -1
483 1
483 -1
483 1
483 -1
483 1
483 -1
483 1
483 -1
483 1
483 -1
483 1
483 -1
483 1
483 -1
483 1
483 -1
484 1
484 -1
484 1
484 -1
484 1
484 -1
484 1
484 -1
484 1
484 -1
484 1
484 -1
484 1
484 -1
484 1
484 -1
485 1
485 -1
485 1
485 -1
485 1
485 -1
485 1
485 -1
485 1
485 -1
485 1
485 -1
485 1
485 -1
485 1
485 -1
485 1
485 -1
485 1
485 -1
485 1
485 -1
484 1
484 -1
484 1
484 -1
484 1
484 -1
482 1
482 -1
481 1
481 -1
481 1
481 -1
480 1
480 -1
480 1
480 -1
480 1
480 -1
479 1
479 -1
479 1
479 -1
479 1
479 -1
479 1
479 -1
479 1
479 -1
479 1
479 -1
489 1
489 -1
485 -1
826 1
513 1
513 -1
513 1
513 -1
512 1
512 -1
512 1
512 -1
512 1
512 -1
512 1
512 -1
512 1
512 -1
512 1
512 -1
511 1
512 -1
511 1
511 -1
511 1
511 -1
510 1
510 -1
510 1
510 -1
510 1
510 -1
510 1
510 -1
510 1
510 -1
509 1
509 -1
509 1
509 -1
508 1
508 -1
507 1
507 -1
506 1
506 -1
506 1
506 -1
506 1
506 -1
506 1
506 -1
504 1
504 -1
504 1
504 -1
503 1
503 -1
503 1
503 -1
503 1
503 -1
500 1
500 -1
500 1
500 -1
498 1
498 -1
498 1
498 -1
498 1
498 -1
497 1
497 -1
496 1
496 -1
496 1
496 -1
496 1
496 -1
495 1
495 -1
495 1
495 -1
495 1
495 -1
494 1
494 -1
494 1
494 -1
494 1
494 -1
493 1
493 -1
492 1
492 -1
492 1
492 -1
492 1
492 -1
492 1
492 -1
491 1
491 -1
491 1
491 -1
491 1
491 -1
491 1
491 -1
491 1
491 -1
490 1
490 -1
489 1
489 -1
489 1
489 -1
488 1
488 -1
488 1
488 -1
487 1
487 -1
487 1
487 -1
487 1
487 -1
487 1
487 -1
487 1
487 -1
486 1
486 -1
486 1
486 -1
486 1
486 -1
486 1
486 -1
479 1
479 -1
479 1
479 -1
485 -13
485 13
480 -13
480 13
0 -1
1149 1
852 1
853 -1
523 1
523 -1
523 1
523 -1
522 1
522 -1
520 1
520 -1
520 1
520 -1
520 1
520 -1
516 1
516 -1
516 1
516 -1
515 1
515 -1
511 1
511 -1
510 1
510 -1
509 1
509 -1
508 1
509 -1
504 1
504 -1
502 1
502 -1
502 1
502 -1
501 1
501 -1
500 1
500 -1
499 1
499 -1
498 1
499 -1
499 1
499 -1
499 1
499 -1
495 1
495 -1
494 1
494 -1
494 1
494 -1
491 1
491 -1
491 1
491 -1
490 1
490 -1
488 1
488 -1
488 1
488 -1
486 1
486 -1
486 1
486 -1
485 1
485 -1
485 1
485 -1
483 1
483 -1
483 1
483 -1
483 1
483 -1
482 1
482 -1
482 1
482 -1
481 1
481 -1
479 1
479 -1
479 1
479 -1
479 1
479 -1
479 1
479 -1
476 1
476 -1
0 -1
1149 1
523 1
523 -1
522 1
522 -1
522 1
522 -1
521 1
521 -1
519 1
519 -1
516 1
516 -1
516 1
516 -1
515 1
515 -1
515 1
515 -1
515 1
515 -1
515 1
515 -1
514 1
514 -1
514 1
514 -1
514 1
514 -1
513 1
513 -1
512 1
512 -1
509 1
509 -1
508 1
508 -1
507 1
507 -1
506 1
506 -1
504 1
504 -1
504 1
504 -1
503 1
503 -1
501 1
501 -1
500 1
500 -1
499 1
499 -1
497 1
498 -1
498 1
498 -1
497 1
497 -1
497 1
497 -1
496 1
496 -1
495 1
495 -1
494 1
494 -1
491 1
491 -1
490 1
491 -1
490 1
490 -1
490 1
490 -1
488 1
488 -1
486 1
486 -1
485 1
485 -1
484 1
485 -1
484 1
485 -1
481 1
482 -1
481 1
481 -1
481 1
481 -1
476 1
476 -1
475 1
475 -1
487 1
487 -1
482 1
482 -1
485 1
485 -1
0 -1
1149 1
947 1
947 -1
523 1
523 -1
523 1
523 -1
523 1
523 -1
521 1
521 -1
521 1
521 -1
521 1
521 -1
520 1
520 -1
518 1
518 -1
515 1
515 -1
514 1
514 -1
513 1
513 -1
513 1
513 -1
512 1
512 -1
511 1
511 -1
510 1
510 -1
510 1
510 -1
508 1
508 -1
508 1
508 -1
507 1
507 -1
506 1
506 -1
506 1
506 -1
506 1
506 -1
504 1
504 -1
503 1
503 -1
502 1
503 -1
503 1
503 -1
500 1
500 -1
498 1
498 -1
498 1
498 -1
498 1
498 -1
496 1
496 -1
493 1
493 -1
493 1
493 -1
492 1
492 -1
491 1
491 -1
491 1
491 -1
490 1
490 -1
490 1
490 -1
490 1
490 -1
488 1
488 -1
487 1
487 -1
485 1
485 -1
485 1
485 -1
484 1
484 -1
481 1
481 -1
480 1
480 -1
480 1
480 -1
479 1
479 -1
478 1
479 -1
478 1
478 -1
478 1
478 -1
476 1
476 -1
508 1
508 -1
0 -1
1149 1
903 1
903 -1
521 1
521 -1
521 1
521 -1
520 1
520 -1
519 1
519 -1
517 1
517 -1
514 1
514 -1
513 1
513 -1
513 1
513 -1
513 1
513 -1
511 1
511 -1
511 1
511 -1
510 1
510 -1
507 1
507 -1
506 1
506 -1
505 1
505 -1
505 1
505 -1
504 1
504 -1
503 1
503 -1
503 1
503 -1
502 1
502 -1
502 1
502 -1
500 1
500 -1
500 1
500 -1
498 1
498 -1
497 1
497 -1
496 1
496 -1
496 1
496 -1
496 1
496 -1
496 1
496 -1
495 1
495 -1
494 1
494 -1
494 1
494 -1
493 1
493 -1
492 1
492 -1
488 1
488 -1
486 1
486 -1
485 1
485 -1
484 1
484 -1
482 1
482 -1
480 1
480 -1
479 1
479 -1
478 1
478 -1
477 1
477 -1
477 1
477 -1
477 1
477 -1
477 1
477 -1
476 1
476 -1
476 1
476 -1
0 -1
1149 1
522 1
522 -1
521 1
521 -1
518 1
518 -1
516 1
516 -1
516 1
516 -1
515 1
515 -1
513 1
513 -1
513 1
513 -1
513 1
513 -1
512 1
512 -1
512 1
512 -1
512 1
512 -1
511 1
511 -1
510 1
510 -1
510 1
510 -1
510 1
510 -1
509 1
510 -1
509 1
509 -1
508 1
508 -1
507 1
507 -1
506 1
506 -1
506 1
506 -1
505 1
505 -1
505 1
505 -1
505 1
505 -1
504 1
504 -1
503 1
503 -1
502 1
502 -1
501 1
501 -1
500 1
500 -1
499 1
499 -1
498 1
498 -1
498 1
498 -1
497 1
497 -1
495 1
495 -1
494 1
494 -1
494 1
494 -1
492 1
492 -1
492 1
492 -1
491 1
491 -1
491 1
491 -1
491 1
491 -1
490 1
490 -1
489 1
489 -1
489 1
489 -1
489 1
489 -1
489 1
489 -1
486 1
486 -1
485 1
485 -1
483 1
483 -1
482 1
482 -1
480 1
480 -1
478 1
478 -1
477 1
477 -1
475 1
475 -1
475 1
475 -1
475 1
475 -1
0 -1
1149 1
524 1
524 -1
524 1
524 -1
523 1
523 -1
522 1
522 -1
522 1
522 -1
520 1
520 -1
519 1
519 -1
519 1
519 -1
516 1
516 -1
516 1
516 -1
516 1
516 -1
515 1
515 -1
513 1
513 -1
513 1
513 -1
511 1
511 -1
511 1
511 -1
510 1
510 -1
509 1
509 -1
508 1
509 -1
508 1
508 -1
508 1
508 -1
508 1
508 -1
507 1
507 -1
506 1
506 -1
506 1
506 -1
505 1
505 -1
505 1
505 -1
504 1
504 -1
504 1
504 -1
504 1
504 -1
503 1
503 -1
502 1
502 -1
500 1
500 -1
499 1
499 -1
499 1
499 -1
494 1
494 -1
494 1
494 -1
493 1
493 -1
493 1
493 -1
492 1
492 -1
491 1
491 -1
491 1
491 -1
490 1
490 -1
489 1
489 -1
489 1
489 -1
488 1
488 -1
487 1
487 -1
487 1
487 -1
483 1
483 -1
481 1
481 -1
481 1
481 -1
481 1
481 -1
480 1
480 -1
480 1
480 -1
479 1
479 -1
479 1
479 -1
477 1
477 -1
477 1
477 -1
476 1
476 -1
475 1
475 -1
500 1
500 -1
0 -1
1149 1
523 1
523 -1
521 1
521 -1
518 1
518 -1
518 1
518 -1
516 1
516 -1
516 1
516 -1
516 1
516 -1
515 1
515 -1
514 1
514 -1
513 1
513 -1
512 1
512 -1
512 1
512 -1
511 1
511 -1
510 1
510 -1
509 1
509 -1
506 1
506 -1
504 1
504 -1
504 1
504 -1
504 1
504 -1
503 1
503 -1
500 1
500 -1
500 1
500 -1
499 1
499 -1
498 1
498 -1
498 1
498 -1
497 1
497 -1
496 1
496 -1
494 1
494 -1
494 1
494 -1
493 1
493 -1
492 1
492 -1
492 1
492 -1
492 1
492 -1
492 1
492 -1
491 1
491 -1
490 1
490 -1
487 1
487 -1
484 1
484 -1
484 1
484 -1
483 1
483 -1
482 1
482 -1
481 1
481 -1
479 1
479 -1
479 1
479 -1
479 1
479 -1
479 1
479 -1
476 1
476 -1
476 1
476 -1
0 -1
1149 1
524 1
524 -1
524 1
524 -1
524 1
524 -1
523 1
523 -1
521 1
521 -1
521 1
521 -1
519 1
519 -1
517 1
517 -1
516 1
517 -1
516 1
516 -1
516 1
516 -1
516 1
516 -1
515 1
515 -1
514 1
514 -1
514 1
514 -1
513 1
513 -1
512 1
512 -1
511 1
511 -1
511 1
511 -1
511 1
511 -1
511 1
511 -1
510 1
510 -1
509 1
509 -1
508 1
508 -1
508 1
508 -1
508 1
508 -1
505 1
505 -1
503 1
503 -1
501 1
501 -1
501 1
501 -1
499 1
499 -1
498 1
498 -1
496 1
496 -1
495 1
495 -1
493 1
493 -1
493 1
493 -1
493 1
493 -1
493 1
493 -1
493 1
493 -1
490 1
490 -1
488 1
488 -1
488 1
488 -1
487 1
487 -1
487 1
487 -1
486 1
486 -1
486 1
486 -1
484 1
484 -1
484 1
484 -1
483 1
483 -1
482 1
483 -1
482 1
482 -1
482 1
482 -1
480 1
480 -1
479 1
479 -1
478 1
478 -1
477 1
477 -1
475 1
475 -1
496 1
496 -1
0 -1
1149 1
1079 1
1080 -1
522 1
522 -1
518 1
518 -1
518 1
518 -1
516 1
516 -1
514 1
514 -1
514 1
514 -1
514 1
514 -1
510 1
510 -1
510 1
510 -1
509 1
509 -1
508 1
508 -1
508 1
508 -1
507 1
507 -1
507 1
507 -1
506 1
506 -1
505 1
505 -1
505 1
505 -1
504 1
504 -1
500 1
500 -1
499 1
500 -1
500 1
500 -1
497 1
498 -1
495 1
495 -1
493 1
493 -1
493 1
493 -1
493 1
493 -1
493 1
493 -1
491 1
491 -1
490 1
490 -1
487 1
487 -1
487 1
487 -1
487 1
487 -1
485 1
485 -1
485 1
485 -1
485 1
485 -1
484 1
484 -1
484 1
484 -1
482 1
482 -1
481 1
481 -1
481 1
481 -1
481 1
481 -1
481 1
481 -1
480 1
480 -1
516 -13
516 13
507 1
507 -1
0 -1
1149 1
1101 1
1101 -1
523 1
523 -1
522 1
522 -1
521 1
521 -1
520 1
520 -1
519 1
519 -1
518 1
518 -1
518 1
518 -1
518 1
518 -1
517 1
517 -1
517 1
517 -1
516 1
516 -1
516 1
516 -1
515 1
515 -1
515 1
515 -1
514 1
514 -1
514 1
514 -1
512 1
512 -1
510 1
510 -1
508 1
508 -1
505 1
505 -1
504 1
504 -1
501 1
501 -1
500 1
500 -1
498 1
498 -1
497 1
497 -1
496 1
496 -1
496 1
496 -1
496 1
496 -1
495 1
495 -1
495 1
496 -1
496 1
496 -1
492 1
492 -1
492 1
492 -1
491 1
491 -1
490 1
490 -1
490 1
490 -1
487 1
487 -1
482 1
482 -1
481 1
481 -1
479 1
479 -1
478 1
478 -1
478 1
478 -1
477 1
477 -1
475 1
475 -1
0 -1
1149 1
524 1
524 -1
523 1
523 -1
522 1
522 -1
521 1
521 -1
520 1
520 -1
520 1
520 -1
519 1
519 -1
518 1
518 -1
516 1
516 -1
516 1
516 -1
516 1
516 -1
515 1
515 -1
514 1
514 -1
514 1
514 -1
514 1
514 -1
512 1
512 -1
512 1
512 -1
510 1
510 -1
509 1
509 -1
509 1
509 -1
505 1
505 -1
504 1
504 -1
504 1
504 -1
503 1
504 -1
504 1
504 -1
504 1
504 -1
504 1
504 -1
503 1
503 -1
503 1
503 -1
501 1
501 -1
501 1
501 -1
498 1
498 -1
498 1
498 -1
498 1
498 -1
496 1
496 -1
495 1
495 -1
495 1
495 -1
493 1
493 -1
493 1
493 -1
493 1
493 -1
491 1
491 -1
489 1
489 -1
486 1
486 -1
486 1
486 -1
485 1
485 -1
483 1
483 -1
483 1
483 -1
483 1
483 -1
482 1
482 -1
478 1
478 -1
477 1
477 -1
476 1
476 -1
475 1
475 -1
475 1
475 -1
475 1
475 -1
475 1
475 -1
504 1
504 -1
0 -1
1149 1
1089 1
1089 -1
1070 1
1070 -1
524 1
524 -1
522 1
523 -1
521 1
521 -1
520 1
520 -1
517 1
517 -1
517 1
517 -1
516 1
516 -1
511 1
511 -1
511 1
511 -1
511 1
511 -1
511 1
511 -1
507 1
507 -1
506 1
506 -1
505 1
505 -1
504 1
504 -1
502 1
502 -1
502 1
502 -1
501 1
501 -1
501 1
501 -1
500 1
500 -1
498 1
498 -1
498 1
498 -1
498 1
498 -1
498 1
498 -1
497 1
497 -1
494 1
494 -1
493 1
493 -1
490 1
490 -1
489 1
489 -1
487 1
487 -1
486 1
486 -1
485 1
485 -1
482 1
482 -1
481 1
481 -1
481 1
481 -1
478 1
478 -1
475 1
475 -1
0 -1
1149 1
1065 1
1138 -1
524 1
524 -1
522 1
522 -1
519 1
519 -1
518 1
518 -1
515 1
515 -1
513 1
513 -1
512 1
512 -1
512 1
512 -1
511 1
511 -1
511 1
511 -1
510 1
510 -1
507 1
507 -1
507 1
507 -1
506 1
506 -1
506 1
506 -1
505 1
505 -1
504 1
504 -1
504 1
504 -1
504 1
504 -1
504 1
504 -1
503 1
503 -1
503 1
503 -1
500 1
501 -1
501 1
501 -1
501 1
501 -1
500 1
500 -1
499 1
499 -1
497 1
497 -1
496 1
496 -1
494 1
494 -1
493 1
493 -1
489 1
489 -1
489 1
489 -1
488 1
488 -1
486 1
486 -1
485 1
485 -1
485 1
485 -1
483 1
483 -1
482 1
482 -1
479 1
479 -1
478 1
478 -1
475 1
475 -1
475 1
475 -1
475 1
475 -1
475 1
475 -1
503 1
503 -1
475 1
475 -1
0 -1
1149 1
524 1
524 -1
520 1
520 -1
520 1
520 -1
519 1
519 -1
519 1
519 -1
517 1
517 -1
516 1
516 -1
515 1
515 -1
515 1
515 -1
515 1
515 -1
511 1
511 -1
511 1
511 -1
511 1
511 -1
510 1
510 -1
510 1
510 -1
509 1
509 -1
508 1
508 -1
504 1
504 -1
503 1
503 -1
503 1
503 -1
502 1
502 -1
502 1
502 -1
501 1
501 -1
500 1
500 -1
500 1
500 -1
500 1
500 -1
498 1
498 -1
498 1
498 -1
498 1
498 -1
498 1
498 -1
494 1
494 -1
493 1
493 -1
488 1
488 -1
487 1
487 -1
487 1
487 -1
486 1
486 -1
485 1
485 -1
482 1
482 -1
481 1
481 -1
481 1
481 -1
480 1
480 -1
480 1
480 -1
479 1
479 -1
479 1
479 -1
479 1
479 -1
479 1
479 -1
478 1
478 -1
476 1
476 -1
476 1
476 -1
475 1
475 -1
0 -1
1149 1
989 1
989 -1
923 1
923 -1
523 1
523 -1
523 1
523 -1
522 1
522 -1
522 1
522 -1
522 1
522 -1
522 1
522 -1
521 1
521 -1
520 1
520 -1
517 1
517 -1
516 1
516 -1
514 1
514 -1
512 1
512 -1
511 1
511 -1
511 1
511 -1
509 1
509 -1
508 1
508 -1
505 1
505 -1
503 1
503 -1
501 1
501 -1
500 1
502 -1
499 1
499 -1
498 1
499 -1
497 1
497 -1
495 1
495 -1
495 1
495 -1
493 1
493 -1
492 1
492 -1
492 1
492 -1
491 1
491 -1
491 1
491 -1
488 1
489 -1
489 1
489 -1
488 1
488 -1
488 1
488 -1
488 1
488 -1
487 1
487 -1
486 1
486 -1
486 1
486 -1
484 1
484 -1
482 1
482 -1
480 1
480 -1
480 1
480 -1
480 1
480 -1
479 1
479 -1
478 1
478 -1
477 1
477 -1
477 1
477 -1
476 1
476 -1
475 1
475 -1
475 1
475 -1
501 1
501 -1
499 1
499 -1
492 1
492 -1
0 -1
1149 1
521 1
521 -1
521 1
521 -1
521 1
521 -1
521 1
521 -1
518 1
518 -1
518 1
518 -1
517 1
517 -1
517 1
517 -1
517 1
517 -1
515 1
515 -1
515 1
515 -1
514 1
514 -1
514 1
514 -1
514 1
514 -1
513 1
513 -1
512 1
512 -1
512 1
512 -1
510 1
510 -1
510 1
510 -1
510 1
510 -1
509 1
509 -1
508 1
509 -1
507 1
507 -1
504 1
504 -1
501 1
501 -1
499 1
499 -1
499 1
499 -1
498 1
498 -1
495 1
495 -1
495 1
495 -1
494 1
494 -1
494 1
494 -1
493 1
493 -1
493 1
493 -1
492 1
492 -1
490 1
490 -1
488 1
488 -1
487 1
487 -1
487 1
487 -1
486 1
486 -1
486 1
486 -1
486 1
486 -1
486 1
487 -1
485 1
485 -1
484 1
484 -1
479 1
479 -1
478 1
478 -1
477 1
477 -1
476 1
476 -1
476 1
476 -1
475 1
475 -1
510 1
510 -1
0 -1
1149 1
524 1
524 -1
523 1
523 -1
523 1
523 -1
519 1
519 -1
516 1
516 -1
516 1
516 -1
515 1
515 -1
513 1
513 -1
510 1
510 -1
510 1
510 -1
508 1
508 -1
506 1
506 -1
506 1
506 -1
506 1
506 -1
506 1
506 -1
503 1
503 -1
503 1
503 -1
502 1
502 -1
501 1
501 -1
501 1
501 -1
500 1
500 -1
499 1
499 -1
498 1
498 -1
498 1
498 -1
497 1
497 -1
497 1
497 -1
497 1
497 -1
496 1
496 -1
493 1
493 -1
493 1
493 -1
492 1
492 -1
492 1
492 -1
490 1
490 -1
489 1
489 -1
489 1
489 -1
489 1
489 -1
489 1
489 -1
488 1
488 -1
486 1
486 -1
485 1
485 -1
485 1
485 -1
484 1
484 -1
483 1
483 -1
481 1
481 -1
480 1
480 -1
479 1
479 -1
478 1
480 -1
478 1
478 -1
477 1
477 -1
476 1
476 -1
475 1
475 -1
489 1
489 -1
0 -1
1149 1
524 1
524 -1
524 1
524 -1
523 1
523 -1
520 1
520 -1
519 1
519 -1
519 1
519 -1
517 1
517 -1
516 1
516 -1
515 1
515 -1
514 1
514 -1
509 1
509 -1
508 1
508 -1
507 1
507 -1
506 1
506 -1
505 1
505 -1
505 1
505 -1
501 1
501 -1
499 1
499 -1
499 1
499 -1
499 1
499 -1
499 1
499 -1
499 1
499 -1
497 1
497 -1
496 1
496 -1
494 1
494 -1
489 1
489 -1
488 1
488 -1
487 1
487 -1
487 1
487 -1
486 1
486 -1
485 1
486 -1
486 1
486 -1
484 1
484 -1
480 1
481 -1
481 1
481 -1
479 1
479 -1
476 1
476 -1
476 1
476 -1
475 1
475 -1
0 -1
507 1
507 -7
507 7
507 -2
507 2
507 -1
507 1
507 -1
507 1
507 -1
513 1
512 1
512 -1
512 1
512 -1
512 1
512 -1
512 1
512 -1
512 1
512 -1
512 1
512 -1
512 1
512 -1
511 1
511 -1
511 1
511 -1
511 1
511 -1
511 1
511 -1
511 1
511 -1
511 1
511 -1
511 1
511 -1
511 1
511 -1
511 1
511 -1
510 1
510 -1
510 1
510 -1
510 1
510 -1
510 1
510 -1
510 1
510 -1
510 1
510 -1
510 1
510 -1
510 1
510 -1
510 1
510 -1
509 1
509 -1
509 1
509 -1
509 1
509 -1
509 1
509 -1
509 1
509 -1
509 1
509 -1
509 1
509 -1
509 1
509 -1
509 1
509 -1
509 1
509 -1
509 1
509 -1
508 1
508 -1
508 1
508 -1
508 1
508 -1
508 1
508 -1
508 1
508 -1
508 1
508 -1
507 1
507 -1
507 1
507 -1
507 1
507 -1
505 1
505 -1
505 1
505 -1
505 1
505 -1
505 1
505 -1
504 1
504 -1
498 1
498 -1
498 1
498 -1
498 1
498 -1
497 1
497 -1
497 1
497 -1
495 1
495 -1
494 1
494 -1
493 1
493 -1
489 1
489 -1
488 1
488 -1
487 1
487 -1
487 1
487 -1
487 1
487 -1
485 1
485 -1
484 1
484 -1
483 1
483 -1
483 1
483 -1
480 1
480 -1
480 1
480 -1
479 1
479 -1
478 1
478 -1
477 1
477 -1
477 1
477 -1
475 1
475 -1
507 -1
514 1
514 1
514 -1
514 1
514 -1
514 1
514 -1
513 1
513 -1
513 1
513 -1
513 1
513 -1
513 1
513 -1
513 1
513 -1
513 1
513 -1
513 1
513 -1
513 1
513 -1
512 1
512 -1
512 1
512 -1
512 1
512 -1
512 1
512 -1
512 1
512 -1
512 1
512 -1
512 1
512 -1
512 1
512 -1
511 1
511 -1
511 1
511 -1
511 1
511 -1
511 1
511 -1
511 1
511 -1
511 1
511 -1
511 1
511 -1
511 1
511 -1
510 1
510 -1
510 1
510 -1
510 1
510 -1
510 1
510 -1
510 1
510 -1
509 1
509 -1
509 1
509 -1
509 1
509 -1
509 1
509 -1
509 1
509 -1
509 1
509 -1
509 1
509 -1
509 1
509 -1
508 1
508 -1
508 1
508 -1
508 1
508 -1
508 1
508 -1
508 1
508 -1
508 1
508 -1
507 1
507 -1
507 1
507 -1
507 1
507 -1
507 1
507 -1
497 1
497 -1
500 1
500 -1
509 1
509 -1
507 -1
515 1
515 -12
515 12
515 -1
479 1
514 1
514 -1
514 1
514 -1
514 1
514 -1
514 1
514 -1
514 1
514 -1
514 1
514 -1
514 1
514 -1
514 1
514 -1
514 1
514 -1
514 1
514 -1
515 1
515 -1
515 1
515 -1
515 1
515 -1
515 1
515 -1
515 1
515 -1
515 1
515 -1
515 1
515 -1
515 1
515 -1
515 1
515 -1
515 1
515 -1
515 1
515 -1
515 1
515 -1
515 1
515 -1
515 1
515 -1
515 1
515 -1
515 1
515 -1
515 1
515 -1
515 1
515 -1
515 1
515 -1
515 1
515 -1
515 1
515 -1
515 1
515 -1
515 1
515 -1
515 1
515 -1
515 1
515 -1
515 1
515 -1
515 1
515 -1
515 1
515 -1
515 1
515 -1
514 1
514 -1
514 1
514 -1
514 1
514 -1
514 1
514 -1
513 1
513 -1
513 1
513 -1
513 1
513 -1
513 1
513 -1
513 1
513 -1
513 1
513 -1
513 1
513 -1
512 1
512 -1
512 1
512 -1
512 1
512 -1
512 1
512 -1
511 1
511 -1
511 1
511 -1
511 1
511 -1
511 1
511 -1
511 1
511 -1
511 1
511 -1
510 1
510 -1
510 1
510 -1
510 1
510 -1
509 1
509 -1
509 1
509 -1
509 1
509 -1
509 1
509 -1
509 1
509 -1
509 1
509 -1
508 1
508 -1
508 1
508 -1
508 1
508 -1
508 1
508 -1
508 1
508 -1
507 1
508 -1
507 1
507 -1
508 1
508 -1
515 -1
621 1
517 1
517 -1
517 1
517 -1
517 1
517 -1
517 1
517 -1
517 1
517 -1
516 1
516 -1
516 1
516 -1
516 1
516 -1
516 1
516 -1
516 1
516 -1
516 1
516 -1
516 1
516 -1
516 1
516 -1
516 1
516 -1
516 1
516 -1
516 1
516 -1
516 1
516 -1
516 1
516 -1
516 1
516 -1
515 1
515 -1
515 1
515 -1
515 1
515 -1
0 -1
1149 1
524 1
524 -1
523 1
523 -1
522 1
522 -1
521 1
521 -1
521 1
521 -1
521 1
521 -1
520 1
520 -1
519 1
519 -1
518 1
518 -1
517 1
517 -1
516 1
516 -1
516 1
516 -1
514 1
514 -1
513 1
513 -1
512 1
512 -1
511 1
511 -1
510 1
510 -1
510 1
510 -1
509 1
509 -1
509 1
509 -1
508 1
508 -1
506 1
506 -1
505 1
505 -1
505 1
505 -1
504 1
504 -1
499 1
499 -1
499 1
499 -1
497 1
497 -1
495 1
495 -1
495 1
495 -1
494 1
494 -1
494 1
494 -1
492 1
492 -1
491 1
491 -1
491 1
491 -1
490 1
490 -1
489 1
489 -1
489 1
489 -1
489 1
489 -1
486 1
486 -1
486 1
486 -1
486 1
486 -1
485 1
485 -1
484 1
484 -1
483 1
483 -1
480 1
480 -1
479 1
479 -1
477 1
477 -1
477 1
477 -1
475 1
475 -1
0 -1
1149 1
1003 1
1003 -1
931 1
931 -1
523 1
523 -1
522 1
522 -1
520 1
520 -1
518 1
518 -1
517 1
517 -1
513 1
513 -1
513 1
513 -1
510 1
510 -1
510 1
510 -1
507 1
507 -1
506 1
506 -1
504 1
504 -1
503 1
503 -1
503 1
503 -1
503 1
503 -1
501 1
501 -1
500 1
500 -1
499 1
499 -1
498 1
498 -1
495 1
495 -1
495 1
495 -1
494 1
494 -1
489 1
489 -1
487 1
487 -1
487 1
487 -1
486 1
486 -1
485 1
485 -1
483 1
483 -1
482 1
482 -1
481 1
481 -1
481 1
481 -1
481 1
481 -1
480 1
480 -1
477 1
477 -1
476 1
476 -1
475 1
475 -1
0 -1
1149 1
524 1
524 -1
520 1
520 -1
519 1
519 -1
518 1
518 -1
518 1
518 -1
518 1
518 -1
518 1
518 -1
517 1
517 -1
517 1
517 -1
516 1
516 -1
513 1
513 -1
513 1
513 -1
512 1
512 -1
512 1
512 -1
512 1
512 -1
511 1
511 -1
510 1
510 -1
509 1
509 -1
508 1
508 -1
506 1
506 -1
504 1
504 -1
502 1
502 -1
502 1
502 -1
501 1
501 -1
499 1
499 -1
499 1
499 -1
499 1
499 -1
498 1
498 -1
496 1
496 -1
496 1
496 -1
496 1
496 -1
495 1
495 -1
494 1
494 -1
494 1
494 -1
493 1
494 -1
492 1
492 -1
490 1
491 -1
490 1
490 -1
490 1
490 -1
489 1
489 -1
489 1
489 -1
488 1
488 -1
486 1
486 -1
485 1
486 -1
486 1
486 -1
485 1
485 -1
485 1
485 -1
484 1
484 -1
480 1
480 -1
480 1
480 -1
479 1
479 -1
477 1
477 -1
0 -1
475 1
475 -10
475 10
475 -1
475 1
475 -1
475 1
475 -1
204 1
475 -1
475 1
475 -8
475 8
475 -1
475 1
475 -1
475 1
475 -1
475 1
475 -1
475 1
475 -1
475 1
475 -1
582 1
486 1
486 -1
486 1
486 -1
486 1
486 -1
485 1
485 -1
485 1
485 -1
485 1
485 -1
485 1
485 -1
485 1
485 -1
484 1
484 -1
484 1
484 -1
484 1
484 -1
484 1
484 -1
484 1
484 -1
483 1
483 -1
483 1
483 -1
483 1
483 -1
482 1
482 -1
482 1
482 -1
482 1
482 -1
482 1
482 -1
482 1
482 -1
482 1
482 -1
481 1
481 -1
481 1
481 -1
481 1
481 -1
480 1
480 -1
480 1
480 -1
480 1
480 -1
479 1
479 -1
479 1
479 -1
479 1
479 -1
479 1
479 -1
479 1
479 -1
479 1
479 -1
478 1
478 -1
478 1
478 -1
478 1
478 -1
478 1
478 -1
478 1
478 -1
478 1
478 -1
478 1
478 -1
477 1
477 -1
477 1
477 -1
477 1
477 -1
477 1
477 -1
477 1
477 -1
477 1
477 -1
477 1
477 -1
476 1
476 -1
476 1
476 -1
476 1
476 -1
475 1
475 -1
475 1
475 -1
478 1
478 -1
484 1
484 -1
493 1
493 -1
504 1
504 -1
484 1
484 -1
475 1
475 -1
494 -13
494 13
490 1
490 -1
478 1
478 -1
477 1
477 -1
477 1
479 -1
479 1
479 -1
478 1
478 -1
477 1
477 -1
0 -1
1149 1
1092 1
1092 -1
524 1
524 -1
523 1
523 -1
522 1
522 -1
521 1
521 -1
520 1
520 -1
520 1
520 -1
519 1
519 -1
519 1
519 -1
519 1
519 -1
517 1
517 -1
517 1
517 -1
517 1
517 -1
517 1
517 -1
517 1
517 -1
513 1
513 -1
506 1
506 -1
505 1
505 -1
505 1
505 -1
504 1
504 -1
503 1
503 -1
502 1
502 -1
502 1
502 -1
501 1
501 -1
501 1
501 -1
500 1
500 -1
500 1
500 -1
497 1
497 -1
496 1
496 -1
495 1
495 -1
495 1
495 -1
494 1
494 -1
493 1
493 -1
492 1
492 -1
491 1
491 -1
491 1
491 -1
491 1
491 -1
490 1
490 -1
490 1
490 -1
487 1
487 -1
487 1
487 -1
486 1
486 -1
485 1
485 -1
485 1
485 -1
484 1
484 -1
483 1
483 -1
482 1
482 -1
480 1
480 -1
479 1
479 -1
478 1
478 -1
478 1
478 -1
477 1
477 -1
475 1
475 -1
0 -1
522 1
522 -12
522 12
522 -1
522 1
522 -1
1149 1
524 1
524 -1
524 1
524 -1
523 1
523 -1
523 1
523 -1
522 1
522 -1
521 1
521 -1
520 1
520 -1
520 1
520 -1
519 1
519 -1
518 1
518 -1
518 1
518 -1
518 1
518 -1
518 1
518 -1
514 1
514 -1
512 1
512 -1
510 1
510 -1
507 1
507 -1
507 1
507 -1
505 1
505 -1
505 1
505 -1
505 1
505 -1
504 1
504 -1
503 1
503 -1
503 1
503 -1
503 1
503 -1
503 1
503 -1
502 1
502 -1
502 1
502 -1
496 1
496 -1
495 1
495 -1
494 1
494 -1
493 1
493 -1
493 1
493 -1
492 1
492 -1
491 1
491 -1
490 1
490 -1
490 1
490 -1
489 1
489 -1
489 1
489 -1
488 1
488 -1
488 1
488 -1
487 1
487 -1
486 1
486 -1
485 1
485 -1
481 1
481 -1
480 1
480 -1
477 1
477 -1
477 1
477 -1
522 1
487 -1
522 1
522 -1
522 1
522 -1
522 1
522 -1
522 1
522 -1
523 1
523 -1
523 1
523 -1
523 1
523 -1
523 1
523 -1
523 1
523 -1
523 1
523 -1
523 1
523 -1
522 1
522 -1
522 1
522 -1
522 1
522 -1
523 1
523 -1
0 -1
1149 1
524 1
524 -1
524 1
524 -1
523 1
523 -1
522 1
522 -1
522 1
522 -1
522 1
522 -1
521 1
521 -1
518 1
518 -1
517 1
517 -1
516 1
516 -1
516 1
516 -1
513 1
513 -1
513 1
513 -1
513 1
513 -1
512 1
512 -1
509 1
510 -1
510 1
510 -1
509 1
509 -1
508 1
508 -1
507 1
508 -1
508 1
508 -1
508 1
508 -1
507 1
507 -1
505 1
505 -1
504 1
504 -1
504 1
504 -1
503 1
503 -1
502 1
502 -1
501 1
501 -1
499 1
500 -1
496 1
496 -1
495 1
495 -1
494 1
494 -1
493 1
493 -1
492 1
492 -1
492 1
492 -1
492 1
492 -1
491 1
491 -1
491 1
491 -1
491 1
491 -1
491 1
491 -1
490 1
491 -1
489 1
490 -1
489 1
489 -1
484 1
484 -1
484 1
484 -1
484 1
484 -1
484 1
484 -1
483 1
483 -1
483 1
483 -1
483 1
483 -1
482 1
482 -1
482 1
482 -1
481 1
481 -1
479 1
479 -1
479 1
479 -1
479 1
479 -1
478 1
478 -1
478 1
478 -1
477 1
477 -1
508 1
508 -1
508 1
508 -1
0 -1
519 1
519 -12
519 12
519 -1
735 1
524 1
524 -1
523 1
523 -1
523 1
523 -1
523 1
523 -1
523 1
523 -1
522 1
522 -1
522 1
522 -1
522 1
522 -1
520 1
520 -1
520 1
520 -1
520 1
520 -1
520 1
520 -1
519 1
519 -1
519 1
519 -1
518 1
518 -1
517 1
517 -1
517 1
517 -1
515 1
515 -1
513 1
513 -1
512 1
512 -1
510 1
510 -1
510 1
510 -1
507 1
507 -1
506 1
506 -1
506 1
506 -1
502 1
502 -1
502 1
502 -1
501 1
501 -1
500 1
500 -1
500 1
500 -1
497 1
497 -1
494 1
494 -1
493 1
493 -1
492 1
492 -1
490 1
490 -1
489 1
489 -1
488 1
488 -1
488 1
488 -1
487 1
487 -1
487 1
487 -1
486 1
486 -1
486 1
486 -1
486 1
486 -1
485 1
485 -1
485 1
485 -1
484 1
484 -1
484 1
484 -1
480 1
480 -1
479 1
479 -1
477 1
477 -1
477 1
477 -1
477 1
477 -1
477 1
477 -1
477 1
477 -1
475 1
475 -1
514 1
514 -1
519 -1
853 1
524 1
524 -1
524 1
524 -1
524 1
524 -1
523 1
523 -1
523 1
523 -1
521 1
521 -1
519 1
519 -1
0 -1
1149 1
1034 1
1034 -1
523 1
523 -1
522 1
522 -1
521 1
521 -1
520 1
520 -1
519 1
519 -1
518 1
518 -1
517 1
518 -1
517 1
517 -1
516 1
516 -1
515 1
515 -1
513 1
513 -1
512 1
512 -1
510 1
510 -1
510 1
510 -1
509 1
509 -1
505 1
505 -1
503 1
503 -1
502 1
502 -1
502 1
502 -1
498 1
498 -1
498 1
498 -1
498 1
498 -1
498 1
498 -1
498 1
498 -1
497 1
497 -1
496 1
496 -1
496 1
496 -1
495 1
495 -1
495 1
495 -1
493 1
493 -1
493 1
493 -1
493 1
493 -1
493 1
493 -1
491 1
491 -1
491 1
491 -1
490 1
490 -1
486 1
486 -1
484 1
484 -1
484 1
484 -1
482 1
482 -1
482 1
482 -1
482 1
482 -1
480 1
480 -1
480 1
480 -1
479 1
479 -1
477 1
477 -1
476 1
476 -1
476 1
476 -1
0 -1
1149 1
1114 1
1114 -1
524 1
524 -1
524 1
524 -1
522 1
522 -1
522 1
522 -1
522 1
522 -1
522 1
522 -1
517 1
517 -1
516 1
516 -1
515 1
515 -1
514 1
514 -1
514 1
514 -1
513 1
513 -1
512 1
512 -1
509 1
509 -1
509 1
509 -1
508 1
508 -1
507 1
507 -1
506 1
506 -1
502 1
502 -1
499 1
499 -1
498 1
498 -1
497 1
497 -1
495 1
495 -1
493 1
493 -1
493 1
493 -1
493 1
493 -1
493 1
493 -1
493 1
493 -1
493 1
493 -1
491 1
491 -1
490 1
490 -1
489 1
489 -1
486 1
486 -1
486 1
486 -1
485 1
485 -1
485 1
485 -1
484 1
484 -1
483 1
483 -1
481 1
481 -1
480 1
480 -1
478 1
478 -1
0 -1
1149 1
860 1
860 -1
524 1
524 -1
523 1
523 -1
523 1
523 -1
522 1
522 -1
521 1
521 -1
521 1
521 -1
521 1
521 -1
521 1
521 -1
520 1
520 -1
518 1
518 -1
518 1
518 -1
515 1
515 -1
515 1
515 -1
514 1
514 -1
513 1
513 -1
513 1
513 -1
513 1
513 -1
512 1
512 -1
512 1
512 -1
509 1
509 -1
509 1
509 -1
509 1
509 -1
508 1
510 -1
508 1
508 -1
507 1
507 -1
506 1
506 -1
505 1
505 -1
503 1
503 -1
502 1
502 -1
501 1
501 -1
500 1
500 -1
499 1
499 -1
499 1
499 -1
496 1
496 -1
491 1
491 -1
489 1
489 -1
488 1
488 -1
488 1
488 -1
487 1
487 -1
486 1
486 -1
486 1
486 -1
486 1
486 -1
483 1
483 -1
482 1
482 -1
482 1
482 -1
481 1
481 -1
478 1
478 -1
477 1
477 -1
476 1
477 -1
476 1
476 -1
475 1
475 -1
512 1
512 -1
0 -1
1149 1
524 1
524 -1
523 1
523 -1
522 1
522 -1
521 1
521 -1
520 1
520 -1
519 1
519 -1
518 1
518 -1
518 1
518 -1
518 1
518 -1
518 1
518 -1
516 1
516 -1
515 1
515 -1
514 1
514 -1
514 1
514 -1
513 1
513 -1
513 1
513 -1
511 1
511 -1
511 1
511 -1
508 1
508 -1
508 1
508 -1
508 1
509 -1
507 1
507 -1
505 1
505 -1
503 1
503 -1
503 1
503 -1
500 1
500 -1
498 1
498 -1
498 1
498 -1
498 1
498 -1
496 1
496 -1
495 1
495 -1
495 1
495 -1
493 1
493 -1
492 1
493 -1
493 1
493 -1
492 1
492 -1
491 1
491 -1
491 1
491 -1
490 1
490 -1
490 1
490 -1
488 1
488 -1
487 1
487 -1
484 1
484 -1
484 1
484 -1
484 1
484 -1
484 1
484 -1
482 1
482 -1
481 1
481 -1
480 1
480 -1
479 1
479 -1
479 1
479 -1
478 1
478 -1
478 1
478 -1
476 1
476 -1
509 1
509 -1
0 -1
509 1
509 1
509 -1
508 1
508 -1
508 1
508 -1
506 1
506 -1
506 1
506 -1
503 1
503 -1
503 1
503 -1
503 1
503 -1
502 1
502 -1
501 1
501 -1
500 1
500 -1
498 1
498 -1
497 1
497 -1
495 1
495 -1
495 1
495 -1
491 1
491 -1
491 1
491 -1
491 1
491 -1
491 1
491 -1
490 1
490 -1
489 1
490 -1
489 1
490 -1
489 1
489 -1
488 1
488 -1
487 1
487 -1
485 1
485 -1
485 1
485 -1
484 1
484 -1
482 1
482 -1
482 1
482 -1
480 1
480 -1
479 1
479 -1
479 1
479 -1
478 1
478 -1
477 1
477 -1
477 1
477 -1
477 1
477 -1
475 1
475 -1
500 1
500 -1
511 1
511 -1
509 -10
509 10
509 -1
509 1
509 -1
509 1
509 -1
509 1
509 -1
509 1
503 -13
503 13
522 -13
522 13
0 -1
1149 1
859 1
859 -1
521 1
522 -1
522 1
522 -1
520 1
520 -1
515 1
515 -1
515 1
516 -1
515 1
515 -1
512 1
512 -1
512 1
512 -1
510 1
510 -1
507 1
507 -1
506 1
506 -1
505 1
505 -1
505 1
505 -1
504 1
504 -1
502 1
502 -1
500 1
500 -1
498 1
498 -1
498 1
498 -1
497 1
497 -1
496 1
496 -1
495 1
495 -1
494 1
494 -1
493 1
493 -1
491 1
491 -1
490 1
490 -1
488 1
488 -1
487 1
487 -1
485 1
485 -1
485 1
485 -1
484 1
484 -1
484 1
484 -1
482 1
482 -1
482 1
482 -1
481 1
481 -1
478 1
478 -1
476 1
476 -1
0 -1
1149 1
911 1
912 -1
523 1
523 -1
522 1
522 -1
522 1
522 -1
520 1
520 -1
520 1
520 -1
518 1
518 -1
518 1
518 -1
518 1
518 -1
518 1
518 -1
517 1
517 -1
517 1
517 -1
515 1
515 -1
509 1
509 -1
509 1
509 -1
508 1
508 -1
508 1
508 -1
507 1
507 -1
504 1
504 -1
504 1
504 -1
504 1
504 -1
504 1
504 -1
503 1
503 -1
503 1
503 -1
502 1
502 -1
502 1
502 -1
502 1
502 -1
498 1
498 -1
496 1
496 -1
496 1
496 -1
495 1
495 -1
495 1
495 -1
494 1
494 -1
492 1
492 -1
492 1
492 -1
491 1
491 -1
489 1
489 -1
488 1
488 -1
488 1
488 -1
488 1
488 -1
487 1
487 -1
486 1
486 -1
485 1
485 -1
484 1
484 -1
483 1
483 -1
483 1
483 -1
482 1
482 -1
482 1
482 -1
480 1
480 -1
479 1
479 -1
479 1
479 -1
478 1
478 -1
478 1
478 -1
477 1
477 -1
476 1
476 -1
475 1
475 -1
0 -1
1149 1
522 1
522 -1
522 1
522 -1
522 1
522 -1
519 1
519 -1
519 1
519 -1
518 1
518 -1
516 1
516 -1
514 1
514 -1
511 1
511 -1
510 1
510 -1
507 1
507 -1
507 1
507 -1
505 1
505 -1
504 1
504 -1
503 1
503 -1
502 1
502 -1
502 1
502 -1
501 1
501 -1
501 1
501 -1
499 1
500 -1
497 1
498 -1
497 1
497 -1
496 1
496 -1
495 1
495 -1
492 1
492 -1
489 1
489 -1
488 1
488 -1
486 1
486 -1
486 1
486 -1
485 1
485 -1
485 1
485 -1
482 1
482 -1
482 1
482 -1
482 1
482 -1
481 1
481 -1
481 1
481 -1
479 1
480 -1
480 1
480 -1
480 1
480 -1
480 1
480 -1
478 1
478 -1
476 1
476 -1
476 1
476 -1
475 1
475 -1
475 1
475 -1
0 -1
1149 1
975 1
975 -1
524 1
524 -1
523 1
523 -1
522 1
522 -1
522 1
522 -1
519 1
519 -1
517 1
517 -1
517 1
517 -1
516 1
516 -1
515 1
515 -1
513 1
513 -1
513 1
513 -1
511 1
511 -1
510 1
510 -1
510 1
510 -1
507 1
507 -1
505 1
505 -1
505 1
505 -1
505 1
505 -1
503 1
503 -1
503 1
503 -1
503 1
503 -1
502 1
502 -1
501 1
501 -1
501 1
501 -1
499 1
499 -1
498 1
498 -1
496 1
496 -1
496 1
496 -1
495 1
495 -1
494 1
494 -1
493 1
493 -1
490 1
490 -1
485 1
485 -1
484 1
484 -1
483 1
483 -1
481 1
481 -1
480 1
480 -1
480 1
480 -1
480 1
481 -1
479 1
479 -1
479 1
479 -1
477 1
477 -1
0 -1
1149 1
524 1
524 -1
524 1
524 -1
524 1
524 -1
524 1
524 -1
523 1
523 -1
521 1
521 -1
520 1
520 -1
519 1
519 -1
517 1
517 -1
517 1
517 -1
517 1
517 -1
517 1
517 -1
517 1
517 -1
517 1
517 -1
516 1
516 -1
515 1
515 -1
515 1
515 -1
514 1
514 -1
513 1
513 -1
513 1
513 -1
512 1
512 -1
511 1
511 -1
511 1
511 -1
512 1
512 -1
512 1
512 -1
507 1
507 -1
506 1
506 -1
506 1
506 -1
505 1
506 -1
504 1
504 -1
502 1
503 -1
502 1
502 -1
502 1
502 -1
499 1
500 -1
499 1
499 -1
498 1
498 -1
498 1
498 -1
496 1
496 -1
495 1
495 -1
492 1
492 -1
492 1
492 -1
489 1
489 -1
489 1
489 -1
489 1
489 -1
487 1
487 -1
486 1
486 -1
483 1
483 -1
482 1
482 -1
479 1
479 -1
478 1
478 -1
477 1
477 -1
477 1
477 -1
477 1
477 -1
477 1
477 -1
476 1
476 -1
476 1
476 -1
475 1
475 -1
0 -1
1149 1
1087 1
1087 -1
524 1
524 -1
522 1
522 -1
521 1
521 -1
521 1
521 -1
521 1
521 -1
518 1
518 -1
518 1
518 -1
517 1
517 -1
513 1
513 -1
512 1
512 -1
512 1
512 -1
511 1
511 -1
511 1
511 -1
510 1
510 -1
509 1
510 -1
510 1
510 -1
510 1
510 -1
510 1
510 -1
509 1
509 -1
508 1
508 -1
505 1
505 -1
504 1
504 -1
501 1
501 -1
500 1
500 -1
499 1
499 -1
498 1
498 -1
497 1
497 -1
496 1
496 -1
495 1
495 -1
493 1
493 -1
492 1
492 -1
491 1
491 -1
488 1
488 -1
487 1
488 -1
488 1
488 -1
488 1
488 -1
487 1
487 -1
487 1
487 -1
487 1
487 -1
487 1
487 -1
485 1
485 -1
485 1
485 -1
482 1
482 -1
482 1
482 -1
482 1
482 -1
480 1
480 -1
478 1
478 -1
478 1
478 -1
478 1
478 -1
477 1
477 -1
476 1
476 -1
498 -13
498 13
521 1
521 -1
521 1
521 -1
0 -1
1149 1
523 1
523 -1
523 1
523 -1
521 1
521 -1
519 1
519 -1
517 1
517 -1
517 1
517 -1
515 1
516 -1
513 1
513 -1
511 1
511 -1
511 1
511 -1
508 1
508 -1
507 1
507 -1
507 1
507 -1
507 1
507 -1
506 1
506 -1
503 1
503 -1
502 1
502 -1
501 1
501 -1
500 1
500 -1
499 1
499 -1
499 1
499 -1
498 1
498 -1
498 1
498 -1
496 1
496 -1
493 1
493 -1
491 1
491 -1
490 1
490 -1
490 1
490 -1
489 1
489 -1
489 1
489 -1
486 1
486 -1
485 1
485 -1
484 1
484 -1
483 1
483 -1
483 1
483 -1
483 1
483 -1
483 1
483 -1
483 1
483 -1
482 1
482 -1
481 1
481 -1
479 1
479 -1
479 1
479 -1
476 1
476 -1
476 1
476 -1
475 1
475 -1
515 1
515 -1
0 -1
1149 1
523 1
523 -1
520 1
520 -1
520 1
520 -1
519 1
519 -1
518 1
518 -1
518 1
518 -1
518 1
518 -1
515 1
515 -1
514 1
514 -1
513 1
513 -1
512 1
512 -1
510 1
510 -1
510 1
510 -1
508 1
508 -1
508 1
508 -1
508 1
508 -1
507 1
507 -1
504 1
505 -1
504 1
504 -1
502 1
502 -1
502 1
502 -1
501 1
501 -1
501 1
501 -1
500 1
500 -1
500 1
500 -1
499 1
499 -1
499 1
499 -1
497 1
497 -1
497 1
497 -1
496 1
496 -1
495 1
495 -1
494 1
494 -1
493 1
493 -1
493 1
493 -1
491 1
491 -1
490 1
490 -1
490 1
490 -1
483 1
483 -1
483 1
483 -1
481 1
481 -1
480 1
480 -1
480 1
480 -1
479 1
480 -1
479 1
479 -1
478 1
478 -1
477 1
477 -1
476 1
476 -1
0 -1
1149 1
1096 1
1096 -1
854 1
854 -1
524 1
524 -1
524 1
524 -1
523 1
523 -1
523 1
523 -1
522 1
522 -1
522 1
522 -1
521 1
521 -1
520 1
520 -1
518 1
518 -1
518 1
518 -1
518 1
518 -1
518 1
518 -1
518 1
518 -1
516 1
516 -1
516 1
516 -1
508 1
508 -1
505 1
505 -1
505 1
505 -1
505 1
505 -1
504 1
504 -1
503 1
503 -1
503 1
503 -1
503 1
503 -1
502 1
502 -1
500 1
500 -1
500 1
500 -1
499 1
499 -1
499 1
499 -1
497 1
497 -1
497 1
497 -1
497 1
497 -1
497 1
497 -1
497 1
497 -1
497 1
497 -1
496 1
496 -1
494 1
494 -1
494 1
494 -1
494 1
494 -1
494 1
494 -1
492 1
492 -1
492 1
492 -1
492 1
492 -1
492 1
492 -1
490 1
490 -1
489 1
489 -1
488 1
489 -1
484 1
484 -1
484 1
484 -1
483 1
483 -1
483 1
483 -1
482 1
482 -1
480 1
480 -1
479 1
479 -1
479 1
479 -1
478 1
478 -1
477 1
477 -1
476 1
476 -1
475 1
475 -1
475 1
475 -1
520 1
520 -1
0 -1
1149 1
524 1
524 -1
524 1
524 -1
522 1
522 -1
522 1
522 -1
521 1
521 -1
520 1
520 -1
520 1
520 -1
518 1
518 -1
515 1
515 -1
513 1
513 -1
512 1
512 -1
512 1
512 -1
511 1
511 -1
510 1
510 -1
510 1
510 -1
508 1
508 -1
507 1
507 -1
507 1
507 -1
506 1
506 -1
505 1
505 -1
503 1
503 -1
503 1
503 -1
503 1
503 -1
501 1
501 -1
500 1
500 -1
500 1
500 -1
488 1
488 -1
486 1
486 -1
486 1
486 -1
484 1
484 -1
483 1
483 -1
482 1
482 -1
481 1
481 -1
480 1
480 -1
479 1
479 -1
479 1
479 -1
479 1
479 -1
478 1
478 -1
477 1
477 -1
476 1
476 -1
476 1
476 -1
476 1
476 -1
0 -1
1149 1
524 1
524 -1
523 1
523 -1
523 1
523 -1
522 1
522 -1
522 1
522 -1
522 1
522 -1
519 1
519 -1
519 1
519 -1
519 1
519 -1
518 1
518 -1
516 1
516 -1
516 1
516 -1
515 1
515 -1
514 1
514 -1
514 1
514 -1
513 1
513 -1
510 1
510 -1
508 1
508 -1
507 1
507 -1
506 1
506 -1
504 1
504 -1
503 1
503 -1
503 1
503 -1
502 1
502 -1
502 1
502 -1
502 1
502 -1
501 1
501 -1
500 1
500 -1
500 1
500 -1
497 1
497 -1
497 1
497 -1
495 1
495 -1
492 1
492 -1
489 1
489 -1
489 1
489 -1
486 1
486 -1
486 1
486 -1
486 1
486 -1
485 1
485 -1
483 1
483 -1
482 1
482 -1
482 1
482 -1
480 1
480 -1
479 1
479 -1
478 1
478 -1
477 1
477 -1
476 1
476 -1
476 1
476 -1
475 1
475 -1
504 1
504 -1
0 -1
1149 1
524 1
524 -1
523 1
523 -1
519 1
519 -1
519 1
519 -1
517 1
518 -1
517 1
517 -1
516 1
517 -1
516 1
516 -1
515 1
515 -1
514 1
515 -1
514 1
514 -1
513 1
513 -1
511 1
511 -1
511 1
511 -1
510 1
510 -1
510 1
510 -1
509 1
509 -1
509 1
509 -1
508 1
508 -1
508 1
508 -1
508 1
508 -1
507 1
507 -1
506 1
506 -1
505 1
505 -1
504 1
504 -1
503 1
503 -1
502 1
502 -1
498 1
498 -1
498 1
498 -1
497 1
497 -1
496 1
496 -1
494 1
494 -1
494 1
494 -1
493 1
493 -1
492 1
492 -1
490 1
490 -1
490 1
490 -1
490 1
490 -1
489 1
489 -1
489 1
489 -1
488 1
488 -1
488 1
488 -1
487 1
487 -1
486 1
486 -1
485 1
485 -1
483 1
483 -1
481 1
481 -1
480 1
480 -1
479 1
479 -1
479 1
479 -1
479 1
479 -1
478 1
478 -1
475 1
475 -1
493 1
493 -1
488 1
488 -1
479 1
479 -1
0 -1
1149 1
524 1
524 -1
522 1
522 -1
521 1
521 -1
521 1
521 -1
521 1
521 -1
520 1
521 -1
520 1
520 -1
520 1
520 -1
519 1
519 -1
519 1
519 -1
519 1
519 -1
517 1
517 -1
516 1
516 -1
515 1
515 -1
514 1
514 -1
514 1
514 -1
513 1
513 -1
512 1
512 -1
512 1
512 -1
511 1
511 -1
510 1
511 -1
510 1
510 -1
509 1
509 -1
509 1
509 -1
509 1
509 -1
509 1
510 -1
508 1
508 -1
508 1
508 -1
506 1
506 -1
505 1
505 -1
505 1
505 -1
502 1
502 -1
502 1
502 -1
502 1
502 -1
501 1
501 -1
500 1
500 -1
500 1
500 -1
500 1
500 -1
499 1
499 -1
498 1
498 -1
498 1
498 -1
497 1
497 -1
496 1
496 -1
496 1
496 -1
496 1
496 -1
495 1
495 -1
495 1
495 -1
494 1
494 -1
492 1
492 -1
491 1
491 -1
491 1
491 -1
490 1
490 -1
490 1
490 -1
490 1
490 -1
489 1
489 -1
488 1
488 -1
485 1
485 -1
485 1
485 -1
484 1
484 -1
483 1
483 -1
482 1
482 -1
482 1
482 -1
481 1
481 -1
481 1
481 -1
480 1
480 -1
480 1
480 -1
478 1
478 -1
478 1
478 -1
476 1
476 -1
476 1
476 -1
475 1
475 -1
0 -1
1149 1
524 1
667 -1
523 1
523 -1
523 1
523 -1
520 1
520 -1
518 1
518 -1
518 1
518 -1
517 1
517 -1
514 1
514 -1
511 1
511 -1
511 1
511 -1
506 1
506 -1
506 1
506 -1
505 1
505 -1
504 1
504 -1
504 1
504 -1
501 1
501 -1
500 1
500 -1
499 1
499 -1
498 1
498 -1
498 1
498 -1
497 1
498 -1
498 1
498 -1
497 1
498 -1
498 1
498 -1
497 1
497 -1
497 1
497 -1
494 1
494 -1
494 1
494 -1
494 1
494 -1
494 1
494 -1
493 1
493 -1
493 1
493 -1
492 1
492 -1
490 1
490 -1
490 1
490 -1
486 1
486 -1
486 1
486 -1
486 1
486 -1
483 1
483 -1
480 1
480 -1
477 1
477 -1
476 1
476 -1
475 1
475 -1
475 1
475 -1
0 -1
1149 1
1047 1
1047 -1
868 1
868 -1
524 1
524 -1
524 1
524 -1
523 1
523 -1
522 1
522 -1
522 1
522 -1
519 1
519 -1
519 1
519 -1
518 1
518 -1
518 1
518 -1
517 1
517 -1
517 1
517 -1
516 1
516 -1
516 1
516 -1
516 1
516 -1
516 1
516 -1
514 1
514 -1
511 1
511 -1
510 1
510 -1
510 1
510 -1
510 1
510 -1
509 1
509 -1
508 1
508 -1
506 1
506 -1
505 1
505 -1
505 1
505 -1
504 1
504 -1
504 1
504 -1
504 1
504 -1
504 1
504 -1
502 1
502 -1
502 1
502 -1
501 1
501 -1
500 1
500 -1
500 1
500 -1
499 1
499 -1
499 1
499 -1
499 1
499 -1
498 1
498 -1
498 1
498 -1
497 1
497 -1
496 1
496 -1
496 1
496 -1
493 1
493 -1
490 1
490 -1
490 1
490 -1
489 1
489 -1
488 1
488 -1
487 1
487 -1
487 1
487 -1
487 1
487 -1
487 1
487 -1
486 1
486 -1
484 1
484 -1
483 1
483 -1
482 1
482 -1
481 1
481 -1
481 1
481 -1
480 1
480 -1
480 1
480 -1
477 1
477 -1
476 1
476 -1
476 1
476 -1
476 1
476 -1
517 1
517 -1
506 1
506 -1
0 -1
1149 1
524 1
524 -1
524 1
524 -1
523 1
523 -1
523 1
523 -1
521 1
521 -1
521 1
521 -1
521 1
521 -1
519 1
519 -1
517 1
517 -1
517 1
517 -1
516 1
516 -1
516 1
516 -1
515 1
515 -1
515 1
515 -1
514 1
514 -1
513 1
513 -1
513 1
513 -1
512 1
512 -1
511 1
511 -1
510 1
510 -1
510 1
510 -1
510 1
510 -1
510 1
510 -1
509 1
509 -1
506 1
506 -1
503 1
503 -1
501 1
501 -1
500 1
500 -1
499 1
499 -1
498 1
498 -1
497 1
497 -1
494 1
494 -1
494 1
494 -1
494 1
494 -1
492 1
492 -1
492 1
492 -1
491 1
491 -1
491 1
491 -1
490 1
490 -1
489 1
489 -1
489 1
489 -1
489 1
489 -1
488 1
488 -1
488 1
488 -1
488 1
488 -1
486 1
486 -1
486 1
486 -1
483 1
483 -1
482 1
482 -1
481 1
481 -1
478 1
478 -1
478 1
478 -1
477 1
477 -1
477 1
477 -1
476 1
476 -1
475 1
475 -1
475 1
475 -1
478 1
478 -1
0 -1
1149 1
1000 1
1001 -1
524 1
524 -1
523 1
523 -1
521 1
521 -1
519 1
519 -1
519 1
519 -1
517 1
517 -1
516 1
516 -1
515 1
515 -1
512 1
512 -1
512 1
512 -1
510 1
510 -1
508 1
508 -1
508 1
508 -1
508 1
508 -1
507 1
508 -1
507 1
507 -1
501 1
501 -1
501 1
501 -1
500 1
500 -1
500 1
500 -1
498 1
498 -1
498 1
498 -1
498 1
498 -1
496 1
496 -1
494 1
494 -1
494 1
494 -1
494 1
494 -1
493 1
493 -1
493 1
493 -1
492 1
492 -1
491 1
491 -1
490 1
490 -1
488 1
488 -1
488 1
488 -1
487 1
487 -1
487 1
487 -1
486 1
486 -1
486 1
486 -1
486 1
486 -1
485 1
485 -1
484 1
484 -1
484 1
484 -1
483 1
483 -1
483 1
483 -1
482 1
482 -1
482 1
482 -1
482 1
482 -1
482 1
482 -1
482 1
482 -1
481 1
481 -1
479 1
479 -1
478 1
478 -1
478 1
478 -1
477 1
477 -1
475 1
475 -1
475 1
475 -1
508 1
508 -1
485 1
485 -1
483 1
483 -1
482 1
482 -1
0 -1
484 1
484 -12
484 12
484 -1
691 1
505 1
505 -1
504 1
504 -1
504 1
504 -1
504 1
504 -1
504 1
504 -1
504 1
504 -1
504 1
504 -1
504 1
504 -1
504 1
504 -1
503 1
503 -1
503 1
503 -1
503 1
503 -1
503 1
503 -1
503 1
503 -1
502 1
502 -1
502 1
502 -1
502 1
502 -1
502 1
502 -1
502 1
502 -1
502 1
502 -1
502 1
502 -1
501 1
501 -1
501 1
501 -1
501 1
501 -1
501 1
501 -1
501 1
501 -1
501 1
501 -1
500 1
500 -1
500 1
500 -1
500 1
500 -1
500 1
500 -1
499 1
499 -1
499 1
499 -1
499 1
499 -1
499 1
499 -1
499 1
499 -1
498 1
498 -1
498 1
498 -1
498 1
498 -1
498 1
498 -1
498 1
498 -1
498 1
498 -1
498 1
498 -1
498 1
498 -1
498 1
498 -1
498 1
498 -1
498 1
498 -1
498 1
498 -1
497 1
497 -1
497 1
497 -1
497 1
497 -1
497 1
497 -1
497 1
497 -1
497 1
497 -1
497 1
497 -1
496 1
496 -1
496 1
496 -1
496 1
496 -1
496 1
496 -1
495 1
495 -1
495 1
495 -1
495 1
495 -1
494 1
494 -1
494 1
494 -1
494 1
494 -1
494 1
494 -1
494 1
494 -1
494 1
494 -1
493 1
493 -1
493 1
493 -1
493 1
493 -1
492 1
492 -1
492 1
492 -1
491 1
492 -1
490 1
490 -1
490 1
490 -1
490 1
490 -1
490 1
490 -1
490 1
490 -1
490 1
490 -1
489 1
489 -1
489 1
489 -1
488 1
489 -1
488 1
488 -1
488 1
488 -1
488 1
488 -1
488 1
488 -1
487 1
487 -1
487 1
487 -1
487 1
487 -1
486 1
486 -1
485 1
485 -1
485 1
485 -1
485 1
485 -1
485 1
485 -1
485 1
485 -1
484 1
484 -1
484 1
484 -1
482 1
483 -1
480 1
480 -1
479 1
479 -1
477 1
477 -1
476 1
476 -1
476 1
476 -1
475 1
475 -1
484 -1
994 1
523 1
523 -1
521 1
521 -1
521 1
521 -1
518 1
518 -1
517 1
517 -1
517 1
517 -1
517 1
517 -1
517 1
517 -1
516 1
516 -1
515 1
515 -1
514 1
514 -1
514 1
514 -1
514 1
514 -1
514 1
514 -1
514 1
514 -1
513 1
513 -1
513 1
513 -1
511 1
511 -1
509 1
509 -1
509 1
509 -1
509 1
509 -1
508 1
508 -1
505 1
505 -1
504 1
504 -1
503 1
503 -1
503 1
503 -1
501 1
501 -1
499 1
499 -1
499 1
499 -1
498 1
498 -1
497 1
497 -1
496 1
496 -1
496 1
496 -1
496 1
496 -1
495 1
495 -1
495 1
495 -1
494 1
494 -1
493 1
493 -1
493 1
493 -1
493 1
493 -1
492 1
492 -1
492 1
492 -1
492 1
492 -1
491 1
491 -1
491 1
491 -1
490 1
490 -1
490 1
490 -1
489 1
489 -1
489 1
489 -1
489 1
489 -1
488 1
488 -1
487 1
487 -1
487 1
487 -1
487 1
487 -1
486 1
486 -1
486 1
486 -1
485 1
485 -1
0 -1
1149 1
1053 1
1053 -1
523 1
523 -1
523 1
523 -1
523 1
523 -1
523 1
523 -1
523 1
523 -1
522 1
522 -1
521 1
521 -1
520 1
520 -1
519 1
519 -1
519 1
519 -1
519 1
519 -1
519 1
519 -1
518 1
518 -1
517 1
517 -1
516 1
516 -1
514 1
514 -1
512 1
512 -1
512 1
512 -1
511 1
512 -1
510 1
510 -1
507 1
507 -1
504 1
504 -1
504 1
504 -1
504 1
504 -1
504 1
504 -1
504 1
504 -1
501 1
501 -1
501 1
501 -1
500 1
500 -1
500 1
500 -1
498 1
498 -1
498 1
498 -1
496 1
496 -1
494 1
494 -1
493 1
493 -1
490 1
490 -1
488 1
488 -1
488 1
488 -1
487 1
487 -1
486 1
486 -1
485 1
485 -1
483 1
483 -1
482 1
482 -1
480 1
480 -1
480 1
480 -1
479 1
479 -1
479 1
479 -1
479 1
479 -1
478 1
478 -1
477 1
477 -1
475 1
475 -1
475 1
475 -1
0 -1
492 1
492 -10
492 10
492 -1
490 1
492 1
492 -1
492 1
492 -1
492 1
492 -1
492 1
492 -1
491 1
491 -1
491 1
491 -1
490 1
490 -1
489 1
490 -1
488 1
488 -1
488 1
488 -1
487 1
487 -1
486 1
486 -1
486 1
486 -1
485 1
485 -1
484 1
484 -1
483 1
483 -1
481 1
481 -1
480 1
480 -1
480 1
480 -1
476 1
476 -1
488 1
488 -1
489 1
489 -1
512 1
512 -1
510 1
510 -1
492 1
492 -1
498 1
498 -1
498 1
498 -1
498 1
498 -1
492 -1
494 1
494 1
494 -1
494 1
494 -1
494 1
494 -1
494 1
494 -1
494 1
494 -1
494 1
494 -1
494 1
494 -1
494 1
494 -1
493 1
493 -1
493 1
493 -1
493 1
493 -1
493 1
493 -1
493 1
493 -1
493 1
493 -1
493 1
493 -1
493 1
493 -1
493 1
493 -1
493 1
493 -1
493 1
493 -1
493 1
493 -1
493 1
493 -1
493 1
493 -1
493 1
493 -1
493 1
493 -1
492 1
492 -1
492 1
492 -1
492 1
492 -1
492 1
492 -1
492 1
492 -1
492 1
492 -1
494 -13
494 13
492 -1
509 1
507 1
507 -1
507 1
507 -1
507 1
507 -1
507 1
507 -1
507 1
507 -1
507 1
507 -1
506 1
506 -1
506 1
506 -1
506 1
506 -1
505 1
505 -1
505 1
505 -1
505 1
505 -1
505 1
505 -1
505 1
505 -1
504 1
505 -1
504 1
504 -1
504 1
504 -1
504 1
504 -1
504 1
504 -1
504 1
504 -1
504 1
504 -1
504 1
504 -1
504 1
504 -1
503 1
503 -1
503 1
503 -1
502 1
502 -1
502 1
502 -1
501 1
501 -1
501 1
501 -1
501 1
501 -1
501 1
501 -1
501 1
501 -1
501 1
501 -1
501 1
501 -1
501 1
501 -1
501 1
501 -1
501 1
501 -1
501 1
501 -1
501 1
501 -1
500 1
500 -1
500 1
500 -1
500 1
500 -1
500 1
500 -1
499 1
499 -1
499 1
499 -1
499 1
499 -1
499 1
499 -1
499 1
499 -1
499 1
499 -1
498 1
498 -1
498 1
498 -1
498 1
498 -1
498 1
498 -1
498 1
498 -1
497 1
497 -1
497 1
497 -1
497 1
497 -1
496 1
496 -1
496 1
496 -1
496 1
496 -1
496 1
496 -1
496 1
496 -1
496 1
496 -1
496 1
496 -1
496 1
496 -1
496 1
496 -1
495 1
495 -1
495 1
495 -1
495 1
495 -1
494 1
494 -1
494 1
494 -1
494 1
494 -1
494 1
494 -1
493 1
493 -1
493 1
493 -1
493 1
493 -1
492 -1
1137 1
524 1
524 -1
524 1
524 -1
523 1
523 -1
523 1
523 -1
521 1
521 -1
519 1
519 -1
519 1
519 -1
519 1
519 -1
518 1
518 -1
518 1
518 -1
518 1
518 -1
517 1
517 -1
517 1
517 -1
515 1
515 -1
515 1
515 -1
515 1
515 -1
514 1
514 -1
514 1
514 -1
514 1
514 -1
514 1
514 -1
513 1
513 -1
512 1
512 -1
511 1
511 -1
510 1
510 -1
510 1
510 -1
510 1
510 -1
510 1
510 -1
510 1
510 -1
510 1
510 -1
509 1
509 -1
509 1
509 -1
509 1
509 -1
509 1
509 -1
508 1
508 -1
507 1
507 -1
507 1
507 -1
507 1
507 -1
507 1
507 -1
507 1
507 -1
507 1
507 -1
506 1
506 -1
505 1
505 -1
505 1
505 -1
505 1
505 -1
504 1
504 -1
504 1
504 -1
503 1
503 -1
501 1
501 -1
501 1
501 -1
500 1
500 -1
500 1
500 -1
499 1
499 -1
498 1
498 -1
498 1
498 -1
498 1
498 -1
497 1
497 -1
497 1
497 -1
497 1
497 -1
496 1
496 -1
495 1
495 -1
488 -13
488 13
495 -13
495 13
0 -1
1149 1
523 1
523 -1
522 1
522 -1
521 1
521 -1
521 1
521 -1
520 1
520 -1
520 1
520 -1
520 1
520 -1
519 1
519 -1
519 1
519 -1
519 1
519 -1
517 1
517 -1
516 1
516 -1
516 1
516 -1
516 1
516 -1
516 1
516 -1
514 1
514 -1
514 1
514 -1
513 1
513 -1
512 1
512 -1
511 1
511 -1
511 1
511 -1
510 1
510 -1
508 1
508 -1
508 1
508 -1
507 1
507 -1
506 1
506 -1
506 1
506 -1
505 1
505 -1
503 1
503 -1
502 1
502 -1
501 1
501 -1
501 1
501 -1
500 1
500 -1
500 1
500 -1
498 1
498 -1
498 1
498 -1
498 1
498 -1
497 1
497 -1
497 1
497 -1
496 1
496 -1
496 1
496 -1
496 1
496 -1
495 1
495 -1
494 1
494 -1
493 1
493 -1
492 1
492 -1
492 1
492 -1
491 1
491 -1
490 1
490 -1
489 1
489 -1
488 1
488 -1
486 1
487 -1
486 1
486 -1
485 1
485 -1
484 1
484 -1
484 1
484 -1
482 1
482 -1
481 1
481 -1
480 1
480 -1
479 1
479 -1
479 1
479 -1
479 1
479 -1
478 1
479 -1
477 1
477 -1
477 1
477 -1
477 1
477 -1
476 1
476 -1
476 1
476 -1
476 1
476 -1
476 1
476 -1
0 -1
1149 1
523 1
523 -1
523 1
523 -1
522 1
522 -1
520 1
520 -1
520 1
520 -1
518 1
518 -1
518 1
518 -1
515 1
515 -1
515 1
515 -1
515 1
515 -1
512 1
513 -1
512 1
512 -1
512 1
512 -1
512 1
512 -1
511 1
511 -1
511 1
511 -1
511 1
511 -1
510 1
510 -1
510 1
510 -1
509 1
509 -1
507 1
507 -1
505 1
505 -1
505 1
505 -1
504 1
504 -1
504 1
504 -1
503 1
503 -1
502 1
502 -1
501 1
501 -1
500 1
500 -1
500 1
500 -1
499 1
499 -1
498 1
498 -1
496 1
496 -1
495 1
495 -1
494 1
494 -1
493 1
494 -1
493 1
493 -1
489 1
489 -1
489 1
489 -1
487 1
488 -1
487 1
487 -1
484 1
484 -1
483 1
483 -1
483 1
483 -1
481 1
481 -1
479 1
479 -1
478 1
479 -1
478 1
478 -1
478 1
478 -1
476 1
476 -1
476 1
476 -1
475 1
475 -1
475 1
475 -1
475 1
475 -1
488 1
488 -1
