475 1.83112e-23
475 0.267332
476 0.558119
479 1.44694
479 0.0587365
480 0.46148
482 0.669565
482 0.311565
483 0.627885
484 0.166482
485 0.577279
485 0.0477832
487 1.0186
488 0.134092
488 0.138153
492 1.92881
492 0.0190145
492 0.120111
493 0.0147313
493 0.358915
494 0.256504
494 0.252744
495 0.249343
496 0.358002
496 0.376405
496 0.0706695
496 0.00058343
497 0.11282
497 0.290833
498 0.304385
499 0.63809
502 1.47024
503 0.516925
504 0.432265
505 0.286278
506 0.506561
506 0.0546612
508 1.24248
508 0.135743
509 0.0271916
510 0.506054
511 0.58829
512 0.465653
514 1.26758
515 0.491847
516 0.204223
516 0.286159
517 0.251511
521 2.4413
525 1.32621
850 1.28831e-23
1148 0.00960174
1149 4.15774e-26
521 0.0694033
517 0.155803
516 0.0621538
515 0.0345744
514 0.122105
512 0.205518
511 0.045379
510 0.164861
509 0.0734552
508 0.0588965
506 0.045614
506 0.0147228
506 0.0528415
506 0.0405173
505 0.085318
504 0.0356846
503 0.0384398
502 0.0342541
499 0.0349487
498 0.0364745
497 0.0498678
497 0.0905855
496 0.0998401
497 0.273828
496 0.0367877
496 0.0529397
495 0.0773333
494 0.298301
494 0.0369432
493 0.136126
493 0.0383605
492 0.0893887
492 0.0711405
492 0.0388048
488 0.0733967
487 0.140485
485 0.049509
485 0.0729612
484 0.0441702
483 0.104239
482 0.04405
482 0.0172913
482 0.0420408
480 0.102676
479 0.0399223
476 0.0405584
475 0.125225
475 0.0746474
475 0.0729941
482 0.000121
482 0.00125916
475 1.83112e-23
475 0.0768166
475 0.0434649
475 0.0821799
477 0.742489
477 0.0464499
477 0.339122
479 0.655584
479 0.201238
480 0.186143
480 0.152105
480 0.170128
482 0.507886
482 0.121571
482 0.155067
483 0.235287
483 0.0518519
484 0.401073
484 0.346523
484 0.079679
484 0.0407788
488 1.72224
489 0.311202
489 0.175305
494 2.39487
494 0.106846
496 0.710719
499 1.67465
500 0.230566
503 1.53128
504 0.469948
506 1.19724
507 0.422865
507 0.142967
508 0.108594
508 0.0975538
508 0.0224246
508 0.00359939
509 0.714384
511 0.655067
511 0.0451854
512 0.346638
512 0.286624
513 0.214789
513 0.171115
513 0.11178
513 0.00121783
513 0.0313821
514 0.234385
515 0.623489
516 0.670803
517 0.0929074
517 0.291693
517 0.117657
517 0.0607281
518 0.280477
518 0.199996
519 0.161569
522 1.53152
525 1.32981
850 1.28927e-23
1149 0.00868316
1149 1.90045e-27
522 0.257002
518 0.0526709
518 0.0390339
517 0.0879818
517 0.289441
517 0.0649791
517 0.298526
516 0.0638103
515 0.0747467
514 0.352248
514 0.115147
514 0.212145
514 0.0366251
514 0.0783189
513 0.0392511
513 0.0565006
513 0.0536361
513 0.204926
513 0.0916969
512 0.124632
512 0.0347238
511 0.039171
511 0.0228355
511 0.00809693
509 0.083277
508 0.0496955
508 0.0363443
508 0.043731
507 0.055628
506 0.133943
504 0.0439742
504 0.119225
504 0.0345709
503 0.0640436
500 0.194214
499 0.12331
494 0.0863615
494 0.0415989
489 0.059144
489 0.052709
488 0.0695785
484 0.0510332
484 0.0435001
484 0.0372985
483 0.0382075
483 0.15516
482 0.110423
482 0.272271
482 0.121294
480 0.0423646
480 0.0969131
480 0.0899706
480 0.0792296
480 0.0476205
480 0.0639051
480 0.0431894
479 0.0533161
479 0.0419938
477 0.0907607
477 0.0574685
477 0.0376318
475 0.27122
475 0.0633169
475 0.0389788
504 0.001564
504 0.062957
475 1.83112e-23
475 0.34157
476 0.580802
477 0.143561
478 0.680505
478 0.156734
481 1.03304
482 0.587577
483 0.618473
483 0.0445596
486 1.16503
491 2.09727
491 0.445492
493 0.559421
494 0.691305
495 0.242978
496 0.867439
497 0.167933
497 0.318202
499 0.553861
499 0.362112
500 0.123035
500 0.148924
502 0.884399
503 0.549983
503 0.19457
503 0.0246707
504 0.511498
505 0.123034
505 0.333312
506 0.0316294
507 0.881941
508 0.034509
508 0.419154
509 0.445078
510 0.283685
512 1.04785
512 0.0559132
513 0.248571
515 1.06409
515 0.107019
518 1.60909
519 0.412057
521 0.937055
522 0.283228
522 0.132276
522 0.105113
522 0.0724422
525 0.999984
854 1.31149e-23
1135 0.00874264
1149 5.91731e-25
522 0.0456724
522 0.0586642
522 0.0379046
522 0.0545757
521 0.0544969
519 0.0414032
518 0.0344792
515 0.0349931
515 0.139358
513 0.0767204
512 0.470178
512 0.0372878
510 0.0357195
509 0.144478
508 0.0602918
508 0.291788
507 0.0833312
506 0.0559075
505 0.0891324
505 0.0388808
505 0.2357
503 0.0427134
503 0.310485
503 0.117299
502 0.141862
500 0.0459554
500 0.124822
499 0.0514306
499 0.0601201
497 0.0370076
497 0.135031
496 0.0531383
495 0.0412504
494 0.0683856
493 0.0504165
491 0.0590214
491 0.125519
483 0.0508551
482 0.179792
481 0.0498907
478 0.0494063
477 0.0356666
476 0.123471
475 0.0943962
483 0.268819
475 1.83112e-23
475 0.322313
476 0.201768
476 0.050385
476 0.144991
480 1.77617
480 0.159546
481 0.375414
483 1.13872
484 0.301995
484 0.276448
486 0.716952
486 0.0674025
487 0.590342
488 0.234408
490 1.11996
490 0.136971
491 0.138445
491 0.0723532
493 0.98571
494 0.552453
494 0.278499
495 0.134353
495 0.242468
496 0.534993
497 0.0726311
500 1.88458
501 0.47378
502 0.182947
506 1.88002
508 1.07637
509 0.331257
509 0.411189
510 0.425776
510 0.105123
510 0.0143765
511 0.538702
512 0.088949
513 0.791906
514 0.169399
514 0.176308
515 0.2701
516 0.446819
516 0.186034
516 0.0223582
516 0.241596
518 0.655345
518 0.208185
519 0.23309
520 0.750213
522 0.833303
523 0.564878
523 0.0703601
524 0.329066
525 0.31298
850 1.28971e-23
988 0.00360875
1149 0.00527163
1149 7.32898e-27
988 0.00190181
524 0.0378697
523 0.261175
523 0.091913
522 0.106143
520 0.0608459
519 0.0384974
518 0.0537736
518 0.0437953
517 0.178972
516 0.0734477
516 0.0712949
515 0.119337
514 0.04784
514 0.0552889
513 0.0796901
512 0.0445405
512 0.328795
510 0.0219369
510 0.08906
510 0.0698609
510 0.0480163
510 0.0539282
509 0.222091
508 0.0423517
506 0.0678767
502 0.0444326
500 0.0483463
497 0.0504393
496 0.0565291
495 0.150054
494 0.0415886
494 0.121054
494 0.0662404
494 0.051847
493 0.0372837
493 0.0495025
491 0.0647544
491 0.0413188
490 0.117166
490 0.0843567
488 0.199809
486 0.122508
486 0.136716
486 0.123971
486 0.0349772
484 0.0733905
484 0.0577009
483 0.0683772
481 0.151789
480 0.278214
480 0.0447522
476 0.212749
476 0.0963807
476 0.00556916
476 0.112137
476 0.18691
476 0.278775
476 0.0883581
476 0.139816
476 0.0351614
476 0.0344643
476 0.0736313
475 0.0298082
475 0.0214299
475 0.001564
493 0.000121
493 0.00106271
475 0.00182371
475 1.83112e-23
475 0.0372886
475 0.425873
479 1.51674
479 0.192456
479 0.0287429
480 0.491451
480 0.0014613
480 0.0529688
482 1.05599
484 0.679641
485 0.684666
488 1.24286
489 0.479116
489 0.00442675
494 2.15582
494 0.0593794
494 0.0722963
495 0.392134
495 0.17215
499 1.6404
503 1.71105
505 1.09719
507 0.926181
508 0.655508
510 0.887096
510 0.288141
512 0.653906
512 0.287643
515 1.10073
516 0.563195
517 0.36979
517 0.104248
517 0.324967
518 0.0495839
518 0.193177
520 0.875855
520 0.212873
522 1.07612
523 0.320858
524 0.416
525 0.351366
850 1.28643e-23
887 0.00171689
1149 0.00753524
1149 9.22074e-28
887 0.00189988
524 0.0522537
523 0.0816727
522 0.0517742
520 0.0451196
518 0.0348996
518 0.0741027
517 0.0349806
517 0.483809
517 0.0515016
517 0.115774
516 0.129729
515 0.0524263
512 0.0417362
512 0.0440037
510 0.0625206
510 0.0387542
508 0.0354085
507 0.0930339
505 0.0636581
503 0.253007
499 0.139507
495 0.131079
495 0.226403
495 0.0897033
495 0.150913
494 0.568
494 0.0950431
494 0.0602444
489 0.0359457
488 0.0453258
485 0.0549196
484 0.0452016
483 0.13145
480 0.0659053
480 0.0815308
480 0.0595417
479 0.106305
479 0.0727705
479 0.0366708
475 0.0891565
475 0.0450133
475 1.83112e-23
475 0.251257
475 0.200317
477 0.701774
478 0.505176
479 0.470208
480 0.294509
480 0.287122
482 0.773612
482 0.0155645
483 0.576709
485 0.736861
486 0.6857
487 0.206243
488 0.452227
488 0.188799
489 0.320893
489 0.000938972
490 0.635136
492 1.16336
493 0.113321
494 0.668653
495 0.371503
495 0.360939
496 0.0948007
496 0.215314
497 0.518003
498 0.177576
499 0.665524
499 0.00609536
500 0.416077
500 0.011932
502 0.928846
502 0.192023
505 1.17474
506 0.736612
507 0.545461
508 0.183068
508 0.167441
510 0.87268
511 0.406126
512 0.721295
513 0.322894
513 0.0232878
513 0.0458221
513 0.107674
515 0.821215
516 0.542361
517 0.395159
518 0.508038
518 7.11909e-05
518 0.0808249
518 0.090981
522 1.65739
522 0.319878
523 0.15063
523 0.278612
524 0.171782
524 0.091971
524 0.186564
524 0.274681
524 0.0129027
525 0.0431158
850 1.29038e-23
917 0.00231817
939 0.000498148
1149 0.00487252
1149 4.14999e-27
939 0.00139532
918 0.00153186
917 0.00127578
524 0.045266
524 0.0615301
524 0.0391014
523 0.0551681
523 0.0526134
522 0.0603899
522 0.0766599
518 0.0502663
518 0.0556664
518 0.0398551
517 0.0504239
516 0.130843
515 0.0654687
513 0.0603831
513 0.034175
513 0.0675179
513 0.00892855
513 0.0483327
512 0.207021
511 0.0617524
510 0.0934905
508 0.0857357
507 0.0382085
506 0.137463
505 0.529243
505 0.143277
502 0.110123
502 0.036408
500 0.0358709
500 0.104159
499 0.0977921
499 0.131359
498 0.169377
497 0.0652627
496 0.29056
496 0.13514
495 0.0702374
495 0.119157
494 0.0820024
493 0.293061
492 0.0849098
490 0.0360634
489 0.0854835
489 0.145302
487 0.419761
486 0.0705339
485 0.167548
482 0.0870735
482 0.142202
481 0.286267
480 0.317675
479 0.26571
478 0.163775
477 0.057552
477 0.0549064
477 0.154743
477 0.0531985
477 0.128721
475 0.0374306
475 0.0516268
513 0.001564
513 0.000562708
475 1.83112e-23
475 0.0125177
475 0.320247
475 0.0180872
476 0.332579
476 0.145644
477 0.308616
478 0.439942
479 0.525115
480 0.433736
481 0.757335
482 0.106824
482 0.071758
483 0.512028
483 0.0870018
484 0.394392
484 0.172221
487 1.11914
487 0.0577744
487 0.12391
488 0.60023
489 0.0876253
491 0.975368
491 0.233583
492 0.402825
493 0.414074
493 0.311947
495 0.897734
496 0.468557
498 0.664916
499 0.433209
499 0.0566521
499 0.0568344
500 0.435847
501 0.799651
502 0.218255
503 0.805171
504 0.1477
504 0.220389
505 0.534298
506 0.161001
506 0.0234837
507 0.474569
507 0.0826511
507 0.0656152
507 0.0348758
508 0.304037
509 0.684948
509 0.0586158
510 0.330823
510 0.16037
513 1.22435
513 0.225279
513 0.200173
516 1.16509
516 0.0155244
516 0.0671539
516 0.120902
516 0.0866265
516 0.00494258
517 0.36684
519 0.76789
519 0.280834
522 1.38394
523 0.591787
524 0.328782
524 0.0750797
525 0.168387
850 1.28985e-23
1107 0.00530995
1149 0.00234877
1149 6.95144e-27
1107 0.00128478
524 0.0624806
524 0.0463517
523 0.129212
522 0.0356283
519 0.0508871
519 0.117214
517 0.137651
516 0.0102369
516 0.031489
516 0.0789987
516 0.081378
516 0.0538032
516 0.0343681
513 0.101384
513 0.0752821
513 0.0436889
510 0.145345
510 0.287366
509 0.117005
507 0.0764927
507 0.124599
507 0.063754
507 0.0407004
506 0.123075
506 0.0358041
505 0.0487433
504 0.192133
504 0.0488358
502 0.061639
501 0.0414284
500 0.110225
499 0.0413083
499 0.0353952
499 0.0579216
498 0.26346
495 0.101091
493 0.477906
492 0.0774917
491 0.00432148
491 0.323088
491 0.053635
491 0.0438049
489 0.0750551
488 0.0948768
487 0.300852
487 0.0482435
487 0.0505632
484 0.0343497
484 0.0387251
483 0.105839
482 0.0360958
482 0.222409
481 0.143057
480 0.11429
479 0.261334
478 0.197633
477 0.0859851
476 0.123946
476 0.160013
475 0.098657
475 0.0112704
475 0.0632632
516 0.001564
516 0.000602667
475 1.83112e-23
475 0.0720976
475 0.287786
476 0.299733
477 0.622229
477 0.0593752
478 0.0870758
478 0.311888
479 0.0852835
479 0.192972
480 0.465707
480 0.119008
482 0.99165
483 0.501411
484 0.320263
484 0.195678
485 0.111899
485 0.309031
486 0.464707
487 0.488014
488 0.319698
488 0.224092
489 0.343621
490 0.271888
492 0.969813
492 0.358233
493 0.344497
494 0.283357
496 1.1842
497 0.544889
498 0.448958
499 0.176468
500 0.888561
501 0.535944
504 1.16449
505 0.605747
509 1.85471
509 0.315602
509 0.0226934
510 0.49261
511 0.0673006
512 0.454309
512 0.19964
512 0.0368757
514 1.03919
515 0.419768
515 0.156934
516 0.124228
516 0.201064
517 0.656894
517 0.0397475
518 0.0185982
518 0.363573
519 0.181806
520 0.867564
521 0.353961
522 0.199753
522 0.380775
522 0.0173026
523 0.0506537
523 0.0925579
525 0.814487
850 1.28961e-23
1030 0.00452048
1111 0.00132755
1149 0.000635049
1149 6.61825e-27
1111 0.00209797
1112 0.00111219
1030 0.00200618
523 0.0387529
523 0.125913
523 0.157288
523 0.0462711
522 0.0407425
522 0.0857869
522 0.144192
521 0.0926526
520 0.0550083
519 0.0521279
518 0.0465093
518 0.0366096
517 0.055708
517 0.11055
516 0.0383137
516 0.138455
515 0.140034
516 0.356197
516 0.180748
516 0.518358
516 0.0581082
516 0.0390962
514 0.204153
512 0.114417
512 0.0436302
512 0.0354859
511 0.222703
510 0.0728459
509 0.0358846
509 0.0511798
509 0.346543
505 0.0375799
504 0.0704689
501 0.111372
500 0.0395641
499 0.0420645
498 0.0598419
497 0.0360018
496 0.0409299
494 0.0799127
494 0.22693
494 0.0428805
493 0.0999137
492 0.0651863
490 0.175713
489 0.0690757
488 0.0486464
488 0.11651
487 0.0674568
486 0.0558438
485 0.0598371
484 0.0747421
483 0.0617575
482 0.231897
480 0.0175784
480 0.0190424
480 0.0602918
479 0.0399433
478 0.129725
478 0.0620071
477 0.121112
476 0.0388684
475 0.0569769
475 0.0426448
475 0.0784501
480 0.000121
480 0.00114575
475 1.83112e-23
476 0.699271
477 0.606046
477 0.0340541
477 0.0528198
477 0.0659202
478 0.0700622
478 0.191719
483 2.57626
484 0.220074
485 0.616791
486 0.347939
487 0.552987
487 0.140247
487 0.00666224
487 0.147518
488 0.238752
488 0.1602
488 0.102219
489 0.114918
489 0.197782
490 0.355102
491 0.593884
491 0.101974
491 0.0182607
492 0.485373
493 0.388923
493 0.0031623
497 2.05076
498 0.516299
499 0.336404
501 0.985738
501 0.0556992
501 0.119131
502 0.182207
503 0.694235
505 0.968887
505 0.106873
506 0.412385
506 0.0491453
509 0.980162
511 0.962126
511 0.0356219
513 1.08486
513 0.0998698
515 0.833329
515 0.248611
516 0.595635
518 0.972709
519 0.0226901
519 0.0434319
519 0.293949
520 0.324732
521 0.410834
521 0.0134657
522 0.44411
522 0.368653
523 0.129632
523 0.236784
523 0.000140793
525 0.710702
850 1.28997e-23
937 0.00206106
1149 0.00697855
1149 2.81867e-26
937 0.00157149
937 0.0020044
937 0.00166689
523 0.0528643
523 0.067185
523 0.0540613
522 0.198656
521 0.042372
521 0.0353696
520 0.0498202
519 0.0487918
519 0.0465512
519 0.216888
518 0.0457273
515 0.0590676
515 0.0659575
513 0.0433581
513 0.035598
511 0.0374187
511 0.0782386
509 0.148446
506 0.242424
506 0.0372856
505 0.0534837
505 0.0409936
503 0.247547
502 0.0726909
501 0.040584
501 0.504338
501 0.27841
499 0.0481862
498 0.124051
493 0.0351381
493 0.044625
492 0.0480534
491 0.0799083
491 0.152525
490 0.037411
489 0.0403581
489 0.0623687
488 0.252391
488 0.112352
488 0.0640888
488 0.564159
488 0.129241
487 0.105669
487 0.0672256
486 0.0616196
485 0.0432313
484 0.0681019
483 0.0486699
478 0.0351078
478 0.043123
477 0.127857
477 0.0499986
477 0.0603009
477 0.0393992
476 0.078615
475 1.83112e-23
475 0.0935058
475 0.194813
477 0.957908
478 0.318797
478 0.117783
478 0.0843338
478 0.010296
479 0.629464
481 0.864827
482 0.27728
482 0.162568
484 1.13847
487 1.08341
490 1.63338
491 0.299619
491 0.234503
493 0.794789
494 0.275935
494 0.224943
495 0.479285
496 0.414924
498 1.16264
499 0.519414
499 0.0683632
503 1.42181
503 0.0377489
503 0.0589563
505 1.26969
510 2.05797
510 0.317237
511 0.194351
511 0.15334
511 0.216439
512 0.247003
512 0.0115026
514 1.22274
516 0.937614
519 1.15688
521 0.952492
522 0.419292
524 1.13463
524 0.152371
525 0.189863
850 1.28691e-23
1149 0.00969865
1149 8.60897e-27
524 0.0793359
522 0.0621058
521 0.112046
519 0.0481309
516 0.109559
514 0.0706004
512 0.0309511
512 0.0849636
512 0.535629
512 0.145036
511 0.0835453
511 0.0590026
511 0.0445854
505 0.081663
503 0.0373296
503 0.0824655
503 0.0758141
503 0.0358272
499 0.0731898
500 0.305405
500 0.310366
500 0.0552388
494 0.0913082
493 0.0647698
491 0.0942059
491 0.0484928
490 0.205569
484 0.0670584
482 0.0361159
481 0.0780412
479 0.0376458
478 0.131476
478 0.215935
477 0.0444815
475 0.11235
475 0.0391781
503 0.000121
503 0.00124088
