475 2.04024e-23
476 0.638037
476 0.124791
476 0.0641745
482 2.93348
482 0.332678
483 0.43071
485 0.845176
485 0.203267
487 0.813405
488 0.786564
488 0.125936
488 0.0297326
490 0.809874
491 0.393175
491 0.30857
492 0.23626
492 0.0281997
493 0.90977
494 0.198401
494 0.089614
495 0.61239
495 0.258116
496 0.441953
497 0.368372
497 0.315107
497 0.0816926
498 0.459571
498 0.0949453
499 0.0609348
499 0.0728286
500 0.539911
500 0.0996398
501 0.460277
501 0.493148
504 1.58698
505 0.0644527
506 1.04657
507 0.435852
511 1.9798
511 0.179984
512 0.734852
513 0.649374
514 0.155234
514 0.147298
514 0.0619034
515 0.464875
515 0.0179415
516 0.681166
518 1.16242
518 0.0537817
519 0.424144
519 0.0258251
520 0.456242
521 0.629123
522 0.685532
523 0.0907421
525 1.06383
850 1.4619e-23
1136 0.00971502
1149 0.000540569
1150 3.45737e-26
1137 0.00104213
523 0.035167
522 0.113548
520 0.0441609
519 0.0800402
519 0.123815
518 0.101055
518 0.083158
515 0.175855
514 0.215947
514 0.0594483
514 0.0622793
513 0.179008
511 0.0538861
511 0.296807
507 0.136755
506 0.0566793
505 0.0422964
504 0.0912265
502 0.0359605
501 0.0342749
500 0.237826
500 0.0993024
500 0.344236
499 0.0568484
499 0.0415515
498 0.0379403
498 0.020572
498 0.0647712
498 0.0464882
497 0.0357508
497 0.250911
496 0.0672456
495 0.0387753
495 0.0936691
494 0.151679
494 0.0575845
493 0.038909
492 0.0563406
492 0.0841392
491 0.0448487
491 0.120708
490 0.0465892
489 0.397149
488 0.3086
487 0.0393416
485 0.064982
485 0.0662499
483 0.0795309
482 0.0589699
482 0.0406698
476 0.157151
476 0.0380047
500 0.001564
500 0.0272913
