475 2.04024e-23
475 0.299621
476 0.259594
476 0.191451
476 0.0210562
476 0.257763
477 0.164771
477 0.193183
478 0.676648
478 0.0569277
478 0.0704167
480 0.570197
480 0.266026
480 0.00446293
481 0.617661
481 0.159612
482 0.508804
483 0.469972
483 0.102527
484 0.449344
484 0.0645071
485 0.299413
487 0.834409
487 0.0688925
487 0.338205
488 0.431512
488 0.0445787
489 0.147831
489 0.0481877
489 0.20472
490 0.532347
490 0.0904032
490 0.00160962
491 0.405038
492 0.384695
493 0.564189
493 0.105136
494 0.137033
495 0.883317
496 0.398009
496 0.373113
496 0.026462
498 0.874382
499 0.631464
500 0.613952
503 1.30949
504 0.48598
505 0.704395
505 0.163745
505 0.0373698
507 0.8086
507 1.68301
507 3.4065
507 3.12636
507 2.10576
507 2.94045
507 3.24367
507 0.0250037
507 0.00299983
509 1.47635
509 0.113587
509 0.0646622
509 0.157929
510 1.01009
512 1.06285
513 1.03496
513 0.156842
515 1.38919
515 0.261494
518 1.70413
519 1.14119
519 0.059313
520 0.441067
520 0.0572928
520 0.526957
522 0.966254
522 0.369386
523 0.472679
523 0.236367
524 0.927925
524 0.203992
524 0.062187
525 0.023547
850 2.09638e-23
918 0.0040628
490 0
488 0
475 0
241 0
502 0
455 0
524 0.0112229
524 0.00665812
524 0.00903584
524 0.00635119
524 0.015416
524 0.0366462
524 0.0376011
523 0.0772912
522 0.401038
522 0.0634237
520 0.13272
520 0.0160431
520 0.162458
520 0.0172231
520 0.0787998
520 0.208656
520 0.389606
520 0.141314
520 0.126021
519 0.0814939
518 0.370884
515 0.0717266
515 0.0536081
513 0.0374503
513 0.0820204
512 0.0402636
510 0.0403242
509 0.0619179
509 0.0658407
505 0.122061
505 0.0264848
506 0.211083
506 0.0621681
506 0.0358331
505 0.266713
506 0.0395806
506 0.0353072
506 0.0417374
505 0.061224
505 0.050351
504 0.0731144
503 0.0353207
500 0.0945043
499 0.0557212
498 0.0920487
496 0.0512851
496 0.146227
496 0.0570195
495 0.0488774
494 0.355339
493 0.0375283
493 0.0617516
492 0.34398
491 0.0802545
490 0.0524787
490 0.0712517
489 0.0115319
489 0.0734352
489 0.0690361
489 0.20133
488 0.122577
488 0.0751173
487 0.0458235
487 0.0578079
487 0.123861
485 0.290108
484 0.0824159
483 0.106181
484 0.306349
484 0.143906
484 0.0668445
484 0.0372363
484 0.0458245
482 0.0712461
481 0.0347843
480 0.0569693
480 0.0583658
480 0.0402896
480 0.0419191
478 0.117989
479 0.318126
479 0.30748
479 0.0933467
477 0.106959
477 0.0413768
477 0.154973
476 0.0726319
476 0.0367378
476 0.0515052
475 0.0722654
500 0
444 0
525 0
843 0
488 0.00555825
490 0.00279294
