475 2.04024e-23
475 0.518199
477 0.838044
479 1.16015
480 0.292453
480 0.169819
481 0.375849
482 0.639137
482 0.0856045
483 0.179532
484 0.525088
485 0.357549
485 0.160359
487 1.13948
487 0.0822882
488 0.592534
488 0.109897
490 0.812457
490 0.0249859
491 0.270672
491 0.318322
491 0.0313793
491 0.0552408
493 1.03565
494 0.500875
496 0.785806
497 1.07377
497 0.0194522
498 0.600254
499 0.378886
500 0.791431
500 0.0475669
501 0.25479
502 0.527673
503 0.451048
505 1.24231
506 0.522873
507 0.465432
507 0.0676466
508 0.561603
508 0.323758
509 0.252504
510 0.631028
510 0.0435269
510 0.031283
511 0.585935
511 0.0193909
513 0.771866
514 0.488371
514 0.236709
514 0.118822
515 0.303879
516 0.72705
517 0.322032
517 0.113053
519 1.05575
523 2.07583
524 0.785257
524 0.218318
525 0.078321
850 1.46683e-23
1062 0.00580649
1082 0.000590393
1149 0.00307787
1150 2.60418e-26
1082 0.00109249
1063 0.001259
1062 0.00140092
1062 0.00244752
1063 0.000718378
524 0.00792787
524 0.00626918
524 0.0110932
524 0.010418
525 0.00717052
1150 2.30824e-23
524 0.188801
523 0.050332
519 0.0544182
517 0.105695
517 0.195136
517 0.066015
517 0.0521227
516 0.175093
514 0.0804691
513 0.0679552
511 0.0881253
511 0.0708335
510 0.230531
510 0.0420181
510 0.0732644
509 0.0843577
508 0.0464898
508 0.0364031
507 0.120452
507 0.0356029
506 0.0390524
505 0.0357807
503 0.193428
502 0.0648456
501 0.0385089
501 0.119861
500 0.0246495
501 0.0709914
501 0.249564
501 0.0599223
500 0.12394
499 0.372138
497 0.0382823
497 0.0795753
496 0.0615278
494 0.0877872
493 0.0447554
491 0.166486
491 0.218896
491 0.0399518
491 0.0594856
490 0.348714
491 0.574794
491 0.118407
489 0.0856533
489 0.233596
489 0.15656
488 0.0452343
487 0.0552115
487 0.0966086
485 0.0473922
485 0.043918
484 0.507715
483 0.0925391
482 0.0349068
482 0.0644008
480 0.0681871
480 0.237233
479 0.0426601
477 0.498284
475 0.0406863
