475 2.04024e-23
475 0.111911
475 0.141979
476 0.706184
477 0.294976
477 0.0546509
478 0.518611
478 0.0425756
479 0.244075
481 1.26516
481 0.115186
481 0.0309086
484 1.47122
484 0.0152907
485 0.739361
485 0.0301848
485 0.0451128
486 0.423476
487 0.326973
487 0.0261358
487 0.350889
488 0.0986979
488 0.365215
488 0.0101326
489 0.170407
489 0.0371062
489 0.0149831
489 0.191425
489 0.10912
490 0.159926
491 1.11427
492 0.44013
494 1.13203
496 0.680356
496 0.0756157
498 1.15607
498 0.18762
498 0.0321215
499 0.280202
499 0.0267174
500 0.385123
500 0.247535
500 0.0158983
500 0.166414
501 0.144212
501 0.210435
502 0.508632
505 1.68057
505 0.423439
508 1.37534
509 0.73512
510 0.526437
511 0.239763
512 0.509513
512 0.118289
514 1.38751
515 0.547157
518 1.34819
518 0.131554
518 0.306593
519 0.303201
519 0.172742
520 0.333256
521 0.445111
521 0.175815
521 0.270631
522 0.439498
522 0.0275112
523 0.489008
523 0.209084
525 0.593804
850 1.46246e-23
1028 0.00498768
1149 0.00580066
1149 1.65547e-30
1029 0.00171377
1029 0.00257267
1029 0.000645297
1030 0.00148385
1030 0.00102883
523 0.0497922
522 0.065215
521 0.0731511
521 0.0492958
521 0.0354346
520 0.0490358
519 0.284403
519 0.223649
518 0.159485
518 0.142761
518 0.0414753
515 0.0369906
514 0.0457349
512 0.0792513
512 0.17206
511 0.062559
510 0.0378744
509 0.0645708
508 0.306998
505 0.0349308
501 0.0495825
501 0.0570748
500 0.0502619
500 0.0376459
500 0.0344275
499 0.0931686
499 0.151539
498 0.0704326
498 0.0389063
498 0.0464621
496 0.20262
496 0.0772282
494 0.0983892
492 0.0663991
491 0.0472758
490 0.228677
489 0.0496481
489 0.0108791
489 0.0802365
489 0.0344438
489 0.042616
489 0.0792485
489 0.0973209
488 0.0400469
488 0.0485794
488 0.520115
487 0.0423621
486 0.539506
486 0.039429
485 0.0743453
484 0.147998
484 0.0572526
481 0.251188
481 0.084759
479 0.0350588
478 0.0458688
477 0.039401
477 0.0378319
476 0.0386447
475 0.0814388
475 0.0926637
489 0.001564
489 0.00492337
