475 2.04024e-23
475 0.134181
476 0.407278
478 1.46403
479 0.0604348
479 0.0537452
479 0.0126461
479 0.0215749
481 1.00546
482 0.505876
482 0.161569
484 0.889634
484 0.213773
484 0.298907
486 1.19524
487 0.359923
487 0.00405399
487 0.0220214
488 0.597239
489 0.287084
489 0.174483
491 0.847324
492 0.495454
492 0.199596
493 0.470828
494 0.293826
494 0.363599
494 0.000647525
497 1.58165
497 0.100168
498 0.151135
498 0.450904
499 0.440421
501 0.725149
501 0.436719
502 0.547906
503 0.0846641
503 0.095451
503 0.076183
503 0.0110824
503 0.11684
503 0.139655
506 1.31069
506 0.247283
507 0.375956
507 0.136417
508 0.617549
508 0.0184085
509 0.261233
509 0.0272229
509 0.199605
511 0.768712
511 0.166792
512 0.692232
513 0.193733
513 0.0812767
513 0.100551
513 0.0855804
516 1.67862
516 0.242231
517 0.0419469
517 0.12284
518 0.751516
518 0.00121454
520 1.12485
522 0.824514
522 0.180091
523 0.340272
523 0.396322
525 0.737734
850 1.46078e-23
882 0.00113014
937 0.00156087
1149 0.00634062
1150 2.07776e-27
937 0.00118684
882 0.00181795
523 0.078467
523 0.0414492
522 0.0492056
522 0.0768703
520 0.0462277
518 0.0392094
518 0.0498672
517 0.213554
517 0.371795
517 0.200006
517 0.0353571
516 0.071191
516 0.0760164
513 0.0345973
513 0.0359928
513 0.0739675
513 0.0421148
513 0.0818166
512 0.0596753
511 0.108298
511 0.0970389
509 0.0517823
509 0.0397764
509 0.0402064
508 0.0687878
508 0.040657
507 0.0365192
507 0.10467
506 0.0385337
506 0.0870393
503 0.0903027
503 0.0921519
503 0.0479341
503 0.0708776
503 0.090495
502 0.0358947
501 0.0425627
501 0.126331
499 0.0558531
498 0.0510241
497 0.109298
497 0.0374295
494 0.122562
494 0.066706
494 0.0457662
493 0.00271751
493 0.0597801
493 0.0444954
492 0.395453
492 0.0708045
491 0.0452323
489 0.0620184
489 0.0636953
488 0.0598921
487 0.0505973
487 0.0739426
487 0.139786
486 0.0649488
484 0.0399651
484 0.0405195
484 0.0748594
482 0.0427837
482 0.057957
482 0.115525
482 0.0711415
479 0.0552571
479 0.04119
479 0.066861
479 0.0657929
479 0.202963
476 0.0601589
475 0.101684
513 0.001564
513 0.000143762
