475 2.04024e-23
476 0.901709
477 0.408708
477 0.0656397
477 0.0307611
478 0.269371
479 0.542923
479 0.0886352
479 0.0297741
479 0.161703
479 0.0224684
480 0.28101
481 0.534285
481 0.123292
481 0.0456119
482 0.399909
482 0.34685
483 0.201318
483 0.278953
484 0.243142
485 0.672143
486 0.385574
486 0.247639
486 0.079142
487 0.328858
487 0.063752
488 0.445399
489 0.510374
489 0.127285
489 0.354466
490 0.359601
491 0.336444
491 0.0947188
492 0.620217
492 0.0523373
493 0.401889
494 0.471801
494 0.0705141
494 0.0547703
494 0.152083
496 0.661694
496 0.474203
497 0.480284
500 1.56836
501 0.258187
501 0.119573
503 0.992656
503 0.37705
504 0.383973
504 0.165123
506 0.714716
506 0.0579691
506 0.0356146
507 0.539859
508 0.724882
509 0.275252
509 0.0958761
509 0.188302
510 0.174688
510 0.420747
511 0.201895
512 0.405729
512 0.0902797
512 0.32126
512 0.0231802
512 0.103664
513 0.566146
515 0.736297
516 0.783264
517 0.523871
517 0.0462169
517 0.0540483
518 0.192195
519 0.724241
519 0.0799944
521 0.830432
522 0.881915
523 0.160631
523 0.470829
524 0.531039
525 0.0565108
850 1.46414e-23
941 0.00295382
1149 0.00636199
1150 1.86584e-26
941 0.00106216
941 0.00104062
941 0.00169955
941 0.00169721
941 0.00136167
524 0.0592341
523 0.0944186
523 0.0630849
522 0.0709476
521 0.0755725
519 0.0498506
519 0.0453707
518 0.0573996
517 0.0490341
517 0.0373699
517 0.0581779
516 0.0444348
515 0.0462599
513 0.057985
512 0.0459396
512 0.0563256
512 0.0533459
512 0.0542069
511 0.0358762
510 0.044203
510 0.054138
509 0.182476
509 0.0926266
509 0.0499438
508 0.117187
507 0.0639798
506 0.205031
504 0.166466
503 0.195174
503 0.0707338
504 0.0833632
503 0.0441811
501 0.0803452
501 0.0585947
497 0.211329
496 0.0355773
494 0.0376697
494 0.1151
494 0.0499337
494 0.0712405
493 0.0358245
492 0.104173
492 0.0442612
491 0.085181
491 0.0282823
491 0.0653915
491 0.0360964
490 0.0633339
490 0.0373167
490 0.169694
490 0.0585424
489 0.100342
489 0.0806213
489 0.0396344
489 0.093855
488 0.0744977
487 0.3602
487 0.0677487
486 0.0369757
486 0.234107
486 0.0442706
485 0.0399344
485 0.0400665
484 0.0502749
483 0.0463579
483 0.0403105
482 0.00386195
482 0.10681
482 0.0449451
482 0.0358989
481 0.0552714
481 0.240955
481 0.116479
480 0.402037
479 0.0448928
479 0.237719
479 0.0345071
479 0.0561617
478 0.0434503
477 0.0419863
477 0.0640183
476 0.082235
493 0.001564
493 0.0303372
