475 2.04024e-23
475 0.0694481
480 2.78692
480 0.107986
481 0.376707
481 0.274697
482 0.336601
482 0.13245
482 0.0365206
482 0.0644283
483 0.295958
484 0.767392
485 0.289717
485 0.303496
486 0.380002
487 0.27269
488 0.837584
489 0.478561
490 0.743257
491 0.252072
491 0.168732
492 0.42267
492 0.0743951
492 0.032098
493 0.285011
494 0.505018
496 1.10401
496 0.0772136
497 0.694948
497 0.131707
498 0.606389
499 0.26972
499 0.105807
499 0.0395563
500 0.234195
500 0.150974
501 0.493077
502 0.694903
502 0.0283219
504 1.37533
505 0.209606
506 0.645273
508 0.922323
509 0.5741
510 0.639936
510 0.114521
510 0.047773
510 0.07707
512 0.717465
512 0.225002
513 0.408611
513 0.171543
513 0.0591154
513 0.101961
513 0.0306208
514 0.482328
515 0.468252
515 0.113584
515 0.0928787
516 0.183023
516 0.00947663
516 0.0133964
518 1.25222
519 0.493965
519 0.229667
520 0.201432
520 0.0707947
520 0.244984
521 0.0306621
521 0.121434
522 0.648951
522 0.0386903
522 0.343681
523 0.222949
523 0.042329
523 0.215481
524 0.354775
524 0.116926
524 0.12458
525 0.0428278
850 1.465e-23
873 0.00130114
1053 0.00684892
1149 0.002832
1149 4.38982e-26
1053 0.00111925
1054 0.00105158
1055 0.00245103
873 0.00182545
524 0.0503432
524 0.0733401
524 0.0814656
523 0.0367266
523 0.182864
523 0.1592
522 0.0832059
522 0.0358257
522 0.0405459
521 0.160598
520 0.0385835
520 0.201788
519 0.108969
519 0.0843337
516 0.0602494
516 0.0454945
515 0.0372725
515 0.0757978
514 0.0342953
514 0.312292
513 0.0823164
513 0.0353133
513 0.069286
513 0.035002
512 0.211802
512 0.0427377
510 0.122823
510 0.0164565
510 0.156155
510 0.0729574
510 0.0359224
509 0.0361787
508 0.0350369
506 0.304063
505 0.0421389
504 0.0756965
502 0.0857831
502 0.0540524
501 0.0398939
500 0.0667389
500 0.0490927
499 0.0455808
499 0.0436566
499 0.0345651
498 0.0807986
497 0.160976
497 0.256847
496 0.0536674
496 0.0424794
494 0.102099
493 0.0348995
492 0.0581241
492 0.0350548
492 0.416424
491 0.215873
491 0.141251
490 0.0389118
489 0.0350391
488 0.0515944
487 0.0810921
485 0.0362261
485 0.109157
485 0.202331
485 0.0558533
484 0.0453443
483 0.264548
482 0.0529544
482 0.0563491
482 0.0488399
481 0.0969883
481 0.0402239
475 0.0351818
