475 0
525 0
850 0
1149 0
475 0
525 0
850 0
1149 0
475 0
501 0
501 0.276348
501 0
503 0
519 0
475 0
206 0
499 0
473 0
501 0.060706
475 0
479 0
484 0
519 0
905 0
484 0.0762405
479 0.100786
475 0
499 0
499 0.258027
495 0
455 0
475 0
0 0
475 0
499 0
499 0.0522384
500 0
499 0
485 0
498 0
497 0.001564
497 0.10994
498 0.0159363
525 0
851 0
1144 0
1149 0
500 0.0964744
475 0
522 0
525 0
875 0
1050 0
522 0.0433746
475 0
525 0
850 0
1149 0
475 0
525 0
850 0
1149 0
475 0
499 0
525 0
1101 0
499 0.0492049
475 0
525 0
850 0
1149 0
475 0
502 0
502 0.0447784
507 0
494 0
489 0
414 0
525 0
753 0
509 0
505 0
502 0
490 0
489 0
491 0
502 0
593 0
491 0.000341815
489 0.0212524
490 0.0102559
502 0.00127523
505 0.0423966
509 0.122619
482 0
475 0
0 0
482 0.0309545
499 0
471 0
494 0.0659432
507 0.307515
475 0
478 0
478 0.239111
475 0
384 0
482 0
480 0.001564
480 0.0388763
482 0.00728214
489 0
587 0
476 0
458 0
475 0
525 0
850 0
1149 0
475 0
525 0
850 0
1149 0
475 0
505 0
525 0
857 0
1124 0
1145 0
505 0.0283519
475 0
513 0
525 0
774 0
513 0.131995
475 0
525 0
850 0
1149 0
475 0
525 0
850 0
1149 0
475 0
525 0
850 0
1149 0
475 0
484 0
484 0.514288
475 0
338 0
475 0
250 0
475 0
525 0
850 0
1149 0
475 0
501 0
496 0
496 0.353798
501 0.49046
525 0
1149 0
515 0
522 0
523 0
517 0
519 0
505 0
504 0
497 0
498 0.001564
498 0.0524047
497 0.00827531
504 0.000559971
505 0.00990919
519 0.0237772
517 0.0376198
523 0.142297
522 0.0360208
515 0.160431
475 0
525 0
850 0
1149 0
475 0
519 0
525 0
685 0
519 0.174935
475 0
525 0
850 0
1149 0
475 0
516 0
525 0
858 0
1121 0
1149 0
516 0.00544723
475 0
497 0
501 0
521 0
521 0
521 0
521 0.165363
501 0.0936987
497 0.0685148
475 0
479 0
488 0
503 0
678 0
488 0.119444
479 0.116939
475 0
501 0
503 0
495 0
391 0
503 0.118513
501 0.29333
475 0
480 0
501 0
690 0
480 0.151178
475 0
515 0
525 0
627 0
515 0.218964
475 0
486 0
486 0.182157
492 0
550 0
475 0
347 0
475 0
499 0
525 0
1061 0
499 0.0495462
475 0
477 0
515 0
860 0
477 0.065161
475 0
507 0
507 0.214467
506 0
502 0
502 0
504 0
592 0
512 0
516 0
524 0
485 0
479 0
410 0
485 0.00838992
524 0.0297464
516 0.0180901
512 0.0586058
494 0
376 0
502 0.00209352
502 0.00333099
506 0.00739011
475 0
525 0
850 0
1149 0
475 0
509 0
518 0
602 0
509 0.271693
475 0
525 0
850 0
1149 0
475 0
525 0
850 0
1149 0
475 0
492 0
492 0.311277
484 0
415 0
485 0
483 0
449 0
485 0.02412
508 0
653 0
519 0
520 0
525 0
652 0
520 0.146432
519 0.184356
520 0.56842
520 0.330453
519 0.0378882
475 0
524 0
524 0.10627
525 0
819 0
521 0
524 0
525 0
832 0
524 0.00729559
524 0.00503335
524 0.00244836
524 0.00448082
524 0.0046553
524 0.0429875
521 0.0624129
524 0
519 0
522 0
521 0
489 0
522 0.0410415
519 0.139824
524 0.0915863
524 0.130268
524 0.066063
525 0
630 0
475 0
525 0
850 0
1149 0
475 0
525 0
850 0
1149 0
475 0
507 0
507 0.421172
499 0
431 0
504 0
483 0
475 0
0 0
475 0
525 0
850 0
1149 0
475 0
480 0
482 0
487 0
487 0
254 0
487 0.227085
482 0.196563
480 0.314955
475 0
525 0
850 0
1149 0
475 0
512 0
525 0
850 0
868 0
512 0.0677794
475 0
525 0
850 0
1149 0
475 0
488 0
525 0
1149 0
488 0.0237574
475 0
519 0
525 0
938 0
519 0.0588991
475 0
525 0
850 0
1149 0
475 0
525 0
850 0
1149 0
475 0
525 0
850 0
1149 0
475 0
483 0
483 0.100711
506 0
522 0
525 0
624 0
522 0
643 0
522 0
443 0
525 0
922 0
480 0
460 0
475 0
209 0
522 0.054632
506 0.0296956
475 0
493 0
525 0
856 0
1128 0
1149 0
493 0.0027567
475 0
482 0
489 0
559 0
482 0.259132
475 0
506 0
525 0
894 0
506 0.0953087
475 0
491 0
491 0.346298
480 0
478 0
482 0
564 0
480 0
480 0
467 0
480 0.0811483
482 0
406 0
478 0.010809
480 0.0131464
475 0
488 0
503 0
632 0
488 0.203687
475 0
525 0
850 0
1149 0
475 0
525 0
850 0
1149 0
475 0
525 0
850 0
1149 0
475 0
525 0
850 0
1149 0
475 0
525 0
850 0
1149 0
475 0
525 0
850 0
1149 0
475 0
525 0
850 0
1149 0
475 0
505 0
505 0.146467
520 0
522 0
907 0
475 0
0 0
520 0.0533078
475 0
525 0
850 0
1149 0
475 0
504 0
490 0
357 0
504 0.510962
475 0
525 0
850 0
1149 0
475 0
497 0
503 0
552 0
497 0.28792
475 0
483 0
505 0
701 0
483 0.139896
475 0
519 0
519 0.140132
525 0
703 0
520 0
515 0
426 0
520 0.149939
525 0
840 0
525 0
576 0
475 0
525 0
850 0
1149 0
475 0
488 0
525 0
860 0
1118 0
1149 0
488 0.022762
475 0
479 0
494 0
494 0.185572
479 0.069493
507 0
510 0
509 0
501 0
381 0
491 0
494 0
494 0
475 0
374 0
494 0.0187937
494 0.0057081
491 0.0443104
479 0
479 0
557 0
479 0.0286311
479 0.0284915
479 0.0253068
479 0.0188228
479 0.0297619
479 0.0197012
479 0.0173553
479 0.0345325
479 0.0236198
479 0.0203485
479 0.0369992
479 0.0403348
479 0.0423896
479 0.0718643
479 0.0397803
479 0.210776
475 0
126 0
509 0.0115155
510 0.00821568
507 0.00648051
475 0
525 0
850 0
1149 0
475 0
525 0
850 0
1149 0
475 0
525 0
850 0
1149 0
475 0
477 0
475 0
389 0
477 0.445007
475 0
482 0
525 0
943 0
482 0.0715234
475 0
502 0
518 0
661 0
502 0.205832
475 0
489 0
489 0
502 0
525 0
845 0
502 0.042358
489 0.0388312
489 0.195843
475 0
492 0
525 0
1149 0
492 0.0243141
475 0
512 0
512 0.367386
511 0
505 0
496 0
426 0
505 0
438 0
475 0
41 0
521 0
599 0
505 0.125592
511 0.0178646
475 0
477 0
486 0
567 0
477 0.242703
475 0
502 0
509 0
509 0
519 0
509 0.167491
502 0.272919
475 0
525 0
850 0
1149 0
475 0
525 0
850 0
1149 0
475 0
475 0
475 0.246895
475 0
430 0
476 0
475 0
92 0
476 0.103327
475 0
48 0
475 0
525 0
850 0
1149 0
475 0
525 0
850 0
1149 0
475 0
525 0
850 0
1149 0
475 0
525 0
850 0
1149 0
475 0
475 0
475 0.257546
476 0
486 0
600 0
484 0
481 0
483 0
529 0
476 0.143908
481 0.0331804
484 0.463403
485 0.354103
485 0.398814
485 0.139815
485 0.0349703
484 0.0607354
483 0
466 0
475 0
525 0
850 0
1149 0
475 0
525 0
850 0
1149 0
475 0
495 0
495 0.0741348
501 0
513 0
515 0
545 0
490 0
492 0
482 0
395 0
492 0.0951819
490 0.0952712
488 0
427 0
513 0.0340856
501 0.0325261
