475 0
478 2.04151e-05
480 0
496 0
475 0
478 3.00201e-05
475 0
365 0
475 0
487 4.00099e-05
475 0
0 0
475 0
507 1.8702e-05
510 6.50517e-06
509 2.98133e-05
503 1.17663e-05
480 2.06052e-05
487 0
539 0
475 0
525 0
850 0
1149 0
475 0
484 1.29002e-05
484 1.67778e-05
492 3.54663e-05
475 0
394 0
475 0
500 3.29328e-05
486 1.76472e-05
488 0
544 0
475 0
498 2.90345e-05
497 1.01168e-05
494 0
470 0
475 0
495 7.05043e-06
501 2.8849e-05
475 0
236 0
475 0
475 3.82523e-05
475 0
28 0
475 0
477 3.08603e-05
475 0
343 0
475 0
493 4.02666e-05
488 1.89415e-05
491 2.24559e-05
525 0
795 0
475 0
501 3.59795e-06
519 3.54421e-05
509 2.17586e-05
525 0
1030 0
475 0
478 6.27122e-06
499 4.03162e-05
496 3.1483e-05
499 2.0413e-05
500 6.22499e-06
500 3.10443e-06
515 0
687 0
475 0
498 3.03139e-06
508 3.51798e-05
504 2.04125e-05
508 2.65086e-05
475 1.02354e-05
475 0
419 0
475 0
493 3.60012e-05
475 0
177 0
475 0
475 5.82319e-06
502 1.37831e-05
511 9.38668e-06
516 0
654 0
475 0
488 3.80251e-07
518 2.61939e-07
525 0
877 0
1073 0
1149 0
475 0
486 2.74886e-05
478 0
412 0
475 0
495 3.13691e-05
480 2.47923e-05
479 2.66308e-05
475 0
305 0
475 0
505 4.7706e-06
517 2.0759e-05
525 0
698 0
475 0
525 0
850 0
1149 0
475 0
525 0
850 0
1149 0
475 0
513 2.79377e-06
525 0
1038 0
475 0
505 1.34982e-05
510 2.59743e-05
512 2.50132e-05
515 0
554 0
475 0
525 0
850 0
1149 0
475 0
487 3.35472e-05
484 3.66481e-05
500 0
625 0
475 0
525 0
850 0
1149 0
475 0
481 3.84167e-05
475 0
100 0
475 0
486 2.97673e-05
475 0
377 0
475 0
509 3.43598e-05
489 0
308 0
475 0
496 3.76867e-06
512 3.60124e-05
507 2.37738e-05
507 2.17159e-06
497 0
392 0
475 0
503 2.02773e-05
503 3.67175e-05
504 1.78452e-05
506 2.02222e-05
523 0
733 0
475 0
513 2.30344e-06
518 6.22865e-06
525 0
1118 0
475 0
525 0
850 0
1149 0
475 0
492 4.10095e-05
475 0
0 0
475 0
498 2.38411e-05
495 1.59558e-05
492 0
0 0
475 0
491 2.22721e-05
491 9.49285e-06
486 6.07015e-06
477 0
361 0
475 0
503 9.11201e-06
522 3.9498e-05
511 1.35823e-05
512 2.99157e-05
511 1.62419e-05
525 0
850 0
1125 0
475 0
492 1.54028e-06
524 7.84688e-06
525 0
845 0
475 0
480 4.07927e-05
480 2.1888e-05
484 1.40512e-05
486 2.11598e-05
505 2.63074e-05
494 5.50091e-06
496 0
593 0
475 0
483 2.36031e-05
481 3.79585e-05
476 0
448 0
475 0
492 6.51869e-06
513 7.78133e-06
513 3.12336e-05
520 2.48595e-05
520 3.00355e-05
521 2.4181e-05
524 0
549 0
475 0
525 0
850 0
1149 0
475 0
491 1.96722e-05
493 0
517 0
475 0
498 3.01827e-05
484 0
367 0
475 0
490 2.06556e-05
490 3.24249e-05
475 0
184 0
475 0
501 4.10096e-05
475 0
0 0
475 0
512 2.31563e-05
512 2.03824e-05
523 6.39555e-07
525 0
1001 0
475 0
491 1.58918e-05
498 0
569 0
475 0
525 0
850 0
1149 0
475 0
525 0
850 0
1149 0
475 0
489 4.31324e-06
521 3.60098e-05
519 1.95828e-05
525 0
757 0
475 0
505 3.78753e-05
495 2.11886e-05
484 0
403 0
475 0
507 2.38174e-05
505 3.70045e-05
522 5.92072e-06
525 0
885 0
1025 0
475 0
478 2.77862e-05
475 0
398 0
475 0
481 2.2846e-05
480 0
466 0
475 0
480 1.60887e-05
482 1.21397e-05
475 0
199 0
475 0
487 3.37802e-05
475 0
301 0
475 0
475 9.38007e-07
493 2.58049e-05
489 0
456 0
475 0
484 3.67503e-05
475 0
112 0
475 0
485 1.53668e-05
493 0
565 0
475 0
485 1.88812e-05
488 0
519 0
475 0
497 3.95569e-05
475 0
6 0
475 0
508 1.73708e-05
513 0
560 0
475 0
495 3.92088e-05
485 3.09051e-05
495 0
565 0
475 0
525 0
850 0
1149 0
475 0
495 1.30004e-05
496 2.17235e-05
486 1.22266e-05
475 0
188 0
475 0
476 2.63115e-05
475 3.27449e-05
480 2.92543e-07
486 0
620 0
475 0
505 2.56757e-05
500 2.71383e-05
525 0
851 0
953 0
475 0
522 3.03244e-05
514 3.00468e-05
499 0
399 0
475 0
525 0
850 0
1149 0
475 0
475 3.59574e-05
475 0
216 0
475 0
512 3.77326e-05
499 3.485e-05
501 2.70014e-05
498 8.91836e-06
501 0
562 0
475 0
477 3.6893e-05
475 0
183 0
475 0
518 6.99278e-06
525 0
774 0
475 0
508 8.0247e-06
523 1.02084e-05
525 0
859 0
1123 0
1149 0
475 0
477 2.64407e-05
475 2.42235e-05
475 0
0 0
475 0
478 1.3365e-05
478 3.21821e-05
479 7.89981e-06
500 2.49695e-05
498 1.14658e-05
507 2.88021e-05
475 0
0 0
475 0
487 1.86525e-05
490 9.11136e-06
480 0
236 0
475 0
477 3.90355e-05
477 3.42171e-05
489 1.54016e-05
489 9.77513e-06
475 0
0 0
475 0
496 1.23746e-05
509 0
621 0
475 0
515 4.12456e-07
525 0
866 0
1099 0
1149 0
475 0
515 2.65898e-05
507 0
441 0
475 0
477 1.78909e-05
477 1.14828e-05
525 0
855 0
1131 0
1149 0
475 0
490 4.8759e-06
525 0
878 0
475 0
494 7.0303e-06
512 2.05035e-05
515 0
542 0
475 0
480 3.06688e-05
475 0
357 0
475 0
503 2.77027e-05
495 0
426 0
475 0
498 1.38185e-05
511 0
634 0
475 0
483 3.32592e-05
477 3.34977e-05
477 1.77121e-05
475 0
220 0
475 0
501 3.90874e-05
489 2.18669e-05
490 0
504 0
475 0
491 4.11219e-05
475 0
0 0
475 0
491 3.3767e-05
475 0
247 0
475 0
514 2.11672e-06
522 3.49313e-05
516 1.85453e-05
525 0
853 0
1099 0
475 0
476 3.37932e-05
475 0
267 0
475 0
481 3.8471e-05
475 0
102 0
475 0
478 6.00503e-06
505 0
746 0
475 0
475 5.26582e-06
482 3.41278e-05
480 1.66573e-05
477 2.22278e-05
484 1.67137e-05
476 1.22166e-05
491 0
797 0
475 0
475 2.96542e-05
475 0
363 0
