486 -13
486 13
481 -13
481 13
486 -13
486 13
476 -13
476 13
479 -13
479 13
488 -13
488 13
480 -13
480 13
519 -13
519 13
520 -13
520 13
517 -13
517 13
518 -13
518 13
482 -13
482 13
477 -13
477 13
482 -13
482 13
481 -13
481 13
479 -13
479 13
490 -13
490 13
493 -13
493 13
490 -13
490 13
496 -13
496 13
495 -13
495 13
517 -13
517 13
487 -13
487 13
495 -13
495 13
492 -13
492 13
494 -13
494 13
513 -13
513 13
522 -13
522 13
499 -13
499 13
517 -13
517 13
485 -13
485 13
486 -13
486 13
498 -13
498 13
500 -13
500 13
507 -13
507 13
481 -13
481 13
483 -13
483 13
491 -13
491 13
492 -13
492 13
497 -13
497 13
488 -13
488 13
492 -13
492 13
499 -13
499 13
485 -13
485 13
492 -13
492 13
477 -13
477 13
487 -13
487 13
501 -13
501 13
498 -13
498 13
504 -13
504 13
515 -13
515 13
517 -13
517 13
517 -13
517 13
515 -13
515 13
500 -13
500 13
497 -13
497 13
497 -13
497 13
489 -13
489 13
492 -13
492 13
479 -13
479 13
492 -13
492 13
493 -13
493 13
487 -13
487 13
488 -13
488 13
524 -13
524 13
524 -13
524 13
524 -13
524 13
517 -13
517 13
492 -13
492 13
516 -13
516 13
516 -13
516 13
478 -13
478 13
483 -13
483 13
475 -13
475 13
501 -13
501 13
508 -13
508 13
507 -13
507 13
501 -13
501 13
482 -13
482 13
480 -13
480 13
494 -13
494 13
485 -13
485 13
485 -13
485 13
486 -13
486 13
487 -13
487 13
485 -13
485 13
487 -13
487 13
483 -13
483 13
482 -13
482 13
483 -13
483 13
491 -13
491 13
493 -13
493 13
496 -13
496 13
490 -13
490 13
514 -13
514 13
476 -13
476 13
512 -13
512 13
482 -13
482 13
484 -13
484 13
475 -13
475 13
491 -13
491 13
504 -13
504 13
498 -13
498 13
504 -13
504 13
504 -13
504 13
503 -13
503 13
502 -13
502 13
495 -13
495 13
488 -13
488 13
499 -13
499 13
503 -13
503 13
497 -13
497 13
502 -13
502 13
489 -13
489 13
493 -13
493 13
501 -13
501 13
492 -13
492 13
496 -13
496 13
498 -13
498 13
500 -13
500 13
485 -13
485 13
485 -13
485 13
500 -13
500 13
485 -13
485 13
494 -13
494 13
485 -13
485 13
489 -13
489 13
479 -13
479 13
478 -13
478 13
493 -13
493 13
512 -13
512 13
509 -13
509 13
481 -13
481 13
489 -13
489 13
481 -13
481 13
482 -13
482 13
476 -13
476 13
505 -13
505 13
488 -13
488 13
480 -13
480 13
495 -13
495 13
495 -13
495 13
485 -13
485 13
494 -13
494 13
480 -13
480 13
475 -13
475 13
475 -13
475 13
475 -13
475 13
478 -13
478 13
500 -13
500 13
498 -13
498 13
500 -13
500 13
496 -13
496 13
510 -13
510 13
489 -13
489 13
503 -13
503 13
508 -13
508 13
492 -13
492 13
492 -13
492 13
477 -13
477 13
493 -13
493 13
511 -13
511 13
480 -13
480 13
481 -13
481 13
480 -13
480 13
494 -13
494 13
506 -13
506 13
476 -13
476 13
510 -13
510 13
510 -13
510 13
494 -13
494 13
475 -13
475 13
485 -13
485 13
485 -13
485 13
494 -13
494 13
495 -13
495 13
495 -13
495 13
504 -13
504 13
505 -13
505 13
506 -13
506 13
476 -13
476 13
504 -13
504 13
488 -13
488 13
475 -13
475 13
498 -13
498 13
476 -13
476 13
