0 -1
222 1
0 -1
293 1
0 -1
24 1
0 -1
475 1
0 -1
436 1
0 -1
475 1
0 -1
475 1
0 -1
475 1
0 -1
475 1
0 -1
475 1
0 -1
475 1
0 -1
475 1
0 -1
262 1
0 -1
475 1
0 -1
137 1
0 -1
475 1
0 -1
475 1
0 -1
475 1
0 -1
157 1
0 -1
475 1
0 -1
0 1
0 -1
475 1
0 -1
305 1
0 -1
475 1
0 -1
475 1
0 -1
475 1
0 -1
475 1
0 -1
475 1
0 -1
475 1
0 -1
39 1
0 -1
353 1
0 -1
475 1
0 -1
475 1
0 -1
475 1
0 -1
475 1
0 -1
475 1
0 -1
405 1
0 -1
434 1
0 -1
475 1
0 -1
475 1
0 -1
375 1
0 -1
0 1
0 -1
334 1
0 -1
475 1
0 -1
213 1
0 -1
475 1
0 -1
475 1
0 -1
475 1
0 -1
428 1
0 -1
475 1
0 -1
294 1
0 -1
475 1
0 -1
0 1
0 -1
246 1
0 -1
182 1
0 -1
475 1
0 -1
475 1
0 -1
475 1
0 -1
475 1
0 -1
475 1
0 -1
0 1
0 -1
475 1
0 -1
349 1
0 -1
0 1
0 -1
475 1
0 -1
475 1
0 -1
0 1
0 -1
28 1
0 -1
475 1
0 -1
475 1
0 -1
475 1
0 -1
116 1
0 -1
0 1
0 -1
281 1
0 -1
475 1
0 -1
213 1
0 -1
475 1
0 -1
475 1
0 -1
0 1
0 -1
451 1
0 -1
475 1
0 -1
475 1
0 -1
475 1
0 -1
268 1
0 -1
475 1
0 -1
475 1
0 -1
0 1
0 -1
233 1
0 -1
475 1
0 -1
169 1
0 -1
475 1
0 -1
49 1
0 -1
0 1
0 -1
475 1
0 -1
189 1
0 -1
475 1
0 -1
0 1
0 -1
268 1
0 -1
177 1
0 -1
317 1
