475 2.50193e-21
475 6.73574e-06
475 2.94309e-05
475 1.03537e-08
475 1.06389e-13
475 2.70951e-06
417 1.30475e-21
475 2.50193e-21
475 2.27653e-08
475 1.38048e-07
475 1.36063e-22
475 1.44371e-17
475 0
475 5.32486e-08
475 6.22973e-06
475 0
475 0.000493556
475 2.50193e-21
475 4.3759e-12
475 1.15309e-05
475 4.56213e-12
475 1.25064e-22
475 7.82514e-20
475 4.88342e-10
475 2.82143e-09
475 2.06214e-12
475 0.000488466
475 2.50193e-21
475 1.66107e-13
475 1.76356e-21
475 4.37559e-08
475 0.000159332
475 1.51353e-20
475 4.18566e-09
475 0.00034062
475 2.50193e-21
475 2.44962e-21
475 1.54306e-06
475 2.54816e-06
475 1.14327e-07
475 4.23375e-15
475 1.65222e-05
392 1.41431e-21
475 2.50193e-21
475 5.42543e-09
475 1.11165e-06
475 0.000141977
475 2.27601e-12
475 0.000341288
475 4.35263e-06
475 7.50781e-06
475 3.75794e-06
475 2.50193e-21
475 1.06573e-17
475 8.6449e-06
127 2.23505e-21
475 2.50193e-21
475 4.47573e-16
475 1.20434e-59
264 1.9587e-21
475 2.50193e-21
475 6.44933e-08
475 2.37805e-34
475 8.51343e-05
475 7.60171e-06
475 3.54974e-06
475 5.19312e-11
475 1.45645e-24
475 8.79897e-16
475 2.42235e-20
475 0.000219388
475 2.1121e-27
475 8.87381e-118
475 3.90493e-18
475 1.59979e-32
475 1.41514e-68
475 5.01445e-12
475 6.11029e-10
475 2.96384e-26
475 7.56744e-11
475 4.1766e-11
475 2.45962e-32
475 3.19222e-76
475 1.9109e-13
475 3.80582e-14
475 4.65352e-08
475 8.90195e-51
475 1.10872e-05
475 1.43777e-45
475 7.55357e-33
475 5.56438e-52
475 8.01989e-183
475 1.21793e-24
475 8.66191e-29
475 5.24158e-48
475 3.20322e-09
475 8.45717e-56
475 2.55946e-14
475 5.09138e-30
475 7.58345e-84
475 7.09379e-06
475 1.12016e-08
475 2.84892e-18
475 9.14272e-107
475 1.27206e-43
475 5.43739e-65
475 2.82292e-58
475 1.36149e-09
475 8.5338e-11
475 8.03797e-59
475 2.11284e-24
475 2.21704e-51
475 3.75414e-06
475 7.27929e-05
475 1.75292e-05
475 1.62815e-05
475 3.14158e-05
475 4.0309e-06
475 4.33339e-06
475 1.52184e-06
475 4.14238e-06
475 7.01548e-06
475 3.20033e-06
475 2.50193e-21
475 4.92515e-06
475 2.78785e-07
394 1.8623e-21
