475 1.654e-20
475 0.03
475 1.654e-20
475 0.03
475 1.654e-20
475 0.007259
475 0.0111573
475 0.0115837
475 1.654e-20
475 0.00792402
475 0.022076
475 1.654e-20
475 0.03
475 1.654e-20
475 0.03
475 1.654e-20
475 0.0219701
475 0.00802988
475 1.654e-20
475 0.03
475 1.654e-20
475 0.0102479
475 0.0197521
475 1.654e-20
475 0.03
475 1.654e-20
475 0.010395
475 0.00795089
475 0.000185725
0 1.21674e-20
475 1.654e-20
475 0.03
475 1.654e-20
475 0.03
475 1.654e-20
475 0.0227111
475 0.00728888
475 1.654e-20
475 0.03
475 1.654e-20
475 0.03
475 1.654e-20
475 0.0142243
475 0.0157757
475 1.654e-20
475 0.03
475 1.654e-20
475 0.0144915
475 0.0155085
475 1.654e-20
475 0.0259408
475 0.0040592
475 1.654e-20
475 0.0237488
475 0.0062512
475 1.654e-20
475 0.03
475 1.654e-20
475 0.0113432
475 0.0169797
475 0.0016771
475 1.654e-20
475 0.0192809
475 0.0107191
475 1.654e-20
475 0.00192632
475 0.0280737
475 1.654e-20
475 0.0291102
475 0.000889767
475 1.654e-20
475 0.03
475 1.654e-20
475 0.0101466
475 0.0064156
475 0.0134378
475 1.654e-20
475 0.0124213
475 0.0175787
475 1.654e-20
475 0.03
475 1.654e-20
475 0.0206765
475 0.00932353
475 1.654e-20
475 0.0183896
475 0.0116104
475 1.654e-20
475 0.0183663
475 0.0116337
475 1.654e-20
475 0.0137678
475 0.0162322
475 1.654e-20
475 0.015419
475 0.014581
475 1.654e-20
475 0.0200237
475 0.00997628
475 1.654e-20
475 0.03
475 1.654e-20
475 0.0181329
475 0.0118671
475 1.654e-20
475 0.0244738
475 0.000901328
475 0.00462488
475 1.654e-20
475 0.03
475 1.654e-20
475 0.0178303
475 0.0121697
475 1.654e-20
475 0.0158777
475 0.00396549
0 1.3214e-20
475 1.654e-20
475 0.00997762
475 0.0140058
475 0.00601661
475 1.654e-20
475 0.0281014
475 0.00189864
475 1.654e-20
475 0.03
475 1.654e-20
475 0.03
475 1.654e-20
475 0.0167157
475 0.0132843
475 1.654e-20
475 0.00278715
475 0.0212289
475 0.000112462
475 0.0058715
475 1.654e-20
475 0.00504042
475 0.0100467
475 0.0149129
475 1.654e-20
475 0.0198113
475 0.0101887
475 1.654e-20
475 0.03
475 1.654e-20
475 0.0290823
475 0.000917729
475 1.654e-20
475 0.0145578
475 0.0154422
475 1.654e-20
475 0.0203534
475 0.00964658
475 1.654e-20
475 0.03
475 1.654e-20
475 0.0113019
475 0.0186981
475 1.654e-20
475 0.03
475 1.654e-20
475 0.03
475 1.654e-20
475 0.03
475 1.654e-20
475 0.0154256
475 0.0145744
475 1.654e-20
475 0.0159194
475 0.0140806
475 1.654e-20
475 0.03
475 1.654e-20
475 0.03
475 1.654e-20
475 0.03
475 1.654e-20
475 0.03
475 1.654e-20
475 0.00520201
475 0.00920707
475 0.0155909
475 1.654e-20
475 0.0189938
475 0.0110062
475 1.654e-20
475 0.000887646
475 0.0291124
475 1.654e-20
475 0.0133737
475 0.0166263
475 1.654e-20
475 0.0251316
475 0.00486837
475 1.654e-20
475 0.03
475 1.654e-20
475 0.03
475 1.654e-20
475 0.0166812
475 0.0133188
475 1.654e-20
475 0.0225019
475 0.00749812
475 1.654e-20
475 0.03
475 1.654e-20
475 0.0090617
475 0.00901432
475 0.011924
475 1.654e-20
475 0.03
475 1.654e-20
475 0.00863468
475 0.00117935
475 0.00371744
193 1.22957e-20
475 1.654e-20
475 0.0098411
475 0.0201589
475 1.654e-20
475 0.03
475 1.654e-20
475 0.0124215
475 0.0175785
475 1.654e-20
475 0.0245298
475 8.63848e-06
475 0.0054616
475 1.654e-20
475 0.0285682
475 0.00143182
475 1.654e-20
475 0.03
475 1.654e-20
475 0.0167013
475 0.0132987
475 1.654e-20
475 0.03
475 1.654e-20
475 0.03
475 1.654e-20
475 0.03
475 1.654e-20
475 0.03
475 1.654e-20
475 0.03
475 1.654e-20
475 0.0178429
475 0.0121571
475 1.654e-20
475 0.0224998
475 0.00750023
475 1.654e-20
475 0.0149613
475 0.0150387
475 1.654e-20
475 0.03
475 1.654e-20
475 0.03
475 1.654e-20
475 0.0123522
475 0.0176478
475 1.654e-20
475 0.03
475 1.654e-20
475 0.0209392
475 0.00906078
475 1.654e-20
475 0.0205545
475 0.00944554
475 1.654e-20
475 0.03
