0 -1
292 1
0 -1
0 1
0 -1
475 1
0 -1
376 1
0 -1
128 1
0 -1
475 1
0 -1
475 1
0 -1
475 1
0 -1
422 1
0 -1
475 1
0 -1
475 1
0 -1
465 1
0 -1
475 1
0 -1
475 1
0 -1
410 1
0 -1
475 1
0 -1
475 1
0 -1
475 1
0 -1
475 1
0 -1
427 1
0 -1
0 1
0 -1
421 1
0 -1
475 1
0 -1
475 1
0 -1
381 1
0 -1
339 1
0 -1
403 1
0 -1
294 1
0 -1
475 1
0 -1
432 1
0 -1
475 1
0 -1
475 1
0 -1
475 1
0 -1
271 1
0 -1
341 1
0 -1
475 1
0 -1
210 1
0 -1
300 1
0 -1
475 1
0 -1
0 1
0 -1
239 1
0 -1
222 1
0 -1
422 1
0 -1
475 1
0 -1
254 1
0 -1
387 1
0 -1
0 1
0 -1
475 1
0 -1
475 1
0 -1
475 1
0 -1
475 1
0 -1
475 1
0 -1
475 1
0 -1
475 1
0 -1
308 1
0 -1
180 1
0 -1
475 1
0 -1
408 1
0 -1
449 1
0 -1
475 1
0 -1
475 1
0 -1
475 1
0 -1
202 1
0 -1
475 1
0 -1
475 1
0 -1
312 1
0 -1
475 1
0 -1
422 1
0 -1
309 1
0 -1
362 1
0 -1
395 1
0 -1
475 1
0 -1
475 1
0 -1
468 1
0 -1
394 1
0 -1
475 1
0 -1
192 1
0 -1
393 1
0 -1
0 1
0 -1
0 1
0 -1
282 1
0 -1
390 1
0 -1
475 1
0 -1
475 1
0 -1
475 1
0 -1
475 1
0 -1
433 1
0 -1
0 1
0 -1
475 1
0 -1
475 1
0 -1
454 1
0 -1
205 1
0 -1
176 1
0 -1
475 1
0 -1
452 1
0 -1
475 1
0 -1
331 1
0 -1
475 1
0 -1
475 1
0 -1
475 1
