475 0
525 0
850 0
1149 0
475 0
498 0
525 0
850 0
1149 0
1149 0
498 0.0293528
475 0
497 0
497 0.0966842
525 0
851 0
1006 0
481 0
339 0
487 0
487 0.35009
487 0.125163
486 0.375052
486 0.0411489
486 0.269445
485 0.238159
404 7.11588e-24
486 0.177137
487 0.0369738
487 0.041361
487 0.173657
485 0
275 0
475 0
525 0
850 0
1149 0
475 0
511 0
511 0.931632
500 0
399 0
475 0
114 0
475 0
511 0
511 0
511 0.741525
511 0.539166
513 0
530 0
505 0
511 0
615 0
505 0.0154576
507 0
469 0
513 0
524 0
497 0
376 0
475 0
525 0
850 0
1149 0
475 0
525 0
850 0
1149 0
475 0
493 0
493 0.328545
493 2.93969
493 0.0197978
477 0
330 0
483 0
394 0
525 0
936 0
475 0
525 0
850 0
1149 0
475 0
475 0
475 0
198 0
475 1.22784
475 0
491 0
493 0
510 0
491 0.673676
475 0
525 0
850 0
1149 0
475 0
525 0
850 0
1149 0
475 0
525 0
850 0
1149 0
475 0
525 0
850 0
1149 0
475 0
525 0
850 0
1149 0
475 0
525 0
850 0
1149 0
475 0
525 0
850 0
1149 0
475 0
525 0
850 0
1149 0
475 0
525 0
850 0
1149 0
475 0
503 0
521 0
525 0
862 0
1109 0
1120 0
521 0.162935
503 0.0411555
475 0
497 0
522 0
749 0
497 0.230109
475 0
525 0
850 0
1149 0
475 0
507 0
525 0
871 0
886 0
507 0.133218
475 0
525 0
850 0
1149 0
475 0
525 0
850 0
1149 0
475 0
525 0
850 0
1149 0
475 0
525 0
850 0
1149 0
475 0
525 0
850 0
1149 0
475 0
525 0
850 0
1149 0
475 0
502 0
509 0
578 0
502 0.540402
475 0
525 0
850 0
1149 0
475 0
525 0
850 0
1149 0
475 0
486 0
488 0
515 0
486 0.651348
475 0
496 0
496 0.0430354
525 0
854 0
1133 0
1149 0
492 0.001564
492 0.106396
497 0
498 0
496 0
496 0.001564
496 0.0782339
496 0.0175207
498 0.0489515
497 0.0856052
525 0
867 0
1096 0
1149 0
475 0
519 0
525 0
577 0
519 0.577909
475 0
525 0
850 0
1149 0
475 0
475 0
475 0
475 0.412511
475 0.0742532
480 0.000196864
484 0
554 0
475 0
114 0
476 0
517 0
518 0
602 0
517 0.0219441
476 0.0508222
475 0
490 0
490 0
1019 0
490 0.0205025
475 0.113608
475 0.130946
475 0.07105
475 0.044894
475 0.324439
475 0
401 0
485 0
577 0
475 0
519 0
494 0
270 0
519 1.13715
475 0
525 0
850 0
1149 0
475 0
525 0
850 0
1149 0
475 0
480 0
499 0
669 0
480 0.307498
475 0
525 0
850 0
1149 0
475 0
525 0
850 0
1149 0
475 0
520 0
520 0.27487
525 0
1130 0
525 0
874 0
947 0
504 0
353 0
500 0
313 0
520 0
500 0
308 0
520 0.393763
520 0.228212
520 0.233598
520 0.423594
520 0.489629
521 1.05653
521 0.0373121
520 0.689202
520 0.353487
520 0.0414444
520 0.262568
520 0.158728
520 0.0357553
520 0.0386945
520 0.0899804
520 0.0372945
520 0.0911628
520 0.0795758
520 0.001564
520 0.001564
521 0.000121
520 0.000121
520 0.00135983
521 0.00135757
520 0.000547474
520 0.0024908
475 0
495 0
525 0
906 0
495 0.133675
475 0
525 0
850 0
1149 0
475 0
525 0
850 0
1149 0
475 0
506 0
506 0.588793
475 0
181 0
513 0
518 0
519 0
525 0
629 0
519 0.0228079
518 0.0317773
513 0.0127526
509 0
531 0
524 0
688 0
517 0
615 0
475 0
525 0
850 0
1149 0
475 0
481 0
481 0.537831
476 0
434 0
483 0
525 0
891 0
1044 0
1149 0
483 0.0936936
491 0
580 0
501 0
681 0
475 0
525 0
850 0
1149 0
475 0
496 0
496 0.357681
502 0
552 0
522 0
515 0
14 0
522 0.0728072
498 0
485 0
475 0
163 0
485 0.0258828
498 0.105492
508 0
611 0
497 0
494 0
472 0
498 0.439014
498 0.488386
499 0.683368
499 0.0097153
499 0.589639
499 0.295283
499 0.165999
499 0.118428
499 0.258028
499 0.023711
499 0.256484
499 0.166462
499 0.0432001
498 0.0975558
498 0.119195
475 0
525 0
850 0
1149 0
475 0
508 0
525 0
974 0
508 0.0907857
475 0
503 0
525 0
853 0
503 0.14264
475 0
475 0
476 0
484 0
475 0.701495
475 0
504 0
504 0.450597
512 0
512 0
518 0
563 0
499 0
499 0
476 0
499 0.0833178
499 0.114384
499 0.500562
499 0.001564
499 0.00842164
489 0
377 0
525 0
816 0
512 0.0242841
512 0.544878
475 0
525 0
850 0
1149 0
475 0
484 0
525 0
992 0
484 0.0876774
475 0
525 0
850 0
1149 0
475 0
525 0
850 0
1149 0
475 0
525 0
850 0
1149 0
475 0
525 0
850 0
1149 0
475 0
507 0
525 0
874 0
891 0
507 0.13176
475 0
525 0
850 0
1149 0
475 0
525 0
850 0
1149 0
475 0
525 0
850 0
1149 0
475 0
525 0
850 0
1149 0
475 0
525 0
850 0
1149 0
475 0
505 0
504 0
494 0
505 0.751987
475 0
525 0
850 0
1149 0
475 0
506 0
506 0.395745
515 0
596 0
506 0
494 0
383 0
506 0.169355
475 0
11 0
475 0
503 0
503 0.667508
503 1.61895
502 0
506 0
509 0
508 0
500 0
493 0
512 7.71643e-05
513 0
512 0
473 0
513 0.00909036
493 0.0100792
500 0.000662137
508 0.00718376
509 0.0395248
506 0.000555455
502 0.127635
512 0
502 0
505 0.001564
505 0.136163
502 0.0131071
502 0.0672413
513 0.378833
475 0
49 0
475 0
483 0
483 0
475 0
237 0
483 0.782545
483 0.499052
475 0
520 0
520 0.368686
519 0
514 0
473 0
475 0
73 0
475 0
0 0
525 0
850 0
1149 0
1149 0
519 0.0117718
475 0
525 0
850 0
1149 0
475 0
498 0
525 0
812 0
498 0.189258
475 0
525 0
850 0
1149 0
475 0
525 0
850 0
1149 0
475 0
525 0
850 0
1149 0
475 0
525 0
850 0
1149 0
475 0
525 0
850 0
1149 0
475 0
511 0
511 0.547692
511 0
506 0
504 0
507 0.001564
507 0.110134
504 0.0533
510 0
511 0
511 0
510 0
483 0
511 0.27542
511 0.230235
511 0.0503499
511 0.0434027
510 0.52348
508 0
508 0
525 0
953 0
508 0.371427
508 0.269065
507 0.694517
507 0.146233
507 0.361625
507 0.00521325
507 0.579355
507 0.00688928
507 0.0418365
507 0.0430632
507 0.104477
508 0.36787
475 0
525 0
850 0
1149 0
475 0
525 0
850 0
1149 0
475 0
525 0
850 0
1149 0
475 0
525 0
850 0
1149 0
475 0
525 0
850 0
1149 0
475 0
489 0
487 0
488 0
488 0.556008
487 0.716704
489 0.815614
483 0
397 0
513 0
687 0
495 0
513 0
509 0
509 0.001564
509 0.124597
509 0.0441736
513 0.287392
495 0.210375
476 0
280 0
475 0
525 0
850 0
1149 0
475 0
483 0
483 0.163637
525 0
878 0
1072 0
1149 0
522 0
868 0
482 0
475 0
12 0
483 0.425973
483 0.376059
483 0.150217
483 0.481022
483 0.614622
483 0.00878229
483 0.001564
483 0.00253234
483 0.000121
483 0.00103897
475 0
318 0
475 0
525 0
850 0
1149 0
475 0
488 0
486 0
463 0
488 0.783686
475 0
525 0
850 0
1149 0
475 0
500 0
501 0
507 0
500 0.706947
475 0
525 0
850 0
1149 0
475 0
525 0
850 0
1149 0
475 0
516 0
519 0
549 0
516 0.635228
