490 -10
490 10
490 -1
490 1
490 -1
490 1
490 -1
491 1
506 -13
506 13
490 -13
490 13
522 -7
522 7
522 -2
522 2
522 -1
522 1
522 -1
523 1
522 1
522 -1
522 1
522 -1
522 1
522 -1
522 1
522 -1
522 1
522 -1
500 1
500 -1
504 1
504 -1
520 1
520 -1
522 -1
685 1
524 1
524 -1
523 1
523 -1
523 1
523 -1
523 1
523 -1
523 1
523 -1
523 1
523 -1
523 1
523 -1
522 1
522 -1
522 1
522 -1
522 1
522 -1
522 1
522 -1
522 1
522 -1
522 1
522 -1
518 1
518 -1
515 1
515 -1
517 1
517 -1
517 1
517 -1
521 1
522 -1
522 -1
1144 1
524 1
524 -1
524 1
524 -1
