475 0
525 0
850 0
1149 0
475 0
525 0
850 0
1149 0
475 0
525 0
850 0
1149 0
475 0
525 0
850 0
1149 0
475 0
525 0
850 0
1149 0
475 0
525 0
850 0
1149 0
475 0
525 0
850 0
1149 0
475 0
490 0
490 4.62994
490 1.40936
490 2.26013
491 3.19309
491 2.69077
491 0.0194407
491 0.00659821
490 0
506 0
509 0
720 0
499 0
578 0
525 0
920 0
489 0
474 0
506 0.0224794
490 0.854349
475 0
525 0
850 0
1149 0
475 0
522 0
522 6.5605
522 1.67325
522 3.29089
522 1.21719
522 0.0504131
522 0.371913
522 0.219249
522 2.39507
522 0.750114
522 3.09775
522 2.93982
523 2.80323
523 2.74492
523 2.96676
523 3.37341
523 0.901522
523 0.0732791
523 0.00796717
522 0.0369166
522 0.0401434
522 0.0352662
522 0.0417441
522 0.0431514
520 0
504 0
500 0
494 0
320 0
500 0.0123872
504 0.0378296
520 0.0745755
521 0
517 0
515 0
518 0
525 0
705 0
522 0.119574
522 0.833284
522 0.0943028
522 1.41199
522 0.463008
522 0.0351414
523 2.60943
523 1.66369
523 0.240332
523 1.9892
523 0.26484
523 0.163043
524 0.649927
524 0.776784
524 3.4267
524 3.04866
524 2.82819
525 1.3843
685 2.49715e-22
524 0.0348016
523 0.0395787
523 0.0375492
523 0.0416017
523 0.0412606
523 0.0480174
523 0.0492559
522 0.0341726
522 0.0392544
522 0.0414958
522 0.0479983
522 0.0609054
522 0.0483038
518 0.0158864
515 0.118734
517 0.116943
517 0.269491
517 0.235514
522 0.470002
522 0.125245
524 1.29771
524 0.0684895
525 0.383213
852 1.8865e-23
1139 0.0101754
1144 2.9881e-25
501 0
310 0
525 0
933 0
508 0
387 0
525 0
782 0
525 0
893 0
949 0
524 0.0354542
524 0.252712
