475 1.83112e-23
479 1.96125
481 1.34385
482 0.183582
482 0.0211598
483 0.543348
484 0.411247
485 0.296643
485 0.0270898
486 0.896341
487 0.135353
488 0.538907
488 0.0689374
489 0.260961
489 0.516854
491 0.905135
492 0.385027
492 0.0145487
492 3.70969
493 1.86157
493 0.0390991
493 0.369629
493 2.41059
493 0.391544
494 2.98959
494 2.89039
494 2.764
494 2.83559
495 3.07767
495 2.3419
495 0.000277333
493 0.0356376
493 0.0363988
493 0.0369511
493 0.043828
493 0.0369099
492 0.0947042
491 0.0493469
489 0.0731824
489 0.117774
489 0.0929752
489 0.0490531
488 0.0343105
486 0.0368045
485 0.0430491
485 0.0453572
484 0.0749667
483 0.0830186
482 0.0424704
482 0.0446857
481 0.239436
479 0.0978212
475 0
95 0
494 0
495 0
489 0
430 0
495 0.019446
494 0.0248185
475 0
294 0
492 0.131148
492 0.497127
492 0.365949
493 0.679359
493 0.0544011
493 0.389879
493 0.302648
493 0.652517
493 0.0094977
493 0.318032
493 0.00367839
493 0.234023
493 0.599036
493 0.2694
493 0.0174825
494 1.78904
494 0.1156
494 0.403602
494 0.582346
494 0.30523
494 0.494418
495 1.45007
495 0.261944
495 0.105993
495 0.662634
495 0.373863
495 0.198365
495 0.0339631
495 0.189155
495 0.216994
496 0.108962
496 0.260314
496 0.168479
496 0.0493789
496 0.599506
496 0.0951006
496 0.498527
496 0.259586
496 0.10243
496 0.819793
496 0.747501
496 0.26819
497 0.748083
497 0.160078
497 0.91252
497 0.0505488
497 0.682957
497 0.216793
497 0.384761
497 0.0212279
497 0.107551
497 0.3295
497 0.109127
497 0.0317476
497 1.50022
497 0.694074
497 0.326036
497 0.265179
497 0.269658
497 0.418398
497 0.079338
498 1.12397
498 0.966098
498 1.17324
498 0.300918
498 1.22892
498 1.45654
498 0.40292
498 0.00332063
498 0
498 0.0436947
498 0.0363171
498 0.0411799
497 0.0564292
497 0.0717415
497 0.0818785
497 0.0430319
497 0.0411041
497 0.0471141
497 0.060791
497 0.0383798
497 0.0518069
497 0.0379802
497 0.116474
497 0.0391032
497 0.0450699
497 0.0653803
497 0.0800729
497 0.034676
497 0.0828258
496 0.0345243
496 0.0967887
496 0.12999
496 0.0347465
496 0.0145479
496 0.0783114
496 0.0349701
496 0.159465
496 0.117357
496 0.0395639
496 0.150598
496 0.0390309
496 0.113441
496 0.1061
495 0.0865006
495 0.0950846
495 0.149349
495 0.0436301
495 0.107605
495 0.106491
495 0.0353719
494 0.0380887
494 0.0638454
494 0.0677534
494 0.056763
494 0.0733081
493 0.121708
493 0.0125819
493 0.0408834
493 0.0234792
493 0.0183845
493 0.0507177
493 0.0416621
493 0.0389896
493 0.040635
493 0.0544143
493 0.177404
493 0.0927968
493 0.141519
493 0.0667821
493 0.135746
493 0.0491358
493 0.124348
493 0.29902
492 0.0806656
492 0.055481
492 0.258091
493 0.001564
498 2.7744
498 1.32531
498 0.020106
498 0
508 0
569 0
496 0
431 0
475 0
287 0
492 0.303823
493 0.583814
493 0.185671
493 0.45466
493 0.477689
493 0.187518
493 0.818936
493 0.10797
494 0.288486
494 0.715213
494 0.0632804
494 0.638566
494 0.0888783
495 1.47847
495 0.295576
495 0.659326
495 0.0791895
495 0.406996
495 0.170568
495 0.532043
496 0.452528
496 0.34239
496 0.301598
496 0.670482
496 0.124394
496 0.570718
496 0.227137
497 1.72882
497 0.36657
497 0.543263
497 0.20124
498 2.16652
498 0.700693
498 0.0910292
498 0.025585
498 0.578129
498 0.861221
499 0.149284
499 0.745244
499 0.793938
499 0.16626
499 0.157786
500 3.70998
500 0.997844
500 0.63906
500 0.52316
501 0.702391
501 0.440883
501 3.33723
502 3.46009
502 2.98213
503 2.84658
503 2.7774
503 2.84832
503 3.03931
504 3.14577
501 0.0346219
501 0.0394117
501 0.0543343
500 0.0366506
500 0.0423545
500 0.0348398
500 0.0502778
499 0.0353454
499 0.0391527
499 0.0428234
499 0.0397678
499 0.063565
499 0.0739337
498 0.0373629
498 0.0363368
498 0.0465413
498 0.0644714
498 0.0694395
497 0.0411733
497 0.0601715
497 0.0690221
497 0.0652118
496 0.0428997
496 0.0549111
496 0.0693929
496 0.0397336
496 0.0597349
496 0.0424109
496 0.0466979
495 0.0382248
495 0.0470698
495 0.0546169
495 0.0411501
495 0.0535891
495 0.0848572
495 0.0749175
494 0.0580597
494 0.0401749
494 0.0671847
494 0.0376737
494 0.0351161
494 0.110831
493 0.0361407
493 0.042447
493 0.0478347
493 0.0415286
493 0.0404309
493 0.0518882
493 0.0114836
498 0.193693
498 0.226767
498 0.0612674
499 0.591752
499 0.355784
499 0.340002
499 0.495324
499 0.0125406
499 0.00922804
499 0.077371
499 0.570819
499 0.0765658
499 0.0549589
499 0.674841
499 0.0217792
499 0.151177
499 0.548978
500 0.0534574
531 8.11217e-24
492 0.238486
496 0
481 0
193 0
505 0
509 0
596 0
508 0
647 0
499 0.0345339
499 0.0552378
499 0.035238
499 0.0399862
499 0.0487201
499 0.050683
499 0.0546452
499 0.0784158
499 0.145366
499 0.043107
499 0.0591628
499 0.10775
498 0.048792
498 0.0428587
498 0.128897
501 0
397 0
525 0
897 0
499 0
478 0
499 0.001564
505 0.0442042
496 0.0108631
499 0.00973919
