475 1.83112e-23
475 0.00292708
476 0.715754
478 0.693473
479 0.68559
480 0.479323
480 0.0338927
480 0.148981
481 0.529112
483 0.949094
484 0.415091
485 0.531617
487 0.638711
487 0.271514
488 0.258643
489 0.967216
490 0.192141
491 0.474568
492 0.434685
495 1.70159
495 0.021398
496 0.351227
496 0.0919106
496 0.0532477
498 0.88595
498 0.128851
500 0.537708
500 0.043883
500 0.0542498
502 0.926866
504 1.39947
507 1.30676
508 0.348704
507 0.172209
504 0.0819005
503 0.631583
503 0.458346
500 0.0384253
500 0.0408603
498 0.110306
498 0.0929898
497 0.132143
497 0.0597201
497 0.0589902
496 0.0767555
495 0.0667723
492 0.0423043
491 0.0423881
490 0.0707805
489 0.0841578
487 0.0422862
485 0.158547
484 0.0779452
483 0.0629207
481 0.298396
480 0.117383
480 0.191208
480 0.0389943
479 0.191756
478 0.000630349
478 0.0835088
476 0.116542
477 0.329802
475 0.000613741
475 0.00204992
475 0.00181824
475 0.00200933
475 0.00169821
475 0.00102833
475 0.0012516
475 0.00113525
475 0.00167807
475 0.000580408
475 0.00216517
475 0.000587965
214 7.50505e-23
476 0.001564
476 0.000253796
477 0.001564
477 0.0216189
524 0
506 0
269 0
524 0.137539
508 0
507 0
508 0
506 0
508 0.87319
508 3.2037
508 2.15188
508 0.0351413
508 1.09689
508 0.611417
508 0.656306
508 1.2769
508 1.21526
508 0.0974738
508 0.260663
509 0.459744
509 0.173792
509 0.552846
509 1.70461
509 0.0592493
509 1.57528
509 0.424655
509 0.0587025
509 2.20749
509 0.0860459
509 0.931757
509 0.0413138
509 0.0583936
509 0.236037
509 0.206294
509 0.255176
510 0.125995
510 0.0663765
510 0.0304657
510 0.121376
510 0.675337
510 0.987697
510 0.137082
510 0.326895
510 0.653871
510 0.726159
510 1.7066
510 0.300378
510 0.536639
510 0.313199
510 0.334731
510 0.0472748
510 0.448696
511 3.86036
511 0.393123
511 0.124555
511 0.49948
511 0.580501
511 0.233287
511 0.566265
511 0.172043
511 1.64784
511 0.04554
511 0.779371
511 1.03412
511 0.448199
511 0.611121
511 0.0807507
511 0.380557
511 0.395901
511 2.51012
512 0.110359
512 0.0745784
512 0.382383
512 0.756154
512 0.616132
512 0.307984
512 1.11385
512 0.311572
512 0.554818
512 0.359
512 1.47053
512 0.790628
512 0.189707
512 0.0655671
512 2.54956
512 2.75507
512 2.79995
512 2.94966
512 2.63547
513 2.76672
513 2.75113
513 3.14465
513 2.63434
513 0.0071186
512 0.04153
512 0.0391948
512 0.0388031
512 0.0384497
512 0.0362872
512 0.0478152
512 0.0405448
512 0.0385072
512 0.0500946
512 0.0481461
512 0.0378057
512 0.037788
512 0.0348826
512 0.0446271
511 0.0439701
511 0.0516399
511 0.0698087
511 0.0353111
511 0.0618187
511 0.0565971
511 0.0375687
511 0.0367832
511 0.0343115
511 0.051418
511 0.0591043
511 0.0686978
511 0.06288
511 0.035302
511 0.0632725
511 0.0676177
511 0.0515157
510 0.0404145
510 0.0347003
510 0.0417854
510 0.0362354
510 0.0343203
510 0.0661171
510 0.0399963
510 0.044674
510 0.0450722
510 0.0901651
510 0.113855
510 0.0596245
510 0.107405
510 0.067013
510 0.0617324
509 0.0601834
509 0.074312
509 0.0493262
509 0.0705953
509 0.113366
509 0.0421802
509 0.0477402
509 0.0518739
509 0.0357699
509 0.0413922
509 0.0394349
509 0.117934
509 0.0435574
508 0.0854099
508 0.0360133
508 0.0381029
508 0.0746306
508 0.038146
508 0.143283
508 0.112512
508 0.267518
509 0.334582
509 0.824545
510 0.426814
510 0.257965
511 0.43776
512 1.07348
512 0.0735087
513 1.09958
514 0.437703
514 0.0922293
514 0.618592
515 0.219955
514 0.0401954
513 0.0342668
512 0.403767
512 0.0823394
510 0.06293
509 0.037491
509 0.0702592
508 0.0643092
501 0
489 0
499 0
765 0
489 0.115953
501 0.288053
506 0
426 0
475 0
0 0
515 0.471033
515 0.010596
515 0.184431
516 0.796476
516 0.599312
516 0.320727
517 0.236251
517 0.577545
517 0.111498
518 0.725227
518 0.451976
518 0.11902
519 0.552618
519 0.375905
520 0.133839
521 1.37196
521 0.459196
522 0.896995
523 0.538115
523 0.240872
525 1.89884
1122 5.36756e-23
523 0.0786205
523 0.0457463
522 0.053603
521 0.0387214
521 0.0482608
520 0.101642
519 0.0805504
519 0.0416059
518 0.0546792
518 0.0509591
517 0.0717853
517 0.153379
516 0.0420221
516 0.0347518
515 0.046636
515 0.0633001
496 0.0170495
525 0
861 0
1111 0
1150 0
475 0
105 0
523 0
659 0
