475 1.83112e-23
476 0.524647
476 0.0158392
476 0.183782
477 0.592704
479 0.930232
479 0.100629
482 1.26946
483 0.266508
483 0.335082
484 0.107098
484 0.212659
485 0.556196
485 0.130157
487 1.02109
488 0.285523
488 0.204624
489 0.514532
490 0.457657
490 0.031131
491 0.195576
492 0.499879
493 0.52342
493 0.316514
497 2.02357
498 0.158092
501 1.43291
501 0.10223
502 0.300808
502 0.0332565
503 0.412751
503 0.0516324
503 0.274317
505 0.621635
507 1.45993
509 0.671602
511 1.26455
512 0.0913487
512 0.179583
512 0.0417016
512 0.168644
513 0.203476
515 0.759677
516 0.489066
516 0.242513
518 1.12946
519 0.329711
520 0.517875
523 1.3646
523 0.157704
523 0.0181069
524 0.331715
525 0.199638
850 1.28713e-23
1149 0.008376
1149 6.03991e-27
524 0.111893
523 0.0386343
523 0.0389783
523 0.0805987
520 0.0660074
516 0.0927684
516 0.0435363
515 0.0459867
513 0.0976392
512 0.0537555
512 0.0495043
512 0.066277
511 0.0665832
509 0.0963248
507 0.0370872
505 0.0565411
503 0.088129
503 0.0966652
502 0.0861032
501 0.0399568
498 0.0749649
498 0.103414
493 0.0376564
493 0.0510315
492 0.142956
491 0.0412235
490 0.0831698
490 0.0512206
489 0.0359646
488 0.485937
488 0.379908
487 0.0847624
485 0.316566
485 0.0411943
484 0.0459981
484 0.0821513
483 0.0657523
483 0.120419
479 0.0429476
479 0.0750661
477 0.132868
476 0.165117
476 0.0388059
