475 1.83112e-23
476 0.815982
477 0.673835
478 0.324138
479 0.190627
480 0.435419
480 0.0469904
480 0.00924651
480 0.305586
480 0.0610536
481 0.337741
481 0.180506
484 1.05521
485 0.484219
485 0.262695
486 0.239092
487 0.414128
488 0.663785
489 0.503707
490 0.413714
490 0.0240661
490 0.095298
491 0.191283
491 0.0585876
492 0.480429
493 0.69712
495 0.786436
495 0.129036
496 0.490812
498 0.981011
498 0.0132761
498 0.00625566
498 0.132032
499 0.19644
500 0.418086
500 0.267626
504 2.05329
505 0.238603
506 0.293281
506 0.0867589
506 0.0307372
507 0.718237
508 0.277812
510 1.0706
511 0.587361
512 0.503158
514 0.66358
516 0.959197
516 0.283017
518 0.545786
519 0.712875
519 0.00992259
521 0.982819
522 0.38508
523 0.48901
523 0.0421109
523 0.00839711
523 0.22019
525 0.463228
850 1.29603e-23
1147 0.0104044
1149 1.15162e-25
523 0.0623516
523 0.0362664
523 0.0472969
522 0.186399
521 0.550382
521 0.0299058
519 0.0363182
519 0.10266
518 0.0499765
518 0.0229758
516 0.566473
516 0.121948
514 0.0676379
512 0.197761
510 0.0599555
508 0.123078
506 0.0368339
506 0.14551
505 0.101614
505 0.186196
505 0.0116938
505 0.121066
505 0.101969
505 0.035962
505 0.0421781
500 0.04377
500 0.112139
499 0.0427236
498 0.0562041
498 0.187767
498 0.20361
496 0.0398748
495 0.0452842
495 0.181679
493 0.0357011
492 0.122968
492 0.48924
492 0.0144664
492 0.152576
492 0.0441072
491 0.0573464
491 0.112683
490 0.0372019
490 0.079581
490 0.0555444
489 0.163096
488 0.0352317
487 0.0503177
486 0.0501469
485 0.0440347
484 0.135171
481 0.0452384
481 0.174422
480 0.0464698
480 0.00481647
480 0.276632
480 0.0606671
480 0.0391448
480 0.10167
479 0.044673
478 0.301075
477 0.0565328
476 0.0849749
485 0.001564
522 0
668 0
518 0.001564
480 0.0563646
518 0.0014016
485 0.0576994
