475 1.83112e-23
476 0.844376
478 0.96463
479 0.139879
480 0.910972
482 0.611487
483 0.448154
485 1.09794
485 0.0772952
486 0.528153
488 0.677257
491 1.35787
491 0.0178768
492 0.859754
493 0.146512
495 1.02317
495 0.282824
496 0.109807
497 0.57512
498 0.626634
499 0.52498
500 0.321693
500 0.334123
502 0.630727
502 0.132129
503 0.254588
503 0.338088
504 0.192725
505 0.359979
505 0.268141
506 0.238328
506 0.393452
507 0.0377338
508 0.61275
509 0.424642
509 0.0596782
510 0.461612
510 0.0347069
510 0.054099
511 0.355307
511 0.196568
512 0.21643
513 0.570494
513 0.24909
513 0.127307
514 0.178626
515 0.353889
517 0.915552
517 0.396116
518 0.175513
518 0.104808
518 0.064232
518 0.122302
520 1.01299
522 0.899898
523 0.457444
525 0.64683
850 1.28799e-23
1149 0.00651823
1150 1.51536e-27
523 0.0355513
522 0.405488
520 0.0377063
518 0.049577
518 0.0669584
518 0.0410235
517 0.0763495
517 0.0629184
515 0.0719727
514 0.0355135
513 0.0384239
513 0.0749504
513 0.0482076
512 0.0563541
511 0.161521
511 0.143549
510 0.467581
510 0.229128
510 0.0445028
511 0.0507197
511 0.0353545
511 0.0427384
510 0.0395435
510 0.0444619
510 0.133161
509 0.0417287
509 0.0502304
508 0.087039
507 0.0606896
506 0.0722131
506 0.0533136
505 0.0351525
504 0.0799897
503 0.130027
503 0.212133
503 0.0487104
503 0.0387694
502 0.0658012
502 0.044667
500 0.0954419
500 0.166411
500 0.0153499
499 0.186594
498 0.067164
497 0.0760676
496 0.100701
495 0.05659
492 0.214631
491 0.0445176
491 0.0500403
488 0.16988
486 0.0476486
485 0.109382
485 0.110588
482 0.0352574
480 0.0373498
479 0.0462484
478 0.0385728
