475 1.83112e-23
477 1.25721
477 0.0775076
480 1.13522
483 1.65164
483 0.0929909
485 0.754464
485 0.0263219
485 0.11085
486 0.39922
487 0.454113
487 0.145488
488 0.0750546
489 0.627062
489 0.0495294
489 0.106019
491 0.999798
492 0.458857
495 1.45105
496 0.53582
497 0.177926
501 2.12364
502 0.335597
504 1.10909
505 0.44006
505 0.15201
506 0.374123
506 0.073813
508 0.97151
508 0.0577182
509 0.326687
510 0.662006
511 0.507175
512 0.37582
512 0.153219
513 0.455445
513 0.0665629
513 0.0486387
514 0.469282
515 0.5791
515 0.0914002
515 0.0275793
516 0.0908399
516 0.406389
519 1.34591
519 0.0747338
520 0.314314
520 0.309142
521 0.225813
522 0.770871
523 0.0627707
523 0.171922
524 0.701103
525 0.0592882
850 1.29001e-23
1149 0.0101231
1149 1.24143e-26
524 0.0378327
523 0.119174
523 0.157202
523 0.0420151
523 0.365265
521 0.158616
520 0.0375435
520 0.17754
519 0.219083
516 0.142852
516 0.000811236
516 0.0797687
516 0.0696756
516 0.0440688
515 0.145877
515 0.135569
515 0.0476895
514 0.453253
513 0.0946525
513 0.0439802
513 0.225379
512 0.0836737
512 0.0583459
511 0.0550196
510 0.159725
509 0.0438959
508 0.0369694
508 0.166665
506 0.0649904
506 0.084179
506 0.0966611
507 0.551218
507 0.127316
506 0.0839951
505 0.151693
505 0.045283
504 0.16122
502 0.157969
501 0.089541
497 0.0468189
489 0.0783701
489 0.0817774
489 0.0578027
487 0.127879
487 0.0732506
485 0.0631373
485 0.0636952
485 0.0634804
483 0.0509603
480 0.0425881
477 0.111759
477 0.0465834
506 0.001564
516 0.000121
516 0.00126475
506 0.00157259
