475 1.83112e-23
475 0.0216693
475 0.356176
477 0.623689
478 0.644011
480 0.827664
480 0.186914
481 0.627634
483 0.701599
484 0.53943
485 0.62775
485 0.0365452
486 0.0737378
486 0.22145
486 0.0191251
487 0.284908
487 0.0635221
487 0.0103808
488 0.460863
490 0.76199
490 0.278782
491 0.288867
491 0.0725788
492 0.187456
500 4.03225
500 0.0162093
501 0.237561
501 0.070816
501 0.107735
503 1.20163
505 0.883114
505 0.0390548
506 0.325475
506 0.00546918
507 0.841343
508 0.157696
508 0.105592
509 0.486927
509 0.0456571
510 0.389001
511 0.79115
512 0.129626
513 0.520075
513 0.172291
513 0.104013
515 0.953899
516 0.0952755
517 0.720801
519 0.868032
521 0.971371
521 0.0920528
524 1.5015
524 0.0322191
525 0.0482659
850 1.28741e-23
979 0.00508303
1149 0.00515812
1150 8.28584e-27
979 0.00133641
524 0.0637276
524 0.0782389
521 0.0360883
521 0.0794498
519 0.060386
517 0.0397152
516 0.197617
515 0.0934296
513 0.0383863
513 0.0750788
512 0.281793
511 0.057386
510 0.0423367
509 0.103053
508 0.0420314
507 0.0697625
506 0.0461537
506 0.0373134
505 0.235409
505 0.0417916
505 0.270795
505 0.0407465
503 0.0640785
501 0.175477
500 0.0563236
492 0.0733525
491 0.192445
490 0.0484014
490 0.0869367
488 0.118998
487 0.104927
487 0.050761
487 0.0440874
486 0.157595
486 0.017077
486 0.2716
486 0.122501
486 0.0529737
485 0.0385355
485 0.115991
484 0.13741
483 0.158119
481 0.283614
478 0.0378974
477 0.170968
475 0.0359232
475 0.0352448
