475 5.52593e-21
475 0.418147
475 0.081853
475 5.52593e-21
475 0.5
475 5.52593e-21
475 0.5
475 5.52593e-21
475 0.370499
475 0.129501
475 5.52593e-21
475 0.5
475 5.52593e-21
475 0.431191
475 0.0663625
475 0.00244688
475 5.52593e-21
475 0.5
475 5.52593e-21
475 0.41282
475 0.044628
475 0.0153812
475 0.0271711
475 5.52593e-21
475 0.382399
475 0.117601
475 5.52593e-21
475 0.5
475 5.52593e-21
475 0.5
475 5.52593e-21
475 0.5
475 5.52593e-21
475 0.5
475 5.52593e-21
475 0.410215
475 0.0897846
475 5.52593e-21
475 0.5
475 5.52593e-21
475 0.5
475 5.52593e-21
475 0.5
475 5.52593e-21
475 0.488096
475 0.0119039
475 5.52593e-21
475 0.494469
475 0.00553109
475 5.52593e-21
475 0.5
475 5.52593e-21
475 0.5
475 5.52593e-21
475 0.5
475 5.52593e-21
475 0.473263
475 0.0106034
475 0.0161335
475 5.52593e-21
475 0.488183
475 0.0118171
475 5.52593e-21
475 0.385687
475 0.114313
475 5.52593e-21
475 0.5
475 5.52593e-21
475 0.380323
475 0.119677
475 5.52593e-21
475 0.47844
475 0.0100382
475 0.0115222
475 5.52593e-21
475 0.468127
475 0.0318734
475 5.52593e-21
475 0.447882
475 0.0250793
475 0.00828224
475 0.0187567
475 5.52593e-21
475 0.330351
475 0.169649
475 5.52593e-21
475 0.5
475 5.52593e-21
475 0.5
475 5.52593e-21
475 0.5
475 5.52593e-21
475 0.5
475 5.52593e-21
475 0.376154
475 0.10117
475 0.0197321
475 0.00294391
475 5.52593e-21
475 0.5
475 5.52593e-21
475 0.433092
475 0.0378014
475 0.00323008
475 0.000320956
475 0.0255553
475 5.52593e-21
475 0.470044
475 0.00399568
475 0.0244643
475 0.00149644
475 5.52593e-21
475 0.420759
475 0.0598365
475 0.00235489
475 0.0170491
475 5.52593e-21
475 0.5
475 5.52593e-21
475 0.5
475 5.52593e-21
475 0.5
475 5.52593e-21
475 0.5
475 5.52593e-21
475 0.357087
475 0.0966814
475 0.0462318
475 5.52593e-21
475 0.5
475 5.52593e-21
475 0.416687
475 0.0684304
475 0.0148825
475 5.52593e-21
475 0.5
475 5.52593e-21
475 0.388736
475 0.0680074
475 0.0432569
475 5.52593e-21
475 0.449377
475 0.0506234
475 5.52593e-21
475 0.5
475 5.52593e-21
475 0.484353
475 0.0156474
475 5.52593e-21
475 0.34105
475 0.15895
475 5.52593e-21
475 0.5
475 5.52593e-21
475 0.42067
475 0.0793298
475 5.52593e-21
475 0.441398
475 0.058602
475 5.52593e-21
475 0.5
475 5.52593e-21
475 0.5
475 5.52593e-21
475 0.376261
475 0.107467
475 0.0162719
475 5.52593e-21
475 0.5
475 5.52593e-21
475 0.426984
475 0.0426004
475 0.00391923
475 0.0264966
475 5.52593e-21
475 0.5
475 5.52593e-21
475 0.44057
475 0.0532723
475 0.00615718
475 5.52593e-21
475 0.397221
475 0.102779
475 5.52593e-21
475 0.402014
475 0.0963841
475 0.00160177
475 5.52593e-21
475 0.474579
475 0.0254205
475 5.52593e-21
475 0.5
475 5.52593e-21
475 0.449707
475 0.0502928
475 5.52593e-21
475 0.426057
475 0.0739428
475 5.52593e-21
475 0.5
475 5.52593e-21
475 0.463022
475 0.0182497
475 0.0187284
475 5.52593e-21
475 0.5
475 5.52593e-21
475 0.48381
475 0.0161905
475 5.52593e-21
475 0.465814
475 0.0162177
475 0.017968
475 5.52593e-21
475 0.461617
475 0.0367031
475 0.00167942
475 5.52593e-21
475 0.5
475 5.52593e-21
475 0.5
475 5.52593e-21
475 0.485891
475 0.0141087
475 5.52593e-21
475 0.481085
475 0.0107801
475 0.00813438
475 5.52593e-21
475 0.5
475 5.52593e-21
475 0.5
475 5.52593e-21
475 0.418756
475 0.0812442
475 5.52593e-21
475 0.30929
475 0.19071
475 5.52593e-21
475 0.397907
475 0.0844119
475 0.0176809
475 5.52593e-21
475 0.361244
475 0.138756
475 5.52593e-21
475 0.5
475 5.52593e-21
475 0.5
475 5.52593e-21
475 0.464658
475 0.0353415
475 5.52593e-21
475 0.5
475 5.52593e-21
475 0.45765
475 0.0423504
475 5.52593e-21
475 0.5
475 5.52593e-21
475 0.499933
475 6.66774e-05
475 5.52593e-21
475 0.5
475 5.52593e-21
475 0.5
475 5.52593e-21
475 0.5
475 5.52593e-21
475 0.490432
475 0.00956788
475 5.52593e-21
475 0.456811
475 0.00603672
475 0.0186288
475 0.0185232
475 5.52593e-21
475 0.421411
475 0.0767417
475 0.00184696
475 5.52593e-21
475 0.450162
475 0.0125268
475 0.0373111
475 5.52593e-21
475 0.469646
475 0.0121661
475 0.018188
475 5.52593e-21
475 0.5
475 5.52593e-21
475 0.5
475 5.52593e-21
475 0.476016
475 0.0158152
475 0.00816921
475 5.52593e-21
475 0.437009
475 0.0413743
475 0.0216169
475 5.52593e-21
475 0.499555
475 0.00044453
475 5.52593e-21
475 0.403602
475 0.0804171
475 0.0159806
475 5.52593e-21
475 0.49623
475 0.00376981
475 5.52593e-21
475 0.417737
475 0.0822627
475 5.52593e-21
475 0.5
475 5.52593e-21
475 0.5
475 5.52593e-21
475 0.5
475 5.52593e-21
475 0.5
475 5.52593e-21
475 0.479997
475 0.0131973
475 0.00680606
475 5.52593e-21
475 0.327541
475 0.130096
475 0.0231567
475 0.0192061
475 5.52593e-21
475 0.5
475 5.52593e-21
475 0.5
475 5.52593e-21
475 0.5
475 5.52593e-21
475 0.5
475 5.52593e-21
475 0.5
475 5.52593e-21
475 0.43656
475 0.06344
475 5.52593e-21
475 0.462922
475 0.037078
475 5.52593e-21
475 0.46986
475 0.0301396
475 5.52593e-21
475 0.5
475 5.52593e-21
475 0.5
475 5.52593e-21
475 0.5
475 5.52593e-21
475 0.5
475 5.52593e-21
475 0.427304
475 0.0512603
475 0.0214356
475 5.52593e-21
475 0.46634
475 0.0216263
475 0.0120339
475 5.52593e-21
475 0.5
475 5.52593e-21
475 0.5
475 5.52593e-21
475 0.5
475 5.52593e-21
475 0.445014
475 0.0189786
475 0.0348862
475 0.00112118
475 5.52593e-21
475 0.5
475 5.52593e-21
475 0.395218
475 0.0933955
475 0.0113866
475 5.52593e-21
475 0.412989
475 0.0870113
475 5.52593e-21
475 0.5
475 5.52593e-21
475 0.439169
475 0.060831
475 5.52593e-21
475 0.5
475 5.52593e-21
475 0.498075
475 0.0019249
475 5.52593e-21
475 0.444147
475 0.0558531
475 5.52593e-21
475 0.471846
475 0.0281539
475 5.52593e-21
475 0.5
475 5.52593e-21
475 0.5
475 5.52593e-21
475 0.469088
475 0.0254607
475 0.0054516
475 5.52593e-21
475 0.5
475 5.52593e-21
475 0.429018
475 0.0545775
475 0.0164046
475 5.52593e-21
475 0.5
475 5.52593e-21
475 0.387914
475 0.0867047
475 0.0253814
475 5.52593e-21
475 0.491236
475 0.00876355
475 5.52593e-21
475 0.5
475 5.52593e-21
475 0.456188
475 0.0365516
475 0.00726091
475 5.52593e-21
475 0.5
475 5.52593e-21
475 0.5
475 5.52593e-21
475 0.5
475 5.52593e-21
475 0.5
475 5.52593e-21
475 0.497292
475 0.00270813
475 5.52593e-21
475 0.4404
475 0.0595997
475 5.52593e-21
475 0.5
475 5.52593e-21
475 0.419431
475 0.0805688
475 5.52593e-21
475 0.372769
475 0.127231
475 5.52593e-21
475 0.5
475 5.52593e-21
475 0.476334
475 0.0108205
475 0.0128456
475 5.52593e-21
475 0.477318
475 0.00385407
475 0.0059754
475 0.0128522
475 5.52593e-21
475 0.428675
475 0.0127084
475 0.058617
475 5.52593e-21
475 0.5
475 5.52593e-21
475 0.5
475 5.52593e-21
475 0.461992
475 0.0246478
475 0.0133605
475 5.52593e-21
475 0.5
475 5.52593e-21
475 0.339453
475 0.160547
475 5.52593e-21
475 0.312636
475 0.185015
475 0.00234921
475 5.52593e-21
475 0.5
475 5.52593e-21
475 0.5
475 5.52593e-21
475 0.5
475 5.52593e-21
475 0.412996
475 0.0870045
475 5.52593e-21
475 0.5
475 5.52593e-21
475 0.432375
475 0.0437851
475 0.012411
475 0.0114284
475 5.52593e-21
475 0.5
475 5.52593e-21
475 0.475367
475 0.024633
475 5.52593e-21
475 0.355895
475 0.0996259
475 0.044479
475 5.52593e-21
475 0.5
475 5.52593e-21
475 0.365489
475 0.0654781
475 0.0640767
475 0.00495597
475 5.52593e-21
475 0.5
475 5.52593e-21
475 0.495153
475 0.00484709
475 5.52593e-21
475 0.5
475 5.52593e-21
475 0.5
475 5.52593e-21
475 0.5
475 5.52593e-21
475 0.5
475 5.52593e-21
475 0.5
475 5.52593e-21
475 0.489258
475 0.0107423
475 5.52593e-21
475 0.437597
475 0.0486023
475 0.013801
475 5.52593e-21
475 0.5
475 5.52593e-21
475 0.413515
475 0.0864848
475 5.52593e-21
475 0.5
475 5.52593e-21
475 0.5
475 5.52593e-21
475 0.418303
475 0.0749491
475 0.0067482
475 5.52593e-21
475 0.486303
475 0.0136967
475 5.52593e-21
475 0.5
475 5.52593e-21
475 0.5
475 5.52593e-21
475 0.5
475 5.52593e-21
475 0.446798
475 0.0532018
475 5.52593e-21
475 0.5
475 5.52593e-21
475 0.488819
475 0.0111814
475 5.52593e-21
475 0.458261
475 0.0417386
475 5.52593e-21
475 0.469206
475 0.0162543
475 0.0145394
475 5.52593e-21
475 0.477075
475 0.0229246
475 5.52593e-21
475 0.5
475 5.52593e-21
475 0.431522
475 0.0684781
475 5.52593e-21
475 0.482687
475 0.0173133
475 5.52593e-21
475 0.5
475 5.52593e-21
475 0.450742
475 0.0492583
475 5.52593e-21
475 0.377738
475 0.115372
475 0.00688913
475 5.52593e-21
475 0.5
475 5.52593e-21
475 0.5
475 5.52593e-21
475 0.472771
475 0.0266378
475 0.000591212
475 5.52593e-21
475 0.5
475 5.52593e-21
475 0.5
475 5.52593e-21
475 0.434468
475 0.0655319
475 5.52593e-21
475 0.439503
475 0.0363164
475 0.024181
475 5.52593e-21
475 0.5
475 5.52593e-21
475 0.466637
475 0.0333632
475 5.52593e-21
475 0.5
475 5.52593e-21
475 0.475322
475 0.024678
475 5.52593e-21
475 0.5
475 5.52593e-21
475 0.5
475 5.52593e-21
475 0.451493
475 0.0485066
475 5.52593e-21
475 0.451601
475 0.0474615
475 0.000937619
475 5.52593e-21
475 0.447683
475 0.0495776
475 0.00273938
475 5.52593e-21
475 0.5
475 5.52593e-21
475 0.422647
475 0.077353
475 5.52593e-21
475 0.290229
475 0.106987
475 0.102784
475 5.52593e-21
475 0.5
475 5.52593e-21
475 0.489609
475 0.0103912
475 5.52593e-21
475 0.497172
475 0.00282818
475 5.52593e-21
475 0.493908
475 0.00609153
475 5.52593e-21
475 0.5
475 5.52593e-21
475 0.450682
475 0.0403908
475 0.00892705
475 5.52593e-21
475 0.5
475 5.52593e-21
475 0.480891
475 0.0023831
475 0.0167257
475 5.52593e-21
475 0.5
475 5.52593e-21
475 0.5
475 5.52593e-21
475 0.5
475 5.52593e-21
475 0.5
475 5.52593e-21
475 0.497929
475 0.00207082
475 5.52593e-21
475 0.488032
475 0.0119676
475 5.52593e-21
475 0.459011
475 0.040989
475 5.52593e-21
475 0.5
475 5.52593e-21
475 0.5
475 5.52593e-21
475 0.5
475 5.52593e-21
475 0.455623
475 0.0132708
475 0.0212939
475 0.00981217
475 5.52593e-21
475 0.5
475 5.52593e-21
475 0.5
475 5.52593e-21
475 0.5
475 5.52593e-21
475 0.492309
475 0.00769119
475 5.52593e-21
475 0.238083
475 0.215594
475 0.0463228
475 5.52593e-21
475 0.5
475 5.52593e-21
475 0.481392
475 0.00517825
475 0.0134299
475 5.52593e-21
475 0.424168
475 0.0503036
475 0.00668171
475 0.0106412
475 0.00820509
475 5.52593e-21
475 0.5
475 5.52593e-21
475 0.5
475 5.52593e-21
475 0.5
475 5.52593e-21
475 0.5
475 5.52593e-21
475 0.5
475 5.52593e-21
475 0.5
475 5.52593e-21
475 0.376685
475 0.0847163
475 0.0385984
475 5.52593e-21
475 0.5
475 5.52593e-21
475 0.479407
475 0.015644
475 0.00494868
475 5.52593e-21
475 0.5
475 5.52593e-21
475 0.365548
475 0.134452
475 5.52593e-21
475 0.5
475 5.52593e-21
475 0.431284
475 0.0316255
475 0.0370902
475 5.52593e-21
475 0.449086
475 0.0509136
475 5.52593e-21
475 0.270848
475 0.130109
475 0.0990429
475 5.52593e-21
475 0.440951
475 0.020845
475 0.0173128
475 0.0090339
475 0.0118568
475 5.52593e-21
475 0.5
475 5.52593e-21
475 0.387828
475 0.0914985
475 0.0206731
475 5.52593e-21
475 0.5
475 5.52593e-21
475 0.5
475 5.52593e-21
475 0.40639
475 0.0706333
475 0.0218301
475 0.00114657
475 5.52593e-21
475 0.444139
475 0.0558608
475 5.52593e-21
475 0.5
475 5.52593e-21
475 0.5
475 5.52593e-21
475 0.5
475 5.52593e-21
475 0.5
475 5.52593e-21
475 0.386945
475 0.113055
475 5.52593e-21
475 0.5
475 5.52593e-21
475 0.5
475 5.52593e-21
475 0.5
475 5.52593e-21
475 0.477045
475 0.0229553
475 5.52593e-21
475 0.5
475 5.52593e-21
475 0.334332
475 0.155357
475 0.0103109
475 5.52593e-21
475 0.418184
475 0.0818157
475 5.52593e-21
475 0.476229
475 0.0237714
475 5.52593e-21
475 0.448746
475 0.0301857
475 0.0210679
475 5.52593e-21
475 0.5
475 5.52593e-21
475 0.5
475 5.52593e-21
475 0.5
475 5.52593e-21
475 0.5
475 5.52593e-21
475 0.5
475 5.52593e-21
475 0.5
475 5.52593e-21
475 0.353043
475 0.146957
475 5.52593e-21
475 0.481512
475 0.00151084
475 0.0169773
475 5.52593e-21
475 0.5
475 5.52593e-21
475 0.5
475 5.52593e-21
475 0.461787
475 0.00561269
475 0.0326005
475 5.52593e-21
475 0.5
475 5.52593e-21
475 0.5
475 5.52593e-21
475 0.489215
475 0.0107855
475 5.52593e-21
475 0.5
475 5.52593e-21
475 0.5
475 5.52593e-21
475 0.439883
475 0.0601169
475 5.52593e-21
475 0.367535
475 0.0764764
475 0.0559884
475 5.52593e-21
475 0.5
475 5.52593e-21
475 0.5
475 5.52593e-21
475 0.405354
475 0.094646
475 5.52593e-21
475 0.5
475 5.52593e-21
475 0.476682
475 0.0229099
475 0.000407681
475 5.52593e-21
475 0.307046
475 0.107648
475 0.0853066
475 5.52593e-21
475 0.5
475 5.52593e-21
475 0.376515
475 0.123485
475 5.52593e-21
475 0.403608
475 0.0963919
475 5.52593e-21
475 0.5
475 5.52593e-21
475 0.481866
475 0.0181339
475 5.52593e-21
475 0.5
475 5.52593e-21
475 0.485803
475 0.0141969
475 5.52593e-21
475 0.44844
475 0.05156
475 5.52593e-21
475 0.5
475 5.52593e-21
475 0.5
475 5.52593e-21
475 0.400583
475 0.0994173
475 5.52593e-21
475 0.309444
475 0.182277
475 0.00827944
475 5.52593e-21
475 0.464041
475 0.0269648
475 0.00899432
475 5.52593e-21
475 0.443943
475 0.0560574
475 5.52593e-21
475 0.416039
475 0.0419431
475 0.0189323
475 0.00649415
475 0.0165916
475 5.52593e-21
475 0.5
475 5.52593e-21
475 0.470818
475 0.0241773
475 0.00500508
475 5.52593e-21
475 0.5
475 5.52593e-21
475 0.5
475 5.52593e-21
475 0.5
475 5.52593e-21
475 0.5
475 5.52593e-21
475 0.499756
475 0.000243668
475 5.52593e-21
475 0.5
475 5.52593e-21
475 0.5
475 5.52593e-21
475 0.458701
475 0.0412988
475 5.52593e-21
475 0.490332
475 0.00966817
475 5.52593e-21
475 0.5
475 5.52593e-21
475 0.5
475 5.52593e-21
475 0.5
475 5.52593e-21
475 0.35151
475 0.0811904
475 0.0672992
475 5.52593e-21
475 0.496202
475 0.00379763
475 5.52593e-21
475 0.5
475 5.52593e-21
475 0.5
475 5.52593e-21
475 0.5
475 5.52593e-21
475 0.434257
475 0.0657432
475 5.52593e-21
475 0.5
475 5.52593e-21
475 0.428745
475 0.0712553
475 5.52593e-21
475 0.5
475 5.52593e-21
475 0.364484
475 0.10517
475 0.0303454
475 5.52593e-21
475 0.5
475 5.52593e-21
475 0.485472
475 0.0145276
475 5.52593e-21
475 0.5
475 5.52593e-21
475 0.400644
475 0.0885426
475 0.0108135
475 5.52593e-21
475 0.5
475 5.52593e-21
475 0.5
475 5.52593e-21
475 0.5
475 5.52593e-21
475 0.438541
475 0.0614589
475 5.52593e-21
475 0.392195
475 0.0726989
475 0.0351059
475 5.52593e-21
475 0.451093
475 0.0489072
475 5.52593e-21
475 0.383947
475 0.111669
475 0.00438338
475 5.52593e-21
475 0.468754
475 0.0250612
475 0.00618481
475 5.52593e-21
475 0.5
475 5.52593e-21
475 0.445552
475 0.0128331
475 0.0416148
475 5.52593e-21
475 0.393938
475 0.106062
475 5.52593e-21
475 0.5
475 5.52593e-21
475 0.5
475 5.52593e-21
475 0.5
475 5.52593e-21
475 0.5
475 5.52593e-21
475 0.5
475 5.52593e-21
475 0.5
475 5.52593e-21
475 0.5
475 5.52593e-21
475 0.487973
475 0.0120274
475 5.52593e-21
475 0.498757
475 0.00124329
475 5.52593e-21
475 0.5
475 5.52593e-21
475 0.5
475 5.52593e-21
475 0.5
475 5.52593e-21
475 0.5
475 5.52593e-21
475 0.5
475 5.52593e-21
475 0.449809
475 0.0428963
475 0.00729492
475 5.52593e-21
475 0.5
475 5.52593e-21
475 0.475437
475 0.00587806
475 0.0186853
475 5.52593e-21
475 0.5
475 5.52593e-21
475 0.350291
475 0.0948613
475 0.0548481
475 5.52593e-21
475 0.425649
475 0.049349
475 0.0250019
475 5.52593e-21
475 0.490657
475 0.00934283
475 5.52593e-21
475 0.5
475 5.52593e-21
475 0.5
475 5.52593e-21
475 0.441709
475 0.0139719
475 0.0179177
475 0.0111664
475 0.0152345
475 5.52593e-21
475 0.484208
475 0.0157924
475 5.52593e-21
475 0.5
475 5.52593e-21
475 0.5
475 5.52593e-21
475 0.5
475 5.52593e-21
475 0.5
475 5.52593e-21
475 0.5
475 5.52593e-21
475 0.5
475 5.52593e-21
475 0.5
475 5.52593e-21
475 0.5
475 5.52593e-21
475 0.5
475 5.52593e-21
475 0.5
475 5.52593e-21
475 0.429641
475 0.0668507
475 0.00350803
475 5.52593e-21
475 0.424358
475 0.0459468
475 0.0296949
475 5.52593e-21
475 0.449861
475 0.050139
475 5.52593e-21
475 0.480122
475 0.019878
475 5.52593e-21
475 0.5
475 5.52593e-21
475 0.5
475 5.52593e-21
475 0.478956
475 0.00570972
475 0.0153345
475 5.52593e-21
475 0.475271
475 0.0247295
475 5.52593e-21
475 0.5
475 5.52593e-21
475 0.5
475 5.52593e-21
475 0.5
475 5.52593e-21
475 0.40344
475 0.0802575
475 0.0163024
475 5.52593e-21
475 0.455882
475 0.0441184
475 5.52593e-21
475 0.5
475 5.52593e-21
475 0.5
475 5.52593e-21
475 0.479322
475 0.0206783
475 5.52593e-21
475 0.5
475 5.52593e-21
475 0.373145
475 0.103942
475 0.0229128
475 5.52593e-21
475 0.5
475 5.52593e-21
475 0.362069
475 0.127116
475 0.0108146
475 5.52593e-21
475 0.491673
475 0.00832678
475 5.52593e-21
475 0.460177
475 0.0398231
475 5.52593e-21
475 0.447602
475 0.0523981
475 5.52593e-21
475 0.424711
475 0.0750074
475 0.000281738
475 5.52593e-21
475 0.5
475 5.52593e-21
475 0.5
475 5.52593e-21
475 0.5
475 5.52593e-21
475 0.42908
475 0.0709198
475 5.52593e-21
475 0.458829
475 0.0358312
475 0.00534012
475 5.52593e-21
475 0.5
475 5.52593e-21
475 0.5
475 5.52593e-21
475 0.456341
475 0.0203313
475 0.0166344
475 0.00669328
475 5.52593e-21
475 0.376384
475 0.110426
475 0.0131898
475 5.52593e-21
475 0.5
475 5.52593e-21
475 0.5
475 5.52593e-21
475 0.416934
475 0.0830663
475 5.52593e-21
475 0.5
475 5.52593e-21
475 0.5
475 5.52593e-21
475 0.5
475 5.52593e-21
475 0.5
475 5.52593e-21
475 0.407013
475 0.0929873
475 5.52593e-21
475 0.5
475 5.52593e-21
475 0.41709
475 0.08291
475 5.52593e-21
475 0.5
475 5.52593e-21
475 0.5
475 5.52593e-21
475 0.444293
475 0.0557069
475 5.52593e-21
475 0.5
475 5.52593e-21
475 0.497634
475 0.00236626
475 5.52593e-21
475 0.5
475 5.52593e-21
475 0.5
475 5.52593e-21
475 0.460465
475 0.0346067
475 0.00492871
475 5.52593e-21
475 0.448331
475 0.0516689
475 5.52593e-21
475 0.404493
475 0.0572898
475 0.0360657
475 0.00215156
475 5.52593e-21
475 0.5
475 5.52593e-21
475 0.337373
475 0.162627
475 5.52593e-21
475 0.42227
475 0.0777295
475 5.52593e-21
475 0.408991
475 0.0800259
475 0.0109828
475 5.52593e-21
475 0.497894
475 0.0021064
475 5.52593e-21
475 0.5
475 5.52593e-21
475 0.397081
475 0.0515587
475 0.0495132
475 0.00184655
475 5.52593e-21
475 0.5
475 5.52593e-21
475 0.5
475 5.52593e-21
475 0.5
475 5.52593e-21
475 0.5
475 5.52593e-21
475 0.386593
475 0.113407
475 5.52593e-21
475 0.368314
475 0.0705566
475 0.0581693
475 0.00295993
475 5.52593e-21
475 0.493193
475 0.00680661
475 5.52593e-21
475 0.419563
475 0.0293716
475 0.0510654
475 5.52593e-21
475 0.5
475 5.52593e-21
475 0.5
475 5.52593e-21
475 0.5
475 5.52593e-21
475 0.421676
475 0.0783237
475 5.52593e-21
475 0.421266
475 0.000157902
475 0.0596934
475 0.0188829
475 5.52593e-21
475 0.5
475 5.52593e-21
475 0.288597
475 0.211403
475 5.52593e-21
475 0.5
475 5.52593e-21
475 0.5
475 5.52593e-21
475 0.408587
475 0.0914132
475 5.52593e-21
475 0.435436
475 0.0645637
475 5.52593e-21
475 0.5
475 5.52593e-21
475 0.5
475 5.52593e-21
475 0.5
475 5.52593e-21
475 0.473671
475 0.0147689
475 0.0115597
475 5.52593e-21
475 0.5
475 5.52593e-21
475 0.5
475 5.52593e-21
475 0.440159
475 0.0589598
475 0.000881506
475 5.52593e-21
475 0.5
475 5.52593e-21
475 0.437779
475 0.062221
475 5.52593e-21
475 0.419111
475 0.0801475
475 0.000741765
475 5.52593e-21
475 0.5
475 5.52593e-21
475 0.41031
475 0.0356766
475 0.0540131
475 5.52593e-21
475 0.5
475 5.52593e-21
475 0.432902
475 0.0517215
475 0.0153769
475 5.52593e-21
475 0.492577
475 0.00742314
475 5.52593e-21
475 0.493624
475 0.00637591
475 5.52593e-21
475 0.476963
475 0.0230369
475 5.52593e-21
475 0.5
475 5.52593e-21
475 0.5
475 5.52593e-21
475 0.5
475 5.52593e-21
475 0.5
475 5.52593e-21
475 0.498365
475 0.00163483
475 5.52593e-21
475 0.5
475 5.52593e-21
475 0.48694
475 0.0130597
475 5.52593e-21
475 0.5
475 5.52593e-21
475 0.484589
475 0.0154112
475 5.52593e-21
475 0.5
475 5.52593e-21
475 0.498724
475 0.00127644
475 5.52593e-21
475 0.5
475 5.52593e-21
475 0.482936
475 0.0170639
475 5.52593e-21
475 0.5
475 5.52593e-21
475 0.487807
475 0.0121931
475 5.52593e-21
475 0.402719
475 0.0794061
475 0.0178752
475 5.52593e-21
475 0.5
475 5.52593e-21
475 0.486724
475 0.0132759
475 5.52593e-21
475 0.5
475 5.52593e-21
475 0.5
475 5.52593e-21
475 0.5
475 5.52593e-21
475 0.475176
475 0.0248236
475 5.52593e-21
475 0.5
475 5.52593e-21
475 0.5
475 5.52593e-21
475 0.446891
475 0.0316189
475 0.0214897
475 5.52593e-21
475 0.409608
475 0.0903921
475 5.52593e-21
475 0.5
475 5.52593e-21
475 0.48851
475 0.0114901
475 5.52593e-21
475 0.5
475 5.52593e-21
475 0.5
475 5.52593e-21
475 0.5
475 5.52593e-21
475 0.5
475 5.52593e-21
475 0.449001
475 0.0478931
475 0.00310642
475 5.52593e-21
475 0.5
475 5.52593e-21
475 0.5
475 5.52593e-21
475 0.5
475 5.52593e-21
475 0.5
475 5.52593e-21
475 0.406939
475 0.0822047
475 0.0108565
475 5.52593e-21
475 0.461013
475 0.038987
475 5.52593e-21
475 0.5
475 5.52593e-21
475 0.5
475 5.52593e-21
475 0.5
475 5.52593e-21
475 0.5
475 5.52593e-21
475 0.450892
475 0.0279015
475 0.0130633
475 0.00814279
475 5.52593e-21
475 0.5
475 5.52593e-21
475 0.425939
475 0.0740614
475 5.52593e-21
475 0.5
475 5.52593e-21
475 0.492062
475 0.00793778
475 5.52593e-21
475 0.464744
475 0.0205322
475 0.0147234
475 5.52593e-21
475 0.5
475 5.52593e-21
475 0.5
475 5.52593e-21
475 0.5
475 5.52593e-21
475 0.5
475 5.52593e-21
475 0.40041
475 0.0505959
475 0.018661
475 0.00434045
475 0.0230316
475 0.00296067
475 5.52593e-21
475 0.451712
475 0.0342213
475 0.0140664
475 5.52593e-21
475 0.5
475 5.52593e-21
475 0.498813
475 0.0011872
475 5.52593e-21
475 0.447145
475 0.0330556
475 0.00134862
475 0.00873977
475 0.00971126
475 5.52593e-21
475 0.5
475 5.52593e-21
475 0.5
475 5.52593e-21
475 0.5
475 5.52593e-21
475 0.5
475 5.52593e-21
475 0.5
475 5.52593e-21
475 0.5
475 5.52593e-21
475 0.5
475 5.52593e-21
475 0.5
475 5.52593e-21
475 0.5
475 5.52593e-21
475 0.269637
475 0.230363
475 5.52593e-21
475 0.312419
475 0.187581
475 5.52593e-21
475 0.5
475 5.52593e-21
475 0.389836
475 0.0685075
475 0.0355311
475 0.00612572
475 5.52593e-21
475 0.465016
475 0.0349837
475 5.52593e-21
475 0.430623
475 0.0639489
475 0.00542803
475 5.52593e-21
475 0.5
475 5.52593e-21
475 0.36903
475 0.111379
475 0.00187544
475 0.0177152
475 5.52593e-21
475 0.5
475 5.52593e-21
475 0.434941
475 0.0650587
475 5.52593e-21
475 0.5
475 5.52593e-21
475 0.5
475 5.52593e-21
475 0.5
475 5.52593e-21
475 0.5
475 5.52593e-21
475 0.323694
475 0.170552
475 0.00575445
475 5.52593e-21
475 0.432118
475 0.0653985
475 0.00248313
475 5.52593e-21
475 0.426491
475 0.0673749
475 0.0061339
475 5.52593e-21
475 0.5
475 5.52593e-21
475 0.5
475 5.52593e-21
475 0.497097
475 0.00290307
475 5.52593e-21
475 0.426252
475 0.0737481
475 5.52593e-21
475 0.5
475 5.52593e-21
475 0.413566
475 0.086434
475 5.52593e-21
475 0.5
475 5.52593e-21
475 0.378381
475 0.121619
475 5.52593e-21
475 0.5
475 5.52593e-21
475 0.407059
475 0.0929407
475 5.52593e-21
475 0.425726
475 0.074274
475 5.52593e-21
475 0.444774
475 0.0442791
475 0.0109469
475 5.52593e-21
475 0.484406
475 0.0155944
475 5.52593e-21
475 0.433978
475 0.0534834
475 0.012539
475 5.52593e-21
475 0.402327
475 0.0411448
475 0.0559089
475 0.000619333
475 5.52593e-21
475 0.408039
475 0.091961
475 5.52593e-21
475 0.5
475 5.52593e-21
475 0.5
475 5.52593e-21
475 0.415742
475 0.0842575
475 5.52593e-21
475 0.471677
475 0.0283233
475 5.52593e-21
475 0.454497
475 0.0455028
475 5.52593e-21
475 0.5
475 5.52593e-21
475 0.5
475 5.52593e-21
475 0.5
475 5.52593e-21
475 0.412412
475 0.0714473
475 0.0161408
475 5.52593e-21
475 0.366202
475 0.133798
475 5.52593e-21
475 0.453857
475 0.0461429
475 5.52593e-21
475 0.414249
475 0.0370008
475 0.031325
475 0.0174249
475 5.52593e-21
475 0.484458
475 0.0155415
475 5.52593e-21
475 0.467521
475 0.0138879
475 0.0080171
475 0.010574
475 5.52593e-21
475 0.5
475 5.52593e-21
475 0.448863
475 0.00495074
475 0.0461862
475 5.52593e-21
475 0.5
475 5.52593e-21
475 0.487736
475 0.0122643
475 5.52593e-21
475 0.5
475 5.52593e-21
475 0.5
475 5.52593e-21
475 0.465782
475 0.0331272
475 0.00109062
475 5.52593e-21
475 0.453097
475 0.0108097
475 0.0360931
475 5.52593e-21
475 0.494355
475 0.00564463
475 5.52593e-21
475 0.5
475 5.52593e-21
475 0.481398
475 0.0186021
475 5.52593e-21
475 0.5
475 5.52593e-21
475 0.5
475 5.52593e-21
475 0.5
475 5.52593e-21
475 0.5
475 5.52593e-21
475 0.295349
475 0.204651
475 5.52593e-21
475 0.5
475 5.52593e-21
475 0.5
475 5.52593e-21
475 0.49586
475 0.00414021
475 5.52593e-21
475 0.5
475 5.52593e-21
475 0.49598
475 0.00401958
475 5.52593e-21
475 0.5
475 5.52593e-21
475 0.5
475 5.52593e-21
475 0.5
475 5.52593e-21
475 0.5
475 5.52593e-21
475 0.5
475 5.52593e-21
475 0.245229
475 0.254771
475 5.52593e-21
475 0.365337
475 0.0744159
475 0.0602475
475 5.52593e-21
475 0.5
475 5.52593e-21
475 0.453248
475 0.0467522
475 5.52593e-21
475 0.330255
475 0.169745
475 5.52593e-21
475 0.5
475 5.52593e-21
475 0.440556
475 0.0594437
475 5.52593e-21
475 0.46481
475 0.0291705
475 0.00601908
475 5.52593e-21
475 0.5
475 5.52593e-21
475 0.5
475 5.52593e-21
475 0.317921
475 0.182079
475 5.52593e-21
475 0.5
475 5.52593e-21
475 0.5
475 5.52593e-21
475 0.492988
475 0.00701224
475 5.52593e-21
475 0.5
475 5.52593e-21
475 0.470113
475 0.00710676
475 0.0227802
475 5.52593e-21
475 0.5
475 5.52593e-21
475 0.451675
475 0.0483252
475 5.52593e-21
475 0.469389
475 0.030611
475 5.52593e-21
475 0.386396
475 0.113604
475 5.52593e-21
475 0.5
475 5.52593e-21
475 0.41964
475 0.0803602
475 5.52593e-21
475 0.467966
475 0.0198103
475 0.0122234
475 5.52593e-21
475 0.5
475 5.52593e-21
475 0.421846
475 0.0517976
475 0.0119693
475 0.0143872
475 5.52593e-21
475 0.459142
475 0.00793197
475 0.032926
475 5.52593e-21
475 0.5
475 5.52593e-21
475 0.361068
475 0.118828
475 0.020104
475 5.52593e-21
475 0.5
475 5.52593e-21
475 0.427027
475 0.0700235
475 0.00294917
475 5.52593e-21
475 0.5
475 5.52593e-21
475 0.369817
475 0.12424
475 0.00594227
475 5.52593e-21
475 0.5
475 5.52593e-21
475 0.42024
475 0.0797597
475 5.52593e-21
475 0.5
475 5.52593e-21
475 0.492581
475 0.00741939
475 5.52593e-21
475 0.5
475 5.52593e-21
475 0.389321
475 0.110679
475 5.52593e-21
475 0.474171
475 0.00760608
475 0.0182231
475 5.52593e-21
475 0.5
475 5.52593e-21
475 0.460716
475 0.0392844
475 5.52593e-21
475 0.5
475 5.52593e-21
475 0.428788
475 0.0270307
475 0.044181
475 5.52593e-21
475 0.457307
475 0.0426933
475 5.52593e-21
475 0.5
475 5.52593e-21
475 0.432194
475 0.0439044
475 0.0239013
475 5.52593e-21
475 0.5
475 5.52593e-21
475 0.435133
475 0.0264936
475 0.0285038
475 0.00986943
475 5.52593e-21
475 0.392041
475 0.107959
475 5.52593e-21
475 0.5
475 5.52593e-21
475 0.5
475 5.52593e-21
475 0.5
475 5.52593e-21
475 0.5
475 5.52593e-21
475 0.493504
475 0.00649575
475 5.52593e-21
475 0.5
475 5.52593e-21
475 0.351796
475 0.148204
475 5.52593e-21
475 0.5
475 5.52593e-21
475 0.5
475 5.52593e-21
475 0.472856
475 0.0271443
475 5.52593e-21
475 0.5
475 5.52593e-21
475 0.5
475 5.52593e-21
475 0.386522
475 0.0935467
475 0.0199317
475 5.52593e-21
475 0.5
475 5.52593e-21
475 0.5
475 5.52593e-21
475 0.5
475 5.52593e-21
475 0.5
475 5.52593e-21
475 0.5
475 5.52593e-21
475 0.5
475 5.52593e-21
475 0.42292
475 0.0399672
475 0.0371126
475 5.52593e-21
475 0.461388
475 0.0343094
475 0.00430216
475 5.52593e-21
475 0.5
475 5.52593e-21
475 0.417844
475 0.0821555
475 5.52593e-21
475 0.5
475 5.52593e-21
475 0.326969
475 0.173031
475 5.52593e-21
475 0.5
475 5.52593e-21
475 0.5
475 5.52593e-21
475 0.5
475 5.52593e-21
475 0.5
475 5.52593e-21
475 0.425117
475 0.0581674
475 0.0167157
475 5.52593e-21
475 0.5
475 5.52593e-21
475 0.5
475 5.52593e-21
475 0.5
475 5.52593e-21
475 0.350511
475 0.0936765
475 0.0558128
475 5.52593e-21
475 0.448932
475 0.0499312
475 0.00113651
475 5.52593e-21
475 0.5
475 5.52593e-21
475 0.411178
475 0.0888219
475 5.52593e-21
475 0.461296
475 0.0190196
475 0.00418499
475 0.0154996
475 5.52593e-21
475 0.41048
475 0.0770407
475 0.0124792
475 5.52593e-21
475 0.427943
475 0.0720566
475 5.52593e-21
475 0.5
475 5.52593e-21
475 0.479026
475 0.000279362
475 0.0206948
475 5.52593e-21
475 0.482604
475 0.0173961
475 5.52593e-21
475 0.5
475 5.52593e-21
475 0.5
475 5.52593e-21
475 0.5
475 5.52593e-21
475 0.420515
475 0.0794849
475 5.52593e-21
475 0.5
475 5.52593e-21
475 0.430536
475 0.0564937
475 0.0129705
475 5.52593e-21
475 0.5
475 5.52593e-21
475 0.5
475 5.52593e-21
475 0.5
475 5.52593e-21
475 0.496668
475 0.00333228
475 5.52593e-21
475 0.388952
475 0.111048
475 5.52593e-21
475 0.446579
475 0.0534214
475 5.52593e-21
475 0.5
475 5.52593e-21
475 0.418226
475 0.0817741
475 5.52593e-21
475 0.5
475 5.52593e-21
475 0.435097
475 0.0566441
475 0.00825932
475 5.52593e-21
475 0.5
475 5.52593e-21
475 0.441058
475 0.0589423
475 5.52593e-21
475 0.372645
475 0.127355
475 5.52593e-21
475 0.49529
475 0.00471049
475 5.52593e-21
475 0.464277
475 0.0357227
475 5.52593e-21
475 0.5
475 5.52593e-21
475 0.478222
475 0.0133315
475 0.00844606
475 5.52593e-21
475 0.428255
475 0.0579305
475 0.0138141
475 5.52593e-21
475 0.498273
475 0.0017267
475 5.52593e-21
475 0.461576
475 0.038424
475 5.52593e-21
475 0.499253
475 0.000747276
475 5.52593e-21
475 0.5
475 5.52593e-21
475 0.5
475 5.52593e-21
475 0.443557
475 0.0392082
475 0.0172352
475 5.52593e-21
475 0.5
475 5.52593e-21
475 0.442623
475 0.0423563
475 0.0150202
475 5.52593e-21
475 0.493213
475 0.00678672
475 5.52593e-21
475 0.414734
475 0.0852664
475 5.52593e-21
475 0.5
475 5.52593e-21
475 0.432152
475 0.0678477
475 5.52593e-21
475 0.5
475 5.52593e-21
475 0.442844
475 0.0532435
475 0.00391198
475 5.52593e-21
475 0.5
475 5.52593e-21
475 0.368182
475 0.131818
475 5.52593e-21
475 0.465722
475 0.0256432
475 0.00863429
475 5.52593e-21
475 0.467353
475 0.0326474
475 5.52593e-21
475 0.5
475 5.52593e-21
475 0.438091
475 0.0548964
475 0.00701274
475 5.52593e-21
475 0.5
475 5.52593e-21
475 0.492986
475 0.00701399
475 5.52593e-21
475 0.5
475 5.52593e-21
475 0.5
475 5.52593e-21
475 0.5
475 5.52593e-21
475 0.5
475 5.52593e-21
475 0.406325
475 0.0494487
475 0.0243436
475 0.00158379
475 0.0182989
475 5.52593e-21
475 0.5
475 5.52593e-21
475 0.5
475 5.52593e-21
475 0.450679
475 0.0266438
475 0.00372986
475 0.017719
475 0.00122792
475 5.52593e-21
475 0.5
475 5.52593e-21
475 0.5
475 5.52593e-21
475 0.5
475 5.52593e-21
475 0.5
475 5.52593e-21
475 0.458239
475 0.0417608
475 5.52593e-21
475 0.309687
475 0.183011
475 0.00730208
475 5.52593e-21
475 0.5
475 5.52593e-21
475 0.490666
475 0.00933395
475 5.52593e-21
475 0.5
475 5.52593e-21
475 0.473951
475 0.0166784
475 0.00937032
475 5.52593e-21
475 0.5
475 5.52593e-21
475 0.5
475 5.52593e-21
475 0.5
475 5.52593e-21
475 0.442824
475 0.0571761
475 5.52593e-21
475 0.447048
475 0.0529522
475 5.52593e-21
475 0.5
475 5.52593e-21
475 0.5
475 5.52593e-21
475 0.5
475 5.52593e-21
475 0.362943
475 0.137057
475 5.52593e-21
475 0.477163
475 0.0221963
475 0.000640678
475 5.52593e-21
475 0.442612
475 0.0573879
475 5.52593e-21
475 0.470798
475 0.0279192
475 0.00128282
475 5.52593e-21
475 0.346204
475 0.0931949
475 0.0606009
475 5.52593e-21
475 0.5
475 5.52593e-21
475 0.445244
475 0.0311403
475 0.0162856
475 0.00733043
475 5.52593e-21
475 0.325893
475 0.174107
475 5.52593e-21
475 0.5
475 5.52593e-21
475 0.5
475 5.52593e-21
475 0.5
475 5.52593e-21
475 0.468664
475 0.00686498
475 0.016551
475 0.00792009
475 5.52593e-21
475 0.468175
475 0.0318247
475 5.52593e-21
475 0.375151
475 0.124849
475 5.52593e-21
475 0.5
475 5.52593e-21
475 0.5
475 5.52593e-21
475 0.5
475 5.52593e-21
475 0.5
475 5.52593e-21
475 0.325654
475 0.138754
475 0.00728708
475 0.0283049
475 5.52593e-21
475 0.472302
475 0.027698
475 5.52593e-21
475 0.5
475 5.52593e-21
475 0.5
475 5.52593e-21
475 0.5
475 5.52593e-21
475 0.5
475 5.52593e-21
475 0.5
475 5.52593e-21
475 0.5
475 5.52593e-21
475 0.435649
475 0.0361585
475 0.021438
475 0.00675437
475 5.52593e-21
475 0.398733
475 0.0630823
475 0.0324762
475 0.00570825
475 5.52593e-21
475 0.5
475 5.52593e-21
475 0.5
475 5.52593e-21
475 0.5
475 5.52593e-21
475 0.410695
475 0.0444171
475 0.0418343
475 0.00305324
475 5.52593e-21
475 0.5
475 5.52593e-21
475 0.463515
475 0.023374
475 0.0131106
475 5.52593e-21
475 0.420566
475 0.0794338
475 5.52593e-21
475 0.323214
475 0.176786
475 5.52593e-21
475 0.5
475 5.52593e-21
475 0.337285
475 0.157503
475 0.00521228
475 5.52593e-21
475 0.5
475 5.52593e-21
475 0.5
475 5.52593e-21
475 0.499853
475 0.000147458
475 5.52593e-21
475 0.5
475 5.52593e-21
475 0.5
475 5.52593e-21
475 0.5
475 5.52593e-21
475 0.376438
475 0.123562
475 5.52593e-21
475 0.5
475 5.52593e-21
475 0.5
475 5.52593e-21
475 0.427725
475 0.0498517
475 0.00455625
475 0.0178675
475 5.52593e-21
475 0.371325
475 0.128675
475 5.52593e-21
475 0.48399
475 0.0160096
475 5.52593e-21
475 0.489831
475 0.0101693
475 5.52593e-21
475 0.5
475 5.52593e-21
475 0.474249
475 0.0257506
475 5.52593e-21
475 0.459134
475 0.0240877
475 0.016778
475 5.52593e-21
475 0.5
475 5.52593e-21
475 0.5
475 5.52593e-21
475 0.5
475 5.52593e-21
475 0.433099
475 0.0589164
475 0.00798422
475 5.52593e-21
475 0.5
475 5.52593e-21
475 0.48878
475 0.0112204
475 5.52593e-21
475 0.403335
475 0.0624747
475 0.0341904
475 5.52593e-21
475 0.5
475 5.52593e-21
475 0.5
475 5.52593e-21
475 0.5
475 5.52593e-21
475 0.5
475 5.52593e-21
475 0.462721
475 0.014111
475 0.0181895
475 0.00497808
475 5.52593e-21
475 0.5
475 5.52593e-21
475 0.397656
475 0.081073
475 0.0212709
475 5.52593e-21
475 0.5
475 5.52593e-21
475 0.437821
475 0.0621787
475 5.52593e-21
475 0.5
475 5.52593e-21
475 0.454354
475 0.017381
475 0.0282654
475 5.52593e-21
475 0.5
475 5.52593e-21
475 0.455148
475 0.0448516
475 5.52593e-21
475 0.5
475 5.52593e-21
475 0.5
475 5.52593e-21
475 0.444535
475 0.0554648
475 5.52593e-21
475 0.490246
475 0.00975364
475 5.52593e-21
475 0.5
475 5.52593e-21
475 0.5
475 5.52593e-21
475 0.5
475 5.52593e-21
475 0.409206
475 0.0857918
475 0.00500183
475 5.52593e-21
475 0.426466
475 0.0657329
475 0.00780066
475 5.52593e-21
475 0.371289
475 0.128711
475 5.52593e-21
475 0.5
475 5.52593e-21
475 0.5
475 5.52593e-21
475 0.445802
475 0.0541982
475 5.52593e-21
475 0.454904
475 0.0403279
475 0.0047682
475 5.52593e-21
475 0.5
475 5.52593e-21
475 0.5
475 5.52593e-21
475 0.469201
475 0.0288312
475 0.00196806
475 5.52593e-21
475 0.5
475 5.52593e-21
475 0.5
475 5.52593e-21
475 0.466761
475 0.0322149
475 0.00102411
475 5.52593e-21
475 0.480415
475 0.0195854
475 5.52593e-21
475 0.5
475 5.52593e-21
475 0.446654
475 0.0521681
475 0.00117826
475 5.52593e-21
475 0.411117
475 0.0629906
475 0.0258928
475 5.52593e-21
475 0.5
475 5.52593e-21
475 0.5
475 5.52593e-21
475 0.5
475 5.52593e-21
475 0.5
475 5.52593e-21
475 0.485005
475 0.0149951
475 5.52593e-21
475 0.5
475 5.52593e-21
475 0.487241
475 0.0127587
475 5.52593e-21
475 0.421151
475 0.0398462
475 0.0390023
475 5.52593e-21
475 0.400014
475 0.0948577
475 0.00512853
475 5.52593e-21
475 0.5
475 5.52593e-21
475 0.426275
475 0.0737254
475 5.52593e-21
475 0.493298
475 0.00670198
475 5.52593e-21
475 0.475789
475 0.00510641
475 0.0191044
475 5.52593e-21
475 0.346912
475 0.153088
475 5.52593e-21
475 0.5
475 5.52593e-21
475 0.423303
475 0.0708374
475 0.00586002
475 5.52593e-21
475 0.464916
475 0.0350841
475 5.52593e-21
475 0.5
475 5.52593e-21
475 0.5
475 5.52593e-21
475 0.411339
475 0.0781274
475 0.0105338
475 5.52593e-21
475 0.5
475 5.52593e-21
475 0.358309
475 0.141691
475 5.52593e-21
475 0.48068
475 0.0193199
475 5.52593e-21
475 0.43409
475 0.0527161
475 0.0131944
475 5.52593e-21
475 0.5
475 5.52593e-21
475 0.47658
475 0.0211205
475 0.00229929
475 5.52593e-21
475 0.473781
475 0.0113668
475 0.0148525
475 5.52593e-21
475 0.5
475 5.52593e-21
475 0.45533
475 0.0446699
475 5.52593e-21
475 0.48114
475 0.0172494
475 0.00161103
475 5.52593e-21
475 0.5
475 5.52593e-21
475 0.454128
475 0.0322635
475 0.0136084
475 5.52593e-21
475 0.470696
475 0.0293044
475 5.52593e-21
475 0.5
475 5.52593e-21
475 0.377159
475 0.0574941
475 0.0653469
475 5.52593e-21
475 0.415508
475 0.0844918
475 5.52593e-21
475 0.465575
475 0.0324616
475 0.00196353
475 5.52593e-21
475 0.5
475 5.52593e-21
475 0.479715
475 0.0202848
475 5.52593e-21
475 0.413512
475 0.0702261
475 0.0162624
475 5.52593e-21
475 0.469818
475 0.0301816
475 5.52593e-21
475 0.381746
475 0.0779838
475 0.0235262
475 0.0167443
475 5.52593e-21
475 0.5
475 5.52593e-21
475 0.493382
475 0.00661822
475 5.52593e-21
475 0.5
475 5.52593e-21
475 0.337666
475 0.1575
475 0.00483469
475 5.52593e-21
475 0.5
475 5.52593e-21
475 0.5
475 5.52593e-21
475 0.450436
475 0.0495639
475 5.52593e-21
475 0.486907
475 0.0130931
475 5.52593e-21
475 0.5
475 5.52593e-21
475 0.386718
475 0.0635908
475 0.0123762
475 0.0251152
475 0.0121998
475 5.52593e-21
475 0.5
475 5.52593e-21
475 0.479305
475 0.0206947
475 5.52593e-21
475 0.5
475 5.52593e-21
475 0.5
475 5.52593e-21
475 0.5
475 5.52593e-21
475 0.5
475 5.52593e-21
475 0.474799
475 0.0252014
475 5.52593e-21
475 0.5
475 5.52593e-21
475 0.5
475 5.52593e-21
475 0.5
475 5.52593e-21
475 0.484491
475 0.0155088
475 5.52593e-21
475 0.482461
475 0.0175388
475 5.52593e-21
475 0.5
475 5.52593e-21
475 0.386287
475 0.0811596
475 0.0280651
475 0.00448838
475 5.52593e-21
475 0.5
475 5.52593e-21
475 0.499111
475 0.00088943
475 5.52593e-21
475 0.461886
475 0.0227812
475 0.0153324
475 5.52593e-21
475 0.5
475 5.52593e-21
475 0.322124
475 0.166953
475 0.0109225
475 5.52593e-21
475 0.489247
475 0.0107534
475 5.52593e-21
475 0.5
475 5.52593e-21
475 0.358883
475 0.138069
475 0.00304744
475 5.52593e-21
475 0.5
475 5.52593e-21
475 0.353237
475 0.146763
475 5.52593e-21
475 0.5
475 5.52593e-21
475 0.447302
475 0.0526981
475 5.52593e-21
475 0.5
475 5.52593e-21
475 0.5
475 5.52593e-21
475 0.498899
475 0.0011009
475 5.52593e-21
475 0.5
475 5.52593e-21
475 0.346422
475 0.073124
475 0.0804539
475 5.52593e-21
475 0.417247
475 0.0140012
475 0.0266113
475 0.0128447
475 0.0292958
475 5.52593e-21
475 0.369223
475 0.130777
475 5.52593e-21
475 0.5
475 5.52593e-21
475 0.470872
475 0.0291275
475 5.52593e-21
475 0.472758
475 0.0272419
475 5.52593e-21
475 0.497135
475 0.00286472
475 5.52593e-21
475 0.493577
475 0.00642279
475 5.52593e-21
475 0.402679
475 0.0642344
475 0.0330865
475 5.52593e-21
475 0.422404
475 0.0299939
475 0.0476017
475 5.52593e-21
475 0.5
475 5.52593e-21
475 0.470958
475 0.00315515
475 0.011496
475 0.0143904
475 5.52593e-21
475 0.352694
475 0.147306
475 5.52593e-21
475 0.35913
475 0.14087
