0 -1
1149 1
989 1
990 -1
524 1
524 -1
523 1
523 -1
522 1
522 -1
522 1
522 -1
522 1
522 -1
522 1
522 -1
521 1
521 -1
519 1
519 -1
518 1
518 -1
515 1
515 -1
513 1
513 -1
512 1
512 -1
509 1
509 -1
508 1
508 -1
508 1
508 -1
505 1
505 -1
505 1
505 -1
504 1
504 -1
502 1
502 -1
501 1
501 -1
501 1
501 -1
501 1
501 -1
499 1
499 -1
497 1
497 -1
496 1
496 -1
494 1
494 -1
493 1
493 -1
492 1
492 -1
492 1
492 -1
492 1
492 -1
492 1
492 -1
491 1
491 -1
491 1
491 -1
490 1
490 -1
490 1
490 -1
490 1
490 -1
490 1
490 -1
487 1
487 -1
487 1
487 -1
487 1
487 -1
485 1
485 -1
485 1
485 -1
484 1
484 -1
483 1
483 -1
483 1
483 -1
483 1
483 -1
481 1
481 -1
481 1
481 -1
481 1
481 -1
481 1
481 -1
479 1
479 -1
479 1
479 -1
477 1
477 -1
475 1
475 -1
475 1
475 -1
0 -1
1149 1
1131 1
1131 -1
1125 1
1125 -1
998 1
998 -1
976 1
976 -1
922 1
922 -1
873 1
873 -1
524 1
524 -1
523 1
523 -1
522 1
522 -1
522 1
522 -1
521 1
521 -1
520 1
520 -1
519 1
519 -1
518 1
518 -1
516 1
516 -1
513 1
513 -1
512 1
512 -1
512 1
512 -1
512 1
512 -1
511 1
511 -1
510 1
510 -1
510 1
510 -1
509 1
509 -1
509 1
509 -1
507 1
507 -1
506 1
506 -1
505 1
505 -1
504 1
504 -1
504 1
504 -1
502 1
502 -1
502 1
502 -1
502 1
502 -1
501 1
501 -1
499 1
499 -1
499 1
499 -1
498 1
498 -1
496 1
496 -1
496 1
496 -1
496 1
496 -1
496 1
496 -1
495 1
495 -1
494 1
494 -1
494 1
494 -1
493 1
493 -1
491 1
491 -1
490 1
490 -1
490 1
490 -1
489 1
489 -1
488 1
488 -1
487 1
487 -1
484 1
484 -1
482 1
482 -1
482 1
482 -1
481 1
481 -1
479 1
479 -1
479 1
479 -1
478 1
478 -1
478 1
478 -1
477 1
477 -1
477 1
477 -1
475 1
475 -1
475 1
475 -1
475 1
475 -1
475 1
475 -1
475 1
475 -1
478 1
478 -1
0 -1
1149 1
523 1
523 -1
522 1
522 -1
522 1
522 -1
521 1
521 -1
521 1
521 -1
520 1
520 -1
519 1
519 -1
519 1
519 -1
519 1
519 -1
517 1
517 -1
515 1
515 -1
514 1
514 -1
514 1
514 -1
513 1
514 -1
513 1
513 -1
512 1
512 -1
511 1
511 -1
509 1
509 -1
509 1
509 -1
509 1
509 -1
508 1
508 -1
507 1
507 -1
505 1
505 -1
505 1
505 -1
505 1
505 -1
503 1
503 -1
503 1
503 -1
502 1
502 -1
499 1
499 -1
496 1
496 -1
496 1
496 -1
493 1
493 -1
493 1
493 -1
490 1
490 -1
490 1
490 -1
490 1
490 -1
489 1
489 -1
487 1
487 -1
487 1
487 -1
487 1
487 -1
486 1
486 -1
485 1
485 -1
485 1
485 -1
484 1
484 -1
481 1
481 -1
479 1
479 -1
478 1
478 -1
477 1
477 -1
475 1
475 -1
475 1
475 -1
475 1
475 -1
0 -1
510 1
510 -11
510 11
510 -1
510 1
510 -1
510 1
510 -1
518 1
518 1
518 -1
518 1
518 -1
518 1
518 -1
517 1
517 -1
517 1
517 -1
517 1
517 -1
517 1
517 -1
517 1
517 -1
517 1
517 -1
517 1
517 -1
517 1
517 -1
517 1
517 -1
517 1
517 -1
517 1
517 -1
516 1
516 -1
516 1
516 -1
516 1
516 -1
516 1
516 -1
516 1
516 -1
516 1
516 -1
516 1
516 -1
516 1
516 -1
516 1
516 -1
516 1
516 -1
516 1
516 -1
516 1
516 -1
516 1
516 -1
516 1
516 -1
516 1
516 -1
515 1
515 -1
515 1
515 -1
515 1
515 -1
515 1
515 -1
515 1
515 -1
515 1
515 -1
515 1
515 -1
515 1
515 -1
515 1
515 -1
515 1
515 -1
515 1
515 -1
515 1
515 -1
515 1
515 -1
515 1
515 -1
515 1
515 -1
514 1
514 -1
514 1
514 -1
514 1
514 -1
514 1
514 -1
514 1
514 -1
514 1
514 -1
514 1
514 -1
514 1
514 -1
513 1
513 -1
513 1
513 -1
513 1
513 -1
513 1
513 -1
513 1
513 -1
513 1
513 -1
513 1
513 -1
513 1
513 -1
513 1
513 -1
512 1
512 -1
512 1
512 -1
512 1
512 -1
512 1
512 -1
512 1
512 -1
512 1
512 -1
512 1
512 -1
512 1
512 -1
512 1
512 -1
511 1
511 -1
511 1
511 -1
511 1
511 -1
511 1
511 -1
511 1
511 -1
511 1
511 -1
510 1
510 -1
510 1
510 -1
510 1
510 -1
510 1
510 -1
510 1
510 -1
510 1
510 -1
510 1
510 -1
510 1
510 -1
510 1
510 -1
510 1
510 -1
510 1
510 -1
508 1
508 -1
507 1
508 -1
503 1
503 -1
501 1
501 -1
499 1
499 -1
499 1
499 -1
498 1
498 -1
496 1
496 -1
494 1
494 -1
491 1
491 -1
491 1
491 -1
490 1
490 -1
489 1
489 -1
489 1
489 -1
486 1
486 -1
483 1
483 -1
479 1
479 -1
479 1
479 -1
478 1
478 -1
477 1
477 -1
475 1
475 -1
488 -13
488 13
512 -13
512 13
0 -1
521 1
521 -12
521 12
521 -1
521 1
521 -1
521 1
519 1
519 -1
519 1
519 -1
518 1
518 -1
517 1
517 -1
517 1
517 -1
513 1
513 -1
511 1
511 -1
510 1
510 -1
510 1
510 -1
509 1
509 -1
509 1
509 -1
509 1
509 -1
508 1
508 -1
508 1
508 -1
507 1
507 -1
506 1
506 -1
506 1
506 -1
506 1
506 -1
505 1
506 -1
505 1
505 -1
504 1
504 -1
503 1
503 -1
501 1
501 -1
496 1
496 -1
495 1
495 -1
495 1
495 -1
493 1
493 -1
493 1
493 -1
491 1
491 -1
491 1
491 -1
490 1
490 -1
490 1
490 -1
484 1
484 -1
484 1
484 -1
483 1
483 -1
481 1
481 -1
479 1
479 -1
478 1
478 -1
478 1
478 -1
478 1
478 -1
476 1
476 -1
500 1
500 -1
501 1
501 -1
498 -13
498 13
497 -13
497 13
495 -13
495 13
0 -1
1149 1
523 1
524 -1
523 1
523 -1
523 1
523 -1
522 1
522 -1
522 1
522 -1
522 1
522 -1
521 1
521 -1
520 1
520 -1
520 1
520 -1
518 1
518 -1
518 1
518 -1
515 1
515 -1
511 1
511 -1
508 1
508 -1
505 1
505 -1
503 1
504 -1
503 1
503 -1
502 1
502 -1
499 1
499 -1
497 1
497 -1
497 1
497 -1
495 1
495 -1
495 1
495 -1
492 1
492 -1
492 1
492 -1
492 1
492 -1
491 1
492 -1
491 1
491 -1
491 1
491 -1
491 1
491 -1
489 1
489 -1
488 1
488 -1
488 1
488 -1
484 1
484 -1
483 1
483 -1
483 1
483 -1
481 1
481 -1
479 1
479 -1
478 1
478 -1
478 1
478 -1
475 1
475 -1
475 1
475 -1
494 -13
494 13
0 -1
1149 1
524 1
524 -1
520 1
520 -1
518 1
518 -1
518 1
518 -1
515 1
515 -1
514 1
514 -1
513 1
513 -1
512 1
512 -1
512 1
512 -1
511 1
511 -1
510 1
510 -1
510 1
510 -1
509 1
509 -1
506 1
506 -1
505 1
506 -1
504 1
504 -1
503 1
503 -1
501 1
501 -1
500 1
500 -1
498 1
498 -1
498 1
498 -1
497 1
497 -1
497 1
497 -1
496 1
496 -1
495 1
495 -1
494 1
494 -1
493 1
493 -1
491 1
491 -1
491 1
491 -1
491 1
491 -1
489 1
489 -1
488 1
488 -1
488 1
488 -1
487 1
487 -1
485 1
485 -1
484 1
484 -1
483 1
483 -1
482 1
482 -1
482 1
482 -1
478 1
478 -1
478 1
478 -1
477 1
477 -1
0 -1
1149 1
898 1
898 -1
524 1
524 -1
524 1
524 -1
523 1
523 -1
522 1
522 -1
522 1
522 -1
519 1
519 -1
517 1
517 -1
517 1
517 -1
514 1
514 -1
514 1
514 -1
508 1
508 -1
508 1
508 -1
506 1
506 -1
503 1
503 -1
503 1
503 -1
502 1
502 -1
502 1
502 -1
500 1
501 -1
499 1
499 -1
498 1
498 -1
498 1
498 -1
497 1
497 -1
497 1
497 -1
496 1
496 -1
496 1
496 -1
496 1
496 -1
496 1
496 -1
495 1
495 -1
493 1
493 -1
492 1
492 -1
487 1
487 -1
486 1
486 -1
485 1
486 -1
486 1
486 -1
486 1
486 -1
485 1
485 -1
485 1
485 -1
485 1
485 -1
484 1
484 -1
483 1
483 -1
481 1
482 -1
479 1
479 -1
478 1
478 -1
476 1
476 -1
476 1
476 -1
476 1
476 -1
476 1
476 -1
475 1
475 -1
475 1
475 -1
0 -1
1149 1
1112 1
1111 -1
524 1
524 -1
523 1
523 -1
521 1
521 -1
520 1
520 -1
520 1
520 -1
520 1
520 -1
519 1
519 -1
518 1
518 -1
517 1
517 -1
517 1
517 -1
516 1
516 -1
516 1
516 -1
515 1
515 -1
515 1
515 -1
514 1
514 -1
512 1
512 -1
511 1
511 -1
509 1
509 -1
509 1
509 -1
505 1
505 -1
504 1
504 -1
505 1
505 -1
504 1
504 -1
504 1
504 -1
503 1
503 -1
503 1
503 -1
503 1
503 -1
502 1
502 -1
500 1
500 -1
498 1
498 -1
496 1
496 -1
494 1
494 -1
494 1
494 -1
493 1
493 -1
491 1
491 -1
491 1
491 -1
486 1
486 -1
486 1
486 -1
485 1
485 -1
485 1
485 -1
484 1
484 -1
481 1
481 -1
480 1
480 -1
480 1
480 -1
477 1
477 -1
0 -1
1149 1
1121 1
1121 -1
904 1
904 -1
522 1
522 -1
522 1
522 -1
520 1
520 -1
519 1
520 -1
517 1
518 -1
517 1
517 -1
517 1
517 -1
516 1
516 -1
513 1
513 -1
512 1
512 -1
512 1
512 -1
512 1
512 -1
511 1
511 -1
510 1
510 -1
510 1
510 -1
510 1
510 -1
510 1
510 -1
509 1
509 -1
508 1
508 -1
508 1
508 -1
508 1
508 -1
507 1
507 -1
507 1
507 -1
504 1
504 -1
503 1
503 -1
503 1
503 -1
503 1
503 -1
502 1
502 -1
501 1
501 -1
501 1
501 -1
500 1
500 -1
499 1
499 -1
499 1
499 -1
499 1
499 -1
498 1
498 -1
498 1
498 -1
497 1
497 -1
497 1
497 -1
497 1
497 -1
493 1
493 -1
493 1
493 -1
492 1
492 -1
491 1
491 -1
490 1
490 -1
488 1
488 -1
488 1
488 -1
488 1
488 -1
485 1
485 -1
485 1
485 -1
485 1
485 -1
485 1
485 -1
485 1
485 -1
484 1
484 -1
484 1
484 -1
484 1
484 -1
481 1
481 -1
481 1
481 -1
481 1
481 -1
479 1
479 -1
478 1
478 -1
478 1
478 -1
477 1
477 -1
476 1
476 -1
501 1
501 -1
