475 2.04024e-23
475 0.250687
475 0.228734
477 0.859979
479 1.00243
479 0.29696
481 0.834282
481 0.0507918
481 0.111311
481 0.114699
482 0.622446
483 0.12371
483 0.285993
483 0.152545
484 0.424911
484 0.0661982
484 0.0942407
485 0.189585
485 0.197343
486 0.385843
487 0.447878
487 0.25419
487 0.0481318
488 0.229636
490 1.09627
490 0.149225
490 0.0931948
490 0.0425426
491 0.187669
491 0.228586
492 0.282106
492 0.126575
493 0.644551
494 0.242875
494 0.187918
496 0.841465
497 0.863446
499 1.28939
501 0.903353
501 0.138527
501 0.0466058
502 0.565863
504 0.933822
505 0.471135
505 0.216243
506 0.599963
507 0.591349
508 0.17675
508 0.419081
509 0.15098
510 1.0444
512 1.03892
513 0.664613
515 0.702022
515 0.103888
516 0.38662
517 0.870529
518 0.319158
518 0.0932329
519 0.677614
521 0.707414
522 0.629037
522 0.294151
522 0.0110583
522 0.0154409
523 0.589177
524 0.348729
525 0.328584
850 1.46271e-23
989 0.00516345
1149 0.00491931
1149 1.68402e-26
990 0.00204718
990 0.0033549
990 0.00017263
524 0.0829637
523 0.0573853
522 0.041192
522 0.0486544
522 0.130051
522 0.000874932
522 0.0817791
521 0.0950908
519 0.0653773
518 0.154197
515 0.0459012
513 0.0370187
512 0.0506022
509 0.231453
508 0.146779
508 0.0461547
505 0.0995922
505 0.0508405
504 0.115923
502 0.0479234
501 0.0540872
501 0.118237
501 0.0482685
499 0.0736603
497 0.0591782
496 0.315848
494 0.0432896
493 0.04347
492 0.146112
492 0.19087
492 0.02215
492 0.0752195
492 0.0381272
492 0.044944
491 0.050057
491 0.051977
490 0.167856
490 0.0837659
490 0.0460353
490 0.0392009
487 0.17709
487 0.066807
487 0.0582619
485 0.0643734
485 0.303881
484 0.122309
483 0.0834302
483 0.103466
483 0.0425646
481 0.141944
481 0.0653397
481 0.0389094
481 0.0649278
479 0.0495803
479 0.445882
477 0.321651
475 0.139894
475 0.0367512
525 0
832 0
475 2.04024e-23
475 0.170033
475 0.0834707
475 0.038472
475 0.11481
475 0.0446654
477 0.799097
477 0.322217
478 0.282878
478 0.0203567
478 0.0173427
479 0.52185
479 0.189591
480 0.146145
481 0.657356
482 0.531415
482 0.119044
484 1.24297
486 0.956138
487 0.585224
487 0.113911
488 0.406469
489 0.37945
490 0.34054
490 0.17618
490 0.0433792
491 0.427901
493 1.13456
494 0.484515
494 0.253755
495 0.162853
496 0.521178
496 0.0163893
496 0.326598
496 0.112177
497 0.501685
498 0.624875
499 0.434428
499 0.115849
501 0.985338
502 0.282365
502 0.222199
502 0.142367
504 0.670199
504 0.28093
504 0.0610354
505 0.153214
506 0.72322
507 0.268362
508 0.858496
509 0.642394
509 0.062052
510 0.129253
510 0.350327
511 0.559816
512 0.344555
512 0.0610984
512 0.212537
513 0.484432
516 1.34942
518 1.49516
519 0.260216
520 0.486284
521 0.422346
522 0.592852
522 0.318757
523 0.268528
524 0.660612
525 0.277506
850 1.45956e-23
873 0.000716044
922 0.00133641
976 0.00115744
998 0.000815106
1125 0.00383878
1131 0.000489648
1149 0.000256882
1149 3.7531e-26
1131 0.00103176
1125 0.00245368
1125 0.00045237
998 0.00163262
998 0.00111712
976 0.00115987
922 0.00124116
873 0.00158589
524 0.122105
523 0.103329
522 0.0331547
522 0.515617
522 0.0390817
521 0.204827
520 0.074784
519 0.0752974
518 0.0913304
516 0.0364717
513 0.0361963
512 0.0378938
512 0.0418323
512 0.0665681
511 0.0472038
510 0.0529117
510 0.0510927
509 0.182322
509 0.0357885
507 0.0356129
506 0.0455743
505 0.0357199
504 0.0533439
504 0.0343364
502 0.0619957
502 0.0665539
502 0.0858791
501 0.0367826
499 0.0554158
499 0.0362056
498 0.034273
496 0.111163
496 0.0560342
496 0.111105
496 0.0388585
495 0.0348128
494 0.172629
494 0.0976296
493 0.0498695
491 0.0918868
490 0.038155
490 0.0370693
489 0.0363881
488 0.0529277
487 0.0629834
484 0.115186
482 0.0390511
482 0.0786369
481 0.0646591
479 0.0739673
479 0.0345973
478 0.0385985
478 0.0133715
478 0.0187477
477 0.0628334
477 0.0387864
475 0.0849328
475 0.205288
475 0.0319978
475 0.0364487
475 0.0820155
475 0.100396
478 0.001564
478 0.0204429
475 2.04024e-23
475 0.140113
475 0.276798
475 0.0422407
477 1.07592
478 0.381682
479 0.490289
480 0.471274
481 0.518192
484 1.41309
485 0.653558
485 0.380837
486 0.369517
487 0.589743
487 0.0094203
489 0.690268
490 0.482316
490 0.038984
490 0.221905
492 1.03538
492 0.292783
493 0.150486
496 1.51397
496 0.122594
497 0.435198
499 1.4097
502 1.45401
502 0.114554
503 0.420055
503 0.301109
504 0.211353
505 0.569937
505 0.0286258
507 0.839172
507 0.448795
508 0.388105
509 0.378419
509 0.00646885
509 0.0143995
509 0.172935
511 0.823409
512 0.998727
513 0.234218
513 0.303584
514 0.222064
514 0.111495
515 0.374796
516 1.01715
517 0.477552
519 0.879643
519 0.17894
519 0.0227945
520 0.0716506
521 0.90033
521 0.00329088
522 0.244378
522 0.148786
523 0.522006
523 0.217376
525 0.810898
850 1.45966e-23
1149 0.0109936
1149 3.18672e-26
523 0.0542934
522 0.499214
522 0.103048
522 0.0531616
521 0.0525463
521 0.0772061
520 0.0783243
519 0.217413
519 0.0723794
519 0.0505186
517 0.0565458
515 0.0365079
514 0.0739776
514 0.0438271
514 0.165225
513 0.169041
512 0.0392721
511 0.0362314
509 0.0697075
509 0.0496925
509 0.124279
508 0.0488153
507 0.0559145
505 0.0409029
505 0.00744956
505 0.068691
505 0.0437964
503 0.0388489
503 0.0635528
502 0.0414551
499 0.0897061
496 0.0429557
496 0.107004
493 0.0931044
493 0.312033
493 0.117859
490 0.0630054
490 0.135332
490 0.0484496
489 0.115278
487 0.00652336
487 0.0485932
487 0.0374617
487 0.0455508
486 0.0816054
485 0.0363013
485 0.123356
484 0.142602
481 0.0346355
479 0.0351223
478 0.0670497
477 0.207533
475 0.0533141
475 0.0363826
475 0.0581939
475 2.04024e-23
475 0.173287
477 1.30608
478 0.228091
478 0.184151
479 0.473687
479 0.0346874
483 1.88157
486 1.95515
489 1.33809
489 0.123599
489 0.103926
490 0.366529
491 0.491542
491 0.28228
494 1.56096
496 1.09973
498 0.900548
499 0.464146
499 0.0486778
499 0.323547
501 0.721644
503 1.24578
507 2.48494
508 0.185798
508 0.0424631
510 1.13747
510 3.26036
510 3.44874
510 0.317046
510 3.10162
510 2.97519
510 0.105398
510 0.0112776
510 0.469934
510 0.0509521
510 0.123858
510 0.0802606
510 0.599647
510 0.384972
510 0.0594628
510 0.0056441
510 0.647395
510 0.0252108
510 0.139738
511 0.446852
511 0.431634
511 0.231619
511 0.212974
511 0.292558
511 0.465642
511 0.39
511 0.447813
512 1.56425
512 0.556433
512 0.64505
512 1.42496
512 0.000438522
512 0.143532
512 0.184231
512 0.111852
512 0.0338837
512 1.19268
513 0.750655
513 0.143994
513 0.338384
513 0.456449
513 0.13429
513 1.34751
513 0.428371
513 0.474718
513 0.746662
514 0.522157
514 2.17842
514 0.103937
514 0.197321
514 0.957024
514 0.460675
514 0.184838
514 0.455046
515 0.915198
515 0.0514008
515 0.245298
515 0.564813
515 0.59713
515 0.799724
515 0.169458
515 0.750388
515 0.13721
515 0.106524
515 1.12697
515 0.783267
515 0.225973
515 1.08068
516 0.974126
516 0.346364
516 1.4304
516 0.182383
516 0.145269
516 0.662799
516 0.604534
516 1.16061
516 0.390624
516 0.394539
516 0.304914
516 0.731558
516 0.368221
516 0.492656
516 1.25762
516 0.368215
517 1.23284
517 0.472208
517 0.795288
517 0.231712
517 0.984993
517 2.69208
517 0.31413
517 0.0751228
517 1.43613
517 1.92377
517 0.41541
518 3.29529
518 0.0812963
518 2.79044
518 1.84293
518 2.9204
518 2.88375
518 2.82845
518 2.79672
518 3.28759
518 1.09231
518 0.432259
518 0.0354381
518 0.0358124
518 0.0449543
517 0.0363836
517 0.0514175
517 0.0362743
517 0.0386355
517 0.0492611
517 0.0567073
517 0.0361235
517 0.0388801
517 0.0475973
517 0.0527851
517 0.0438692
516 0.0515124
516 0.0622461
516 0.0483078
516 0.0805716
516 0.0577918
516 0.0362082
516 0.0538804
516 0.079704
516 0.053179
516 0.0395342
516 0.0726193
516 0.0578095
516 0.0815225
516 0.0382928
516 0.0423084
515 0.0498036
515 0.0571246
515 0.00506983
515 0.0419308
515 0.0401984
515 0.0835674
515 0.0488457
515 0.0342453
515 0.0569553
515 0.0636519
515 0.0437144
515 0.0978255
515 0.042088
515 0.0889573
515 0.0786645
515 0.119369
514 0.0452259
514 0.0396604
514 0.0394084
514 0.0393571
514 0.0519857
514 0.0853209
514 0.0512013
514 0.0441643
513 0.0377259
513 0.0390839
513 0.0470203
513 0.0632041
513 0.0347805
513 0.141494
513 0.0703553
513 0.0451971
513 0.0398254
512 0.0785779
512 0.0668058
512 0.0712682
512 0.0623293
512 0.055221
512 0.0718546
512 0.0535033
512 0.0461517
512 0.146149
511 0.0357966
511 0.0744432
511 0.0758606
511 0.0393914
511 0.0607349
511 0.168361
510 0.0531068
510 0.145998
510 0.154607
510 0.0499898
510 0.0455835
510 0.168146
510 0.0516934
510 0.0757626
510 0.0847075
510 0.0386832
510 0.146052
508 0.0545337
508 0.264002
503 0.0382526
501 0.0378443
499 0.0345426
499 0.0599483
498 0.140547
496 0.0376936
494 0.0610285
491 0.0372529
491 0.0350513
490 0.164082
489 0.0528936
489 0.0513809
486 0.0725063
483 0.0480791
479 0.07654
479 0.16991
478 0.252825
477 0.0382442
475 0.187832
475 0.0819635
498 0
391 0
512 0
503 0.000675051
488 0
487 0
483 0
525 0
789 0
488 0.02827
512 0.0549488
475 2.04024e-23
476 0.889861
478 0.782639
478 0.096413
478 0.328614
479 0.136812
481 0.995977
481 0.00532944
483 1.34021
484 0.447941
484 0.239918
486 0.674131
490 2.15779
490 0.181337
491 0.446928
491 0.291675
493 0.599734
493 0.0293131
495 1.18167
496 0.604655
501 2.91437
503 0.995019
504 0.362252
505 0.738947
505 0.0808481
506 0.38084
506 0.0777765
507 0.495376
508 0.21033
508 0.295734
509 0.418044
509 0.0342985
509 0.0306753
510 0.212946
510 0.315978
510 0.127193
511 0.15627
513 1.23269
517 1.86258
517 0.2691
518 0.752317
519 0.433772
519 0.270922
521 0.662034
521 3.81164
521 2.87209
521 0.044772
521 3.46202
521 0.00637548
495 0
497 0
498 0
493 0
425 0
525 0
850 0
1148 0
1149 0
519 0.019053
519 0.0946291
519 0.0389281
518 0.03652
517 0.0201761
517 0.0642906
517 0.0870609
513 0.0386932
511 0.140099
510 0.0355222
510 0.064562
509 0.0602294
509 0.37657
509 0.0431219
508 0.0448454
508 0.0461716
507 0.0609235
506 0.0579296
506 0.0392905
506 0.193671
506 0.0401778
506 0.103652
505 0.0392368
504 0.147969
503 0.176861
501 0.505124
501 0.135498
496 0.0686883
495 0.195162
495 0.0981497
495 0.0697704
493 0.0532715
493 0.243807
491 0.208176
491 0.160005
490 0.0509033
490 0.228249
484 0.0939367
484 0.457191
483 0.048058
481 0.052539
479 0.0918343
478 0.127843
478 0.106638
478 0.0554334
476 0.0452783
501 0
500 0.001564
500 0.112542
501 0.0620908
525 0
1149 0
525 0
609 0
525 0
876 0
478 0
97 0
498 0.0138836
497 0.0112973
495 0.127769
475 2.04024e-23
475 0.00344651
475 0.395061
477 1.01865
478 0.251698
478 0.280119
479 0.557564
481 0.839506
483 1.05705
483 0.106351
484 0.544362
484 0.0560588
488 1.85475
488 0.228878
489 0.44214
491 1.20793
491 0.00416397
491 0.125622
491 0.00941554
492 0.279123
492 0.260022
494 0.751177
495 0.4084
495 0.241037
497 0.907226
497 0.279105
499 0.931354
502 1.889
503 0.515045
503 0.125543
505 0.60674
508 1.51066
511 1.98563
515 1.9919
518 1.40015
518 0.0823914
520 1.06793
520 0.052199
521 0.625768
522 0.566179
522 0.0534704
522 0.0766409
523 0.466723
523 0.23778
523 0.012166
525 0.54472
851 1.46619e-23
1145 0.0083455
1149 1.89282e-25
524 0.341871
523 0.219901
523 0.037868
522 0.0763801
522 0.0910819
522 0.0793543
521 0.333148
520 0.152786
520 0.0554237
518 0.0804875
518 0.0564898
515 0.0408619
511 0.0342217
508 0.0491374
505 0.0852668
503 0.0053587
504 0.2016
503 0.0434856
502 0.0855418
499 0.250824
497 0.0393815
497 0.083191
495 0.0343316
495 0.0706728
492 0.0529495
492 0.328348
492 0.326255
492 0.210131
492 0.131332
491 0.0380655
491 0.0449783
491 0.0381364
489 0.0764574
488 0.140779
488 0.0857852
484 0.174775
483 0.0743653
483 0.0649136
481 0.0484043
479 0.0490634
478 0.225224
478 0.0355885
475 0.0556364
475 0.00548608
475 0.00237998
475 0.00157584
475 0.00269533
475 0.00374366
475 0.00255932
475 0.00620061
475 0.00544289
475 0.00130201
475 0.00431661
475 0.00232594
475 0.00137952
475 0.00228824
475 0.00221078
475 0.00190452
475 0.00405525
475 0.00328095
475 0.0124552
494 0.0566902
475 2.04024e-23
476 0.813759
477 0.423722
478 0.494403
478 0.403657
482 1.78174
482 0.174886
483 0.44234
483 0.221209
484 0.388608
485 0.511246
487 1.0611
488 0.425269
488 0.0724919
489 0.859471
491 0.634234
491 0.00282788
491 0.0316699
493 0.986572
494 0.696548
495 0.473728
496 0.673766
496 0.130439
497 0.51957
497 0.129438
498 0.268137
498 0.168826
498 0.0931228
499 0.7506
500 0.462487
501 0.459399
503 0.841845
504 0.410306
505 0.705619
505 0.207662
506 0.282979
509 1.51748
510 0.39959
510 0.0925039
511 0.853414
511 0.176476
512 0.0682085
512 0.0249935
513 0.718211
514 0.604253
515 0.200343
518 1.83125
518 0.335352
520 1.05823
524 1.90529
525 0.393988
850 1.45555e-23
1017 0.00517768
1149 0.0028994
1149 1.52226e-27
524 0.267442
520 0.113527
518 0.186863
518 0.0342887
515 0.0370802
514 0.396177
513 0.0360865
512 0.085884
512 0.07103
511 0.03723
510 0.0431288
510 0.0395279
509 0.0392925
506 0.118182
506 0.0513488
504 0.0342218
503 0.0390974
501 0.0402975
500 0.0470446
498 0.0613503
498 0.0882648
497 0.143376
497 0.0698031
496 0.0785571
495 0.137586
494 0.0342982
493 0.0493101
491 0.148788
491 0.0383928
491 0.0925932
489 0.0490356
488 0.0401955
488 0.0485756
487 0.0354954
485 0.0357055
484 0.058864
483 0.0426295
482 0.0507915
482 0.0516557
478 0.0674453
478 0.0478536
477 0.0398188
475 2.04024e-23
475 0.341464
475 0.0706243
476 0.167335
476 0.122667
476 0.153082
476 0.0524746
478 0.779818
478 0.188622
479 0.526491
481 1.13152
483 1.24735
484 0.264636
485 0.344713
485 0.0115888
485 0.243828
485 0.130349
486 0.0576417
486 0.137707
487 0.767839
492 2.22352
493 0.738718
495 1.01115
496 0.235239
496 0.259508
496 0.0844086
496 0.0198162
497 0.435291
497 0.0584922
498 0.331553
498 0.299781
499 0.0623082
500 0.533546
500 0.545576
502 0.946757
503 0.437528
503 0.155477
506 1.30506
508 0.818715
508 0.375973
508 0.104179
512 2.09707
514 0.721023
514 0.313473
517 1.71136
517 0.0433491
519 0.888178
522 1.65536
523 0.442974
524 0.531295
524 0.213417
525 0.165799
850 1.4597e-23
898 0.00133938
1149 0.00720544
1149 1.43734e-26
898 0.00198379
898 0.000203804
524 0.0628105
524 0.109187
523 0.177536
522 0.0881656
522 0.353599
522 0.0487896
519 0.0431839
517 0.0406076
517 0.0903486
514 0.0368814
514 0.0459101
508 0.253264
508 0.123779
506 0.0559038
503 0.0383806
503 0.0446242
502 0.085224
502 0.0421966
502 0.0392155
501 0.135112
499 0.0919241
498 0.0361958
498 0.0481146
497 0.198591
497 0.0522088
496 0.0557425
496 0.0460939
496 0.225697
496 0.0744314
495 0.0568058
493 0.0528072
492 0.03615
487 0.0822966
486 0.0490831
486 0.0879317
486 0.433923
486 0.0965199
486 0.0921241
486 0.0344458
485 0.0663135
485 0.0743024
485 0.0480266
484 0.0849605
483 0.0514225
482 0.399229
479 0.0407533
478 0.0385617
476 0.157118
476 0.0467645
476 0.0465116
476 0.332393
475 0.0553489
475 0.195184
475 2.04024e-23
477 1.33525
477 0.0894182
480 1.69039
480 0.0257118
481 0.150151
484 1.81755
485 0.500043
485 0.226296
486 0.135826
486 0.179736
491 2.46872
491 0.346533
492 0.524736
493 0.275687
494 0.833382
494 0.130625
496 0.598745
498 0.987632
498 0.387379
500 0.754526
502 0.884123
502 0.415336
503 0.0841036
503 0.0886229
503 0.230846
503 0.175908
504 0.50145
504 0.0468642
504 0.0657684
505 0.241611
509 1.95657
509 0.239634
511 0.798252
512 0.79568
512 0.0291712
514 1.13842
515 0.213351
515 0.356972
516 0.31205
516 0.187685
517 0.471882
517 0.0175028
518 0.122658
518 0.14097
519 0.567452
520 0.494165
520 0.0932423
520 0.144487
521 0.240628
523 1.09439
524 0.682782
525 0.357418
850 1.45749e-23
1112 0.00721057
1149 0.000359796
1149 3.21625e-26
1111 0.00146501
1110 0.00294575
1110 0.00158787
1110 0.00142666
1111 0.00211261
1111 0.00144922
524 0.121096
523 0.062623
521 0.0349853
520 0.0788318
520 0.0876278
520 0.0422581
519 0.0578463
519 0.0485829
518 0.0365239
517 0.041928
517 0.0605899
516 0.0475242
516 0.0377151
515 0.0458945
515 0.0353878
514 0.0520538
512 0.0381597
511 0.0631375
509 0.0617575
509 0.0451286
505 0.0473155
505 0.0397535
504 0.115587
505 0.0468881
504 0.0537881
504 0.0582914
503 0.0563579
503 0.113323
503 0.0468415
502 0.356542
500 0.0922456
498 0.0471125
496 0.229186
496 0.0253073
494 0.0901721
494 0.0379658
493 0.050068
491 0.0400182
491 0.325259
486 0.602346
486 0.0614381
485 0.0405335
485 0.139327
484 0.0781898
481 0.0541129
480 0.0472478
480 0.0370209
477 0.0730931
475 2.04024e-23
475 0.30057
476 0.325528
477 0.775474
478 0.522771
478 0.0615091
479 0.140376
481 1.20153
481 0.0427677
481 0.0703446
482 0.815509
484 0.597425
484 0.05346
484 0.225897
485 0.201061
485 0.0795087
485 6.55896e-05
485 0.19324
488 1.49765
488 0.107674
488 0.0157512
490 0.98629
491 0.41024
492 0.940274
493 0.0812025
493 0.30592
494 0.538942
497 1.48287
497 0.0376605
497 0.0294954
497 0.00673186
498 0.551754
498 0.093777
499 0.268813
499 0.0779132
499 0.217916
500 0.699129
501 0.228193
501 0.33487
502 0.162497
503 0.474595
503 0.0515267
503 0.341044
504 0.263439
505 0.770985
507 0.856332
507 0.168035
508 0.44117
508 0.012093
508 0.0471117
509 0.61074
510 0.208124
510 0.265125
510 0.0206317
510 0.0903029
510 0.0707577
511 0.0953112
511 0.152798
512 0.374815
512 0.047038
512 0.0259478
513 0.698044
516 1.34818
517 0.790756
517 0.123892
517 0.094276
519 1.11516
520 0.11072
522 1.46024
522 0.0120138
524 0.946672
525 0.245944
850 1.46106e-23
904 0.00119601
995 0.00259332
1121 0.00395394
1149 0.00125952
1149 7.02579e-27
1121 0.00209274
1121 0.000118784
904 0.00261825
522 0.0346864
522 0.0476642
520 0.0798608
520 0.0430396
518 0.269272
517 0.0507816
517 0.0361059
516 0.0778579
513 0.0712748
512 0.0423249
512 0.0832683
512 0.0385531
511 0.0485194
510 0.105093
510 0.034891
510 0.210795
510 0.0357064
509 0.03424
508 0.123649
508 0.0418045
508 0.0641583
507 0.051983
507 0.0417389
504 0.357847
503 0.0348862
503 0.0446756
503 0.124703
502 0.0781717
501 0.042155
501 0.0760137
500 0.0645895
500 0.0104429
499 0.0754258
499 0.0508147
499 0.0355679
498 0.0552393
498 0.143266
497 0.036857
497 0.0677028
497 0.0405944
493 0.0744883
493 0.0601496
492 0.0810504
491 0.255449
490 0.047904
488 0.0381153
488 0.0652466
488 0.0882361
485 0.0360396
485 0.346806
485 0.544905
485 0.208134
485 0.086083
485 0.0716215
485 0.0375492
484 0.053516
484 0.0404047
484 0.0416674
481 0.202777
481 0.0563815
481 0.035283
479 0.0445397
478 0.0348886
478 0.188513
477 0.106157
476 0.0384387
501 0.001564
501 0.0099687
