475 1.1102e-22
475 0.17413
475 0.356518
475 0.537124
475 0.104498
476 2.16815
476 0.173869
476 0.218623
476 1.53459
476 0.0355221
476 0.159059
476 0.501765
477 0.681102
477 1.12856
477 1.26393
478 1.67915
478 0.393768
478 0.743111
478 0.75751
478 0.0737772
479 1.23142
479 1.50841
479 0.352408
480 1.94244
480 3.30601
481 3.16568
481 2.86954
481 2.80853
482 2.78697
482 2.96852
482 3.25314
480 0.0421378
479 0.0467855
479 0.0477417
479 0.0412257
478 0.0486215
478 0.047077
478 0.0464584
478 0.0531707
478 0.0578907
477 0.0589433
477 0.0618409
477 0.0385572
476 0.0619808
476 0.0618944
476 0.0590434
476 0.0466395
476 0.0493032
476 0.0495307
476 0.0523931
475 0.0728643
475 0.0406584
475 0.0374188
475 1.1102e-22
475 0.816086
475 1.0459
475 0.282586
475 0.618757
475 0.00297176
476 0.253228
476 1.68724
477 2.63413
477 0.100477
477 0.215324
477 0.17154
477 0.451499
477 0.070649
477 0.768237
478 0.411772
478 1.65644
478 0.52379
478 0.0209423
478 0.441577
478 1.09711
479 0.599368
479 1.98575
480 2.8098
480 0.0165815
480 2.46986
481 2.93403
481 2.91337
481 2.83337
482 2.85972
482 3.00114
482 3.24035
482 0.0164209
480 0.0425311
480 0.0421395
479 0.0343713
479 0.0409206
478 0.035677
478 0.0362655
478 0.0573933
478 0.0389165
478 0.0498429
478 0.054185
477 0.046611
477 0.0382249
477 0.0358423
477 0.0351903
477 0.0557069
477 0.0467725
477 0.0425302
476 0.0672105
476 0.0556983
475 0.0358621
475 0.0433907
475 0.0355195
475 0.0426387
475 0.0365241
475 1.1102e-22
475 1.64419
475 0.923586
476 1.13117
476 1.46089
476 0.294625
476 0.475238
476 0.0786009
477 0.57749
477 0.317281
477 0.340493
477 0.141586
478 2.86522
478 0.889592
478 0.828978
478 1.27632
478 0.00429272
478 0.017775
479 0.606107
479 2.22595
479 0.734066
479 1.17282
480 0.490377
480 3.16707
481 3.09738
481 2.79845
481 2.82299
482 3.05838
482 3.16793
482 2.30801
482 0.0179944
480 0.0379655
480 0.0425494
479 0.0377159
479 0.0383021
479 0.0466749
479 0.0463186
478 0.0540547
478 0.0469282
478 0.0382992
478 0.0465177
478 0.0530016
478 0.0368315
477 0.0665548
477 0.043691
477 0.0712674
477 0.049162
476 0.0492942
476 0.0481446
476 0.0430815
476 0.0500655
476 0.0459671
475 0.0356529
475 0.0371101
475 1.1102e-22
475 2.51318
477 3.83023
477 0.453002
477 0.272088
477 0.231648
477 0.971608
477 0.375844
477 0.129434
477 0.383348
477 0.000113584
478 0.362769
478 0.486439
478 1.27995
478 1.30534
478 0.42404
479 3.81051
479 0.526851
479 0.146701
480 1.17469
480 1.30571
480 2.29776
481 2.98151
481 2.7884
481 2.83562
482 2.8156
482 3.19922
482 2.20123
482 0.0224186
480 0.0407751
480 0.0413559
479 0.0360912
479 0.0473471
478 0.0381579
478 0.0421294
478 0.040042
478 0.0422401
478 0.04771
477 0.0409483
477 0.0376856
477 0.0389146
477 0.0621235
477 0.0503971
477 0.0405673
477 0.0490853
477 0.0582452
477 0.0676707
475 0.0532657
475 1.1102e-22
475 0.302115
475 0.344784
475 0.620518
475 0.662478
475 0.142633
475 0.312104
475 0.407768
475 0.198877
476 1.31284
476 1.95018
477 0.19172
477 0.446212
477 0.0911945
477 0.509987
477 0.740299
477 0.181295
478 1.47591
478 0.413988
478 0.154059
478 2.86125
478 0.0366917
478 0.159603
479 0.695199
479 2.29514
480 3.11031
480 1.85955
481 3.08687
481 3.04898
481 2.96615
481 2.84832
482 3.11698
482 2.16856
480 0.0345151
480 0.0354439
479 0.046363
479 0.0473054
478 0.0390342
478 0.047673
478 0.0406043
478 0.0413542
478 0.0377279
478 0.0416261
477 0.049811
477 0.0447019
477 0.0691203
477 0.0670615
477 0.0519523
477 0.0355425
476 0.0399998
476 0.0767189
475 0.0735732
475 0.0508855
475 0.0494829
475 0.0658719
475 0.0433774
475 0.0377426
475 0.0581646
475 0.0617855
475 1.1102e-22
475 0.178058
475 0.388636
475 2.14655
476 0.425749
476 0.886292
476 0.355192
476 0.641895
477 1.36213
477 0.180869
477 0.113962
477 0.315478
477 0.0413872
478 3.26259
478 0.234336
478 1.30989
478 0.158686
478 0.529953
479 0.92041
479 1.79407
479 0.242807
479 0.225123
479 0.409406
479 0.381163
479 0.72467
479 0.262078
480 0.827915
480 0.2359
480 1.82276
480 2.43412
481 2.6495
481 2.97281
482 2.86433
482 2.95574
482 3.29731
482 1.13564
480 0.0368843
480 0.0395482
480 0.039558
479 0.0411313
479 0.0430917
479 0.0468433
479 0.0368427
479 0.0374187
479 0.0431019
479 0.034618
479 0.0372194
478 0.0420404
478 0.0504587
478 0.0415198
478 0.0471722
478 0.0526232
477 0.0488101
477 0.0607129
477 0.0622934
477 0.0645076
477 0.0503411
476 0.0378587
476 0.0520016
476 0.0547564
476 0.0360337
475 0.0574722
475 0.0700406
475 0.0476927
475 1.1102e-22
475 0.143567
475 1.06715
475 0.421108
476 1.50846
476 0.842899
476 0.264509
476 0.443699
476 0.332689
476 0.551305
477 1.21082
478 3.61947
478 0.224565
478 1.32053
478 0.503044
478 0.0665784
479 1.30023
479 0.219117
479 0.387154
479 2.48319
480 3.36556
481 3.29136
481 3.0158
481 2.79284
482 2.77171
482 2.92416
482 3.44247
482 0.543199
479 0.0398841
479 0.0467742
479 0.0548126
479 0.0451427
478 0.0432899
478 0.0398026
478 0.0392307
478 0.0366738
478 0.0529549
477 0.0642906
476 0.0391844
476 0.0455938
476 0.0500244
476 0.0746823
476 0.051115
476 0.073343
475 0.0423883
475 0.056017
475 0.0476136
475 1.1102e-22
475 0.0933383
475 1.68794
475 0.641583
475 0.0629364
476 1.72778
476 0.0266855
476 0.836889
476 0.586483
477 1.03872
477 0.202076
477 2.74509
478 0.36519
478 0.796259
478 0.443656
478 0.38374
478 0.393789
478 0.0751445
478 0.664679
479 1.89626
479 1.2663
479 0.14903
480 2.49305
480 0.254873
480 0.450191
480 0.581967
480 0.33565
480 1.56615
481 3.05614
481 2.73194
481 2.80669
482 2.87219
482 3.09191
482 2.45663
482 0.0177072
482 0.00620076
480 0.0376626
480 0.0408809
480 0.0387622
480 0.0345483
480 0.0423117
479 0.0347327
479 0.0424675
479 0.0444633
478 0.0355867
478 0.051146
478 0.0484342
478 0.0387695
478 0.0508579
478 0.0370933
478 0.0362841
477 0.0442682
477 0.0357753
477 0.04096
476 0.0569623
476 0.0474683
476 0.050231
476 0.0530058
475 0.0636758
475 0.0527925
475 0.0559207
475 0.00588599
475 0.00357357
475 0.00731556
475 0.00715306
475 0.0561729
475 1.1102e-22
475 1.51491
475 0.105539
475 0.547885
475 0.656707
476 0.53219
476 0.0160526
476 0.00825195
476 0.094749
476 0.655469
476 0.910952
476 0.152185
476 0.577064
477 0.434879
477 0.697464
477 0.121301
477 0.196535
477 0.334708
477 0.146511
477 1.31205
478 0.580376
478 2.10496
478 1.17605
478 0.374589
479 0.746868
479 0.750855
479 0.0154258
479 0.285269
479 0.837082
479 1.94968
480 3.11562
480 1.93484
481 3.00199
481 2.8149
481 2.81658
482 2.8894
482 3.40631
482 0.837548
479 0.0354186
479 0.0411538
479 0.035164
479 0.0475277
479 0.0402785
479 0.0506274
478 0.044423
478 0.0485197
478 0.0414084
478 0.0386522
477 0.0442265
477 0.042715
477 0.0370178
477 0.0520564
477 0.0656546
477 0.0422377
477 0.034511
476 0.0349793
476 0.0599814
476 0.038073
476 0.0432585
476 0.0411466
476 0.0802277
476 0.0718209
476 0.0384713
475 0.0571888
475 0.0631474
475 0.0367156
475 0.0396451
475 1.1102e-22
475 1.06452
475 0.318347
475 0.185219
475 0.726642
476 0.625729
476 1.57521
477 1.68837
477 0.054567
477 0.940024
477 1.10291
478 3.33282
478 1.43238
479 0.0521922
479 0.822458
479 0.0503955
479 1.9108
480 3.5484
480 0.11971
480 0.0592326
480 1.48369
481 3.40565
481 2.93296
481 2.71606
482 2.86997
482 3.04742
482 3.11509
482 0.00290868
480 0.0379393
480 0.0414415
479 0.0457469
479 0.0392821
479 0.0400591
479 0.037304
478 0.0452854
477 0.0394597
477 0.0629334
477 0.0496837
477 0.0478135
476 0.0365196
476 0.0814869
475 0.0342266
475 0.0440682
475 0.0847567
475 0.0483245
