500 -13
500 13
497 1
497 -1
494 1
494 -1
495 -13
495 13
489 -13
489 13
491 -13
491 13
476 1
476 -1
488 1
488 -1
494 1
494 -1
495 1
495 -1
503 1
503 -1
503 1
503 -1
486 -13
486 13
488 -13
488 13
479 -13
479 13
496 1
496 -1
496 1
496 -1
481 -13
481 13
480 1
480 -1
490 1
490 -1
492 1
493 -1
493 1
493 -1
493 1
493 -1
513 -13
513 13
486 -13
486 13
482 1
482 -1
482 1
482 -1
482 1
482 -1
477 -13
477 13
477 -13
477 13
483 -13
483 13
485 -13
485 13
479 -13
479 13
507 -13
507 13
510 -13
510 13
479 -13
479 13
495 1
495 -1
488 1
488 -1
500 -13
500 13
500 1
500 -1
507 1
507 -1
497 -13
497 13
496 -13
496 13
497 -13
497 13
520 1
520 -1
518 1
518 -1
492 1
492 -1
524 1
524 -1
505 1
505 -1
504 1
504 -1
497 -13
497 13
494 1
494 -1
494 1
494 -1
494 1
494 -1
494 1
494 -1
475 -13
475 13
503 -13
503 13
498 1
498 -1
496 1
496 -1
486 -13
486 13
482 -13
482 13
484 -13
484 13
487 -13
487 13
479 -13
479 13
500 -13
500 13
486 -13
486 13
521 -13
521 13
483 -13
483 13
479 -13
479 13
479 -13
479 13
477 1
477 -1
482 1
482 -1
481 1
481 -1
516 -13
516 13
484 -13
484 13
519 -13
519 13
493 -13
493 13
485 -13
485 13
477 1
477 -1
477 1
477 -1
482 1
482 -1
480 1
480 -1
480 1
480 -1
490 -13
490 13
477 -13
477 13
482 -13
482 13
482 -13
482 13
508 -13
508 13
515 1
515 -1
508 -13
508 13
487 -13
487 13
483 -13
483 13
492 1
492 -1
482 -13
482 13
517 -13
517 13
515 -13
515 13
479 -13
479 13
482 -13
482 13
478 -13
478 13
509 -13
509 13
478 -13
478 13
479 1
479 -1
478 -13
478 13
477 1
477 -1
481 -13
481 13
475 1
475 -1
481 1
481 -1
519 -13
519 13
522 -13
522 13
522 -13
522 13
512 -13
512 13
509 1
509 -1
504 1
504 -1
503 1
503 -1
497 1
497 -1
497 1
497 -1
516 -13
516 13
513 -13
513 13
509 1
509 -1
478 1
478 -1
506 -13
506 13
508 -13
508 13
492 -13
492 13
523 -13
523 13
523 -13
523 13
508 1
507 -1
507 1
507 -1
508 1
508 -1
508 1
508 -1
507 1
507 -1
