475 0
525 0
850 0
1149 0
475 0
495 0
506 0
506 0
576 0
506 0.0393688
495 0.191808
475 0
482 0
483 0
482 0
466 0
483 0.023607
482 0.196312
475 0
491 0
491 0.183354
501 0
589 0
490 0
478 0
525 0
850 0
966 0
475 0
525 0
850 0
1149 0
475 0
514 0
511 0
509 0
487 0
511 0.0870971
514 0.355665
475 0
525 0
850 0
1149 0
475 0
483 0
488 0
490 0
509 0
488 0.0524283
483 0.13287
475 0
525 0
850 0
1149 0
475 0
481 0
481 0.187059
476 0
478 0
516 0
522 0
522 0
525 0
660 0
507 0
503 0
504 0
513 0
522 0.00865747
522 0.0181886
516 0.0119199
478 0.0103575
476 0.0230008
503 0.028967
509 0.964021
509 0.854352
509 0.113597
509 0.43263
509 0.484034
509 0.0460439
509 0.0376534
509 0.0295321
509 0.190913
509 0.0395715
509 0.001564
509 0.00906318
