475 7.91172e-22
475 2.3181e-05
475 1.30926e-05
475 4.98403e-06
475 8.74239e-06
475 7.91172e-22
475 9.51923e-06
475 1.74551e-05
475 2.15363e-06
475 8.57589e-06
475 7.41974e-06
475 2.30334e-08
0 2.86508e-22
475 7.91172e-22
475 3.13626e-05
475 1.7649e-06
475 6.97356e-06
475 9.8989e-06
475 7.91172e-22
475 1.06216e-06
475 4.96688e-06
475 1.96428e-05
475 1.06029e-05
475 2.65231e-06
475 2.29947e-06
475 5.07317e-08
0 3.70011e-22
475 7.91172e-22
475 2.45988e-05
475 1.14309e-05
475 8.58705e-06
475 5.38325e-06
475 7.91172e-22
475 2.95757e-05
475 2.05873e-07
475 1.30296e-05
475 3.09548e-08
97 2.87946e-22
475 7.91172e-22
475 1.62812e-05
475 8.58496e-06
475 4.51456e-06
475 2.1091e-06
475 1.21045e-05
475 6.40573e-06
475 7.91172e-22
475 3.28477e-05
475 2.28634e-06
475 1.04186e-06
475 9.62467e-06
475 1.53842e-09
0 2.45196e-22
475 7.91172e-22
475 1.30036e-05
475 2.36285e-05
475 7.73729e-06
475 3.47001e-08
0 3.12949e-22
475 7.91172e-22
475 1.67031e-05
475 2.8666e-06
475 1.37417e-05
475 2.34863e-06
475 3.53079e-06
475 2.86695e-06
475 7.94231e-06
