475 -13
475 13
507 -13
507 13
503 -13
503 13
515 -13
515 13
489 -13
489 13
477 -13
477 13
507 -13
507 13
476 -13
476 13
478 -13
478 13
481 -13
481 13
490 -13
490 13
491 -13
491 13
486 -13
486 13
519 -13
519 13
487 -13
487 13
498 -13
498 13
523 -13
523 13
478 -13
478 13
499 -13
499 13
476 -13
476 13
482 -13
482 13
475 -13
475 13
484 -13
484 13
485 -13
485 13
485 -13
485 13
502 -13
502 13
503 -13
503 13
475 -13
475 13
475 -13
475 13
475 -13
475 13
482 -13
482 13
493 -13
493 13
522 -13
522 13
484 -13
484 13
513 -13
513 13
498 -13
498 13
493 -13
493 13
512 -13
512 13
483 -13
483 13
483 -13
483 13
