479 -13
479 13
504 -13
504 13
516 -13
516 13
498 -13
498 13
482 -13
482 13
479 -13
479 13
476 -13
476 13
483 -13
483 13
487 -13
487 13
513 -13
513 13
503 -13
503 13
490 -13
490 13
494 -13
494 13
489 -13
489 13
493 -13
493 13
484 -13
484 13
487 -13
487 13
495 -13
495 13
511 -13
511 13
478 -13
478 13
484 -13
484 13
504 -13
504 13
504 -13
504 13
481 -13
481 13
476 -13
476 13
501 -13
501 13
507 -13
507 13
477 -13
477 13
480 -13
480 13
497 -13
497 13
499 -13
499 13
517 -13
517 13
511 -13
511 13
492 -13
492 13
515 -13
515 13
484 -13
484 13
489 -13
489 13
509 -13
509 13
484 -13
484 13
477 -13
477 13
486 -13
486 13
483 -13
483 13
482 -13
482 13
480 -13
480 13
481 -13
481 13
483 -13
483 13
495 -13
495 13
490 -13
490 13
500 -13
500 13
497 -13
497 13
497 -13
497 13
509 -13
509 13
480 -13
480 13
487 -13
487 13
480 -13
480 13
517 -13
517 13
520 -13
520 13
517 -13
517 13
515 -13
515 13
520 -13
520 13
481 -13
481 13
484 -13
484 13
478 -13
478 13
497 -13
497 13
516 -13
516 13
516 -13
516 13
504 -13
504 13
501 -13
501 13
506 -13
506 13
504 -13
504 13
476 -13
476 13
479 -13
479 13
493 -13
493 13
506 -13
506 13
485 -13
485 13
483 -13
483 13
510 -13
510 13
508 -13
508 13
495 -13
495 13
494 -13
494 13
493 -13
493 13
486 -13
486 13
478 -13
478 13
475 -13
475 13
477 -13
477 13
520 -13
520 13
477 -13
477 13
475 -13
475 13
477 -13
477 13
476 -13
476 13
489 -13
489 13
518 -13
518 13
500 -13
500 13
502 -13
502 13
503 -13
503 13
489 -13
489 13
495 -13
495 13
497 -13
497 13
493 -13
493 13
501 -13
501 13
493 -13
493 13
509 -13
509 13
493 -13
493 13
499 -13
499 13
485 -13
485 13
517 -13
517 13
480 -13
480 13
495 -13
495 13
490 -13
490 13
479 -13
479 13
487 -13
487 13
475 -13
475 13
519 -13
519 13
484 -13
484 13
491 -13
491 13
520 -13
520 13
519 -13
519 13
519 -13
519 13
480 -13
480 13
495 -13
495 13
487 -13
487 13
489 -13
489 13
477 -13
477 13
477 -13
477 13
491 -13
491 13
503 -13
503 13
503 -13
503 13
476 -13
476 13
480 -13
480 13
509 -13
509 13
496 -13
496 13
482 -13
482 13
513 -13
513 13
479 -13
479 13
476 -13
476 13
477 -13
477 13
482 -13
482 13
482 -13
482 13
512 -13
512 13
476 -13
476 13
482 -13
482 13
496 -13
496 13
491 -13
491 13
491 -13
491 13
