475 0
525 0
850 0
1149 0
475 0
479 0
475 0
138 0
479 0.00622059
475 0
504 0
520 0
663 0
504 0.0017425
475 0
525 0
850 0
1149 0
475 0
516 0
524 0
603 0
516 0.0025119
475 0
525 0
850 0
1149 0
475 0
479 0
482 0
498 0
503 0
545 0
498 0.00454823
482 0.00442619
479 0.00268222
475 0
483 0
476 0
495 0
805 0
476 0.00348994
483 0.00508435
475 0
487 0
496 0
576 0
487 0.00261357
475 0
494 0
490 0
503 0
513 0
525 0
755 0
513 0.00279008
503 0.00390051
490 0.00594732
494 0.00544339
475 0
493 0
489 0
475 0
277 0
489 0.00229394
493 0.00591363
475 0
495 0
487 0
484 0
499 0
621 0
484 0.00303447
487 0.00175436
495 0.00614709
475 0
511 0
488 0
286 0
511 0.00586573
475 0
478 0
482 0.00080914
487 0
680 0
478 0.00295495
475 0
525 0
850 0
1149 0
475 0
525 0
850 0
1149 0
475 0
504 0.0009275
525 0
789 0
475 0
504 0
504 0
484 0
483 0
462 0
484 0.00111734
504 0.00157121
504 0.00267485
475 0
476 0
481 0
475 0
241 0
481 0.00614576
476 0.0016522
475 0
501 0
525 0
753 0
501 0.00127062
475 0
525 0
850 0
1149 0
475 0
507 0
513 0.000301308
512 0
486 0
507 0.00277356
475 0
477 0
475 0
406 0
477 0.00450741
475 0
480 0
475 0
189 0
480 0.00592657
475 0
499 0
497 0
489 0.000214819
475 0
180 0
497 0.00433257
499 0.00432844
475 0
516 0.000151244
517 0
525 0
742 0
517 0.00169602
475 0
492 0
511 0
521 0
735 0
511 0.00329643
492 0.00170355
475 0
525 0
850 0
1149 0
475 0
491 0.000438579
515 0
505 0
317 0
515 0.00423604
475 0
489 0
484 0
488 0
524 0
484 0.004861
489 0.0048062
475 0
480 2.94205e-06
509 0
518 0
602 0
509 0.0024764
475 0
525 0
850 0
1149 0
475 0
477 0
484 0
507 0
722 0
484 0.00194641
477 0.00107857
475 0
508 0.000671585
525 0
1010 0
475 0
481 0
480 0
482 0
482 0.0002419
483 0
486 0
485 0
457 0
486 0.00418244
483 0.00353598
482 0.00355518
480 0.00309965
481 0.00550767
475 0
483 0
475 0
362 0
483 0.00503954
475 0
501 0.000173961
525 0
948 0
961 0
1149 0
475 0
525 0
850 0
1149 0
475 0
490 0
495 0
499 0
524 0
495 0.00631064
490 0.00295946
475 0
525 0
850 0
1149 0
475 0
509 0
497 0
497 0
499 0.000329058
500 0
515 0
708 0
500 0.00271735
497 0.00295477
497 0.00521423
509 0.00621346
475 0
525 0
850 0
1149 0
475 0
487 0
480 0
475 0
316 0
480 0.00306024
487 0.00590204
475 0
480 0
478 0.000638328
483 0
585 0
480 0.00412517
475 0
484 0
481 0
520 0
515 0
517 0
520 0
517 0
524 0.000329189
525 0
545 0
517 0.00187897
520 0.00119571
517 0.00403078
515 0.00254483
520 0.00449467
481 0.00570119
484 0.00686087
475 0
478 0
475 0
113 0
478 0.00620495
475 0
493 0.000487777
497 0
502 0
546 0
497 0.00426921
475 0
484 0.000534983
504 0
506 0
504 0.000546291
501 0
504 0
512 7.50391e-05
516 0
516 0
517 0.000476644
524 0
608 0
516 0.00357631
516 0.00410372
504 0.00341966
501 0.00548032
506 0.00365489
504 0.00275859
475 0
479 0
476 0
475 0
360 0
476 0.0057404
479 0.00451773
475 0
525 0
850 0
1149 0
475 0
493 0
490 0
470 0
493 0.00385771
475 0
506 0
492 0
361 0
506 0.00508888
475 0
483 0
485 0
481 0
416 0
485 0.00220115
483 0.0032171
475 0
525 0
850 0
1149 0
475 0
495 0
508 0
510 0
512 0
542 0
510 0.00218057
508 0.00338897
495 0.00188679
475 0
493 0
494 0.000319597
494 0
504 0
569 0
494 0.00572951
493 0.00304316
475 0
486 0
492 0
544 0
486 0.00290817
475 0
478 0
475 0
297 0
478 0.00553662
475 0
475 0
475 0
320 0
475 0.00539481
475 0
477 0
475 0
180 0
477 0.00611621
475 0
520 0
506 0
380 0
520 0.00494138
475 0
475 0
476 0.00033229
477 0
475 0
145 0
477 0.00461697
475 0.00339744
475 0
477 0
475 0
136 0
477 0.00600377
475 0
476 0
475 0
404 0
476 0.00443356
475 0
489 0
501 0
616 0
489 0.00237238
475 0
486 0.000743503
515 0.000381981
518 0
516 0
345 0
518 0.00303448
475 0
512 0.000410776
525 0
1102 0
475 0
503 0
502 0
500 0
490 0
248 0
500 0.00252514
502 0.00107024
503 0.00374833
475 0
493 0
509 0
493 0
501 0
493 0
497 0
495 0
489 0
496 0.000674554
517 0
695 0
489 0.00188334
495 0.00277372
497 0.00389335
493 0.00255414
501 0.00344426
493 0.00428219
509 0.00615647
493 0.00160225
475 0
499 0
484 0.000591046
482 0
443 0
499 0.00579257
475 0
487 0.000654017
517 0
509 0.000557264
485 0
497 0
636 0
485 0.00272387
517 0.00675374
475 0
485 0.000679391
490 0
495 0
480 0
479 0
396 0
480 0.00226656
495 0.00228476
490 0.00106272
475 0
479 0
475 0
317 0
479 0.00545033
475 0
483 0.000255935
487 0
487 0.000868392
483 0
450 0
487 0.00288867
475 0
475 0
479 0
510 0
475 0.00321972
475 0
506 0.000389252
519 0
525 0
735 0
519 0.00299247
475 0
484 0
485 0
495 0
484 0.00346147
475 0
491 0
509 0
668 0
491 0.00163174
475 0
496 0.000463785
519 0
519 0
520 0
518 0
493 0
520 0.00612563
519 0.00185085
519 0.0018804
475 0
480 0
475 0
369 0
480 0.00486861
475 0
495 0
501 0
552 0
495 0.00296451
475 0
489 0
487 0
475 0
136 0
487 0.00490481
489 0.00399568
475 0
477 0
477 0
480 0
506 0
477 0.00227827
477 0.00362774
475 0
491 0
481 0
390 0
491 0.00476015
475 0
525 0
850 0
1149 0
475 0
503 0
503 0
525 0
902 0
503 0.00172838
503 0.0034491
475 0
480 0
476 0
491 0
614 0
476 0.00532064
480 0.00428604
475 0
509 0
519 0
609 0
509 0.00249754
475 0
525 0
850 0
1149 0
475 0
496 0
505 0
588 0
496 0.00239382
475 0
482 0
500 0
664 0
482 0.00158015
475 0
513 0
505 0
437 0
513 0.00455741
475 0
482 0
482 0
477 0
476 0
479 0
525 0
939 0
479 0.00182912
476 0.00523441
477 0.0035763
482 0.00343005
482 0.00518924
475 0
512 0
505 0
439 0
512 0.00456938
475 0
525 0
850 0
1149 0
475 0
476 0
477 0
484 0
476 0.00350416
475 0
482 0
501 0
672 0
482 0.00155686
475 0
496 0
491 0
449 0
496 0.00423342
475 0
491 0
491 0
494 0.000302952
514 0.000992223
525 0
739 0
491 0.00622813
491 0.00347961
475 0
525 0
850 0
1149 0
