0 -1
475 1
0 -1
433 1
0 -1
475 1
0 -1
475 1
0 -1
328 1
0 -1
475 1
0 -1
124 1
0 -1
475 1
0 -1
74 1
0 -1
475 1
0 -1
475 1
0 -1
475 1
0 -1
260 1
0 -1
475 1
0 -1
185 1
0 -1
334 1
0 -1
475 1
0 -1
418 1
0 -1
273 1
0 -1
330 1
0 -1
475 1
0 -1
145 1
0 -1
475 1
0 -1
111 1
0 -1
475 1
0 -1
381 1
0 -1
475 1
0 -1
475 1
0 -1
467 1
0 -1
475 1
0 -1
475 1
0 -1
475 1
0 -1
475 1
0 -1
302 1
0 -1
475 1
0 -1
475 1
0 -1
475 1
0 -1
475 1
0 -1
390 1
0 -1
475 1
0 -1
0 1
0 -1
297 1
0 -1
386 1
0 -1
475 1
0 -1
475 1
0 -1
475 1
0 -1
275 1
0 -1
29 1
0 -1
475 1
0 -1
475 1
0 -1
475 1
0 -1
465 1
0 -1
475 1
0 -1
475 1
0 -1
7 1
0 -1
0 1
0 -1
386 1
0 -1
475 1
0 -1
475 1
0 -1
126 1
0 -1
475 1
0 -1
475 1
0 -1
352 1
0 -1
475 1
0 -1
475 1
0 -1
355 1
0 -1
466 1
0 -1
475 1
0 -1
351 1
0 -1
393 1
0 -1
475 1
0 -1
475 1
0 -1
475 1
0 -1
475 1
0 -1
475 1
0 -1
475 1
0 -1
438 1
0 -1
385 1
0 -1
154 1
0 -1
475 1
0 -1
51 1
0 -1
453 1
0 -1
475 1
0 -1
475 1
0 -1
412 1
0 -1
326 1
0 -1
475 1
0 -1
266 1
0 -1
404 1
0 -1
121 1
0 -1
475 1
0 -1
475 1
0 -1
475 1
0 -1
475 1
0 -1
382 1
0 -1
475 1
0 -1
105 1
0 -1
0 1
0 -1
475 1
0 -1
0 1
