475 7.91172e-22
475 3.24242e-05
475 8.38754e-06
475 4.44897e-07
467 1.76471e-22
475 7.91172e-22
475 6.53615e-06
475 2.17381e-05
475 7.49271e-06
475 3.14922e-06
475 4.99375e-06
475 6.09006e-06
475 7.91172e-22
475 1.90253e-05
475 4.80064e-06
475 5.93857e-06
475 1.27471e-05
475 7.48844e-06
475 7.91172e-22
475 3.14969e-05
475 4.39759e-06
475 6.83578e-06
475 7.2697e-06
475 7.91172e-22
475 2.46212e-06
475 5.1914e-06
475 6.07968e-06
475 5.19445e-06
475 5.97521e-06
475 2.58147e-06
475 4.82554e-06
475 5.32069e-06
475 9.62692e-07
475 9.9791e-07
475 7.04759e-06
475 3.68311e-07
457 1.32929e-22
475 7.91172e-22
475 2.58855e-05
475 1.65718e-05
475 1.0584e-08
382 2.1359e-22
475 7.91172e-22
475 2.71141e-05
475 1.45287e-05
475 3.21521e-07
446 1.71045e-22
475 7.91172e-22
475 9.90558e-06
475 1.87564e-05
475 1.33552e-06
475 7.48031e-06
475 2.27622e-06
475 6.49631e-06
475 5.045e-07
468 1.36131e-22
475 7.91172e-22
475 2.65426e-05
475 2.03453e-06
475 6.17806e-06
475 4.54698e-06
475 5.98658e-06
475 5.15353e-08
90 2.51847e-22
475 7.91172e-22
475 2.45859e-05
475 1.7676e-05
475 1.62284e-06
467 1.50384e-22
