475 1.83112e-23
476 0.555847
477 0.828248
478 0.211611
479 0.418634
479 0.0202116
480 0.592751
481 0.315916
481 0.0414986
482 0.302629
482 0.134239
485 1.69116
486 0.0292634
486 0.0663569
486 0.0802236
486 0.04247
486 0.0627561
487 0.569214
488 0.121625
490 1.06616
491 0.397507
492 0.619969
492 0.244536
493 0.0508
493 0.267227
495 0.770944
495 0.016569
496 0.541953
497 0.500824
498 0.807364
499 0.263281
501 1.00521
502 0.494762
503 0.576549
504 0.606619
505 0.0814045
505 0.155719
507 0.896878
508 0.688866
509 0.233419
509 0.00130022
510 0.659148
515 2.43359
515 0.0598983
516 0.482377
518 0.985096
519 0.315151
519 0.0246938
519 0.210143
522 1.13785
522 0.23387
523 0.26843
523 0.0220302
523 0.0757312
524 0.745634
524 0.0757935
525 0.00774599
850 1.28813e-23
1146 0.00767765
1149 0.00011964
1149 8.80364e-28
1146 0.00163642
524 0.0944741
523 0.0766566
523 0.0421372
523 0.038404
522 0.0558982
522 0.0841303
519 0.206673
519 0.040669
519 0.0751571
515 0.149369
515 0.164235
510 0.0512374
509 0.0430731
509 0.0510651
508 0.260449
507 0.0749232
505 0.118231
505 0.0813782
504 0.0350811
503 0.0496613
501 0.0498241
499 0.0682587
498 0.0834682
497 0.0508541
495 0.292566
495 0.10943
495 0.361826
493 0.0199468
493 0.395319
493 0.00409393
493 0.0306561
492 0.124252
492 0.0385753
491 0.067539
490 0.121336
488 0.0385786
486 0.0390167
486 0.039466
486 0.458954
486 0.178484
486 0.039584
485 0.0421222
482 0.275945
482 0.0567734
481 0.0541369
481 0.0456623
480 0.0745063
479 0.132714
479 0.0347741
478 0.0477565
477 0.043189
476 0.0478259
493 0.001564
495 0.001564
495 0.00391487
493 0.000124141
