475 1.83112e-23
475 0.0780842
475 0.094563
477 1.02934
479 0.741718
480 0.367668
480 0.442544
481 0.407134
481 0.0963928
483 0.661435
483 0.0128274
484 0.392509
484 0.00992385
487 1.49478
488 0.326246
493 2.52668
493 0.0765205
494 0.635462
494 0.0856114
497 1.21524
498 0.363843
499 0.429907
499 0.275577
500 0.13889
500 0.0546327
500 0.100642
502 0.882895
504 0.937872
507 1.47954
507 0.250414
511 1.98939
513 0.727556
514 0.712156
514 0.221694
515 0.176708
516 0.436963
517 0.520119
518 0.334583
518 0.0673127
519 0.558581
520 0.665735
520 0.0387837
521 0.485292
521 0.0638579
522 0.335502
524 0.816481
524 0.0193493
524 0.0620408
524 0.288027
525 0.0346647
850 1.28896e-23
1149 0.00614222
1149 1.24708e-26
524 0.0488982
524 0.0619013
524 0.0821474
524 0.0469931
524 0.0482519
524 0.0602919
524 0.362023
524 0.124381
524 0.0842109
522 0.127402
521 0.0614852
521 0.0572705
521 0.215598
521 0.0689247
520 0.081158
519 0.0638424
518 0.042605
518 0.175832
517 0.0405442
516 0.149395
515 0.0391119
514 0.0405969
513 0.0445435
511 0.083731
507 0.110192
507 0.0374897
504 0.246506
500 0.0823592
500 0.0634605
499 0.0537606
499 0.107353
498 0.0607971
494 0.0544439
494 0.0412442
493 0.0829699
493 0.238934
493 0.073209
488 0.468753
487 0.0846628
487 0.0631866
487 0.0743755
487 0.0365997
484 0.400326
484 0.0346768
483 0.0970528
483 0.0398994
481 0.0676455
481 0.0506854
480 0.0555715
477 0.0438955
475 0.0978767
475 0.0749122
493 0.000121
493 0.00121941
