475 1.83112e-23
475 0.115973
477 1.0746
479 1.1853
479 0.0232603
480 0.271494
482 0.947407
482 0.0730695
483 0.26549
483 0.401875
484 0.136065
486 0.829768
486 0.295096
487 0.413335
487 0.0199998
488 0.233482
489 0.658625
491 1.03255
491 0.0743454
495 1.87399
496 0.397417
496 0.13375
497 0.48735
498 0.155879
499 0.644703
499 0.012069
501 0.978148
501 0.0157142
503 0.884292
503 0.054378
505 0.617618
507 1.27055
508 0.319852
512 1.90003
513 0.491701
513 0.299585
517 1.69792
517 0.0108457
518 0.481895
518 0.4219
521 1.09829
522 0.656771
522 0.196352
523 0.267002
523 0.253099
525 0.579577
850 1.28806e-23
958 0.00534025
1149 0.00901455
1149 2.07386e-27
958 0.00114027
524 0.220063
523 0.0448308
522 0.0431413
521 0.117667
518 0.0703632
518 0.0572922
517 0.0354719
517 0.0479871
513 0.040569
513 0.0617509
508 0.0454827
505 0.094018
503 0.0750222
503 0.137503
501 0.0824755
501 0.0582552
499 0.104691
499 0.0769886
498 0.0387664
496 0.287965
496 0.0799323
495 0.203294
491 0.0411952
491 0.0414501
489 0.041704
488 0.461905
488 0.166419
488 0.0350713
487 0.0896476
487 0.511538
487 0.0720611
486 0.0660209
484 0.121672
483 0.0400573
483 0.237863
483 0.390644
483 0.0435234
482 0.100497
482 0.0507855
480 0.099402
479 0.037345
477 0.037376
475 0.000412278
475 0.0515678
475 0.233857
475 0.001564
475 0.00346426
