475 1.83112e-23
477 1.09989
477 0.0537535
478 0.807816
479 0.384136
479 0.0742656
480 0.526855
484 1.78687
485 0.348125
486 0.670343
486 0.0277426
488 0.878846
489 0.628137
489 0.00705755
492 1.30027
492 0.116406
493 0.417513
496 1.21443
497 0.437295
497 0.360049
498 0.244663
499 0.55798
500 0.408663
500 0.0171824
501 0.526957
501 0.0619788
501 0.107951
502 0.41654
502 0.00332038
504 0.990222
505 0.141081
505 0.224658
505 0.164068
506 0.134401
506 0.408066
508 0.725916
509 0.237615
509 0.198729
509 0.0267321
510 0.617077
511 0.370712
513 0.705853
513 0.309128
515 0.694709
516 0.55653
516 0.0764069
519 1.41236
519 0.0966442
520 0.302319
521 0.5178
522 0.507022
523 0.764475
523 0.058787
525 0.530167
850 1.28818e-23
1149 0.00831675
1150 2.89274e-28
523 0.0452998
522 0.105571
521 0.0599227
520 0.1113
519 0.0377063
519 0.154811
516 0.0747675
516 0.0582831
515 0.0477148
513 0.087846
511 0.0732997
510 0.115231
509 0.0474768
509 0.0712638
508 0.0653454
506 0.11463
506 0.158571
505 0.0839786
505 0.0451823
505 0.0888632
502 0.0930582
502 0.170296
501 0.0537207
501 0.258679
501 0.0606651
501 0.0804408
501 0.0565578
500 0.0450979
500 0.0705363
499 0.374723
498 0.054703
497 0.029952
498 0.390889
497 0.0583251
496 0.2529
493 0.0713434
492 0.0477354
492 0.0357523
492 0.139977
492 0.0359212
489 0.0388211
489 0.06217
488 0.0946424
486 0.0889432
486 0.0638534
485 0.356686
484 0.0406298
480 0.0413001
479 0.0869207
479 0.0383515
478 0.0124599
478 0.159048
477 0.0474103
497 0.000121
497 0.000914161
