475 1.83112e-23
478 1.58981
479 0.302633
480 0.475136
480 0.000539772
484 2.07001
484 0.0693753
486 0.606823
486 0.107296
486 0.0908862
487 0.344414
488 0.460723
490 0.896481
490 0.0353433
490 0.232226
493 1.30545
494 0.35633
494 0.219613
496 0.751395
503 3.27682
503 0.0970815
505 1.01222
505 0.0732195
506 0.261995
506 0.0984618
506 0.140603
507 0.614495
509 0.603552
510 0.710861
511 0.277359
511 0.0188121
511 0.091495
511 0.179901
512 0.113213
512 0.436011
513 0.0822618
514 0.494797
516 1.15026
516 0.145873
516 0.108439
517 0.0597154
518 0.43566
519 0.592436
519 0.139039
519 0.0261075
519 0.12662
519 0.0217029
520 0.304163
521 0.515146
521 0.183946
522 0.157623
522 0.0335396
522 0.279144
523 0.408412
525 0.573961
850 1.28852e-23
1149 0.00995485
1150 1.75228e-28
523 0.0482083
522 0.059522
522 0.0436772
522 0.0393271
521 0.0933133
521 0.0518684
520 0.235941
519 0.0463406
519 0.242303
519 0.0601212
519 0.116859
519 0.0862878
518 0.0449033
517 0.114393
516 0.0521075
516 0.0359667
516 0.13791
513 0.0620472
512 0.0369403
512 0.0592824
511 0.0367936
511 0.470148
511 0.142605
511 0.0882163
511 0.0377365
511 0.0758442
511 0.0391303
510 0.0520292
509 0.101248
507 0.104755
506 0.0634912
506 0.100013
506 0.160121
505 0.0375391
505 0.105011
503 0.0442372
503 0.0423575
496 0.0619914
494 0.00182886
495 0.335279
495 0.0418135
495 0.122284
495 0.0373475
495 0.0524227
494 0.0391927
494 0.135266
493 0.0749519
493 0.0101541
493 0.245828
493 0.0607695
493 0.0414687
490 0.0513911
490 0.0407496
490 0.0469733
488 0.0813515
487 0.0905867
486 0.0473436
486 0.078807
486 0.0766136
486 0.0872004
484 0.0737932
484 0.0945472
480 0.114727
480 0.0422042
479 0.315261
478 0.0569605
486 0.001564
486 0.0113059
