475 1.58242e-21
475 9.15855e-16
475 1.85252e-12
475 2.79644e-49
475 2.65455e-49
475 5.33146e-19
475 8.34478e-35
475 5.01285e-44
475 1.62854e-24
475 2.02042e-67
475 1.73288e-12
475 1.7844e-15
475 1.73639e-21
475 1.38603e-71
475 7.93719e-17
475 3.08265e-22
475 7.77131e-34
475 1.77817e-08
475 3.5325e-08
475 2.4598e-77
475 1.12906e-142
475 1.35968e-22
475 1.31245e-12
475 3.3904e-05
475 2.05728e-17
475 1.62489e-17
475 1.36784e-59
475 2.95328e-05
475 9.62146e-05
475 2.01619e-05
475 1.38128e-05
475 3.45322e-06
7 2.27057e-22
