0 -1
1149 1
1130 1
1131 -1
898 1
898 -1
524 1
524 -1
523 1
523 -1
523 1
523 -1
522 1
522 -1
522 1
522 -1
521 1
521 -1
520 1
520 -1
519 1
519 -1
518 1
518 -1
518 1
518 -1
517 1
517 -1
517 1
517 -1
517 1
517 -1
516 1
516 -1
514 1
514 -1
513 1
513 -1
509 1
509 -1
509 1
509 -1
508 1
508 -1
507 1
507 -1
507 1
507 -1
508 1
508 -1
506 1
506 -1
505 1
505 -1
503 1
503 -1
501 1
501 -1
500 1
500 -1
499 1
499 -1
498 1
498 -1
496 1
496 -1
496 1
496 -1
495 1
495 -1
494 1
494 -1
493 1
493 -1
492 1
492 -1
489 1
489 -1
489 1
489 -1
489 1
489 -1
488 1
488 -1
486 1
486 -1
486 1
486 -1
486 1
486 -1
485 1
485 -1
485 1
485 -1
483 1
484 -1
482 1
482 -1
480 1
480 -1
480 1
480 -1
480 1
480 -1
479 1
479 -1
479 1
480 -1
480 1
480 -1
480 1
480 -1
477 1
477 -1
477 1
477 -1
477 1
477 -1
0 -1
1149 1
523 1
523 -1
522 1
522 -1
521 1
521 -1
521 1
521 -1
520 1
520 -1
520 1
520 -1
519 1
519 -1
519 1
519 -1
519 1
519 -1
519 1
519 -1
519 1
519 -1
518 1
518 -1
518 1
518 -1
516 1
516 -1
516 1
516 -1
512 1
512 -1
512 1
512 -1
511 1
511 -1
511 1
511 -1
511 1
511 -1
511 1
511 -1
510 1
510 -1
510 1
510 -1
508 1
508 -1
507 1
507 -1
507 1
507 -1
506 1
507 -1
506 1
506 -1
506 1
506 -1
506 1
506 -1
506 1
506 -1
504 1
504 -1
504 1
504 -1
504 1
504 -1
504 1
504 -1
503 1
503 -1
503 1
503 -1
503 1
503 -1
502 1
502 -1
501 1
501 -1
500 1
500 -1
499 1
499 -1
498 1
498 -1
497 1
497 -1
496 1
496 -1
496 1
496 -1
494 1
494 -1
494 1
494 -1
493 1
493 -1
488 1
488 -1
488 1
488 -1
488 1
488 -1
487 1
487 -1
486 1
486 -1
485 1
486 -1
486 1
486 -1
484 1
484 -1
483 1
483 -1
482 1
482 -1
482 1
482 -1
520 1
520 -1
0 -1
1149 1
1110 1
1110 -1
524 1
524 -1
523 1
523 -1
523 1
523 -1
522 1
522 -1
522 1
522 -1
521 1
521 -1
521 1
521 -1
521 1
521 -1
520 1
520 -1
520 1
520 -1
519 1
519 -1
515 1
515 -1
515 1
515 -1
514 1
514 -1
511 1
511 -1
510 1
510 -1
508 1
508 -1
507 1
507 -1
506 1
506 -1
502 1
502 -1
501 1
501 -1
500 1
500 -1
499 1
499 -1
499 1
499 -1
498 1
498 -1
498 1
498 -1
498 1
498 -1
497 1
497 -1
497 1
497 -1
497 1
497 -1
496 1
496 -1
496 1
496 -1
496 1
496 -1
493 1
493 -1
492 1
492 -1
492 1
492 -1
491 1
491 -1
490 1
490 -1
489 1
489 -1
488 1
488 -1
488 1
488 -1
487 1
487 -1
486 1
486 -1
486 1
486 -1
486 1
486 -1
484 1
484 -1
483 1
483 -1
483 1
483 -1
482 1
482 -1
482 1
482 -1
482 1
482 -1
482 1
482 -1
481 1
481 -1
481 1
481 -1
480 1
480 -1
479 1
479 -1
478 1
478 -1
477 1
477 -1
477 1
477 -1
0 -1
1149 1
1125 1
1140 -1
1139 1
1139 -1
524 1
946 -1
524 1
524 -1
523 1
523 -1
522 1
522 -1
521 1
521 -1
521 1
521 -1
518 1
519 -1
518 1
518 -1
516 1
516 -1
515 1
515 -1
514 1
514 -1
514 1
514 -1
514 1
514 -1
510 1
510 -1
508 1
508 -1
508 1
508 -1
506 1
506 -1
505 1
505 -1
504 1
504 -1
504 1
504 -1
504 1
504 -1
503 1
503 -1
503 1
503 -1
503 1
503 -1
502 1
503 -1
502 1
502 -1
498 1
498 -1
498 1
498 -1
496 1
496 -1
496 1
496 -1
496 1
496 -1
492 1
492 -1
491 1
491 -1
491 1
491 -1
489 1
489 -1
489 1
489 -1
489 1
489 -1
488 1
488 -1
487 1
487 -1
487 1
487 -1
486 1
486 -1
484 1
484 -1
484 1
484 -1
483 1
483 -1
482 1
482 -1
482 1
482 -1
482 1
482 -1
482 1
482 -1
482 1
482 -1
481 1
481 -1
480 1
480 -1
479 1
479 -1
479 1
479 -1
478 1
478 -1
477 1
477 -1
477 1
477 -1
476 1
476 -1
488 1
488 -1
0 -1
1149 1
524 1
524 -1
522 1
522 -1
520 1
520 -1
520 1
520 -1
518 1
518 -1
516 1
516 -1
515 1
515 -1
515 1
515 -1
515 1
515 -1
514 1
514 -1
513 1
513 -1
513 1
513 -1
511 1
511 -1
510 1
510 -1
509 1
509 -1
509 1
509 -1
506 1
506 -1
506 1
506 -1
506 1
506 -1
505 1
505 -1
505 1
505 -1
504 1
504 -1
503 1
503 -1
503 1
503 -1
499 1
499 -1
498 1
498 -1
498 1
499 -1
498 1
498 -1
496 1
496 -1
495 1
495 -1
495 1
495 -1
494 1
494 -1
493 1
493 -1
493 1
493 -1
493 1
493 -1
493 1
493 -1
492 1
492 -1
489 1
489 -1
482 1
482 -1
478 1
478 -1
476 1
476 -1
475 1
475 -1
506 1
506 -1
506 1
506 -1
498 1
498 -1
0 -1
1149 1
524 1
524 -1
523 1
523 -1
523 1
523 -1
522 1
522 -1
521 1
521 -1
520 1
520 -1
520 1
520 -1
517 1
517 -1
516 1
516 -1
516 1
516 -1
515 1
515 -1
514 1
514 -1
512 1
512 -1
511 1
511 -1
510 1
510 -1
510 1
510 -1
510 1
510 -1
508 1
508 -1
508 1
508 -1
507 1
507 -1
506 1
506 -1
504 1
504 -1
504 1
504 -1
503 1
503 -1
503 1
503 -1
502 1
502 -1
501 1
501 -1
500 1
500 -1
500 1
500 -1
499 1
499 -1
497 1
497 -1
496 1
496 -1
495 1
495 -1
495 1
495 -1
495 1
495 -1
495 1
495 -1
494 1
494 -1
494 1
494 -1
494 1
494 -1
494 1
494 -1
493 1
493 -1
493 1
493 -1
493 1
493 -1
493 1
493 -1
492 1
492 -1
491 1
491 -1
491 1
491 -1
487 1
487 -1
486 1
486 -1
483 1
483 -1
482 1
482 -1
482 1
482 -1
481 1
481 -1
481 1
481 -1
481 1
481 -1
481 1
481 -1
480 1
480 -1
478 1
478 -1
478 1
478 -1
477 1
477 -1
477 1
477 -1
475 1
475 -1
475 1
475 -1
497 1
497 -1
0 -1
1149 1
1094 1
1095 -1
524 1
524 -1
523 1
523 -1
523 1
523 -1
523 1
523 -1
522 1
522 -1
520 1
520 -1
520 1
520 -1
519 1
519 -1
519 1
519 -1
518 1
518 -1
518 1
518 -1
517 1
517 -1
516 1
516 -1
516 1
516 -1
514 1
514 -1
510 1
510 -1
510 1
510 -1
509 1
509 -1
506 1
506 -1
505 1
505 -1
504 1
504 -1
504 1
504 -1
503 1
503 -1
503 1
503 -1
503 1
503 -1
503 1
503 -1
502 1
502 -1
501 1
501 -1
500 1
500 -1
499 1
499 -1
499 1
499 -1
499 1
499 -1
499 1
499 -1
498 1
498 -1
497 1
497 -1
497 1
497 -1
496 1
496 -1
496 1
496 -1
495 1
496 -1
494 1
494 -1
494 1
494 -1
494 1
494 -1
493 1
493 -1
493 1
493 -1
493 1
493 -1
491 1
491 -1
491 1
491 -1
491 1
491 -1
490 1
490 -1
490 1
491 -1
490 1
490 -1
489 1
489 -1
488 1
488 -1
485 1
485 -1
483 1
483 -1
483 1
483 -1
481 1
481 -1
480 1
480 -1
480 1
480 -1
479 1
479 -1
476 1
476 -1
475 1
475 -1
524 1
524 -1
0 -1
1149 1
1088 1
1089 -1
524 1
524 -1
524 1
524 -1
524 1
524 -1
523 1
523 -1
523 1
523 -1
522 1
522 -1
522 1
522 -1
522 1
522 -1
519 1
519 -1
519 1
519 -1
519 1
519 -1
516 1
516 -1
515 1
515 -1
511 1
511 -1
510 1
510 -1
509 1
509 -1
508 1
508 -1
507 1
507 -1
507 1
507 -1
507 1
507 -1
507 1
507 -1
507 1
507 -1
506 1
506 -1
505 1
505 -1
504 1
504 -1
504 1
504 -1
503 1
503 -1
503 1
503 -1
501 1
501 -1
500 1
500 -1
500 1
500 -1
499 1
499 -1
498 1
498 -1
498 1
498 -1
497 1
497 -1
496 1
496 -1
495 1
495 -1
495 1
495 -1
493 1
493 -1
492 1
492 -1
492 1
492 -1
492 1
492 -1
491 1
491 -1
491 1
491 -1
490 1
490 -1
490 1
490 -1
489 1
489 -1
489 1
489 -1
488 1
488 -1
487 1
487 -1
487 1
487 -1
486 1
487 -1
484 1
484 -1
484 1
484 -1
484 1
484 -1
483 1
483 -1
483 1
483 -1
481 1
481 -1
480 1
480 -1
480 1
480 -1
479 1
479 -1
478 1
478 -1
477 1
477 -1
475 1
475 -1
475 1
475 -1
504 1
504 -1
503 1
503 -1
0 -1
1149 1
944 1
944 -1
524 1
524 -1
521 1
521 -1
521 1
521 -1
520 1
520 -1
519 1
519 -1
519 1
519 -1
518 1
518 -1
518 1
518 -1
517 1
517 -1
517 1
517 -1
517 1
517 -1
516 1
516 -1
516 1
516 -1
515 1
515 -1
515 1
515 -1
514 1
514 -1
513 1
513 -1
513 1
513 -1
511 1
511 -1
510 1
510 -1
510 1
510 -1
510 1
510 -1
509 1
509 -1
508 1
508 -1
508 1
508 -1
508 1
508 -1
506 1
506 -1
504 1
504 -1
504 1
504 -1
504 1
504 -1
503 1
503 -1
502 1
502 -1
502 1
502 -1
499 1
499 -1
499 1
499 -1
499 1
499 -1
498 1
498 -1
497 1
497 -1
494 1
494 -1
493 1
493 -1
493 1
493 -1
493 1
493 -1
493 1
493 -1
489 1
489 -1
489 1
489 -1
487 1
487 -1
486 1
486 -1
486 1
486 -1
485 1
485 -1
485 1
485 -1
485 1
485 -1
484 1
484 -1
484 1
484 -1
483 1
483 -1
480 1
480 -1
480 1
480 -1
479 1
479 -1
479 1
479 -1
479 1
479 -1
478 1
478 -1
477 1
477 -1
477 1
477 -1
476 1
476 -1
0 -1
1149 1
1015 1
1055 -1
1048 1
1048 -1
1031 1
1031 -1
985 1
985 -1
962 1
962 -1
524 1
524 -1
524 1
524 -1
522 1
522 -1
521 1
521 -1
520 1
520 -1
520 1
520 -1
520 1
520 -1
519 1
519 -1
518 1
518 -1
518 1
519 -1
517 1
517 -1
517 1
517 -1
517 1
517 -1
517 1
517 -1
516 1
516 -1
516 1
516 -1
515 1
515 -1
514 1
514 -1
512 1
512 -1
511 1
511 -1
511 1
511 -1
510 1
510 -1
509 1
509 -1
507 1
507 -1
507 1
507 -1
505 1
505 -1
505 1
505 -1
504 1
504 -1
503 1
503 -1
503 1
503 -1
502 1
502 -1
501 1
501 -1
500 1
500 -1
498 1
498 -1
497 1
497 -1
497 1
497 -1
496 1
496 -1
495 1
496 -1
495 1
495 -1
495 1
495 -1
495 1
495 -1
494 1
494 -1
494 1
494 -1
493 1
493 -1
492 1
492 -1
492 1
492 -1
491 1
491 -1
491 1
491 -1
488 1
488 -1
487 1
487 -1
487 1
487 -1
486 1
486 -1
486 1
486 -1
486 1
486 -1
485 1
485 -1
485 1
485 -1
485 1
485 -1
484 1
484 -1
484 1
484 -1
484 1
484 -1
482 1
482 -1
482 1
482 -1
481 1
481 -1
479 1
479 -1
478 1
478 -1
477 1
477 -1
477 1
477 -1
477 1
477 -1
477 1
477 -1
0 -1
1149 1
523 1
523 -1
523 1
523 -1
523 1
523 -1
522 1
523 -1
521 1
521 -1
520 1
520 -1
520 1
520 -1
520 1
520 -1
517 1
517 -1
514 1
514 -1
514 1
514 -1
513 1
513 -1
513 1
513 -1
512 1
512 -1
512 1
512 -1
512 1
512 -1
511 1
511 -1
511 1
511 -1
510 1
510 -1
508 1
508 -1
508 1
508 -1
506 1
506 -1
506 1
506 -1
504 1
504 -1
504 1
504 -1
499 1
499 -1
498 1
498 -1
497 1
497 -1
497 1
497 -1
495 1
495 -1
495 1
495 -1
492 1
492 -1
492 1
492 -1
491 1
491 -1
491 1
491 -1
487 1
487 -1
486 1
486 -1
486 1
486 -1
485 1
485 -1
484 1
484 -1
483 1
483 -1
483 1
483 -1
482 1
482 -1
481 1
481 -1
481 1
481 -1
479 1
479 -1
479 1
479 -1
478 1
478 -1
477 1
477 -1
476 1
477 -1
476 1
476 -1
476 1
476 -1
0 -1
1149 1
884 1
884 -1
523 1
523 -1
522 1
522 -1
522 1
522 -1
521 1
521 -1
520 1
520 -1
518 1
518 -1
517 1
517 -1
516 1
516 -1
514 1
514 -1
514 1
514 -1
513 1
513 -1
512 1
512 -1
512 1
512 -1
510 1
510 -1
509 1
509 -1
509 1
509 -1
509 1
509 -1
508 1
508 -1
508 1
508 -1
507 1
507 -1
507 1
507 -1
507 1
507 -1
506 1
506 -1
504 1
504 -1
504 1
504 -1
502 1
502 -1
502 1
502 -1
502 1
502 -1
500 1
500 -1
499 1
499 -1
497 1
497 -1
495 1
495 -1
495 1
495 -1
493 1
494 -1
492 1
492 -1
492 1
492 -1
491 1
491 -1
491 1
491 -1
490 1
490 -1
490 1
490 -1
489 1
490 -1
489 1
489 -1
489 1
489 -1
485 1
485 -1
485 1
485 -1
484 1
484 -1
484 1
484 -1
483 1
483 -1
482 1
482 -1
482 1
482 -1
482 1
482 -1
481 1
481 -1
481 1
481 -1
478 1
478 -1
477 1
477 -1
477 1
477 -1
475 1
475 -1
504 1
504 -1
0 -1
508 1
508 -14
508 14
507 1
507 -1
505 1
505 -1
504 1
504 -1
504 1
504 -1
503 1
503 -1
503 1
503 -1
500 1
500 -1
497 1
497 -1
497 1
497 -1
496 1
496 -1
494 1
494 -1
494 1
494 -1
492 1
492 -1
492 1
492 -1
492 1
492 -1
491 1
491 -1
491 1
491 -1
490 1
490 -1
490 1
490 -1
489 1
489 -1
489 1
489 -1
488 1
488 -1
488 1
488 -1
487 1
487 -1
484 1
484 -1
484 1
484 -1
484 1
484 -1
483 1
483 -1
482 1
482 -1
482 1
482 -1
481 1
481 -1
480 1
480 -1
480 1
480 -1
479 1
479 -1
478 1
478 -1
476 1
476 -1
476 1
476 -1
476 1
476 -1
475 1
475 -1
475 1
475 -1
480 1
480 -1
512 1
512 -1
514 1
514 -1
504 1
504 -1
488 1
488 -1
492 1
492 -1
484 1
483 -1
483 1
483 -1
483 1
483 -1
484 1
484 -1
484 1
484 -1
0 -1
1149 1
1090 1
1090 -1
1020 1
1020 -1
992 1
992 -1
904 1
904 -1
524 1
524 -1
524 1
524 -1
523 1
523 -1
522 1
522 -1
522 1
522 -1
522 1
522 -1
520 1
520 -1
518 1
518 -1
516 1
516 -1
516 1
516 -1
514 1
514 -1
513 1
513 -1
513 1
513 -1
512 1
512 -1
510 1
510 -1
510 1
510 -1
510 1
510 -1
509 1
509 -1
509 1
509 -1
508 1
508 -1
508 1
508 -1
507 1
508 -1
506 1
506 -1
504 1
504 -1
504 1
504 -1
504 1
504 -1
501 1
501 -1
497 1
497 -1
497 1
497 -1
496 1
496 -1
495 1
495 -1
493 1
493 -1
492 1
492 -1
489 1
489 -1
488 1
488 -1
487 1
487 -1
487 1
487 -1
486 1
486 -1
485 1
485 -1
485 1
485 -1
483 1
483 -1
482 1
482 -1
481 1
481 -1
481 1
481 -1
481 1
481 -1
480 1
480 -1
480 1
480 -1
479 1
479 -1
478 1
478 -1
478 1
478 -1
477 1
477 -1
477 1
477 -1
475 1
475 -1
475 1
475 -1
0 -1
1149 1
1118 1
1118 -1
1076 1
1076 -1
524 1
524 -1
523 1
524 -1
523 1
523 -1
523 1
523 -1
522 1
522 -1
520 1
520 -1
520 1
520 -1
519 1
520 -1
518 1
518 -1
517 1
517 -1
517 1
517 -1
517 1
518 -1
518 1
518 -1
516 1
516 -1
515 1
515 -1
514 1
514 -1
513 1
513 -1
511 1
511 -1
511 1
511 -1
510 1
511 -1
509 1
509 -1
509 1
509 -1
508 1
508 -1
508 1
508 -1
508 1
508 -1
507 1
507 -1
506 1
506 -1
505 1
505 -1
504 1
504 -1
504 1
504 -1
501 1
501 -1
497 1
497 -1
497 1
497 -1
495 1
495 -1
495 1
495 -1
495 1
495 -1
493 1
493 -1
493 1
493 -1
491 1
491 -1
490 1
490 -1
490 1
490 -1
489 1
489 -1
486 1
486 -1
486 1
486 -1
485 1
485 -1
485 1
485 -1
485 1
485 -1
484 1
485 -1
479 1
479 -1
479 1
479 -1
475 1
475 -1
475 1
475 -1
0 -1
1149 1
1069 1
1069 -1
967 1
967 -1
522 1
522 -1
521 1
521 -1
521 1
521 -1
520 1
520 -1
519 1
519 -1
518 1
518 -1
518 1
518 -1
516 1
516 -1
513 1
513 -1
511 1
511 -1
510 1
510 -1
509 1
509 -1
508 1
508 -1
508 1
508 -1
507 1
507 -1
506 1
506 -1
505 1
505 -1
505 1
505 -1
504 1
504 -1
504 1
504 -1
503 1
503 -1
503 1
503 -1
502 1
502 -1
502 1
502 -1
502 1
502 -1
500 1
500 -1
499 1
499 -1
499 1
499 -1
498 1
498 -1
498 1
498 -1
495 1
495 -1
495 1
495 -1
492 1
492 -1
490 1
490 -1
489 1
489 -1
487 1
487 -1
486 1
486 -1
486 1
486 -1
485 1
485 -1
484 1
484 -1
484 1
484 -1
483 1
483 -1
481 1
481 -1
479 1
479 -1
479 1
479 -1
478 1
478 -1
476 1
476 -1
476 1
476 -1
475 1
475 -1
475 1
475 -1
475 1
475 -1
475 1
475 -1
508 1
508 -1
0 -1
487 1
487 -13
487 13
487 -1
757 1
513 1
513 -1
513 1
513 -1
512 1
512 -1
512 1
512 -1
512 1
512 -1
512 1
512 -1
512 1
512 -1
512 1
512 -1
511 1
511 -1
511 1
511 -1
510 1
510 -1
509 1
509 -1
508 1
508 -1
508 1
508 -1
507 1
507 -1
507 1
507 -1
507 1
507 -1
506 1
506 -1
505 1
505 -1
505 1
505 -1
504 1
505 -1
504 1
505 -1
504 1
504 -1
503 1
503 -1
503 1
503 -1
503 1
503 -1
501 1
501 -1
501 1
501 -1
500 1
500 -1
500 1
500 -1
500 1
500 -1
500 1
500 -1
499 1
499 -1
499 1
499 -1
498 1
498 -1
498 1
498 -1
498 1
498 -1
498 1
498 -1
498 1
498 -1
496 1
496 -1
496 1
496 -1
495 1
495 -1
495 1
495 -1
495 1
495 -1
495 1
495 -1
494 1
494 -1
494 1
494 -1
494 1
494 -1
493 1
493 -1
492 1
492 -1
491 1
491 -1
491 1
491 -1
490 1
490 -1
490 1
490 -1
489 1
489 -1
489 1
489 -1
488 1
488 -1
487 1
487 -1
486 1
486 -1
485 1
486 -1
484 1
484 -1
484 1
484 -1
483 1
483 -1
482 1
482 -1
481 1
481 -1
481 1
481 -1
480 1
480 -1
479 1
479 -1
479 1
479 -1
477 1
477 -1
477 1
477 -1
476 1
476 -1
476 1
476 -1
475 1
475 -1
475 1
475 -1
495 1
495 -1
495 1
495 -1
487 1
487 -1
0 -1
1149 1
524 1
524 -1
523 1
523 -1
522 1
522 -1
521 1
521 -1
520 1
520 -1
519 1
519 -1
519 1
519 -1
518 1
518 -1
518 1
518 -1
517 1
517 -1
517 1
517 -1
516 1
516 -1
516 1
516 -1
513 1
513 -1
512 1
513 -1
513 1
513 -1
512 1
512 -1
511 1
511 -1
511 1
511 -1
510 1
510 -1
508 1
508 -1
508 1
508 -1
507 1
507 -1
507 1
507 -1
505 1
505 -1
505 1
505 -1
504 1
504 -1
503 1
503 -1
501 1
501 -1
501 1
501 -1
501 1
501 -1
500 1
500 -1
498 1
498 -1
497 1
497 -1
496 1
496 -1
495 1
495 -1
494 1
494 -1
494 1
494 -1
492 1
492 -1
491 1
491 -1
490 1
490 -1
490 1
490 -1
489 1
489 -1
484 1
484 -1
482 1
482 -1
482 1
482 -1
480 1
480 -1
480 1
480 -1
479 1
479 -1
478 1
478 -1
478 1
478 -1
477 1
477 -1
475 1
475 -1
0 -1
1149 1
524 1
524 -1
524 1
524 -1
523 1
523 -1
521 1
521 -1
520 1
520 -1
519 1
519 -1
520 1
520 -1
519 1
519 -1
518 1
518 -1
518 1
518 -1
517 1
517 -1
517 1
517 -1
517 1
517 -1
515 1
515 -1
514 1
514 -1
514 1
514 -1
513 1
513 -1
513 1
513 -1
513 1
513 -1
512 1
512 -1
512 1
512 -1
511 1
511 -1
510 1
510 -1
510 1
510 -1
510 1
510 -1
508 1
508 -1
507 1
507 -1
506 1
506 -1
506 1
506 -1
506 1
506 -1
506 1
506 -1
505 1
505 -1
503 1
503 -1
502 1
502 -1
500 1
500 -1
500 1
500 -1
499 1
499 -1
496 1
497 -1
495 1
495 -1
495 1
495 -1
494 1
494 -1
492 1
492 -1
491 1
491 -1
491 1
491 -1
488 1
488 -1
486 1
486 -1
485 1
485 -1
485 1
485 -1
484 1
484 -1
483 1
483 -1
483 1
483 -1
481 1
481 -1
481 1
481 -1
481 1
481 -1
480 1
480 -1
480 1
480 -1
480 1
480 -1
479 1
479 -1
479 1
479 -1
479 1
479 -1
477 1
477 -1
508 -13
508 13
0 -1
1149 1
1146 1
1146 -1
902 1
908 -1
903 1
902 -1
523 1
524 -1
522 1
522 -1
522 1
522 -1
522 1
522 -1
519 1
519 -1
519 1
519 -1
519 1
519 -1
515 1
515 -1
514 1
514 -1
514 1
514 -1
513 1
513 -1
513 1
513 -1
512 1
512 -1
512 1
512 -1
510 1
510 -1
510 1
510 -1
509 1
509 -1
509 1
509 -1
505 1
505 -1
504 1
504 -1
504 1
504 -1
504 1
504 -1
504 1
504 -1
500 1
500 -1
500 1
500 -1
500 1
500 -1
499 1
499 -1
499 1
499 -1
497 1
497 -1
497 1
497 -1
496 1
496 -1
496 1
496 -1
495 1
495 -1
495 1
495 -1
495 1
495 -1
492 1
492 -1
492 1
492 -1
489 1
489 -1
487 1
487 -1
486 1
486 -1
486 1
486 -1
485 1
485 -1
481 1
481 -1
480 1
480 -1
479 1
479 -1
479 1
479 -1
479 1
479 -1
479 1
479 -1
479 1
479 -1
478 1
478 -1
476 1
476 -1
476 1
476 -1
475 1
475 -1
475 1
475 -1
509 1
509 -1
0 -1
1149 1
1024 1
1030 -1
524 1
524 -1
524 1
524 -1
523 1
523 -1
523 1
523 -1
523 1
523 -1
520 1
520 -1
519 1
519 -1
519 1
519 -1
519 1
519 -1
517 1
517 -1
517 1
517 -1
515 1
515 -1
513 1
513 -1
511 1
511 -1
511 1
511 -1
510 1
510 -1
510 1
510 -1
508 1
508 -1
507 1
507 -1
507 1
507 -1
506 1
506 -1
503 1
503 -1
502 1
502 -1
501 1
501 -1
501 1
501 -1
501 1
501 -1
499 1
499 -1
499 1
499 -1
498 1
498 -1
497 1
497 -1
494 1
495 -1
495 1
495 -1
493 1
493 -1
493 1
493 -1
493 1
493 -1
490 1
490 -1
489 1
489 -1
489 1
489 -1
488 1
488 -1
488 1
488 -1
487 1
487 -1
487 1
487 -1
486 1
486 -1
484 1
484 -1
483 1
483 -1
483 1
483 -1
482 1
482 -1
482 1
482 -1
481 1
481 -1
478 1
478 -1
477 1
478 -1
476 1
476 -1
475 1
475 -1
487 1
487 -1
0 -1
1149 1
1110 1
1110 -1
1089 1
1090 -1
523 1
523 -1
522 1
522 -1
522 1
522 -1
521 1
521 -1
519 1
519 -1
519 1
519 -1
519 1
519 -1
518 1
518 -1
518 1
518 -1
517 1
517 -1
516 1
516 -1
516 1
516 -1
515 1
515 -1
515 1
515 -1
514 1
514 -1
513 1
513 -1
512 1
512 -1
512 1
512 -1
510 1
510 -1
510 1
510 -1
510 1
510 -1
510 1
510 -1
510 1
510 -1
509 1
509 -1
509 1
509 -1
508 1
508 -1
507 1
507 -1
507 1
507 -1
507 1
507 -1
506 1
506 -1
506 1
506 -1
505 1
505 -1
503 1
503 -1
503 1
503 -1
502 1
502 -1
502 1
502 -1
502 1
502 -1
502 1
503 -1
503 1
503 -1
501 1
501 -1
501 1
501 -1
500 1
500 -1
500 1
500 -1
500 1
500 -1
500 1
500 -1
497 1
497 -1
497 1
497 -1
497 1
497 -1
492 1
492 -1
491 1
491 -1
491 1
491 -1
489 1
489 -1
488 1
488 -1
488 1
488 -1
486 1
486 -1
486 1
486 -1
485 1
485 -1
484 1
484 -1
484 1
484 -1
482 1
482 -1
482 1
482 -1
481 1
481 -1
479 1
479 -1
476 1
476 -1
510 1
510 -1
502 1
502 -1
0 -1
1149 1
1142 1
1142 -1
523 1
523 -1
523 1
523 -1
522 1
522 -1
521 1
521 -1
516 1
516 -1
516 1
516 -1
516 1
516 -1
514 1
514 -1
513 1
513 -1
512 1
512 -1
511 1
511 -1
510 1
510 -1
509 1
509 -1
507 1
507 -1
506 1
506 -1
504 1
504 -1
502 1
502 -1
501 1
501 -1
498 1
498 -1
498 1
498 -1
494 1
494 -1
493 1
493 -1
492 1
492 -1
490 1
490 -1
489 1
489 -1
488 1
488 -1
487 1
487 -1
487 1
487 -1
486 1
486 -1
486 1
486 -1
485 1
485 -1
485 1
485 -1
484 1
484 -1
484 1
484 -1
483 1
484 -1
484 1
484 -1
483 1
483 -1
482 1
482 -1
482 1
482 -1
482 1
482 -1
481 1
481 -1
481 1
481 -1
480 1
480 -1
480 1
480 -1
480 1
480 -1
480 1
480 -1
478 1
478 -1
478 1
478 -1
478 1
478 -1
477 1
477 -1
477 1
477 -1
475 1
475 -1
475 1
475 -1
475 1
475 -1
0 -1
1149 1
523 1
523 -1
523 1
523 -1
523 1
523 -1
523 1
523 -1
522 1
522 -1
518 1
518 -1
518 1
518 -1
517 1
517 -1
517 1
517 -1
517 1
517 -1
510 1
510 -1
510 1
510 -1
510 1
510 -1
509 1
509 -1
509 1
509 -1
509 1
509 -1
509 1
509 -1
507 1
507 -1
507 1
508 -1
505 1
505 -1
505 1
505 -1
503 1
503 -1
503 1
503 -1
502 1
502 -1
502 1
502 -1
502 1
502 -1
501 1
501 -1
499 1
499 -1
498 1
498 -1
498 1
498 -1
498 1
498 -1
498 1
498 -1
496 1
496 -1
496 1
496 -1
495 1
495 -1
495 1
495 -1
495 1
495 -1
492 1
492 -1
491 1
491 -1
491 1
491 -1
490 1
490 -1
486 1
486 -1
485 1
486 -1
485 1
485 -1
485 1
485 -1
484 1
484 -1
483 1
483 -1
483 1
483 -1
480 1
480 -1
479 1
479 -1
476 1
476 -1
476 1
476 -1
476 1
476 -1
475 1
475 -1
475 1
475 -1
503 1
503 -1
498 1
498 -1
0 -1
510 1
510 -12
510 12
510 -1
510 1
510 -1
510 1
510 1
510 -1
509 1
510 -1
510 1
510 -1
509 1
509 -1
508 1
508 -1
507 1
508 -1
507 1
507 -1
505 1
505 -1
504 1
504 -1
504 1
504 -1
503 1
503 -1
501 1
501 -1
501 1
501 -1
500 1
500 -1
499 1
499 -1
496 1
496 -1
496 1
496 -1
495 1
495 -1
494 1
494 -1
493 1
493 -1
492 1
492 -1
492 1
492 -1
491 1
491 -1
490 1
490 -1
490 1
490 -1
489 1
489 -1
487 1
487 -1
487 1
487 -1
485 1
485 -1
484 1
484 -1
484 1
484 -1
484 1
484 -1
483 1
483 -1
483 1
483 -1
482 1
482 -1
482 1
482 -1
482 1
482 -1
481 1
481 -1
480 1
480 -1
479 1
479 -1
478 1
479 -1
479 1
479 -1
478 1
478 -1
478 1
478 -1
476 1
476 -1
475 1
475 -1
502 1
502 -1
513 1
513 -1
0 -1
1149 1
522 1
522 -1
521 1
521 -1
521 1
521 -1
519 1
519 -1
519 1
519 -1
518 1
518 -1
518 1
518 -1
517 1
517 -1
516 1
516 -1
516 1
516 -1
516 1
516 -1
515 1
515 -1
514 1
514 -1
513 1
513 -1
512 1
512 -1
512 1
512 -1
509 1
509 -1
508 1
508 -1
507 1
507 -1
507 1
507 -1
505 1
505 -1
503 1
503 -1
502 1
502 -1
500 1
500 -1
497 1
497 -1
494 1
494 -1
493 1
493 -1
491 1
491 -1
490 1
490 -1
489 1
489 -1
488 1
488 -1
487 1
487 -1
487 1
487 -1
487 1
487 -1
486 1
486 -1
486 1
486 -1
486 1
486 -1
484 1
485 -1
484 1
484 -1
483 1
483 -1
482 1
482 -1
481 1
481 -1
481 1
481 -1
481 1
481 -1
478 1
478 -1
477 1
477 -1
476 1
476 -1
475 1
475 -1
475 1
475 -1
0 -1
1149 1
983 1
985 -1
927 1
1006 -1
928 1
928 -1
524 1
524 -1
523 1
523 -1
523 1
523 -1
521 1
521 -1
521 1
521 -1
521 1
521 -1
521 1
521 -1
520 1
520 -1
520 1
520 -1
520 1
520 -1
519 1
519 -1
518 1
518 -1
518 1
518 -1
518 1
518 -1
517 1
517 -1
517 1
517 -1
517 1
517 -1
517 1
517 -1
515 1
515 -1
515 1
515 -1
514 1
514 -1
514 1
514 -1
513 1
513 -1
512 1
512 -1
512 1
512 -1
511 1
511 -1
511 1
511 -1
510 1
510 -1
506 1
506 -1
506 1
506 -1
505 1
505 -1
505 1
505 -1
504 1
504 -1
504 1
504 -1
503 1
503 -1
502 1
502 -1
501 1
502 -1
500 1
500 -1
500 1
500 -1
499 1
499 -1
496 1
496 -1
493 1
493 -1
493 1
493 -1
492 1
493 -1
489 1
489 -1
489 1
489 -1
488 1
488 -1
488 1
488 -1
486 1
486 -1
486 1
486 -1
486 1
486 -1
485 1
485 -1
485 1
485 -1
485 1
485 -1
484 1
484 -1
483 1
483 -1
481 1
481 -1
481 1
481 -1
480 1
480 -1
478 1
478 -1
478 1
478 -1
478 1
478 -1
477 1
477 -1
476 1
476 -1
476 1
476 -1
0 -1
1149 1
524 1
524 -1
523 1
523 -1
523 1
524 -1
524 1
524 -1
523 1
523 -1
523 1
523 -1
522 1
522 -1
522 1
522 -1
521 1
521 -1
521 1
521 -1
518 1
518 -1
518 1
518 -1
516 1
516 -1
515 1
515 -1
515 1
515 -1
515 1
515 -1
513 1
513 -1
513 1
513 -1
513 1
513 -1
511 1
511 -1
510 1
510 -1
508 1
508 -1
507 1
507 -1
507 1
507 -1
506 1
506 -1
506 1
506 -1
504 1
504 -1
504 1
504 -1
504 1
504 -1
501 1
501 -1
499 1
499 -1
498 1
498 -1
496 1
496 -1
495 1
495 -1
494 1
494 -1
494 1
494 -1
492 1
492 -1
491 1
491 -1
491 1
491 -1
491 1
491 -1
490 1
491 -1
491 1
491 -1
491 1
491 -1
491 1
491 -1
490 1
490 -1
487 1
487 -1
486 1
486 -1
484 1
484 -1
484 1
484 -1
484 1
484 -1
483 1
483 -1
480 1
480 -1
480 1
480 -1
480 1
480 -1
479 1
479 -1
478 1
478 -1
478 1
478 -1
476 1
476 -1
475 1
475 -1
475 1
475 -1
0 -1
1149 1
981 1
980 -1
981 1
981 -1
524 1
524 -1
523 1
523 -1
522 1
522 -1
522 1
522 -1
521 1
521 -1
519 1
519 -1
519 1
519 -1
518 1
518 -1
518 1
518 -1
517 1
517 -1
516 1
516 -1
516 1
516 -1
516 1
516 -1
516 1
516 -1
515 1
516 -1
513 1
513 -1
512 1
512 -1
509 1
509 -1
508 1
508 -1
507 1
507 -1
507 1
507 -1
505 1
505 -1
505 1
505 -1
503 1
503 -1
502 1
502 -1
502 1
502 -1
501 1
501 -1
501 1
501 -1
500 1
500 -1
500 1
500 -1
499 1
499 -1
498 1
498 -1
495 1
495 -1
495 1
495 -1
495 1
495 -1
494 1
494 -1
491 1
491 -1
488 1
488 -1
488 1
488 -1
486 1
486 -1
486 1
486 -1
481 1
481 -1
481 1
481 -1
481 1
481 -1
480 1
480 -1
480 1
480 -1
480 1
480 -1
480 1
480 -1
479 1
479 -1
479 1
479 -1
477 1
477 -1
480 1
480 -1
0 -1
1149 1
990 1
990 -1
524 1
524 -1
524 1
524 -1
523 1
523 -1
522 1
522 -1
522 1
522 -1
522 1
523 -1
523 1
523 -1
522 1
522 -1
521 1
521 -1
521 1
521 -1
520 1
520 -1
519 1
519 -1
519 1
519 -1
519 1
519 -1
518 1
518 -1
518 1
518 -1
517 1
517 -1
515 1
515 -1
515 1
515 -1
515 1
515 -1
515 1
515 -1
514 1
514 -1
514 1
514 -1
513 1
513 -1
512 1
512 -1
512 1
512 -1
511 1
511 -1
511 1
511 -1
509 1
509 -1
507 1
507 -1
506 1
506 -1
505 1
505 -1
503 1
503 -1
503 1
503 -1
501 1
501 -1
499 1
499 -1
497 1
497 -1
497 1
497 -1
496 1
496 -1
496 1
496 -1
496 1
496 -1
494 1
495 -1
488 1
488 -1
487 1
487 -1
487 1
487 -1
486 1
486 -1
485 1
485 -1
485 1
485 -1
483 1
483 -1
483 1
483 -1
483 1
483 -1
481 1
481 -1
479 1
479 -1
478 1
478 -1
475 1
475 -1
475 1
325 -1
523 1
523 -1
0 -1
493 1
493 -12
493 12
493 -1
790 1
521 1
521 -1
521 1
521 -1
520 1
520 -1
520 1
520 -1
520 1
520 -1
520 1
520 -1
519 1
519 -1
519 1
519 -1
519 1
519 -1
518 1
518 -1
518 1
518 -1
517 1
518 -1
517 1
517 -1
517 1
517 -1
516 1
516 -1
515 1
515 -1
515 1
515 -1
515 1
515 -1
514 1
514 -1
512 1
512 -1
512 1
512 -1
512 1
512 -1
512 1
512 -1
510 1
510 -1
510 1
510 -1
510 1
510 -1
509 1
509 -1
509 1
509 -1
509 1
509 -1
508 1
508 -1
508 1
508 -1
508 1
508 -1
508 1
508 -1
507 1
507 -1
507 1
507 -1
506 1
506 -1
506 1
506 -1
506 1
506 -1
506 1
506 -1
506 1
506 -1
506 1
506 -1
502 1
502 -1
501 1
501 -1
501 1
501 -1
500 1
500 -1
500 1
500 -1
500 1
500 -1
499 1
499 -1
499 1
499 -1
499 1
499 -1
499 1
499 -1
499 1
499 -1
498 1
498 -1
498 1
498 -1
496 1
496 -1
496 1
496 -1
496 1
496 -1
495 1
495 -1
495 1
495 -1
494 1
494 -1
494 1
494 -1
494 1
494 -1
494 1
494 -1
494 1
494 -1
493 1
493 -1
491 1
491 -1
490 1
490 -1
488 1
488 -1
487 1
487 -1
486 1
486 -1
486 1
486 -1
486 1
486 -1
485 1
485 -1
483 1
483 -1
483 1
483 -1
482 1
482 -1
482 1
482 -1
482 1
482 -1
482 1
482 -1
482 1
482 -1
481 1
481 -1
480 1
480 -1
479 1
479 -1
479 1
479 -1
477 1
477 -1
477 1
477 -1
475 1
475 -1
475 1
475 -1
494 1
494 -1
482 1
482 -1
493 -1
744 1
519 1
519 -1
518 1
518 -1
518 1
518 -1
518 1
518 -1
517 1
517 -1
517 1
517 -1
516 1
516 -1
515 1
515 -1
515 1
515 -1
515 1
515 -1
514 1
514 -1
514 1
514 -1
513 1
513 -1
513 1
513 -1
512 1
512 -1
512 1
512 -1
512 1
512 -1
511 1
511 -1
511 1
511 -1
511 1
511 -1
511 1
511 -1
510 1
510 -1
510 1
510 -1
510 1
510 -1
510 1
510 -1
510 1
510 -1
509 1
509 -1
507 1
507 -1
507 1
507 -1
507 1
507 -1
507 1
507 -1
506 1
506 -1
506 1
506 -1
505 1
505 -1
505 1
505 -1
505 1
505 -1
504 1
504 -1
503 1
503 -1
503 1
503 -1
503 1
503 -1
502 1
502 -1
501 1
501 -1
501 1
501 -1
500 1
500 -1
500 1
500 -1
500 1
500 -1
499 1
499 -1
499 1
499 -1
499 1
499 -1
499 1
499 -1
499 1
499 -1
498 1
498 -1
497 1
497 -1
497 1
497 -1
496 1
496 -1
496 1
496 -1
496 1
496 -1
496 1
496 -1
495 1
495 -1
495 1
495 -1
495 1
495 -1
494 1
494 -1
494 1
494 -1
0 -1
1149 1
1045 1
1149 -1
1071 1
1071 -1
520 1
520 -1
519 1
519 -1
519 1
519 -1
518 1
519 -1
518 1
518 -1
515 1
515 -1
513 1
513 -1
513 1
513 -1
512 1
512 -1
512 1
512 -1
511 1
511 -1
510 1
510 -1
510 1
510 -1
507 1
507 -1
506 1
506 -1
506 1
506 -1
505 1
505 -1
504 1
504 -1
503 1
503 -1
503 1
503 -1
502 1
502 -1
501 1
501 -1
500 1
500 -1
500 1
500 -1
500 1
500 -1
500 1
500 -1
498 1
498 -1
498 1
498 -1
497 1
498 -1
497 1
497 -1
497 1
497 -1
496 1
496 -1
495 1
495 -1
493 1
493 -1
491 1
491 -1
487 1
487 -1
487 1
487 -1
486 1
487 -1
487 1
487 -1
486 1
486 -1
486 1
486 -1
485 1
485 -1
485 1
485 -1
485 1
485 -1
484 1
484 -1
482 1
482 -1
481 1
481 -1
480 1
480 -1
480 1
480 -1
479 1
479 -1
479 1
479 -1
476 1
476 -1
475 1
475 -1
502 -13
502 13
498 1
498 -1
0 -1
1149 1
1016 1
1016 -1
524 1
524 -1
524 1
524 -1
523 1
523 -1
523 1
523 -1
523 1
523 -1
522 1
522 -1
519 1
519 -1
519 1
519 -1
518 1
518 -1
518 1
518 -1
518 1
518 -1
516 1
516 -1
516 1
516 -1
515 1
515 -1
515 1
515 -1
513 1
513 -1
512 1
512 -1
512 1
512 -1
512 1
512 -1
512 1
512 -1
511 1
511 -1
510 1
510 -1
508 1
508 -1
506 1
506 -1
506 1
506 -1
505 1
505 -1
505 1
505 -1
503 1
503 -1
502 1
502 -1
500 1
500 -1
500 1
500 -1
499 1
499 -1
499 1
499 -1
495 1
495 -1
494 1
494 -1
492 1
492 -1
492 1
492 -1
490 1
490 -1
489 1
489 -1
486 1
486 -1
486 1
486 -1
484 1
485 -1
484 1
484 -1
484 1
484 -1
484 1
484 -1
482 1
482 -1
479 1
479 -1
478 1
478 -1
478 1
478 -1
477 1
477 -1
477 1
477 -1
477 1
477 -1
477 1
477 -1
477 1
477 -1
476 1
476 -1
476 1
476 -1
475 1
475 -1
475 1
475 -1
475 1
475 -1
0 -1
1149 1
524 1
524 -1
524 1
524 -1
523 1
523 -1
523 1
523 -1
522 1
523 -1
522 1
522 -1
522 1
522 -1
521 1
522 -1
521 1
521 -1
520 1
520 -1
519 1
519 -1
518 1
518 -1
517 1
517 -1
515 1
515 -1
515 1
515 -1
514 1
514 -1
513 1
513 -1
511 1
511 -1
511 1
511 -1
511 1
511 -1
511 1
511 -1
510 1
510 -1
510 1
510 -1
509 1
509 -1
508 1
508 -1
508 1
508 -1
507 1
507 -1
506 1
506 -1
504 1
504 -1
504 1
504 -1
504 1
504 -1
503 1
503 -1
501 1
502 -1
501 1
501 -1
499 1
499 -1
499 1
499 -1
499 1
499 -1
499 1
499 -1
498 1
498 -1
498 1
498 -1
496 1
496 -1
496 1
496 -1
496 1
496 -1
495 1
495 -1
495 1
495 -1
494 1
494 -1
493 1
493 -1
492 1
492 -1
491 1
491 -1
491 1
491 -1
490 1
490 -1
489 1
489 -1
485 1
485 -1
484 1
484 -1
484 1
484 -1
483 1
483 -1
483 1
483 -1
483 1
483 -1
482 1
482 -1
482 1
482 -1
481 1
481 -1
481 1
481 -1
481 1
481 -1
480 1
480 -1
477 1
478 -1
477 1
477 -1
477 1
477 -1
477 1
477 -1
476 1
476 -1
476 1
476 -1
0 -1
1149 1
1040 1
1040 -1
524 1
524 -1
523 1
523 -1
523 1
523 -1
522 1
522 -1
521 1
521 -1
519 1
519 -1
519 1
519 -1
517 1
517 -1
516 1
516 -1
514 1
514 -1
514 1
514 -1
513 1
513 -1
513 1
513 -1
512 1
512 -1
512 1
512 -1
511 1
511 -1
511 1
511 -1
508 1
508 -1
508 1
508 -1
508 1
508 -1
508 1
508 -1
507 1
507 -1
507 1
507 -1
506 1
506 -1
502 1
502 -1
501 1
501 -1
501 1
501 -1
500 1
500 -1
500 1
500 -1
500 1
500 -1
498 1
498 -1
497 1
497 -1
497 1
497 -1
495 1
495 -1
495 1
495 -1
490 1
490 -1
489 1
489 -1
488 1
488 -1
486 1
486 -1
486 1
486 -1
486 1
486 -1
486 1
486 -1
484 1
484 -1
484 1
484 -1
484 1
484 -1
483 1
483 -1
483 1
483 -1
482 1
482 -1
481 1
481 -1
481 1
481 -1
481 1
481 -1
477 1
477 -1
477 1
477 -1
475 1
475 -1
508 1
508 -1
0 -1
1149 1
524 1
524 -1
522 1
522 -1
519 1
520 -1
519 1
519 -1
518 1
518 -1
518 1
518 -1
516 1
516 -1
515 1
515 -1
513 1
513 -1
513 1
513 -1
512 1
512 -1
512 1
512 -1
511 1
511 -1
510 1
510 -1
509 1
509 -1
507 1
507 -1
506 1
506 -1
505 1
505 -1
503 1
503 -1
503 1
503 -1
503 1
503 -1
502 1
502 -1
501 1
501 -1
501 1
501 -1
500 1
500 -1
500 1
500 -1
500 1
500 -1
499 1
499 -1
499 1
499 -1
499 1
500 -1
500 1
500 -1
499 1
499 -1
498 1
498 -1
498 1
498 -1
497 1
497 -1
495 1
495 -1
495 1
495 -1
494 1
494 -1
492 1
492 -1
492 1
492 -1
492 1
492 -1
489 1
489 -1
489 1
489 -1
489 1
489 -1
488 1
488 -1
486 1
486 -1
485 1
485 -1
484 1
484 -1
484 1
484 -1
483 1
483 -1
483 1
483 -1
483 1
483 -1
483 1
483 -1
481 1
482 -1
482 1
482 -1
480 1
480 -1
480 1
480 -1
480 1
480 -1
479 1
479 -1
478 1
478 -1
478 1
478 -1
477 1
477 -1
477 1
477 -1
505 1
505 -1
0 -1
1149 1
522 1
522 -1
521 1
521 -1
517 1
517 -1
515 1
515 -1
513 1
513 -1
513 1
513 -1
513 1
513 -1
511 1
511 -1
510 1
510 -1
510 1
510 -1
510 1
510 -1
509 1
509 -1
507 1
507 -1
505 1
505 -1
504 1
504 -1
504 1
504 -1
504 1
504 -1
503 1
503 -1
501 1
501 -1
500 1
500 -1
498 1
498 -1
497 1
497 -1
497 1
497 -1
496 1
496 -1
496 1
496 -1
495 1
495 -1
494 1
494 -1
494 1
494 -1
494 1
494 -1
493 1
493 -1
490 1
490 -1
490 1
490 -1
489 1
489 -1
488 1
488 -1
487 1
487 -1
485 1
485 -1
483 1
483 -1
481 1
481 -1
481 1
481 -1
480 1
480 -1
478 1
478 -1
478 1
478 -1
477 1
477 -1
477 1
477 -1
476 1
476 -1
476 1
476 -1
475 1
475 -1
0 -1
1149 1
524 1
524 -1
524 1
524 -1
523 1
523 -1
523 1
523 -1
523 1
523 -1
522 1
522 -1
521 1
521 -1
521 1
521 -1
520 1
520 -1
520 1
520 -1
518 1
518 -1
518 1
518 -1
518 1
518 -1
515 1
515 -1
515 1
515 -1
513 1
513 -1
513 1
513 -1
512 1
512 -1
511 1
511 -1
511 1
511 -1
511 1
511 -1
509 1
509 -1
509 1
509 -1
509 1
509 -1
508 1
508 -1
505 1
505 -1
505 1
505 -1
505 1
505 -1
504 1
504 -1
504 1
504 -1
503 1
503 -1
503 1
503 -1
502 1
502 -1
502 1
502 -1
500 1
500 -1
499 1
499 -1
499 1
499 -1
497 1
497 -1
497 1
497 -1
496 1
496 -1
496 1
496 -1
495 1
495 -1
495 1
495 -1
491 1
491 -1
490 1
490 -1
490 1
490 -1
490 1
490 -1
489 1
489 -1
489 1
489 -1
488 1
488 -1
488 1
488 -1
488 1
488 -1
486 1
486 -1
483 1
483 -1
483 1
483 -1
480 1
480 -1
479 1
479 -1
478 1
478 -1
477 1
477 -1
476 1
476 -1
475 1
475 -1
0 -1
1149 1
983 1
983 -1
524 1
524 -1
524 1
524 -1
523 1
523 -1
523 1
523 -1
523 1
523 -1
522 1
522 -1
520 1
520 -1
520 1
520 -1
519 1
519 -1
518 1
518 -1
517 1
517 -1
515 1
515 -1
514 1
514 -1
514 1
514 -1
513 1
513 -1
512 1
512 -1
512 1
512 -1
511 1
511 -1
509 1
509 -1
509 1
509 -1
508 1
508 -1
507 1
507 -1
507 1
507 -1
506 1
506 -1
506 1
506 -1
506 1
506 -1
506 1
506 -1
505 1
505 -1
505 1
505 -1
505 1
505 -1
503 1
503 -1
503 1
503 -1
503 1
503 -1
501 1
501 -1
501 1
501 -1
500 1
500 -1
500 1
500 -1
500 1
500 -1
499 1
499 -1
498 1
498 -1
498 1
498 -1
497 1
497 -1
497 1
497 -1
494 1
494 -1
493 1
493 -1
493 1
493 -1
493 1
493 -1
493 1
493 -1
493 1
493 -1
492 1
492 -1
492 1
492 -1
490 1
490 -1
489 1
489 -1
489 1
489 -1
489 1
489 -1
487 1
487 -1
487 1
487 -1
485 1
485 -1
484 1
485 -1
484 1
484 -1
483 1
483 -1
481 1
481 -1
480 1
480 -1
480 1
480 -1
480 1
480 -1
480 1
480 -1
480 1
480 -1
477 1
477 -1
475 1
475 -1
475 1
475 -1
0 -1
1149 1
512 -13
512 13
925 1
925 -1
524 1
524 -1
524 1
524 -1
521 1
521 -1
520 1
520 -1
519 1
519 -1
519 1
519 -1
517 1
517 -1
515 1
515 -1
514 1
514 -1
513 1
513 -1
513 1
513 -1
512 1
512 -1
511 1
511 -1
511 1
511 -1
511 1
511 -1
510 1
510 -1
508 1
509 -1
508 1
508 -1
507 1
507 -1
507 1
507 -1
506 1
506 -1
506 1
506 -1
506 1
506 -1
503 1
503 -1
502 1
503 -1
503 1
503 -1
503 1
503 -1
503 1
503 -1
502 1
502 -1
501 1
501 -1
501 1
501 -1
500 1
500 -1
500 1
500 -1
500 1
500 -1
500 1
500 -1
499 1
499 -1
499 1
499 -1
497 1
497 -1
497 1
497 -1
496 1
496 -1
495 1
495 -1
495 1
495 -1
495 1
495 -1
494 1
494 -1
493 1
493 -1
493 1
493 -1
492 1
492 -1
491 1
491 -1
490 1
490 -1
490 1
490 -1
490 1
490 -1
490 1
490 -1
490 1
490 -1
489 1
489 -1
488 1
488 -1
488 1
488 -1
487 1
487 -1
487 1
487 -1
485 1
485 -1
485 1
485 -1
484 1
484 -1
483 1
483 -1
483 1
483 -1
482 1
482 -1
480 1
480 -1
480 1
480 -1
479 1
479 -1
478 1
478 -1
476 1
477 -1
476 1
476 -1
476 1
476 -1
476 1
476 -1
476 1
476 -1
493 1
493 -1
503 1
503 -1
503 1
503 -1
493 1
493 -1
491 1
491 -1
0 -1
1149 1
1070 1
1069 -1
524 1
524 -1
521 1
521 -1
520 1
520 -1
519 1
519 -1
519 1
519 -1
517 1
517 -1
515 1
515 -1
515 1
515 -1
514 1
514 -1
514 1
514 -1
512 1
512 -1
511 1
511 -1
510 1
510 -1
510 1
510 -1
510 1
510 -1
509 1
509 -1
508 1
508 -1
507 1
507 -1
507 1
507 -1
505 1
505 -1
504 1
504 -1
504 1
504 -1
502 1
502 -1
501 1
502 -1
501 1
501 -1
499 1
499 -1
498 1
498 -1
497 1
497 -1
497 1
497 -1
496 1
496 -1
496 1
496 -1
494 1
494 -1
494 1
495 -1
494 1
494 -1
494 1
494 -1
494 1
494 -1
494 1
494 -1
493 1
493 -1
491 1
491 -1
490 1
490 -1
490 1
490 -1
490 1
490 -1
489 1
489 -1
488 1
488 -1
487 1
487 -1
487 1
487 -1
483 1
483 -1
482 1
482 -1
481 1
481 -1
481 1
481 -1
480 1
480 -1
480 1
480 -1
479 1
479 -1
478 1
478 -1
477 1
477 -1
475 1
475 -1
515 1
515 -1
0 -1
1149 1
1104 1
1130 -1
1131 1
1130 -1
524 1
669 -1
524 1
524 -1
523 1
523 -1
521 1
521 -1
521 1
521 -1
521 1
521 -1
519 1
519 -1
518 1
518 -1
517 1
517 -1
515 1
515 -1
514 1
514 -1
514 1
514 -1
514 1
514 -1
512 1
512 -1
512 1
512 -1
510 1
510 -1
509 1
509 -1
508 1
508 -1
506 1
506 -1
504 1
504 -1
503 1
503 -1
503 1
503 -1
503 1
503 -1
502 1
503 -1
502 1
502 -1
502 1
502 -1
500 1
500 -1
500 1
500 -1
499 1
499 -1
499 1
499 -1
498 1
498 -1
498 1
498 -1
497 1
497 -1
496 1
496 -1
496 1
496 -1
495 1
495 -1
492 1
492 -1
491 1
491 -1
491 1
491 -1
491 1
491 -1
490 1
490 -1
489 1
489 -1
489 1
489 -1
488 1
488 -1
487 1
487 -1
485 1
485 -1
484 1
484 -1
484 1
484 -1
482 1
482 -1
482 1
482 -1
481 1
481 -1
481 1
481 -1
481 1
481 -1
481 1
481 -1
480 1
480 -1
478 1
478 -1
475 1
475 -1
0 -1
493 1
493 -8
493 8
493 -1
493 1
493 -1
493 1
493 -1
493 1
493 -1
493 1
493 -1
493 1
493 -1
493 1
493 -1
558 1
499 1
499 -1
499 1
499 -1
499 1
499 -1
499 1
499 -1
499 1
499 -1
499 1
499 -1
498 1
498 -1
498 1
498 -1
498 1
498 -1
498 1
498 -1
498 1
498 -1
498 1
498 -1
498 1
498 -1
498 1
498 -1
498 1
498 -1
498 1
498 -1
498 1
498 -1
497 1
497 -1
497 1
497 -1
497 1
497 -1
497 1
497 -1
497 1
497 -1
497 1
497 -1
497 1
497 -1
497 1
497 -1
497 1
497 -1
497 1
497 -1
496 1
496 -1
496 1
496 -1
496 1
496 -1
496 1
496 -1
496 1
496 -1
496 1
496 -1
496 1
496 -1
496 1
496 -1
496 1
496 -1
496 1
496 -1
496 1
496 -1
495 1
495 -1
495 1
495 -1
495 1
495 -1
495 1
495 -1
495 1
495 -1
495 1
495 -1
495 1
495 -1
495 1
495 -1
495 1
495 -1
495 1
495 -1
495 1
495 -1
495 1
495 -1
495 1
495 -1
495 1
495 -1
495 1
495 -1
495 1
495 -1
495 1
495 -1
494 1
494 -1
494 1
494 -1
494 1
494 -1
494 1
494 -1
494 1
494 -1
494 1
494 -1
494 1
494 -1
494 1
494 -1
494 1
494 -1
494 1
494 -1
494 1
494 -1
494 1
494 -1
494 1
494 -1
494 1
494 -1
493 1
493 -1
493 1
493 -1
493 1
493 -1
492 1
492 -1
491 1
491 -1
490 1
490 -1
490 1
490 -1
490 1
490 -1
489 1
489 -1
489 1
489 -1
489 1
489 -1
488 1
488 -1
488 1
488 -1
488 1
488 -1
488 1
488 -1
488 1
488 -1
487 1
487 -1
487 1
487 -1
484 1
485 -1
484 1
484 -1
483 1
483 -1
482 1
482 -1
482 1
482 -1
481 1
481 -1
481 1
481 -1
481 1
481 -1
480 1
480 -1
480 1
480 -1
477 1
477 -1
476 1
476 -1
476 1
476 -1
476 1
476 -1
483 1
483 -1
479 -13
479 13
479 -13
479 13
479 -13
479 13
506 -13
506 13
519 -12
519 12
519 -1
519 1
495 -13
495 13
489 -13
489 13
504 -13
504 13
496 -13
496 13
0 -1
1149 1
1109 1
1109 -1
1107 1
1107 -1
1014 1
1014 -1
859 1
861 -1
524 1
524 -1
524 1
524 -1
524 1
524 -1
524 1
524 -1
523 1
523 -1
521 1
521 -1
521 1
521 -1
519 1
519 -1
515 1
515 -1
515 1
515 -1
514 1
514 -1
514 1
514 -1
513 1
513 -1
512 1
512 -1
511 1
511 -1
511 1
511 -1
511 1
511 -1
511 1
511 -1
510 1
510 -1
507 1
507 -1
507 1
507 -1
505 1
505 -1
504 1
504 -1
503 1
503 -1
502 1
502 -1
502 1
502 -1
502 1
502 -1
501 1
501 -1
500 1
500 -1
500 1
500 -1
499 1
499 -1
495 1
495 -1
495 1
495 -1
494 1
494 -1
491 1
491 -1
491 1
491 -1
491 1
491 -1
489 1
489 -1
486 1
486 -1
486 1
486 -1
486 1
486 -1
484 1
484 -1
484 1
484 -1
484 1
484 -1
483 1
483 -1
483 1
483 -1
481 1
481 -1
480 1
480 -1
479 1
479 -1
478 1
478 -1
477 1
477 -1
476 1
476 -1
475 1
475 -1
475 1
475 -1
475 1
475 -1
0 -1
1149 1
520 1
520 -1
517 1
517 -1
515 1
515 -1
515 1
515 -1
515 1
515 -1
514 1
514 -1
514 1
514 -1
513 1
513 -1
512 1
512 -1
510 1
510 -1
510 1
510 -1
510 1
510 -1
509 1
509 -1
507 1
507 -1
505 1
505 -1
505 1
505 -1
505 1
505 -1
503 1
503 -1
503 1
503 -1
500 1
500 -1
500 1
500 -1
500 1
500 -1
499 1
499 -1
498 1
498 -1
497 1
497 -1
496 1
496 -1
496 1
496 -1
494 1
494 -1
492 1
492 -1
490 1
490 -1
487 1
487 -1
485 1
485 -1
483 1
483 -1
483 1
483 -1
482 1
482 -1
482 1
482 -1
479 1
479 -1
478 1
478 -1
475 1
475 -1
0 -1
1149 1
523 1
523 -1
522 1
522 -1
522 1
522 -1
521 1
521 -1
520 1
520 -1
520 1
520 -1
519 1
519 -1
519 1
519 -1
519 1
519 -1
518 1
519 -1
518 1
518 -1
518 1
518 -1
518 1
518 -1
517 1
517 -1
517 1
517 -1
516 1
516 -1
515 1
515 -1
515 1
515 -1
512 1
512 -1
512 1
512 -1
511 1
511 -1
510 1
510 -1
509 1
509 -1
509 1
509 -1
508 1
508 -1
508 1
508 -1
508 1
508 -1
507 1
507 -1
507 1
507 -1
507 1
507 -1
506 1
506 -1
506 1
506 -1
506 1
506 -1
506 1
506 -1
505 1
505 -1
505 1
505 -1
503 1
503 -1
502 1
502 -1
502 1
502 -1
500 1
500 -1
499 1
499 -1
498 1
499 -1
498 1
498 -1
497 1
497 -1
495 1
495 -1
494 1
494 -1
494 1
494 -1
494 1
494 -1
493 1
494 -1
493 1
493 -1
490 1
490 -1
490 1
490 -1
489 1
489 -1
489 1
489 -1
488 1
488 -1
485 1
485 -1
484 1
484 -1
483 1
483 -1
482 1
482 -1
481 1
481 -1
481 1
481 -1
481 1
481 -1
479 1
479 -1
478 1
478 -1
478 1
479 -1
478 1
478 -1
476 1
476 -1
476 1
476 -1
479 1
479 -1
0 -1
1149 1
1020 1
1020 -1
524 1
524 -1
523 1
523 -1
522 1
522 -1
520 1
520 -1
518 1
518 -1
517 1
517 -1
517 1
517 -1
516 1
516 -1
515 1
515 -1
515 1
515 -1
515 1
515 -1
514 1
514 -1
513 1
514 -1
514 1
514 -1
512 1
512 -1
510 1
510 -1
510 1
510 -1
510 1
510 -1
510 1
510 -1
509 1
509 -1
509 1
509 -1
509 1
509 -1
509 1
509 -1
509 1
509 -1
509 1
509 -1
509 1
509 -1
509 1
509 -1
507 1
507 -1
504 1
504 -1
503 1
503 -1
502 1
502 -1
501 1
501 -1
500 1
500 -1
500 1
500 -1
499 1
499 -1
499 1
499 -1
499 1
499 -1
499 1
499 -1
499 1
499 -1
499 1
499 -1
498 1
498 -1
498 1
498 -1
498 1
498 -1
498 1
498 -1
498 1
498 -1
494 1
494 -1
493 1
494 -1
492 1
493 -1
492 1
492 -1
490 1
490 -1
490 1
490 -1
490 1
490 -1
487 1
487 -1
486 1
486 -1
482 1
482 -1
481 1
481 -1
481 1
481 -1
480 1
480 -1
479 1
479 -1
478 1
478 -1
476 1
476 -1
476 1
476 -1
0 -1
1149 1
953 1
953 -1
899 1
899 -1
524 1
524 -1
523 1
523 -1
523 1
523 -1
523 1
523 -1
522 1
522 -1
520 1
520 -1
520 1
520 -1
519 1
519 -1
519 1
519 -1
519 1
519 -1
518 1
518 -1
518 1
518 -1
515 1
515 -1
514 1
514 -1
513 1
513 -1
512 1
512 -1
510 1
510 -1
509 1
510 -1
508 1
508 -1
508 1
508 -1
507 1
507 -1
506 1
506 -1
505 1
505 -1
505 1
505 -1
505 1
505 -1
504 1
504 -1
502 1
503 -1
503 1
503 -1
503 1
503 -1
501 1
501 -1
499 1
499 -1
494 1
494 -1
493 1
493 -1
492 1
492 -1
492 1
492 -1
492 1
492 -1
491 1
491 -1
491 1
491 -1
489 1
489 -1
489 1
489 -1
488 1
488 -1
484 1
484 -1
483 1
483 -1
483 1
483 -1
483 1
483 -1
483 1
483 -1
483 1
483 -1
482 1
482 -1
482 1
482 -1
481 1
481 -1
481 1
481 -1
481 1
481 -1
479 1
479 -1
479 1
479 -1
479 1
479 -1
479 1
479 -1
479 1
479 -1
478 1
478 -1
477 1
477 -1
477 1
477 -1
476 1
476 -1
475 1
475 -1
507 1
507 -1
0 -1
1149 1
524 1
524 -1
523 1
523 -1
522 1
522 -1
522 1
522 -1
519 1
519 -1
518 1
518 -1
516 1
516 -1
515 1
515 -1
515 1
515 -1
514 1
514 -1
514 1
514 -1
512 1
512 -1
511 1
511 -1
511 1
511 -1
510 1
510 -1
509 1
509 -1
508 1
508 -1
507 1
507 -1
504 1
504 -1
504 1
504 -1
504 1
504 -1
504 1
504 -1
502 1
502 -1
500 1
500 -1
499 1
499 -1
499 1
499 -1
498 1
498 -1
498 1
498 -1
498 1
498 -1
497 1
497 -1
496 1
496 -1
496 1
496 -1
494 1
494 -1
493 1
493 -1
493 1
493 -1
493 1
493 -1
493 1
493 -1
492 1
492 -1
492 1
492 -1
492 1
492 -1
491 1
491 -1
491 1
491 -1
490 1
490 -1
490 1
490 -1
490 1
490 -1
488 1
488 -1
488 1
488 -1
485 1
485 -1
485 1
485 -1
484 1
484 -1
483 1
483 -1
481 1
481 -1
480 1
480 -1
478 1
479 -1
478 1
478 -1
477 1
477 -1
476 1
476 -1
475 1
475 -1
475 1
475 -1
475 1
475 -1
475 1
475 -1
0 -1
1149 1
522 1
522 -1
521 1
521 -1
521 1
521 -1
519 1
519 -1
518 1
518 -1
518 1
518 -1
518 1
518 -1
516 1
516 -1
515 1
515 -1
513 1
513 -1
513 1
513 -1
512 1
512 -1
512 1
512 -1
511 1
511 -1
511 1
511 -1
510 1
510 -1
510 1
510 -1
510 1
510 -1
508 1
508 -1
507 1
507 -1
505 1
505 -1
503 1
503 -1
502 1
502 -1
501 1
501 -1
501 1
501 -1
500 1
500 -1
498 1
498 -1
498 1
498 -1
498 1
498 -1
497 1
497 -1
495 1
495 -1
494 1
494 -1
493 1
493 -1
492 1
492 -1
492 1
492 -1
492 1
492 -1
492 1
492 -1
490 1
490 -1
489 1
489 -1
488 1
488 -1
488 1
488 -1
487 1
487 -1
485 1
485 -1
484 1
484 -1
484 1
484 -1
484 1
484 -1
484 1
484 -1
483 1
483 -1
483 1
483 -1
483 1
483 -1
481 1
481 -1
481 1
481 -1
480 1
480 -1
479 1
479 -1
479 1
479 -1
479 1
479 -1
477 1
477 -1
476 1
476 -1
476 1
476 -1
521 1
521 -1
0 -1
495 1
495 -12
495 12
495 -1
492 1
493 1
493 -1
494 1
494 -1
494 1
494 -1
494 1
494 -1
494 1
494 -1
494 1
494 -1
494 1
494 -1
494 1
494 -1
494 1
494 -1
493 1
493 -1
493 1
493 -1
492 1
492 -1
491 1
491 -1
491 1
491 -1
491 1
491 -1
490 1
490 -1
489 1
489 -1
488 1
488 -1
487 1
487 -1
485 1
485 -1
485 1
485 -1
484 1
484 -1
484 1
484 -1
483 1
483 -1
483 1
483 -1
481 1
481 -1
480 1
480 -1
480 1
480 -1
480 1
480 -1
477 1
478 -1
477 1
477 -1
477 1
477 -1
477 1
477 -1
476 1
476 -1
475 1
475 -1
475 1
475 -1
495 -1
1149 1
1027 1
1027 -1
524 1
524 -1
524 1
524 -1
524 1
524 -1
522 1
522 -1
521 1
521 -1
521 1
521 -1
520 1
520 -1
520 1
520 -1
519 1
519 -1
518 1
518 -1
515 1
515 -1
514 1
514 -1
513 1
513 -1
513 1
513 -1
511 1
511 -1
511 1
511 -1
511 1
511 -1
510 1
510 -1
510 1
510 -1
509 1
509 -1
509 1
509 -1
509 1
509 -1
508 1
508 -1
508 1
508 -1
508 1
508 -1
507 1
507 -1
506 1
506 -1
505 1
505 -1
505 1
505 -1
505 1
505 -1
504 1
504 -1
503 1
503 -1
501 1
501 -1
501 1
501 -1
498 1
498 -1
498 1
498 -1
498 1
498 -1
497 1
497 -1
497 1
497 -1
496 1
496 -1
0 -1
1149 1
523 1
523 -1
523 1
523 -1
521 1
521 -1
519 1
519 -1
519 1
519 -1
519 1
519 -1
518 1
518 -1
517 1
517 -1
514 1
514 -1
514 1
514 -1
513 1
513 -1
511 1
511 -1
511 1
511 -1
511 1
511 -1
511 1
511 -1
510 1
510 -1
508 1
508 -1
507 1
507 -1
507 1
507 -1
504 1
504 -1
504 1
504 -1
504 1
504 -1
502 1
502 -1
502 1
502 -1
501 1
501 -1
500 1
500 -1
500 1
500 -1
499 1
499 -1
499 1
499 -1
498 1
498 -1
498 1
498 -1
497 1
497 -1
497 1
497 -1
495 1
495 -1
495 1
495 -1
494 1
494 -1
494 1
494 -1
493 1
493 -1
492 1
492 -1
490 1
491 -1
491 1
491 -1
490 1
490 -1
490 1
490 -1
490 1
490 -1
490 1
490 -1
487 1
487 -1
485 1
485 -1
484 1
484 -1
482 1
482 -1
481 1
481 -1
480 1
480 -1
480 1
480 -1
479 1
479 -1
478 1
478 -1
478 1
478 -1
478 1
479 -1
475 1
475 -1
484 1
484 -1
0 -1
1149 1
524 1
524 -1
523 1
523 -1
522 1
523 -1
523 1
523 -1
522 1
522 -1
519 1
520 -1
519 1
519 -1
518 1
518 -1
514 1
514 -1
513 1
513 -1
510 1
510 -1
510 1
510 -1
510 1
510 -1
509 1
509 -1
507 1
507 -1
505 1
505 -1
505 1
505 -1
504 1
504 -1
504 1
504 -1
504 1
504 -1
502 1
502 -1
501 1
501 -1
500 1
500 -1
500 1
500 -1
500 1
500 -1
500 1
500 -1
499 1
499 -1
498 1
498 -1
498 1
498 -1
498 1
498 -1
498 1
498 -1
497 1
497 -1
495 1
495 -1
494 1
494 -1
493 1
493 -1
493 1
493 -1
493 1
493 -1
492 1
492 -1
492 1
492 -1
491 1
491 -1
489 1
489 -1
488 1
488 -1
488 1
488 -1
486 1
486 -1
486 1
486 -1
485 1
485 -1
485 1
485 -1
483 1
483 -1
481 1
481 -1
479 1
479 -1
478 1
478 -1
477 1
477 -1
475 1
475 -1
475 1
475 -1
0 -1
1149 1
928 1
928 -1
524 1
524 -1
523 1
523 -1
522 1
522 -1
521 1
521 -1
519 1
519 -1
519 1
519 -1
518 1
518 -1
517 1
517 -1
517 1
517 -1
517 1
517 -1
515 1
515 -1
515 1
515 -1
513 1
513 -1
513 1
513 -1
513 1
513 -1
513 1
513 -1
512 1
512 -1
511 1
511 -1
511 1
511 -1
511 1
511 -1
509 1
509 -1
507 1
507 -1
507 1
507 -1
507 1
507 -1
507 1
507 -1
506 1
506 -1
504 1
504 -1
501 1
501 -1
500 1
500 -1
500 1
500 -1
500 1
500 -1
500 1
500 -1
500 1
500 -1
499 1
499 -1
499 1
499 -1
496 1
496 -1
496 1
496 -1
496 1
496 -1
495 1
495 -1
495 1
495 -1
494 1
494 -1
494 1
494 -1
494 1
494 -1
493 1
493 -1
491 1
491 -1
489 1
489 -1
489 1
489 -1
489 1
489 -1
489 1
489 -1
487 1
487 -1
486 1
486 -1
486 1
486 -1
484 1
484 -1
483 1
483 -1
482 1
482 -1
480 1
480 -1
479 1
479 -1
478 1
478 -1
477 1
477 -1
477 1
477 -1
477 1
477 -1
477 1
477 -1
476 1
476 -1
476 1
476 -1
476 1
476 -1
475 1
475 -1
519 1
519 -1
0 -1
1149 1
1147 1
1147 -1
524 1
524 -1
524 1
524 -1
522 1
522 -1
522 1
522 -1
521 1
521 -1
520 1
520 -1
520 1
520 -1
519 1
519 -1
518 1
518 -1
517 1
517 -1
516 1
516 -1
514 1
514 -1
513 1
513 -1
512 1
512 -1
511 1
511 -1
508 1
508 -1
507 1
507 -1
507 1
507 -1
507 1
507 -1
506 1
506 -1
506 1
506 -1
506 1
506 -1
505 1
505 -1
505 1
505 -1
503 1
503 -1
503 1
503 -1
502 1
502 -1
500 1
500 -1
500 1
500 -1
499 1
499 -1
499 1
499 -1
498 1
498 -1
495 1
495 -1
495 1
495 -1
495 1
495 -1
494 1
494 -1
491 1
491 -1
489 1
489 -1
489 1
489 -1
488 1
489 -1
489 1
489 -1
488 1
488 -1
487 1
487 -1
485 1
485 -1
485 1
485 -1
484 1
484 -1
480 1
480 -1
480 1
480 -1
478 1
478 -1
478 1
478 -1
478 1
478 -1
477 1
477 -1
477 1
477 -1
476 1
476 -1
476 1
476 -1
478 1
478 -1
0 -1
1149 1
959 1
959 -1
523 1
523 -1
521 1
521 -1
521 1
521 -1
520 1
520 -1
520 1
520 -1
520 1
520 -1
519 1
519 -1
518 1
518 -1
517 1
517 -1
517 1
517 -1
515 1
515 -1
514 1
515 -1
514 1
514 -1
513 1
513 -1
511 1
511 -1
510 1
510 -1
510 1
510 -1
509 1
509 -1
509 1
509 -1
509 1
509 -1
508 1
508 -1
507 1
507 -1
506 1
506 -1
506 1
506 -1
504 1
504 -1
503 1
503 -1
500 1
500 -1
499 1
499 -1
498 1
498 -1
496 1
496 -1
494 1
494 -1
494 1
495 -1
494 1
494 -1
493 1
493 -1
492 1
492 -1
491 1
491 -1
488 1
488 -1
487 1
487 -1
487 1
487 -1
487 1
487 -1
486 1
487 -1
487 1
487 -1
487 1
487 -1
486 1
486 -1
484 1
484 -1
483 1
483 -1
482 1
482 -1
481 1
481 -1
481 1
481 -1
481 1
481 -1
481 1
481 -1
480 1
480 -1
480 1
480 -1
479 1
479 -1
479 1
479 -1
478 1
478 -1
478 1
478 -1
478 1
478 -1
477 1
477 -1
477 1
477 -1
477 1
477 -1
476 1
476 -1
518 1
518 -1
0 -1
1149 1
907 1
907 -1
524 1
524 -1
524 1
524 -1
524 1
524 -1
520 1
520 -1
519 1
519 -1
518 1
519 -1
516 1
516 -1
516 1
516 -1
515 1
515 -1
515 1
515 -1
514 1
514 -1
513 1
513 -1
512 1
512 -1
510 1
510 -1
510 1
510 -1
509 1
509 -1
509 1
509 -1
509 1
509 -1
509 1
509 -1
508 1
508 -1
507 1
507 -1
506 1
506 -1
505 1
505 -1
504 1
504 -1
503 1
503 -1
502 1
502 -1
502 1
502 -1
501 1
501 -1
500 1
500 -1
499 1
499 -1
499 1
499 -1
499 1
499 -1
498 1
498 -1
497 1
497 -1
496 1
496 -1
495 1
495 -1
494 1
494 -1
492 1
492 -1
492 1
492 -1
492 1
492 -1
491 1
491 -1
490 1
490 -1
487 1
487 -1
485 1
485 -1
484 1
484 -1
483 1
483 -1
483 1
483 -1
482 1
482 -1
481 1
481 -1
480 1
481 -1
481 1
481 -1
480 1
480 -1
479 1
479 -1
478 1
478 -1
476 1
476 -1
0 -1
483 1
483 -13
483 13
483 -1
506 1
506 -12
506 12
506 -1
506 1
506 -1
1149 1
524 1
524 -1
523 1
523 -1
523 1
523 -1
523 1
523 -1
523 1
523 -1
522 1
522 -1
521 1
521 -1
521 1
521 -1
521 1
521 -1
521 1
521 -1
520 1
520 -1
520 1
520 -1
519 1
519 -1
518 1
518 -1
518 1
518 -1
517 1
517 -1
516 1
516 -1
516 1
516 -1
515 1
515 -1
515 1
515 -1
515 1
515 -1
515 1
515 -1
515 1
515 -1
514 1
514 -1
514 1
514 -1
514 1
514 -1
512 1
512 -1
512 1
512 -1
512 1
512 -1
511 1
511 -1
511 1
511 -1
511 1
511 -1
510 1
510 -1
510 1
510 -1
509 1
509 -1
508 1
508 -1
508 1
508 -1
508 1
508 -1
508 1
508 -1
507 1
507 -1
507 1
507 -1
505 1
505 -1
504 1
504 -1
504 1
504 -1
504 1
504 -1
503 1
503 -1
502 1
502 -1
502 1
502 -1
501 1
501 -1
500 1
500 -1
500 1
500 -1
500 1
500 -1
498 1
498 -1
498 1
498 -1
497 1
497 -1
496 1
496 -1
496 1
496 -1
495 1
495 -1
494 1
494 -1
494 1
494 -1
493 1
493 -1
492 1
492 -1
491 1
491 -1
491 1
491 -1
490 1
490 -1
490 1
490 -1
489 1
489 -1
489 1
489 -1
488 1
488 -1
488 1
488 -1
488 1
488 -1
487 1
487 -1
486 1
486 -1
486 1
486 -1
486 1
486 -1
485 1
485 -1
484 1
484 -1
484 1
484 -1
482 1
482 -1
476 1
476 -1
475 1
475 -1
516 1
516 -1
476 1
476 -1
484 1
484 -1
505 -13
505 13
493 -12
493 12
493 -1
491 1
491 1
491 -1
491 1
491 -1
491 1
491 -1
491 1
491 -1
491 1
491 -1
491 1
491 -1
491 1
491 -1
491 1
491 -1
491 1
491 -1
491 1
491 -1
491 1
491 -1
491 1
491 -1
491 1
491 -1
492 1
492 -1
492 1
492 -1
492 1
492 -1
492 1
492 -1
492 1
492 -1
492 1
492 -1
492 1
492 -1
492 1
492 -1
492 1
492 -1
492 1
492 -1
492 1
492 -1
492 1
492 -1
492 1
492 -1
492 1
492 -1
492 1
492 -1
493 1
493 -1
493 1
493 -1
493 1
493 -1
493 1
493 -1
493 1
493 -1
506 1
506 -1
504 1
504 -1
486 1
486 -1
475 1
263 -1
475 1
475 -1
505 -13
505 13
505 -13
505 13
0 -1
1149 1
864 1
865 -1
523 1
523 -1
523 1
523 -1
521 1
521 -1
515 1
515 -1
514 1
514 -1
514 1
514 -1
513 1
513 -1
511 1
511 -1
510 1
510 -1
509 1
509 -1
508 1
508 -1
508 1
508 -1
506 1
506 -1
505 1
505 -1
502 1
502 -1
502 1
502 -1
502 1
502 -1
502 1
502 -1
499 1
499 -1
499 1
499 -1
498 1
499 -1
498 1
498 -1
497 1
497 -1
495 1
495 -1
495 1
495 -1
494 1
494 -1
494 1
494 -1
493 1
493 -1
493 1
493 -1
490 1
490 -1
490 1
490 -1
489 1
490 -1
489 1
489 -1
489 1
489 -1
486 1
486 -1
482 1
482 -1
482 1
482 -1
482 1
482 -1
479 1
479 -1
478 1
478 -1
477 1
477 -1
476 1
476 -1
476 1
476 -1
475 1
475 -1
0 -1
1149 1
871 1
871 -1
524 1
524 -1
523 1
523 -1
523 1
523 -1
522 1
522 -1
521 1
521 -1
521 1
521 -1
520 1
520 -1
519 1
519 -1
518 1
518 -1
517 1
518 -1
518 1
518 -1
515 1
515 -1
514 1
514 -1
514 1
514 -1
514 1
514 -1
514 1
514 -1
514 1
514 -1
514 1
514 -1
514 1
514 -1
513 1
513 -1
513 1
513 -1
513 1
513 -1
512 1
512 -1
512 1
512 -1
511 1
511 -1
511 1
511 -1
510 1
510 -1
509 1
509 -1
507 1
508 -1
507 1
507 -1
507 1
507 -1
505 1
505 -1
504 1
504 -1
504 1
504 -1
503 1
503 -1
503 1
503 -1
503 1
503 -1
501 1
501 -1
500 1
500 -1
500 1
500 -1
498 1
498 -1
498 1
498 -1
497 1
497 -1
495 1
495 -1
495 1
495 -1
493 1
493 -1
492 1
492 -1
491 1
491 -1
490 1
490 -1
487 1
487 -1
487 1
487 -1
486 1
486 -1
485 1
485 -1
484 1
484 -1
484 1
484 -1
481 1
481 -1
480 1
480 -1
478 1
479 -1
477 1
477 -1
477 1
477 -1
476 1
476 -1
0 -1
1149 1
939 1
940 -1
523 1
524 -1
524 1
524 -1
521 1
522 -1
522 1
522 -1
519 1
519 -1
517 1
517 -1
516 1
516 -1
516 1
516 -1
514 1
514 -1
514 1
514 -1
514 1
514 -1
514 1
514 -1
514 1
514 -1
514 1
514 -1
513 1
513 -1
512 1
512 -1
512 1
512 -1
512 1
512 -1
512 1
512 -1
511 1
511 -1
510 1
510 -1
509 1
509 -1
509 1
509 -1
507 1
507 -1
507 1
507 -1
506 1
506 -1
506 1
506 -1
505 1
505 -1
505 1
505 -1
504 1
504 -1
503 1
503 -1
502 1
502 -1
502 1
502 -1
501 1
501 -1
500 1
500 -1
500 1
500 -1
500 1
500 -1
499 1
499 -1
498 1
498 -1
498 1
498 -1
494 1
494 -1
493 1
493 -1
491 1
491 -1
490 1
490 -1
490 1
490 -1
490 1
490 -1
489 1
489 -1
487 1
487 -1
486 1
486 -1
486 1
486 -1
483 1
483 -1
482 1
482 -1
476 1
476 -1
476 1
476 -1
522 1
522 -1
514 1
514 -1
491 1
491 -1
0 -1
1149 1
995 1
996 -1
523 1
523 -1
522 1
522 -1
522 1
522 -1
521 1
521 -1
521 1
521 -1
520 1
520 -1
519 1
520 -1
519 1
519 -1
519 1
519 -1
515 1
515 -1
515 1
515 -1
514 1
514 -1
513 1
513 -1
512 1
512 -1
511 1
511 -1
510 1
510 -1
510 1
510 -1
510 1
510 -1
509 1
509 -1
509 1
509 -1
508 1
508 -1
508 1
508 -1
507 1
507 -1
506 1
506 -1
506 1
506 -1
505 1
505 -1
505 1
505 -1
503 1
503 -1
502 1
502 -1
502 1
502 -1
501 1
501 -1
501 1
501 -1
501 1
501 -1
500 1
501 -1
500 1
500 -1
500 1
500 -1
500 1
500 -1
497 1
497 -1
497 1
497 -1
497 1
497 -1
496 1
496 -1
495 1
495 -1
494 1
494 -1
494 1
494 -1
492 1
492 -1
491 1
491 -1
491 1
491 -1
490 1
490 -1
489 1
489 -1
489 1
489 -1
489 1
489 -1
488 1
488 -1
486 1
486 -1
483 1
483 -1
483 1
483 -1
482 1
482 -1
482 1
482 -1
481 1
481 -1
480 1
480 -1
479 1
479 -1
479 1
479 -1
478 1
478 -1
475 1
475 -1
0 -1
1149 1
889 1
889 -1
523 1
523 -1
522 1
522 -1
521 1
521 -1
521 1
521 -1
520 1
520 -1
519 1
519 -1
517 1
517 -1
516 1
516 -1
514 1
514 -1
514 1
514 -1
513 1
513 -1
513 1
513 -1
512 1
512 -1
511 1
511 -1
511 1
511 -1
510 1
510 -1
509 1
509 -1
508 1
508 -1
508 1
508 -1
507 1
507 -1
505 1
505 -1
505 1
505 -1
505 1
505 -1
504 1
504 -1
504 1
504 -1
501 1
501 -1
499 1
499 -1
499 1
499 -1
499 1
499 -1
499 1
499 -1
498 1
498 -1
498 1
498 -1
497 1
497 -1
497 1
497 -1
495 1
495 -1
494 1
494 -1
494 1
494 -1
494 1
494 -1
491 1
491 -1
491 1
491 -1
489 1
489 -1
488 1
488 -1
488 1
488 -1
487 1
487 -1
487 1
487 -1
486 1
486 -1
484 1
484 -1
484 1
484 -1
484 1
484 -1
483 1
483 -1
483 1
483 -1
482 1
482 -1
481 1
481 -1
480 1
480 -1
480 1
480 -1
479 1
479 -1
479 1
479 -1
479 1
479 -1
479 1
479 -1
479 1
479 -1
476 1
476 -1
475 1
475 -1
0 -1
1149 1
1120 1
1120 -1
1013 1
1013 -1
895 1
895 -1
524 1
524 -1
522 1
522 -1
522 1
522 -1
521 1
521 -1
519 1
519 -1
519 1
519 -1
518 1
518 -1
518 1
518 -1
517 1
517 -1
516 1
516 -1
513 1
513 -1
512 1
512 -1
511 1
511 -1
509 1
509 -1
508 1
508 -1
506 1
506 -1
505 1
505 -1
504 1
504 -1
503 1
503 -1
503 1
503 -1
503 1
503 -1
501 1
501 -1
500 1
500 -1
499 1
499 -1
498 1
498 -1
498 1
498 -1
497 1
497 -1
496 1
496 -1
493 1
493 -1
491 1
491 -1
491 1
491 -1
491 1
491 -1
490 1
490 -1
487 1
487 -1
486 1
486 -1
486 1
486 -1
484 1
484 -1
483 1
483 -1
483 1
483 -1
483 1
483 -1
483 1
483 -1
482 1
482 -1
482 1
482 -1
482 1
482 -1
481 1
481 -1
481 1
481 -1
479 1
479 -1
478 1
478 -1
477 1
477 -1
477 1
477 -1
477 1
477 -1
477 1
477 -1
476 1
476 -1
476 1
476 -1
475 1
475 -1
475 1
476 -1
475 1
475 -1
475 1
475 -1
475 1
475 -1
475 1
475 -1
475 1
475 -1
475 1
475 -1
475 1
475 -1
503 1
503 -1
0 -1
1149 1
1119 1
1119 -1
1009 1
1011 -1
524 1
524 -1
524 1
524 -1
523 1
523 -1
521 1
521 -1
521 1
521 -1
520 1
520 -1
520 1
520 -1
520 1
520 -1
519 1
519 -1
519 1
519 -1
517 1
517 -1
517 1
517 -1
514 1
514 -1
513 1
513 -1
513 1
513 -1
513 1
513 -1
512 1
512 -1
512 1
512 -1
512 1
512 -1
512 1
512 -1
509 1
509 -1
508 1
508 -1
508 1
508 -1
508 1
508 -1
506 1
506 -1
506 1
506 -1
505 1
505 -1
505 1
505 -1
505 1
505 -1
504 1
504 -1
504 1
504 -1
504 1
504 -1
503 1
503 -1
502 1
502 -1
502 1
502 -1
502 1
502 -1
501 1
501 -1
500 1
500 -1
500 1
500 -1
500 1
500 -1
499 1
499 -1
498 1
498 -1
498 1
498 -1
498 1
498 -1
496 1
496 -1
494 1
495 -1
493 1
493 -1
493 1
493 -1
492 1
492 -1
491 1
491 -1
491 1
491 -1
491 1
491 -1
489 1
490 -1
489 1
489 -1
489 1
489 -1
485 1
485 -1
485 1
485 -1
482 1
482 -1
481 1
481 -1
480 1
480 -1
480 1
480 -1
478 1
478 -1
475 1
475 -1
495 1
495 -1
495 1
495 -1
494 1
494 -1
0 -1
1149 1
1099 1
1099 -1
524 1
524 -1
524 1
524 -1
523 1
523 -1
522 1
522 -1
522 1
522 -1
519 1
519 -1
517 1
517 -1
517 1
517 -1
517 1
517 -1
517 1
517 -1
516 1
516 -1
516 1
516 -1
514 1
514 -1
514 1
514 -1
513 1
513 -1
513 1
513 -1
513 1
513 -1
512 1
512 -1
510 1
510 -1
510 1
510 -1
509 1
509 -1
509 1
509 -1
508 1
508 -1
507 1
507 -1
506 1
506 -1
506 1
506 -1
506 1
506 -1
506 1
506 -1
505 1
505 -1
503 1
504 -1
504 1
504 -1
500 1
500 -1
500 1
500 -1
499 1
499 -1
499 1
499 -1
497 1
497 -1
496 1
496 -1
495 1
495 -1
494 1
494 -1
493 1
493 -1
493 1
493 -1
492 1
492 -1
492 1
492 -1
492 1
492 -1
492 1
492 -1
490 1
490 -1
490 1
490 -1
490 1
490 -1
489 1
489 -1
489 1
489 -1
488 1
488 -1
488 1
488 -1
487 1
487 -1
487 1
487 -1
483 1
484 -1
484 1
484 -1
484 1
484 -1
483 1
483 -1
483 1
483 -1
482 1
482 -1
481 1
481 -1
481 1
481 -1
480 1
480 -1
480 1
480 -1
480 1
480 -1
480 1
480 -1
477 1
477 -1
477 1
477 -1
477 1
477 -1
475 1
476 -1
506 1
506 -1
487 1
487 -1
476 1
476 -1
0 -1
1149 1
1087 1
1087 -1
521 1
521 -1
519 1
519 -1
518 1
518 -1
518 1
518 -1
517 1
517 -1
517 1
517 -1
517 1
517 -1
516 1
516 -1
516 1
516 -1
513 1
513 -1
512 1
512 -1
510 1
510 -1
510 1
510 -1
509 1
509 -1
507 1
507 -1
506 1
506 -1
505 1
505 -1
505 1
505 -1
504 1
504 -1
504 1
504 -1
504 1
504 -1
504 1
504 -1
501 1
501 -1
496 1
496 -1
496 1
496 -1
496 1
496 -1
495 1
495 -1
495 1
495 -1
494 1
494 -1
492 1
492 -1
490 1
490 -1
490 1
490 -1
489 1
489 -1
489 1
489 -1
488 1
488 -1
488 1
488 -1
487 1
487 -1
487 1
487 -1
487 1
487 -1
486 1
486 -1
484 1
484 -1
483 1
483 -1
482 1
482 -1
482 1
482 -1
482 1
482 -1
482 1
482 -1
480 1
480 -1
480 1
480 -1
479 1
479 -1
478 1
478 -1
477 1
477 -1
475 1
475 -1
475 1
475 -1
0 -1
1149 1
523 1
523 -1
522 1
522 -1
522 1
522 -1
520 1
520 -1
520 1
520 -1
520 1
520 -1
520 1
520 -1
520 1
520 -1
519 1
519 -1
518 1
518 -1
518 1
518 -1
514 1
514 -1
514 1
514 -1
513 1
513 -1
513 1
513 -1
512 1
512 -1
511 1
511 -1
511 1
511 -1
511 1
511 -1
510 1
510 -1
510 1
510 -1
509 1
509 -1
509 1
509 -1
508 1
508 -1
507 1
507 -1
507 1
507 -1
504 1
504 -1
502 1
502 -1
502 1
502 -1
502 1
503 -1
503 1
503 -1
503 1
503 -1
502 1
502 -1
501 1
501 -1
500 1
500 -1
500 1
500 -1
498 1
498 -1
498 1
498 -1
498 1
498 -1
497 1
497 -1
497 1
497 -1
497 1
497 -1
497 1
497 -1
496 1
496 -1
495 1
495 -1
495 1
495 -1
494 1
495 -1
495 1
495 -1
493 1
493 -1
493 1
493 -1
492 1
492 -1
491 1
491 -1
491 1
491 -1
490 1
490 -1
489 1
489 -1
489 1
489 -1
488 1
488 -1
488 1
488 -1
487 1
487 -1
486 1
486 -1
486 1
486 -1
485 1
485 -1
483 1
483 -1
479 1
479 -1
479 1
479 -1
478 1
478 -1
477 1
477 -1
477 1
477 -1
475 1
475 -1
0 -1
1149 1
869 1
869 -1
524 1
524 -1
524 1
524 -1
524 1
524 -1
522 1
522 -1
522 1
522 -1
521 1
521 -1
520 1
520 -1
518 1
518 -1
518 1
518 -1
518 1
518 -1
518 1
518 -1
517 1
517 -1
516 1
516 -1
516 1
516 -1
515 1
515 -1
513 1
513 -1
509 1
509 -1
507 1
507 -1
507 1
507 -1
506 1
506 -1
506 1
507 -1
505 1
505 -1
505 1
505 -1
504 1
504 -1
502 1
502 -1
500 1
500 -1
498 1
498 -1
497 1
497 -1
497 1
497 -1
497 1
497 -1
497 1
497 -1
495 1
495 -1
495 1
495 -1
495 1
495 -1
494 1
494 -1
494 1
494 -1
494 1
494 -1
492 1
492 -1
491 1
491 -1
490 1
490 -1
489 1
489 -1
488 1
488 -1
488 1
488 -1
487 1
487 -1
487 1
487 -1
486 1
486 -1
482 1
482 -1
482 1
482 -1
481 1
481 -1
481 1
481 -1
481 1
481 -1
479 1
479 -1
477 1
477 -1
0 -1
1149 1
524 1
1074 -1
524 1
1149 -1
1018 1
1018 -1
523 1
523 -1
523 1
523 -1
522 1
522 -1
521 1
521 -1
521 1
521 -1
519 1
519 -1
517 1
517 -1
517 1
517 -1
515 1
515 -1
514 1
514 -1
513 1
513 -1
513 1
513 -1
512 1
512 -1
512 1
512 -1
511 1
511 -1
508 1
509 -1
507 1
507 -1
507 1
507 -1
505 1
505 -1
503 1
503 -1
503 1
503 -1
502 1
502 -1
502 1
502 -1
501 1
501 -1
500 1
500 -1
499 1
499 -1
499 1
499 -1
498 1
498 -1
498 1
498 -1
498 1
498 -1
498 1
498 -1
497 1
497 -1
497 1
497 -1
496 1
496 -1
496 1
496 -1
495 1
495 -1
491 1
492 -1
491 1
491 -1
491 1
491 -1
490 1
490 -1
490 1
490 -1
490 1
490 -1
489 1
489 -1
488 1
488 -1
487 1
487 -1
487 1
487 -1
486 1
486 -1
485 1
485 -1
483 1
483 -1
481 1
481 -1
481 1
481 -1
481 1
481 -1
481 1
481 -1
481 1
481 -1
479 1
479 -1
479 1
479 -1
478 1
478 -1
477 1
477 -1
477 1
477 -1
477 1
477 -1
477 1
477 -1
476 1
476 -1
476 1
476 -1
476 1
476 -1
476 1
476 -1
475 1
475 -1
496 1
496 -1
492 1
492 -1
0 -1
1149 1
524 1
524 -1
524 1
524 -1
522 1
522 -1
522 1
522 -1
521 1
521 -1
517 1
517 -1
516 1
516 -1
515 1
515 -1
514 1
514 -1
513 1
513 -1
512 1
512 -1
511 1
511 -1
511 1
511 -1
510 1
510 -1
510 1
510 -1
510 1
510 -1
509 1
509 -1
509 1
509 -1
506 1
506 -1
506 1
506 -1
506 1
506 -1
506 1
506 -1
505 1
505 -1
504 1
504 -1
503 1
503 -1
503 1
503 -1
502 1
502 -1
502 1
502 -1
502 1
502 -1
500 1
500 -1
499 1
499 -1
499 1
499 -1
499 1
499 -1
499 1
499 -1
497 1
497 -1
495 1
495 -1
493 1
493 -1
492 1
492 -1
491 1
492 -1
492 1
492 -1
492 1
492 -1
492 1
492 -1
491 1
491 -1
491 1
491 -1
491 1
491 -1
490 1
490 -1
489 1
489 -1
489 1
489 -1
488 1
488 -1
488 1
488 -1
488 1
488 -1
487 1
487 -1
487 1
487 -1
486 1
486 -1
485 1
485 -1
485 1
485 -1
482 1
482 -1
482 1
482 -1
482 1
482 -1
481 1
481 -1
480 1
480 -1
480 1
480 -1
479 1
479 -1
479 1
479 -1
477 1
477 -1
476 1
476 -1
480 1
480 -1
0 -1
1149 1
1079 1
1079 -1
524 1
524 -1
523 1
523 -1
523 1
523 -1
522 1
522 -1
522 1
522 -1
520 1
520 -1
520 1
520 -1
518 1
518 -1
518 1
518 -1
516 1
516 -1
516 1
516 -1
516 1
516 -1
514 1
514 -1
509 1
509 -1
509 1
509 -1
509 1
509 -1
507 1
507 -1
507 1
507 -1
502 1
502 -1
501 1
501 -1
499 1
499 -1
499 1
499 -1
499 1
499 -1
499 1
499 -1
498 1
498 -1
496 1
496 -1
496 1
496 -1
494 1
494 -1
491 1
491 -1
490 1
490 -1
490 1
490 -1
490 1
490 -1
489 1
489 -1
489 1
489 -1
488 1
488 -1
488 1
488 -1
488 1
488 -1
488 1
488 -1
487 1
487 -1
487 1
487 -1
487 1
487 -1
487 1
487 -1
486 1
486 -1
486 1
486 -1
482 1
482 -1
478 1
478 -1
477 1
477 -1
476 1
476 -1
475 1
475 -1
475 1
475 -1
0 -1
1149 1
524 1
524 -1
522 1
522 -1
522 1
522 -1
520 1
520 -1
520 1
520 -1
518 1
518 -1
517 1
517 -1
517 1
517 -1
514 1
514 -1
508 1
508 -1
508 1
508 -1
506 1
506 -1
506 1
506 -1
506 1
506 -1
503 1
504 -1
502 1
502 -1
502 1
502 -1
502 1
502 -1
501 1
501 -1
501 1
501 -1
500 1
500 -1
497 1
497 -1
495 1
495 -1
494 1
494 -1
490 1
490 -1
489 1
489 -1
487 1
487 -1
485 1
485 -1
484 1
484 -1
483 1
483 -1
483 1
483 -1
481 1
481 -1
481 1
481 -1
481 1
481 -1
480 1
480 -1
479 1
479 -1
478 1
478 -1
477 1
477 -1
475 1
475 -1
0 -1
514 1
514 -12
514 12
514 -1
514 1
514 -1
1149 1
1125 1
1125 -1
524 1
524 -1
524 1
524 -1
524 1
524 -1
523 1
523 -1
523 1
523 -1
523 1
523 -1
521 1
521 -1
520 1
520 -1
520 1
520 -1
520 1
520 -1
518 1
518 -1
518 1
518 -1
518 1
518 -1
517 1
517 -1
516 1
516 -1
516 1
516 -1
515 1
515 -1
514 1
514 -1
513 1
513 -1
513 1
513 -1
511 1
511 -1
511 1
511 -1
508 1
508 -1
506 1
506 -1
504 1
504 -1
503 1
503 -1
503 1
503 -1
501 1
501 -1
501 1
501 -1
500 1
500 -1
499 1
499 -1
498 1
498 -1
497 1
497 -1
497 1
497 -1
496 1
496 -1
494 1
495 -1
493 1
493 -1
493 1
493 -1
493 1
493 -1
493 1
493 -1
493 1
493 -1
492 1
492 -1
490 1
490 -1
489 1
489 -1
488 1
488 -1
486 1
486 -1
486 1
486 -1
484 1
484 -1
482 1
482 -1
480 1
481 -1
478 1
478 -1
476 1
476 -1
481 1
481 -1
493 1
493 -1
523 -13
523 13
0 -1
1149 1
942 1
943 -1
940 1
940 -1
523 1
523 -1
522 1
522 -1
521 1
521 -1
521 1
521 -1
520 1
521 -1
520 1
520 -1
518 1
518 -1
518 1
518 -1
517 1
517 -1
517 1
517 -1
517 1
517 -1
516 1
516 -1
515 1
515 -1
515 1
515 -1
514 1
514 -1
513 1
513 -1
513 1
513 -1
512 1
512 -1
509 1
509 -1
509 1
509 -1
508 1
508 -1
508 1
508 -1
507 1
507 -1
503 1
503 -1
503 1
503 -1
503 1
503 -1
501 1
501 -1
501 1
501 -1
499 1
499 -1
499 1
499 -1
497 1
497 -1
497 1
497 -1
496 1
496 -1
494 1
494 -1
492 1
492 -1
491 1
491 -1
490 1
490 -1
489 1
489 -1
489 1
489 -1
488 1
488 -1
486 1
486 -1
486 1
486 -1
485 1
485 -1
483 1
483 -1
482 1
482 -1
482 1
482 -1
480 1
480 -1
480 1
480 -1
479 1
479 -1
478 1
478 -1
477 1
477 -1
475 1
475 -1
0 -1
1149 1
524 1
524 -1
523 1
523 -1
523 1
523 -1
523 1
523 -1
523 1
523 -1
522 1
522 -1
522 1
522 -1
521 1
521 -1
521 1
521 -1
520 1
520 -1
519 1
519 -1
517 1
517 -1
516 1
516 -1
512 1
512 -1
511 1
511 -1
509 1
509 -1
509 1
509 -1
509 1
509 -1
506 1
507 -1
506 1
506 -1
506 1
506 -1
505 1
505 -1
504 1
504 -1
502 1
502 -1
501 1
501 -1
501 1
501 -1
499 1
500 -1
499 1
499 -1
499 1
499 -1
498 1
498 -1
497 1
497 -1
496 1
496 -1
496 1
496 -1
494 1
494 -1
494 1
494 -1
492 1
492 -1
491 1
491 -1
489 1
489 -1
489 1
489 -1
489 1
489 -1
489 1
489 -1
489 1
489 -1
487 1
487 -1
486 1
486 -1
485 1
486 -1
483 1
483 -1
481 1
481 -1
480 1
480 -1
479 1
479 -1
479 1
479 -1
478 1
478 -1
477 1
477 -1
477 1
477 -1
476 1
476 -1
476 1
476 -1
475 1
475 -1
523 1
523 -1
0 -1
1149 1
995 1
995 -1
524 1
524 -1
521 1
521 -1
520 1
520 -1
519 1
519 -1
519 1
519 -1
518 1
518 -1
518 1
518 -1
517 1
518 -1
517 1
517 -1
517 1
517 -1
517 1
517 -1
516 1
516 -1
516 1
516 -1
516 1
516 -1
516 1
516 -1
515 1
516 -1
515 1
515 -1
515 1
515 -1
515 1
515 -1
514 1
514 -1
514 1
514 -1
513 1
513 -1
513 1
513 -1
513 1
513 -1
512 1
512 -1
511 1
512 -1
512 1
512 -1
511 1
511 -1
511 1
511 -1
510 1
510 -1
508 1
508 -1
508 1
508 -1
507 1
507 -1
507 1
507 -1
507 1
507 -1
506 1
506 -1
506 1
506 -1
506 1
506 -1
505 1
505 -1
504 1
505 -1
504 1
504 -1
501 1
501 -1
501 1
501 -1
500 1
500 -1
499 1
499 -1
498 1
498 -1
498 1
498 -1
496 1
496 -1
493 1
493 -1
493 1
493 -1
493 1
493 -1
492 1
492 -1
491 1
492 -1
490 1
490 -1
488 1
488 -1
488 1
488 -1
487 1
487 -1
486 1
486 -1
486 1
486 -1
486 1
486 -1
484 1
484 -1
483 1
483 -1
483 1
483 -1
483 1
483 -1
480 1
480 -1
479 1
479 -1
476 1
476 -1
476 1
476 -1
475 1
475 -1
475 1
475 -1
475 1
475 -1
513 1
513 -1
0 -1
1149 1
963 1
963 -1
524 1
898 -1
524 1
524 -1
524 1
915 -1
524 1
524 -1
523 1
523 -1
523 1
523 -1
522 1
522 -1
522 1
522 -1
522 1
522 -1
520 1
520 -1
520 1
520 -1
519 1
519 -1
519 1
519 -1
518 1
518 -1
518 1
518 -1
517 1
517 -1
516 1
516 -1
515 1
515 -1
511 1
511 -1
510 1
511 -1
509 1
509 -1
508 1
508 -1
507 1
507 -1
507 1
507 -1
507 1
507 -1
506 1
506 -1
506 1
506 -1
501 1
501 -1
500 1
500 -1
500 1
500 -1
500 1
500 -1
498 1
498 -1
497 1
497 -1
496 1
496 -1
496 1
496 -1
493 1
493 -1
493 1
493 -1
493 1
493 -1
493 1
493 -1
493 1
493 -1
492 1
492 -1
491 1
491 -1
491 1
491 -1
489 1
489 -1
488 1
488 -1
487 1
487 -1
487 1
487 -1
487 1
487 -1
487 1
487 -1
486 1
486 -1
486 1
486 -1
486 1
486 -1
485 1
485 -1
482 1
482 -1
480 1
480 -1
480 1
480 -1
480 1
480 -1
479 1
479 -1
478 1
478 -1
477 1
477 -1
476 1
476 -1
476 1
476 -1
0 -1
1149 1
884 1
884 -1
859 1
859 -1
523 1
523 -1
523 1
524 -1
522 1
522 -1
522 1
522 -1
521 1
521 -1
521 1
521 -1
521 1
521 -1
521 1
521 -1
521 1
521 -1
520 1
520 -1
519 1
519 -1
519 1
519 -1
517 1
517 -1
516 1
516 -1
516 1
516 -1
515 1
515 -1
510 1
510 -1
510 1
510 -1
509 1
509 -1
507 1
507 -1
507 1
507 -1
507 1
507 -1
506 1
507 -1
506 1
506 -1
505 1
505 -1
505 1
505 -1
504 1
504 -1
502 1
502 -1
502 1
502 -1
501 1
501 -1
495 1
495 -1
493 1
493 -1
493 1
493 -1
491 1
491 -1
488 1
488 -1
488 1
488 -1
487 1
487 -1
485 1
485 -1
483 1
483 -1
482 1
482 -1
481 1
481 -1
481 1
481 -1
480 1
480 -1
480 1
480 -1
478 1
478 -1
478 1
478 -1
0 -1
1149 1
524 1
524 -1
523 1
523 -1
521 1
521 -1
521 1
521 -1
520 1
521 -1
520 1
521 -1
521 1
521 -1
521 1
521 -1
519 1
519 -1
518 1
518 -1
517 1
517 -1
517 1
517 -1
514 1
514 -1
514 1
514 -1
513 1
513 -1
513 1
513 -1
512 1
512 -1
509 1
509 -1
509 1
509 -1
507 1
507 -1
507 1
507 -1
503 1
503 -1
500 1
500 -1
499 1
499 -1
498 1
498 -1
498 1
498 -1
497 1
497 -1
497 1
497 -1
496 1
496 -1
495 1
495 -1
494 1
494 -1
492 1
492 -1
491 1
491 -1
488 1
488 -1
486 1
486 -1
486 1
486 -1
484 1
484 -1
484 1
484 -1
483 1
483 -1
483 1
483 -1
481 1
481 -1
481 1
481 -1
478 1
478 -1
478 1
478 -1
477 1
477 -1
477 1
477 -1
475 1
475 -1
0 -1
1149 1
1001 1
1001 -1
991 1
991 -1
943 1
943 -1
931 1
931 -1
523 1
523 -1
523 1
523 -1
523 1
523 -1
523 1
523 -1
523 1
523 -1
523 1
523 -1
522 1
522 -1
521 1
522 -1
520 1
520 -1
520 1
520 -1
518 1
518 -1
517 1
517 -1
517 1
517 -1
515 1
515 -1
515 1
515 -1
515 1
515 -1
515 1
515 -1
514 1
515 -1
510 1
510 -1
509 1
509 -1
508 1
508 -1
506 1
506 -1
505 1
505 -1
502 1
502 -1
502 1
502 -1
502 1
502 -1
500 1
500 -1
500 1
500 -1
499 1
499 -1
497 1
497 -1
495 1
495 -1
494 1
494 -1
493 1
493 -1
493 1
493 -1
492 1
492 -1
491 1
491 -1
490 1
490 -1
489 1
489 -1
489 1
489 -1
488 1
488 -1
487 1
487 -1
487 1
487 -1
486 1
486 -1
485 1
485 -1
484 1
484 -1
484 1
484 -1
484 1
484 -1
483 1
483 -1
481 1
481 -1
480 1
480 -1
480 1
480 -1
480 1
480 -1
479 1
479 -1
479 1
479 -1
478 1
478 -1
477 1
477 -1
476 1
476 -1
476 1
476 -1
475 1
475 -1
0 -1
1149 1
998 1
999 -1
938 1
938 -1
524 1
524 -1
522 1
522 -1
517 1
517 -1
516 1
516 -1
516 1
516 -1
516 1
516 -1
516 1
516 -1
516 1
516 -1
515 1
515 -1
515 1
515 -1
515 1
515 -1
515 1
515 -1
514 1
514 -1
514 1
514 -1
513 1
513 -1
513 1
513 -1
512 1
512 -1
512 1
512 -1
511 1
511 -1
511 1
511 -1
510 1
510 -1
510 1
510 -1
508 1
508 -1
507 1
507 -1
505 1
505 -1
504 1
504 -1
503 1
503 -1
502 1
502 -1
501 1
501 -1
500 1
500 -1
500 1
500 -1
499 1
499 -1
499 1
499 -1
499 1
499 -1
496 1
496 -1
494 1
494 -1
493 1
493 -1
492 1
492 -1
492 1
492 -1
491 1
491 -1
489 1
489 -1
489 1
489 -1
487 1
487 -1
486 1
486 -1
486 1
486 -1
486 1
486 -1
485 1
485 -1
483 1
483 -1
483 1
483 -1
483 1
483 -1
482 1
482 -1
482 1
482 -1
482 1
482 -1
482 1
482 -1
481 1
481 -1
480 1
480 -1
477 1
477 -1
477 1
477 -1
476 1
476 -1
510 1
510 -1
486 1
486 -1
0 -1
1149 1
886 1
885 -1
886 1
886 -1
522 1
522 -1
522 1
522 -1
521 1
521 -1
520 1
520 -1
520 1
520 -1
519 1
519 -1
516 1
516 -1
516 1
516 -1
515 1
515 -1
514 1
514 -1
513 1
513 -1
512 1
512 -1
512 1
512 -1
511 1
511 -1
507 1
507 -1
504 1
504 -1
504 1
504 -1
504 1
504 -1
503 1
503 -1
501 1
501 -1
500 1
500 -1
499 1
500 -1
499 1
499 -1
499 1
499 -1
499 1
499 -1
498 1
498 -1
495 1
495 -1
495 1
495 -1
493 1
493 -1
493 1
493 -1
493 1
493 -1
490 1
490 -1
489 1
489 -1
488 1
488 -1
488 1
488 -1
485 1
485 -1
484 1
484 -1
482 1
483 -1
481 1
481 -1
477 1
477 -1
476 1
476 -1
476 1
476 -1
476 1
476 -1
476 1
476 -1
0 -1
1149 1
875 1
875 -1
523 1
523 -1
522 1
522 -1
521 1
521 -1
521 1
521 -1
520 1
520 -1
520 1
520 -1
519 1
519 -1
519 1
519 -1
517 1
517 -1
516 1
516 -1
515 1
515 -1
513 1
513 -1
513 1
513 -1
511 1
511 -1
511 1
511 -1
511 1
511 -1
511 1
511 -1
511 1
511 -1
510 1
510 -1
510 1
510 -1
509 1
509 -1
509 1
509 -1
509 1
509 -1
508 1
508 -1
506 1
506 -1
506 1
506 -1
502 1
502 -1
501 1
501 -1
501 1
501 -1
501 1
501 -1
501 1
501 -1
501 1
501 -1
500 1
500 -1
499 1
499 -1
498 1
498 -1
498 1
498 -1
497 1
497 -1
497 1
497 -1
497 1
497 -1
496 1
496 -1
495 1
495 -1
494 1
494 -1
493 1
493 -1
493 1
493 -1
493 1
493 -1
492 1
492 -1
490 1
490 -1
487 1
487 -1
487 1
487 -1
486 1
486 -1
486 1
486 -1
484 1
484 -1
484 1
484 -1
483 1
483 -1
480 1
480 -1
480 1
480 -1
480 1
480 -1
479 1
479 -1
479 1
479 -1
478 1
478 -1
477 1
477 -1
477 1
477 -1
476 1
476 -1
0 -1
1149 1
1082 1
1082 -1
966 1
971 -1
523 1
523 -1
523 1
523 -1
521 1
521 -1
520 1
520 -1
520 1
520 -1
519 1
519 -1
517 1
517 -1
516 1
516 -1
516 1
516 -1
516 1
516 -1
515 1
515 -1
514 1
514 -1
512 1
512 -1
510 1
510 -1
509 1
509 -1
509 1
509 -1
508 1
508 -1
507 1
507 -1
507 1
507 -1
505 1
505 -1
503 1
503 -1
503 1
503 -1
503 1
503 -1
502 1
502 -1
502 1
502 -1
501 1
501 -1
501 1
501 -1
499 1
499 -1
499 1
499 -1
497 1
497 -1
496 1
496 -1
495 1
495 -1
495 1
495 -1
495 1
495 -1
494 1
494 -1
494 1
494 -1
494 1
494 -1
494 1
494 -1
493 1
493 -1
493 1
493 -1
492 1
492 -1
491 1
491 -1
488 1
488 -1
487 1
487 -1
486 1
486 -1
486 1
486 -1
485 1
485 -1
485 1
485 -1
484 1
485 -1
484 1
484 -1
482 1
482 -1
482 1
482 -1
482 1
482 -1
478 1
478 -1
475 1
475 -1
0 -1
1149 1
900 1
898 -1
851 1
578 -1
524 1
524 -1
523 1
523 -1
518 1
518 -1
518 1
518 -1
516 1
516 -1
516 1
516 -1
514 1
514 -1
513 1
513 -1
510 1
510 -1
510 1
510 -1
510 1
510 -1
507 1
507 -1
506 1
506 -1
506 1
506 -1
506 1
506 -1
503 1
503 -1
502 1
502 -1
502 1
502 -1
502 1
502 -1
502 1
502 -1
499 1
499 -1
497 1
497 -1
497 1
497 -1
495 1
495 -1
495 1
495 -1
494 1
494 -1
493 1
493 -1
491 1
491 -1
490 1
490 -1
487 1
487 -1
486 1
486 -1
480 1
480 -1
480 1
480 -1
479 1
479 -1
479 1
479 -1
478 1
478 -1
478 1
478 -1
478 1
478 -1
477 1
477 -1
476 1
476 -1
475 1
475 -1
475 1
475 -1
475 1
475 -1
0 -1
1149 1
1109 1
1109 -1
894 1
894 -1
522 1
522 -1
521 1
521 -1
520 1
520 -1
519 1
519 -1
516 1
516 -1
515 1
515 -1
512 1
512 -1
512 1
512 -1
512 1
512 -1
511 1
511 -1
506 1
506 -1
506 1
506 -1
501 1
501 -1
501 1
501 -1
500 1
500 -1
499 1
499 -1
499 1
499 -1
498 1
499 -1
498 1
498 -1
497 1
497 -1
496 1
496 -1
496 1
496 -1
494 1
494 -1
494 1
494 -1
493 1
493 -1
493 1
493 -1
493 1
493 -1
492 1
492 -1
489 1
489 -1
489 1
489 -1
488 1
488 -1
488 1
488 -1
487 1
487 -1
486 1
486 -1
485 1
485 -1
485 1
485 -1
484 1
484 -1
484 1
484 -1
484 1
484 -1
482 1
482 -1
482 1
482 -1
481 1
481 -1
477 1
477 -1
477 1
477 -1
476 1
476 -1
0 -1
483 1
483 -12
483 12
483 -1
509 1
508 1
508 -1
508 1
508 -1
507 1
507 -1
507 1
507 -1
507 1
507 -1
506 1
506 -1
506 1
506 -1
506 1
506 -1
506 1
506 -1
506 1
506 -1
506 1
506 -1
505 1
505 -1
505 1
505 -1
504 1
504 -1
504 1
504 -1
504 1
504 -1
504 1
504 -1
504 1
504 -1
503 1
503 -1
503 1
503 -1
503 1
503 -1
503 1
503 -1
503 1
503 -1
503 1
503 -1
503 1
503 -1
502 1
502 -1
502 1
502 -1
502 1
502 -1
502 1
502 -1
502 1
502 -1
502 1
502 -1
502 1
502 -1
502 1
502 -1
502 1
502 -1
501 1
501 -1
501 1
501 -1
501 1
501 -1
501 1
501 -1
500 1
500 -1
500 1
500 -1
500 1
500 -1
499 1
499 -1
499 1
499 -1
499 1
499 -1
499 1
499 -1
499 1
499 -1
499 1
499 -1
499 1
499 -1
499 1
499 -1
498 1
498 -1
498 1
498 -1
498 1
498 -1
498 1
498 -1
498 1
498 -1
497 1
497 -1
497 1
497 -1
497 1
497 -1
497 1
497 -1
497 1
497 -1
497 1
497 -1
497 1
497 -1
497 1
497 -1
496 1
496 -1
496 1
496 -1
496 1
496 -1
496 1
496 -1
495 1
495 -1
495 1
495 -1
495 1
495 -1
495 1
495 -1
495 1
495 -1
495 1
495 -1
494 1
494 -1
494 1
494 -1
494 1
494 -1
494 1
494 -1
493 1
493 -1
493 1
493 -1
493 1
493 -1
493 1
493 -1
493 1
493 -1
492 1
492 -1
491 1
491 -1
491 1
491 -1
490 1
490 -1
490 1
490 -1
490 1
490 -1
490 1
490 -1
490 1
490 -1
490 1
490 -1
489 1
489 -1
489 1
489 -1
489 1
489 -1
489 1
489 -1
489 1
489 -1
489 1
489 -1
488 1
488 -1
488 1
488 -1
488 1
488 -1
488 1
488 -1
488 1
488 -1
488 1
488 -1
487 1
487 -1
487 1
487 -1
487 1
487 -1
487 1
487 -1
487 1
487 -1
487 1
487 -1
487 1
487 -1
487 1
487 -1
487 1
487 -1
486 1
486 -1
486 1
486 -1
486 1
486 -1
486 1
486 -1
486 1
486 -1
486 1
486 -1
485 1
485 -1
485 1
485 -1
485 1
485 -1
484 1
484 -1
483 1
483 -1
482 1
482 -1
482 1
482 -1
481 1
481 -1
481 1
481 -1
480 1
480 -1
479 1
479 -1
478 1
478 -1
477 1
477 -1
477 1
477 -1
476 1
476 -1
476 1
476 -1
476 1
476 -1
475 1
475 -1
475 1
475 -1
487 1
487 -1
483 -1
883 1
522 1
522 -1
522 1
522 -1
522 1
522 -1
521 1
521 -1
521 1
521 -1
521 1
521 -1
519 1
519 -1
519 1
519 -1
518 1
518 -1
518 1
518 -1
518 1
518 -1
518 1
518 -1
516 1
516 -1
516 1
516 -1
516 1
516 -1
515 1
515 -1
515 1
515 -1
514 1
514 -1
514 1
514 -1
512 1
512 -1
511 1
511 -1
510 1
510 -1
510 1
510 -1
508 1
508 -1
507 1
507 -1
506 1
506 -1
505 1
505 -1
505 1
505 -1
504 1
504 -1
504 1
504 -1
501 1
502 -1
502 1
502 -1
501 1
501 -1
500 1
500 -1
498 1
498 -1
497 1
497 -1
496 1
496 -1
494 1
494 -1
492 1
492 -1
492 1
492 -1
492 1
492 -1
491 1
491 -1
491 1
491 -1
491 1
491 -1
491 1
491 -1
491 1
491 -1
490 1
490 -1
489 1
489 -1
489 1
489 -1
488 1
488 -1
486 1
486 -1
486 1
486 -1
486 1
486 -1
485 1
485 -1
485 1
485 -1
484 1
484 -1
484 1
484 -1
484 1
484 -1
484 1
484 -1
484 1
484 -1
0 -1
1149 1
985 1
985 -1
984 1
984 -1
524 1
524 -1
523 1
523 -1
522 1
522 -1
518 1
518 -1
517 1
517 -1
517 1
517 -1
517 1
517 -1
517 1
517 -1
515 1
515 -1
515 1
515 -1
514 1
515 -1
511 1
511 -1
506 1
506 -1
506 1
506 -1
505 1
505 -1
505 1
505 -1
504 1
504 -1
502 1
502 -1
501 1
501 -1
500 1
500 -1
500 1
500 -1
500 1
500 -1
498 1
498 -1
497 1
497 -1
495 1
495 -1
494 1
494 -1
492 1
493 -1
492 1
492 -1
490 1
490 -1
489 1
489 -1
487 1
487 -1
486 1
486 -1
485 1
485 -1
483 1
484 -1
481 1
481 -1
481 1
481 -1
481 1
481 -1
480 1
480 -1
476 1
476 -1
476 1
476 -1
476 1
476 -1
476 1
476 -1
475 1
475 -1
475 1
475 -1
0 -1
1149 1
524 1
524 -1
523 1
523 -1
523 1
523 -1
522 1
522 -1
522 1
522 -1
520 1
520 -1
519 1
519 -1
518 1
518 -1
516 1
516 -1
515 1
515 -1
515 1
515 -1
515 1
515 -1
512 1
512 -1
512 1
512 -1
512 1
512 -1
512 1
512 -1
508 1
508 -1
508 1
508 -1
508 1
508 -1
507 1
507 -1
507 1
507 -1
507 1
507 -1
507 1
507 -1
507 1
507 -1
504 1
504 -1
503 1
503 -1
503 1
503 -1
502 1
502 -1
500 1
500 -1
499 1
499 -1
498 1
498 -1
498 1
498 -1
496 1
496 -1
493 1
493 -1
490 1
490 -1
487 1
487 -1
486 1
487 -1
485 1
485 -1
484 1
484 -1
483 1
483 -1
480 1
480 -1
476 1
476 -1
475 1
475 -1
475 1
475 -1
475 1
60 -1
0 -1
1149 1
521 1
521 -1
521 1
521 -1
519 1
519 -1
518 1
518 -1
516 1
516 -1
516 1
516 -1
514 1
514 -1
513 1
513 -1
508 1
508 -1
506 1
506 -1
506 1
506 -1
505 1
505 -1
505 1
505 -1
504 1
504 -1
504 1
504 -1
503 1
503 -1
503 1
503 -1
502 1
502 -1
502 1
502 -1
501 1
501 -1
500 1
501 -1
500 1
500 -1
500 1
500 -1
500 1
500 -1
498 1
498 -1
498 1
498 -1
496 1
496 -1
496 1
496 -1
496 1
496 -1
496 1
496 -1
493 1
493 -1
492 1
492 -1
491 1
491 -1
490 1
490 -1
490 1
490 -1
490 1
490 -1
489 1
489 -1
489 1
489 -1
489 1
489 -1
488 1
488 -1
487 1
487 -1
484 1
484 -1
483 1
483 -1
482 1
482 -1
482 1
482 -1
482 1
482 -1
481 1
481 -1
481 1
481 -1
479 1
479 -1
479 1
479 -1
475 1
475 -1
475 1
475 -1
475 1
475 -1
513 1
513 -1
0 -1
1149 1
1102 1
1102 -1
524 1
524 -1
524 1
524 -1
522 1
522 -1
522 1
522 -1
522 1
522 -1
521 1
521 -1
521 1
521 -1
520 1
520 -1
520 1
520 -1
519 1
519 -1
518 1
518 -1
517 1
517 -1
517 1
517 -1
516 1
516 -1
516 1
516 -1
516 1
516 -1
515 1
515 -1
513 1
513 -1
512 1
512 -1
512 1
512 -1
511 1
511 -1
511 1
511 -1
511 1
511 -1
510 1
510 -1
509 1
509 -1
509 1
509 -1
509 1
509 -1
507 1
508 -1
507 1
507 -1
507 1
507 -1
507 1
507 -1
504 1
504 -1
504 1
504 -1
502 1
502 -1
499 1
499 -1
499 1
499 -1
498 1
498 -1
496 1
496 -1
496 1
496 -1
495 1
495 -1
493 1
493 -1
490 1
490 -1
489 1
489 -1
489 1
489 -1
486 1
486 -1
484 1
484 -1
483 1
483 -1
480 1
480 -1
479 1
479 -1
476 1
476 -1
476 1
476 -1
476 1
476 -1
0 -1
1149 1
1093 1
1093 -1
523 1
523 -1
522 1
522 -1
522 1
522 -1
522 1
522 -1
522 1
522 -1
522 1
522 -1
522 1
522 -1
522 1
522 -1
521 1
522 -1
521 1
521 -1
517 1
517 -1
515 1
515 -1
515 1
515 -1
514 1
514 -1
514 1
514 -1
514 1
514 -1
513 1
513 -1
513 1
513 -1
513 1
513 -1
513 1
513 -1
513 1
513 -1
512 1
512 -1
512 1
512 -1
510 1
510 -1
510 1
510 -1
507 1
507 -1
507 1
507 -1
507 1
507 -1
505 1
505 -1
502 1
502 -1
501 1
501 -1
501 1
501 -1
500 1
500 -1
500 1
500 -1
498 1
499 -1
497 1
497 -1
495 1
495 -1
495 1
495 -1
495 1
495 -1
494 1
494 -1
494 1
494 -1
493 1
493 -1
493 1
493 -1
492 1
492 -1
492 1
492 -1
489 1
489 -1
489 1
489 -1
489 1
489 -1
488 1
488 -1
486 1
486 -1
486 1
486 -1
485 1
485 -1
483 1
483 -1
482 1
482 -1
479 1
479 -1
479 1
479 -1
478 1
478 -1
478 1
478 -1
476 1
476 -1
476 1
476 -1
476 1
475 -1
475 1
475 -1
475 1
475 -1
0 -1
1149 1
523 1
523 -1
523 1
523 -1
521 1
521 -1
519 1
519 -1
518 1
518 -1
518 1
518 -1
517 1
517 -1
517 1
517 -1
517 1
517 -1
515 1
515 -1
513 1
514 -1
512 1
513 -1
512 1
512 -1
512 1
512 -1
511 1
511 -1
509 1
509 -1
509 1
509 -1
509 1
509 -1
508 1
508 -1
508 1
508 -1
508 1
508 -1
504 1
504 -1
504 1
504 -1
503 1
503 -1
503 1
503 -1
502 1
502 -1
501 1
501 -1
501 1
501 -1
501 1
501 -1
499 1
499 -1
498 1
498 -1
498 1
498 -1
498 1
498 -1
496 1
496 -1
495 1
495 -1
494 1
494 -1
494 1
494 -1
493 1
493 -1
492 1
493 -1
493 1
493 -1
492 1
492 -1
492 1
492 -1
491 1
491 -1
490 1
490 -1
489 1
489 -1
487 1
487 -1
487 1
487 -1
486 1
486 -1
486 1
486 -1
483 1
483 -1
483 1
483 -1
482 1
483 -1
483 1
483 -1
482 1
482 -1
481 1
481 -1
480 1
480 -1
479 1
479 -1
479 1
479 -1
479 1
479 -1
477 1
477 -1
477 1
477 -1
475 1
475 -1
0 -1
487 1
487 -6
487 6
487 -2
487 2
487 -1
487 1
487 -1
486 1
487 -1
488 1
487 1
487 -1
487 1
487 -1
487 1
487 -1
487 1
487 -1
486 1
486 -1
485 1
485 -1
485 1
485 -1
484 1
484 -1
480 1
480 -1
480 1
480 -1
480 1
480 -1
476 1
476 -1
475 1
475 -1
480 1
480 -1
489 1
489 -1
524 1
524 -1
509 1
509 -1
489 1
489 -1
487 -1
484 1
486 1
486 -1
486 1
486 -1
486 1
486 -1
486 1
486 -1
486 1
486 -1
487 1
487 -1
487 -1
491 1
489 1
489 -1
489 1
489 -1
488 1
488 -1
488 1
488 -1
488 1
488 -1
488 1
488 -1
488 1
488 -1
488 1
488 -1
487 1
487 -1
487 1
487 -1
487 1
487 -1
487 1
487 -1
487 1
487 -1
487 1
487 -1
487 -1
488 1
487 1
487 -1
487 1
487 -1
487 1
487 -1
487 1
487 -1
487 1
487 -1
487 1
487 -1
487 1
487 -1
487 1
487 -1
487 1
487 -1
487 1
487 -1
487 1
487 -1
487 1
487 -1
487 1
487 -1
487 1
487 -1
487 1
487 -1
487 1
487 -1
487 1
487 -1
487 1
487 -1
487 1
487 -1
518 -13
518 13
0 -1
501 1
501 -12
501 12
501 -1
501 1
501 -1
501 1
500 1
500 -1
500 1
500 -1
497 1
497 -1
496 1
496 -1
495 1
495 -1
495 1
495 -1
495 1
495 -1
495 1
495 -1
494 1
494 -1
493 1
494 -1
493 1
493 -1
492 1
492 -1
492 1
492 -1
492 1
492 -1
490 1
490 -1
489 1
490 -1
489 1
489 -1
489 1
489 -1
488 1
488 -1
488 1
488 -1
487 1
487 -1
487 1
487 -1
487 1
487 -1
486 1
486 -1
485 1
485 -1
483 1
483 -1
482 1
482 -1
482 1
482 -1
480 1
480 -1
480 1
480 -1
479 1
479 -1
478 1
478 -1
480 1
480 -1
487 1
487 -1
494 1
494 -1
500 1
500 -1
500 1
500 -1
501 1
526 -1
500 1
499 -1
500 1
394 -1
500 1
500 -1
0 -1
1149 1
522 1
522 -1
522 1
522 -1
522 1
522 -1
520 1
520 -1
519 1
519 -1
518 1
518 -1
517 1
517 -1
516 1
516 -1
514 1
514 -1
514 1
514 -1
513 1
513 -1
512 1
512 -1
511 1
511 -1
510 1
510 -1
509 1
509 -1
508 1
508 -1
508 1
508 -1
507 1
507 -1
506 1
506 -1
504 1
504 -1
503 1
503 -1
502 1
502 -1
502 1
502 -1
500 1
500 -1
500 1
500 -1
499 1
499 -1
498 1
498 -1
495 1
496 -1
494 1
494 -1
493 1
493 -1
492 1
492 -1
492 1
492 -1
491 1
491 -1
491 1
491 -1
491 1
491 -1
491 1
491 -1
490 1
490 -1
489 1
489 -1
489 1
489 -1
489 1
489 -1
488 1
488 -1
488 1
488 -1
484 1
484 -1
483 1
483 -1
483 1
483 -1
483 1
483 -1
482 1
482 -1
480 1
480 -1
480 1
480 -1
480 1
480 -1
480 1
480 -1
479 1
479 -1
478 1
478 -1
476 1
476 -1
476 1
476 -1
475 1
475 -1
0 -1
1149 1
857 1
857 -1
524 1
524 -1
524 1
524 -1
523 1
523 -1
523 1
523 -1
522 1
523 -1
522 1
522 -1
522 1
522 -1
521 1
521 -1
520 1
520 -1
519 1
519 -1
518 1
518 -1
518 1
518 -1
516 1
516 -1
516 1
516 -1
515 1
515 -1
515 1
515 -1
514 1
514 -1
513 1
513 -1
513 1
513 -1
512 1
512 -1
512 1
512 -1
511 1
511 -1
511 1
511 -1
511 1
511 -1
508 1
508 -1
506 1
506 -1
506 1
506 -1
506 1
506 -1
504 1
504 -1
504 1
504 -1
501 1
501 -1
501 1
501 -1
499 1
499 -1
499 1
499 -1
498 1
498 -1
496 1
496 -1
495 1
495 -1
495 1
495 -1
494 1
494 -1
493 1
493 -1
493 1
493 -1
492 1
492 -1
491 1
491 -1
490 1
490 -1
490 1
490 -1
490 1
490 -1
490 1
490 -1
489 1
489 -1
489 1
489 -1
489 1
489 -1
487 1
487 -1
487 1
487 -1
486 1
486 -1
486 1
486 -1
482 1
482 -1
481 1
481 -1
480 1
480 -1
480 1
480 -1
478 1
479 -1
475 1
475 -1
475 1
476 -1
475 1
475 -1
475 1
475 -1
475 1
475 -1
475 1
475 -1
475 1
475 -1
475 1
475 -1
486 1
486 -1
0 -1
1149 1
524 1
524 -1
522 1
522 -1
521 1
521 -1
521 1
521 -1
520 1
520 -1
517 1
517 -1
517 1
517 -1
517 1
517 -1
516 1
516 -1
515 1
515 -1
513 1
513 -1
511 1
511 -1
510 1
510 -1
506 1
507 -1
506 1
506 -1
506 1
506 -1
505 1
505 -1
504 1
504 -1
504 1
504 -1
502 1
502 -1
501 1
501 -1
501 1
501 -1
500 1
500 -1
500 1
500 -1
499 1
499 -1
496 1
497 -1
496 1
496 -1
495 1
496 -1
494 1
494 -1
493 1
493 -1
492 1
492 -1
492 1
492 -1
491 1
491 -1
490 1
490 -1
489 1
489 -1
488 1
488 -1
488 1
488 -1
485 1
485 -1
483 1
483 -1
482 1
482 -1
481 1
481 -1
481 1
481 -1
481 1
481 -1
479 1
479 -1
478 1
478 -1
475 1
475 -1
502 -13
502 13
475 1
475 -1
0 -1
1149 1
524 1
524 -1
523 1
523 -1
522 1
522 -1
522 1
522 -1
521 1
521 -1
520 1
520 -1
519 1
520 -1
518 1
518 -1
516 1
516 -1
516 1
516 -1
516 1
516 -1
515 1
515 -1
515 1
515 -1
515 1
515 -1
514 1
514 -1
514 1
514 -1
512 1
512 -1
512 1
512 -1
512 1
512 -1
512 1
512 -1
512 1
512 -1
509 1
509 -1
509 1
509 -1
506 1
506 -1
504 1
504 -1
503 1
503 -1
503 1
503 -1
503 1
503 -1
503 1
503 -1
503 1
503 -1
503 1
503 -1
502 1
502 -1
501 1
501 -1
500 1
500 -1
500 1
500 -1
499 1
499 -1
498 1
498 -1
498 1
498 -1
497 1
497 -1
496 1
496 -1
496 1
496 -1
494 1
494 -1
493 1
493 -1
492 1
492 -1
492 1
492 -1
490 1
490 -1
490 1
490 -1
489 1
489 -1
486 1
486 -1
485 1
486 -1
485 1
485 -1
483 1
483 -1
480 1
480 -1
477 1
477 -1
476 1
476 -1
490 1
490 -1
