475 2.50193e-21
475 2.33417e-14
475 5.89166e-10
475 3.77349e-08
475 6.95703e-05
475 0.000421849
475 8.54207e-06
475 2.50193e-21
475 0.000122681
475 1.46638e-13
475 1.62467e-10
475 3.3981e-05
475 1.21983e-17
475 0.000343338
475 2.50193e-21
475 7.05522e-15
475 1.82477e-05
475 5.85414e-06
349 1.44904e-21
475 2.50193e-21
475 0.0005
475 2.50193e-21
475 8.26246e-08
475 0.00021028
475 2.50613e-83
475 5.15485e-10
475 3.6242e-22
475 5.60377e-19
475 0.000289637
475 2.50193e-21
475 0.0005
475 2.50193e-21
475 2.31791e-22
475 3.53758e-09
475 7.35139e-09
475 0.000499989
475 2.50193e-21
475 3.4366e-13
475 7.02654e-17
475 4.39697e-10
475 2.93019e-11
475 1.82502e-10
475 0.000499999
475 2.50193e-21
475 1.98851e-06
475 6.64903e-21
475 6.40423e-06
475 0
475 1.28754e-05
475 7.50766e-06
458 1.46711e-21
475 2.50193e-21
475 0.0005
