475 8.62765e-22
475 3.54086
475 0.459143
475 8.62765e-22
475 3.48426
475 0.459874
475 0.0535912
475 0.00227885
475 8.62765e-22
475 3.37602
475 0.623976
475 8.62765e-22
475 3.46388
475 0.533894
475 0.00222779
475 8.62765e-22
475 3.44729
475 0.552709
475 8.62765e-22
475 3.44115
475 0.53502
475 0.0238267
475 8.62765e-22
475 3.43633
475 0.558741
475 0.00493275
475 8.62765e-22
475 3.45588
475 0.456833
475 0.0818823
475 0.00540458
475 8.62765e-22
475 3.50191
475 0.484532
475 0.0135591
475 8.62765e-22
475 3.46555
475 0.53445
