475 5.00381e-22
475 4.42883e-06
475 9.96748e-06
475 1.56893e-08
393 1.65571e-22
475 5.00381e-22
475 7.95888e-06
475 4.17141e-06
475 6.94642e-08
450 1.65762e-22
475 5.00381e-22
475 1.15641e-05
475 3.36667e-08
433 1.74459e-22
475 5.00381e-22
475 6.73434e-06
475 1.88784e-06
475 6.85323e-06
475 4.52459e-06
475 5.00381e-22
475 1.11129e-05
475 8.88713e-06
475 5.00381e-22
475 5.24177e-07
475 1.15688e-05
475 7.90704e-06
475 5.00381e-22
475 5.94242e-06
475 4.52913e-06
475 1.74167e-08
349 2.04601e-22
475 5.00381e-22
475 4.6744e-06
475 3.60986e-06
475 1.78718e-06
475 9.92857e-06
475 5.00381e-22
475 4.91236e-06
475 6.08735e-06
475 9.00029e-06
475 5.00381e-22
475 1.37916e-05
475 4.04502e-10
0 3.35659e-22
