0 -1
479 1
477 1
477 -1
477 1
477 -1
477 1
477 -1
476 1
476 -1
475 1
475 -1
475 1
475 -1
475 1
475 -1
475 1
475 -1
475 1
475 -1
477 1
477 -1
0 -1
479 1
477 1
477 -1
476 1
476 -1
476 1
476 -1
476 1
476 -1
475 1
475 -1
475 1
475 -1
475 1
475 -1
475 1
475 -1
0 -1
479 1
477 1
477 -1
477 1
477 -1
476 1
476 -1
476 1
476 -1
475 1
475 -1
0 -1
479 1
477 1
477 -1
477 1
477 -1
477 1
477 -1
476 1
476 -1
476 1
476 -1
476 1
476 -1
476 1
476 -1
475 1
475 -1
475 1
475 -1
475 1
475 -1
475 1
475 -1
475 1
475 -1
475 1
475 -1
475 1
475 -1
475 1
475 -1
0 -1
479 1
477 1
477 -1
476 1
476 -1
476 1
476 -1
476 1
476 -1
476 1
476 -1
475 1
475 -1
475 1
475 -1
475 1
475 -1
475 1
475 -1
0 -1
479 1
476 1
476 -1
476 1
476 -1
476 1
476 -1
476 1
476 -1
476 1
476 -1
475 1
475 -1
475 1
475 -1
0 -1
479 1
477 1
477 -1
477 1
477 -1
477 1
477 -1
476 1
476 -1
476 1
476 -1
476 1
476 -1
476 1
476 -1
476 1
476 -1
476 1
476 -1
475 1
475 -1
475 1
475 -1
475 1
475 -1
475 1
475 -1
475 1
475 -1
0 -1
479 1
477 1
477 -1
477 1
477 -1
477 1
477 -1
476 1
476 -1
476 1
476 -1
476 1
476 -1
476 1
476 -1
476 1
476 -1
475 1
475 -1
475 1
475 -1
475 1
475 -1
0 -1
479 1
477 1
477 -1
476 1
476 -1
475 1
475 -1
475 1
475 -1
475 1
475 -1
475 1
475 -1
475 1
475 -1
475 1
475 -1
0 -1
479 1
476 1
476 -1
476 1
476 -1
476 1
476 -1
476 1
476 -1
476 1
476 -1
475 1
475 -1
475 1
475 -1
475 1
475 -1
475 1
475 -1
475 1
475 -1
475 1
475 -1
