475 0
525 0
850 0
1149 0
475 0
488 9.05024e-07
492 4.14686e-06
484 0
403 0
475 0
492 2.22909e-07
525 0
898 0
1032 0
1032 0
475 0
492 6.52852e-06
488 2.5745e-06
490 2.40102e-06
486 4.25708e-06
486 3.40441e-06
477 3.42113e-06
493 2.11343e-08
501 5.2333e-07
508 0
687 0
475 0
486 4.10588e-06
481 0
441 0
475 0
525 0
850 0
1149 0
475 0
489 4.42259e-07
495 4.35314e-06
495 9.36298e-08
498 0
523 0
475 0
484 1.54112e-06
502 0
664 0
475 0
525 0
850 0
1149 0
475 0
493 9.80626e-07
519 3.09502e-06
519 1.51728e-06
521 0
612 0
475 0
511 1.3785e-06
518 1.98975e-06
512 0
426 0
475 0
490 2.37769e-06
498 2.96255e-06
498 0
483 0
475 0
522 6.82164e-06
484 4.89674e-06
506 3.14256e-06
504 3.66566e-06
525 0
850 0
850 0
475 0
518 2.8441e-06
525 0
587 0
475 0
485 6.15288e-06
475 0
122 0
475 0
496 1.21819e-06
497 6.39864e-06
492 3.68318e-06
496 0
551 0
475 0
490 9.33113e-07
490 5.28248e-07
494 4.19292e-06
493 4.96281e-06
491 5.23177e-06
502 2.70679e-06
495 3.2614e-06
494 3.04015e-06
493 8.649e-07
492 3.2133e-06
483 1.81403e-06
488 2.39558e-06
475 0
161 0
475 0
482 3.97851e-06
479 0
451 0
475 0
501 2.12168e-06
515 0
638 0
475 0
514 6.04986e-06
484 0
213 0
475 0
518 6.14398e-06
508 5.94096e-06
521 5.2157e-06
488 0
258 0
475 0
508 5.79344e-06
495 1.12665e-06
494 5.79335e-06
493 2.14893e-06
494 1.60248e-06
494 3.2862e-07
490 1.77468e-06
491 2.62362e-06
506 1.88586e-07
506 1.24561e-06
513 0
719 0
475 0
484 6.19291e-06
483 3.83463e-07
477 2.23549e-06
475 0
387 0
475 0
488 4.08267e-07
491 9.70365e-08
501 2.82852e-06
509 5.98403e-06
475 0
174 0
475 0
503 4.74794e-06
502 2.46555e-06
496 4.43956e-06
511 1.20156e-06
525 0
815 0
475 0
479 2.89085e-06
482 3.16642e-07
482 2.81424e-06
475 0
344 0
475 0
476 1.77631e-07
480 2.79095e-06
483 2.04088e-06
488 0
540 0
475 0
496 3.10262e-06
497 3.08127e-06
475 1.61349e-06
475 0
373 0
475 0
480 4.92445e-06
478 6.5172e-07
481 2.08896e-07
484 0
600 0
475 0
481 2.14155e-06
492 0
596 0
475 0
497 8.48427e-08
525 0
873 0
1081 0
1081 0
475 0
525 0
850 0
1149 0
475 0
525 0
850 0
1149 0
475 0
506 6.68452e-06
494 1.37204e-06
483 0
380 0
475 0
492 5.07735e-06
487 1.59917e-06
475 0
288 0
475 0
525 0
850 0
1149 0
475 0
525 0
850 0
1149 0
475 0
489 5.5272e-06
475 0
316 0
475 0
525 0
850 0
1149 0
475 0
477 4.03375e-06
475 0
445 0
475 0
525 0
850 0
1149 0
475 0
525 0
850 0
1149 0
475 0
487 1.21636e-06
514 0
755 0
475 0
508 6.34052e-06
502 4.99874e-06
502 1.27376e-07
503 2.96179e-06
504 2.71667e-06
505 1.82618e-06
517 1.20306e-06
524 4.03144e-06
514 1.84876e-06
515 2.39863e-06
500 2.70659e-06
525 0
872 0
475 0
496 4.18157e-06
495 8.07615e-07
495 4.67329e-06
491 1.34741e-06
487 0
364 0
475 0
491 5.9563e-06
486 3.89558e-06
487 0
487 0.00101378
510 0
751 0
505 0
699 0
475 0
501 1.9082e-06
506 6.22608e-06
506 3.55704e-06
508 4.59396e-06
489 1.53559e-06
489 3.50136e-06
494 2.51044e-06
492 0
441 0
475 0
478 6.55627e-06
475 0
0 0
475 0
478 3.15965e-06
478 5.45724e-06
499 0
692 0
475 0
491 9.9316e-07
510 3.44064e-06
508 2.81015e-06
475 0
20 0
475 0
501 4.66754e-06
493 0
418 0
475 0
475 4.24708e-06
475 0
423 0
475 0
525 0
850 0
1149 0
475 0
525 0
850 0
1149 0
475 0
478 5.06601e-06
477 6.12471e-06
481 4.9335e-06
475 0
310 0
475 0
521 5.87746e-06
494 0
251 0
475 0
492 5.86261e-06
480 3.89218e-06
476 4.8258e-06
475 0
451 0
475 0
498 3.78901e-06
497 1.99966e-06
499 2.13334e-06
508 0
673 0
475 0
488 8.80137e-07
494 6.48384e-06
490 4.0744e-06
491 2.79215e-06
487 0
460 0
475 0
493 4.23369e-06
488 0
446 0
475 0
506 2.15509e-06
520 0
645 0
475 0
482 4.88407e-06
479 5.07725e-06
475 0
344 0
475 0
508 6.85077e-06
475 0
0 0
475 0
476 7.79985e-07
500 1.41061e-07
512 5.44624e-06
509 5.7878e-06
511 8.01144e-07
511 0
484 0
475 0
488 3.50191e-06
488 1.92815e-06
493 7.7204e-07
490 0
409 0
475 0
500 5.25774e-06
485 1.53803e-06
480 0
339 0
475 0
525 0
850 0
1149 0
475 0
502 6.82374e-06
494 1.03441e-06
475 0
74 0
475 0
484 3.84978e-07
486 3.36824e-06
486 5.83103e-06
492 1.135e-06
496 0
496 0.000256358
504 0
475 0
0 0
504 0.0649261
504 0.157714
505 0.124334
505 0.162964
504 0.0992444
504 0.149241
504 0.128641
504 0.106609
504 0.112079
503 0.117011
503 0.142819
503 0.481787
504 0.0835097
502 0
502 0
492 0
497 0
542 0
492 0.074085
502 0.064558
503 0.597747
503 0.214488
503 0.446905
503 0.230856
503 0.001564
503 0.00156443
502 0
621 0
475 0
477 5.9171e-06
475 0
243 0
475 0
475 1.10993e-06
485 1.99939e-06
479 0
395 0
475 0
478 3.89931e-06
477 8.70602e-07
480 5.5928e-06
487 4.16779e-06
493 3.45332e-06
503 8.6352e-07
503 0
523 0
475 0
497 1.93729e-06
499 6.40852e-06
496 6.78458e-07
496 5.01036e-06
522 0
778 0
475 0
514 3.79081e-06
512 0
499 0
475 0
525 0
850 0
1149 0
475 0
496 1.92694e-06
500 5.14842e-06
493 5.90292e-07
493 0
503 0
475 0
525 0
850 0
1149 0
475 0
497 6.15293e-06
476 3.68863e-06
485 0
751 0
475 0
525 0
850 0
1149 0
475 0
506 3.53847e-06
506 5.79006e-06
500 0
455 0
475 0
505 3.12458e-06
508 5.68342e-06
513 4.34073e-06
510 2.84514e-06
506 2.50575e-06
513 0
679 0
475 0
507 4.58752e-06
502 1.4288e-06
495 5.85335e-06
507 3.86265e-06
511 3.94317e-06
510 2.2485e-06
525 0
677 0
475 0
524 5.79451e-07
525 0
942 0
475 0
523 3.46335e-06
524 0
535 0
475 0
487 4.4991e-06
484 9.45288e-07
488 3.04768e-06
475 0
318 0
475 0
483 2.53559e-06
491 0
564 0
475 0
525 0
850 0
1149 0
475 0
485 6.30222e-06
478 3.6126e-06
483 0
524 0
475 0
477 6.61488e-06
475 0
0 0
475 0
496 1.08194e-06
496 3.55352e-06
485 4.95916e-06
475 0
388 0
475 0
525 0
850 0
1149 0
475 0
525 0
850 0
1149 0
475 0
497 2.07087e-06
502 4.35452e-06
525 0
843 0
475 0
508 3.19392e-06
510 2.73857e-06
515 0
595 0
475 0
478 2.18588e-06
480 2.42112e-06
477 0
438 0
475 0
489 1.42637e-06
510 0
692 0
475 0
479 5.14299e-06
475 0
346 0
475 0
478 1.15321e-06
504 0
735 0
475 0
488 4.20771e-07
525 0
910 0
1012 0
1012 0
475 0
481 3.24011e-06
482 2.40467e-06
492 5.48152e-06
490 1.59714e-06
505 2.84442e-06
500 2.3927e-06
494 2.32049e-06
495 0
853 0
853 0
