475 0
477 2.96102e-05
475 0
354 0
475 0
479 1.49034e-05
488 0
565 0
475 0
477 2.57053e-05
475 0
426 0
475 0
488 2.46997e-05
484 2.29119e-05
475 0
283 0
475 0
525 0
850 0
1149 0
475 0
484 3.16302e-05
475 0
325 0
475 0
486 3.83e-05
475 0
116 0
475 0
525 0
850 0
1149 0
475 0
513 4.14323e-05
476 2.68375e-06
475 0
0 0
475 0
495 2.56554e-06
500 1.14869e-05
501 1.6351e-05
475 0
53 0
475 0
525 0
850 0
1149 0
475 0
521 3.9147e-05
502 1.54928e-05
507 1.51817e-05
522 2.36818e-05
519 0
415 0
475 0
502 8.87369e-06
520 2.5654e-05
525 0
620 0
475 0
477 3.65449e-05
475 0
159 0
475 0
518 5.16058e-06
525 0
898 0
475 0
499 1.46046e-05
500 8.87921e-06
507 3.58642e-05
492 1.0842e-05
479 1.96357e-05
480 2.54025e-05
475 0
408 0
475 0
482 2.77233e-05
475 0
389 0
475 0
491 2.49922e-05
490 3.10233e-06
482 0
393 0
475 0
494 4.74675e-06
497 1.91282e-05
506 4.73824e-06
503 0
473 0
475 0
498 1.98485e-06
525 0
852 0
1059 0
475 0
481 2.21927e-05
481 1.89201e-05
475 0
347 0
475 0
483 1.62208e-05
490 0
550 0
475 0
484 4.35814e-07
486 2.47139e-05
484 1.92188e-05
489 1.9914e-05
492 1.2184e-06
492 1.34746e-05
495 0
885 0
1050 0
1148 0
475 0
482 3.66634e-05
475 0
154 0
475 0
525 0
850 0
1149 0
475 0
525 0
850 0
1149 0
475 0
500 2.53251e-05
499 2.44022e-05
503 3.40676e-05
503 1.42796e-05
505 2.37383e-05
505 2.60091e-06
506 5.9109e-06
508 4.31305e-06
501 1.54495e-05
507 0
757 0
475 0
476 3.55886e-05
475 0
203 0
475 0
504 7.84408e-06
525 0
736 0
475 0
489 3.0628e-05
489 2.79508e-05
492 1.58077e-05
496 1.88208e-05
498 0
540 0
475 0
495 7.86365e-06
505 1.15949e-05
525 0
717 0
475 0
497 2.92585e-05
490 4.38809e-06
494 0
577 0
475 0
525 0
850 0
1149 0
475 0
525 0
850 0
1149 0
475 0
501 3.25901e-05
497 2.50813e-05
498 2.35864e-05
476 1.8058e-05
475 0
362 0
475 0
482 3.67303e-05
477 2.57818e-05
501 2.65967e-05
482 3.88642e-06
479 1.07535e-05
488 0
791 0
475 0
525 0
850 0
1149 0
475 0
525 0
850 0
1149 0
475 0
496 2.90057e-05
488 2.51914e-05
495 8.95809e-07
497 3.07091e-05
503 1.29303e-05
512 0
694 0
475 0
476 1.81571e-05
477 3.32615e-05
475 0
385 0
475 0
483 2.51959e-05
481 3.58309e-05
481 0
477 0
475 0
511 3.88775e-07
517 2.64206e-05
517 2.18232e-05
525 0
850 0
1148 0
1149 0
475 0
485 1.1106e-05
499 1.59784e-05
495 2.93079e-05
491 4.22168e-06
490 0
485 0
475 0
489 3.11954e-05
475 8.98423e-06
475 0
0 0
475 0
525 0
850 0
1149 0
475 0
525 0
850 0
1149 0
475 0
486 1.9348e-05
487 1.34537e-05
525 0
852 0
1141 0
1149 0
475 0
522 6.91463e-06
525 0
759 0
475 0
492 1.76989e-05
493 3.92181e-05
492 2.93684e-05
494 0
508 0
475 0
517 2.1605e-05
517 0
517 0
475 0
495 4.01539e-05
475 0
0 0
475 0
475 3.12825e-05
475 0
323 0
475 0
487 2.10504e-05
488 9.83075e-06
501 1.39702e-05
504 1.02198e-05
495 0
265 0
475 0
490 2.8193e-06
505 3.12007e-05
488 0
312 0
475 0
491 3.25088e-05
475 7.46714e-06
475 0
462 0
475 0
477 8.36423e-06
489 1.9517e-05
509 9.75709e-06
508 2.13182e-05
517 3.29682e-05
514 4.4632e-06
507 2.78183e-05
525 0
1097 0
475 0
505 9.21324e-06
506 1.24678e-05
525 0
742 0
475 0
484 4.36873e-06
522 0
864 0
475 0
488 1.7696e-05
489 2.38584e-05
498 0
574 0
475 0
495 6.22247e-06
504 3.8012e-05
494 0
422 0
475 0
525 0
850 0
1149 0
475 0
480 3.12019e-05
475 0
336 0
475 0
485 2.01786e-06
525 0
850 0
1033 0
475 0
493 2.41056e-05
492 3.35448e-05
484 1.01911e-05
479 1.74155e-05
494 0
656 0
475 0
525 0
850 0
1149 0
475 0
509 3.13548e-05
503 1.22862e-05
475 0
0 0
475 0
480 2.87537e-05
475 0
354 0
475 0
491 1.34081e-05
495 3.49504e-05
475 0
0 0
475 0
483 2.5868e-05
480 2.62701e-05
475 0
0 0
475 0
525 0
850 0
1149 0
475 0
498 2.73791e-05
495 1.41845e-05
484 1.66398e-06
484 8.28658e-06
483 0
372 0
475 0
486 3.57086e-05
475 0
234 0
475 0
525 0
850 0
1149 0
475 0
525 0
850 0
1149 0
475 0
478 3.56813e-05
475 0
148 0
475 0
480 6.0315e-06
493 2.41291e-05
480 0
258 0
475 0
514 1.16162e-05
525 0
657 0
475 0
507 1.22532e-05
521 0
648 0
475 0
493 7.71183e-06
511 4.64605e-07
513 1.36313e-05
513 0
549 0
475 0
482 2.72952e-05
475 2.3099e-05
477 0
503 0
475 0
477 8.28842e-06
480 2.20125e-05
475 0
182 0
475 0
525 0
850 0
1149 0
475 0
476 9.5958e-06
500 0
717 0
475 0
525 0
850 0
1149 0
475 0
480 5.206e-06
501 3.63876e-05
498 1.54738e-05
496 0
443 0
475 0
483 5.57398e-06
485 5.77999e-06
490 3.47815e-05
492 1.26413e-05
488 5.03099e-06
492 1.31632e-05
525 0
862 0
1102 0
1149 0
475 0
524 2.80692e-05
516 0
442 0
475 0
525 0
850 0
1066 0.000104322
1089 0
1113 0
475 0
488 1.69682e-05
494 0
549 0
475 0
525 0
850 0
1149 0
475 0
525 0
850 0
1149 0
475 0
479 3.4172e-05
475 0
282 0
475 0
493 1.20757e-05
508 0
642 0
475 0
488 7.59273e-06
506 1.514e-05
506 2.60883e-05
497 1.53054e-05
496 2.04883e-05
510 0
673 0
475 0
488 1.66721e-05
495 0
554 0
475 0
525 0
850 0
1149 0
475 0
525 0
850 0
1149 0
475 0
488 2.36027e-05
488 7.28338e-06
503 3.17989e-05
475 0
0 0
475 0
495 2.7102e-06
508 9.77718e-06
511 0
548 0
475 0
496 2.71169e-05
489 0
420 0
