0.0581339
0.0511349
0.0516991
0.0601462
0.0633504
0.0625378
0.0349569
0.0551351
0.035531
0.0396311
0.0517479
0.0681647
0.0794227
0.0373768
0.0639167
0.0661884
0.0342727
0.0352974
0.0386158
0.0667403
0.0660661
0.042916
0.0538548
0.0366936
0.0768876
0.0669971
0.036762
0.0445632
0.0479263
0.0666065
0.0473795
0.0695759
0.0658863
0.0519209
0.0768111
0.0505236
0.0464417
0.0598284
0.0369591
0.035533
0.0399392
0.0366708
0.0422032
0.0627008
0.0629272
0.035804
0.0731324
0.0459569
0.0416124
0.0440977
0.0541056
0.0768553
0.0499412
0.0198891
0.049783
0.046717
0.0462262
0.050887
0.0500788
0.001564
0.00556962
