475 5.00381e-22
475 1.04029e-05
475 9.59714e-06
475 5.00381e-22
475 1.37867e-05
475 3.67447e-09
0 3.17508e-22
475 5.00381e-22
475 9.6689e-06
475 6.16782e-06
475 4.16329e-06
475 5.00381e-22
475 1.01028e-05
475 9.8972e-06
475 5.00381e-22
475 1.50315e-06
475 2.70078e-06
475 4.60964e-06
475 2.88677e-06
475 3.42879e-08
411 1.86581e-22
475 5.00381e-22
475 5.36632e-06
475 2.96977e-06
475 3.10071e-06
475 3.80182e-10
379 1.97991e-22
475 5.00381e-22
475 3.86366e-06
475 9.20043e-06
475 6.93591e-06
475 5.00381e-22
475 1.0126e-05
475 9.60786e-09
262 2.54773e-22
475 5.00381e-22
475 7.25432e-06
475 4.87996e-07
475 2.96413e-06
475 9.29356e-06
475 5.00381e-22
475 5.99602e-06
475 5.13381e-07
475 7.94436e-06
475 5.54624e-06
