475 2.23784e-21
475 3.28577e-08
475 2.17021e-13
475 2.06205e-06
0 2.23338e-21
475 2.23784e-21
475 3.11431e-08
475 6.99687e-13
475 1.17376e-36
475 0.000399969
475 2.23784e-21
475 7.82508e-40
475 1.38057e-23
475 1.74961e-07
475 5.178e-17
475 8.21482e-13
475 1.09314e-11
475 1.4213e-08
475 3.84871e-05
475 1.46188e-26
475 1.54071e-09
475 0.000361322
475 2.23784e-21
475 6.89985e-36
475 1.56884e-67
475 7.72135e-31
475 1.76626e-21
475 1.52928e-16
475 4.55933e-09
475 2.53145e-10
475 0.00016452
475 3.75429e-39
475 1.44989e-07
475 1.67154e-48
475 3.21655e-39
475 2.78156e-55
475 2.85762e-17
475 1.76642e-32
475 9.10322e-41
475 6.41733e-19
475 1.68806e-07
475 1.64318e-57
475 1.9972e-55
475 3.1104e-57
475 2.63815e-32
475 8.60669e-06
475 6.49754e-26
475 4.57594e-17
475 2.52749e-19
475 2.68838e-13
475 2.98929e-10
475 1.80384e-109
475 5.43483e-87
475 4.13343e-15
475 3.57488e-12
475 0.000226555
475 2.23784e-21
475 1.25168e-21
475 8.26764e-28
475 9.69026e-05
475 1.62376e-05
475 0.00028686
475 2.23784e-21
475 3.86351e-10
475 1.19829e-07
475 9.0483e-24
475 3.57114e-30
475 2.97288e-05
475 3.56011e-05
475 1.01632e-37
475 2.06511e-09
475 3.15835e-23
475 2.6759e-05
475 2.66895e-118
475 1.21068e-05
475 1.63036e-06
475 1.5e-68
475 8.03669e-13
475 2.35857e-94
475 2.92251e-14
475 5.66164e-07
475 6.24935e-05
475 1.56465e-17
475 3.33491e-40
475 5.44966e-27
475 2.41652e-07
475 1.30169e-60
475 1.09404e-44
475 2.95977e-24
475 1.16969e-07
475 7.34687e-09
475 4.57685e-21
475 4.77321e-07
475 6.43459e-22
475 6.1555e-09
475 2.67032e-33
475 1.11257e-16
475 4.4084e-53
475 1.14557e-07
475 1.59126e-07
475 1.20491e-25
475 1.79742e-64
475 1.08208e-25
475 3.0148e-71
475 3.73994e-20
475 2.53853e-12
475 6.90495e-24
475 1.86819e-52
475 2.93835e-33
475 3.12363e-09
475 2.09684e-103
475 1.42971e-16
475 1.24807e-23
475 9.90869e-24
475 4.6357e-52
475 1.58193e-09
475 1.44868e-10
475 1.18001e-16
475 1.36218e-12
475 1.70839e-40
475 1.50053e-06
475 8.5119e-54
475 2.57773e-22
475 4.91453e-59
475 7.61856e-98
475 1.99772e-05
475 6.43078e-21
475 4.88079e-20
475 2.13172e-20
475 5.98137e-73
475 2.26485e-39
475 2.49825e-13
475 5.76327e-30
475 4.11743e-11
475 1.13138e-58
475 1.90573e-78
475 2.13783e-30
475 5.7445e-93
475 4.46327e-22
475 2.17287e-42
475 4.527e-08
475 9.32278e-16
475 6.41623e-64
475 0.000123313
475 5.85294e-05
475 4.81989e-06
475 5.05253e-06
475 6.38038e-06
475 1.39225e-06
475 3.1183e-06
166 2.41068e-22
475 2.23784e-21
475 1.61158e-06
475 2.5574e-11
475 3.76773e-07
475 5.93125e-22
475 1.55236e-05
475 1.14128e-16
475 3.68655e-12
475 2.42083e-49
475 1.96629e-08
475 3.56133e-08
475 0.000382433
475 2.23784e-21
475 0.000368987
475 1.70902e-05
475 3.27532e-06
475 5.74534e-06
475 2.91902e-07
332 1.51755e-22
475 2.23784e-21
475 9.08088e-44
475 1.92453e-29
475 6.24124e-55
475 1.09287e-05
475 2.49572e-28
475 2.00746e-05
475 2.81641e-22
475 4.62166e-10
475 3.51574e-05
475 4.04934e-24
475 3.69925e-14
475 3.73279e-14
475 1.67907e-14
475 3.8257e-06
475 0
475 1.01014e-23
475 1.2916e-29
475 9.56078e-39
475 1.45833e-24
475 1.53146e-06
475 1.87271e-07
475 2.90871e-06
360 1.17592e-21
475 2.23784e-21
475 1.64708e-28
475 0.0004
