475 1.75878e-20
475 0.04
475 1.75878e-20
475 0.0389317
475 0.00106833
475 1.75878e-20
475 0.04
475 1.75878e-20
475 0.04
475 1.75878e-20
475 0.04
475 1.75878e-20
475 0.0384984
475 0.00150158
475 1.75878e-20
475 0.04
475 1.75878e-20
475 0.0234157
475 0.00488704
475 0.0116973
475 1.75878e-20
475 0.0376372
475 0.00236285
475 1.75878e-20
475 0.0168042
475 0.0231958
475 1.75878e-20
475 0.04
475 1.75878e-20
475 0.0182299
475 0.00962812
475 0.0121419
475 1.75878e-20
475 0.04
475 1.75878e-20
475 0.039938
475 6.19979e-05
475 1.75878e-20
475 0.04
475 1.75878e-20
475 0.031591
475 0.00840897
475 1.75878e-20
475 0.00585966
475 0.0245557
475 0
475 0.00958465
475 1.75878e-20
475 0.0372933
475 0.0027067
475 1.75878e-20
475 0.0314453
475 0.00855468
475 1.75878e-20
475 0.04
475 1.75878e-20
475 0.04
475 1.75878e-20
475 0.0393547
475 0.000645291
475 1.75878e-20
475 0.04
475 1.75878e-20
475 0.04
475 1.75878e-20
475 0.04
475 1.75878e-20
475 0.0275866
475 0.0124134
475 1.75878e-20
475 0.0141844
475 0.0258156
475 1.75878e-20
475 0.04
475 1.75878e-20
475 0.0384853
475 3.5483e-05
475 0.00147921
475 1.75878e-20
475 0.04
475 1.75878e-20
475 0.0296049
475 0.0103951
475 1.75878e-20
475 0.04
475 1.75878e-20
475 0.04
475 1.75878e-20
475 0.04
475 1.75878e-20
475 0.0254506
475 0.0145494
475 1.75878e-20
475 0.04
475 1.75878e-20
475 0.0369746
475 0.00302543
475 1.75878e-20
475 0.0319386
475 0.00806139
475 1.75878e-20
475 0.0102825
475 0.0237335
475 0.00598401
475 1.75878e-20
475 0.0348515
475 0.00514848
475 1.75878e-20
475 0.04
475 1.75878e-20
475 0.038599
475 0.00140103
475 1.75878e-20
475 0.04
475 1.75878e-20
475 0.00772827
475 0.0322717
475 1.75878e-20
475 0.04
475 1.75878e-20
475 0.0249324
475 0.0150676
475 1.75878e-20
475 0.0389109
475 1.19712e-06
475 0.00108792
475 1.75878e-20
475 0.0392528
475 0.0007472
475 1.75878e-20
475 0.04
475 1.75878e-20
475 0.04
475 1.75878e-20
475 0.0327211
475 0.00727888
475 1.75878e-20
475 0.0214293
475 0.0185707
475 1.75878e-20
475 0.04
475 1.75878e-20
475 0.04
475 1.75878e-20
475 0.0304141
475 0.00958589
475 1.75878e-20
475 0.04
475 1.75878e-20
475 0.04
475 1.75878e-20
475 0.0251703
475 0.0148297
475 1.75878e-20
475 0.04
475 1.75878e-20
475 0.04
475 1.75878e-20
475 0.04
475 1.75878e-20
475 0.0071105
475 0.0151096
475 0.00985358
475 0.00792631
475 1.75878e-20
475 0.0173447
475 0.0130811
475 0.00957422
475 1.75878e-20
475 0.0316614
475 0.00833865
475 1.75878e-20
475 0.04
475 1.75878e-20
475 0.0346128
475 0.00538723
475 1.75878e-20
475 0.04
475 1.75878e-20
475 0.0162621
475 0.00431261
475 0.0133399
475 0.00608537
475 1.75878e-20
475 0.0190586
475 0.0209414
475 1.75878e-20
475 0.0270301
475 0.0129699
475 1.75878e-20
475 0.0262781
475 0.0137219
475 1.75878e-20
475 0.0137809
475 0.00189879
475 0.0243203
475 1.75878e-20
475 0.04
475 1.75878e-20
475 0.04
475 1.75878e-20
475 0.0138065
475 0.0207657
475 0.00542782
475 1.75878e-20
475 0.0328605
475 0.00713952
475 1.75878e-20
475 0.0353704
475 0.00462957
475 1.75878e-20
475 0.04
475 1.75878e-20
475 0.0304135
475 0.00958645
475 1.75878e-20
475 0.04
475 1.75878e-20
475 0.0189789
475 0.0069573
475 0.0140638
475 1.75878e-20
475 0.0349096
475 0.00509036
475 1.75878e-20
475 0.04
475 1.75878e-20
475 0.0124295
475 0.0067961
475 0.0207744
475 1.75878e-20
475 0.00998463
475 0.0300154
475 1.75878e-20
475 0.04
475 1.75878e-20
475 0.04
475 1.75878e-20
475 0.0345656
475 0.000980026
475 0.00445434
475 1.75878e-20
475 0.0293314
475 0.0106686
475 1.75878e-20
475 0.0114355
475 0.0133606
475 0.0152039
475 1.75878e-20
475 0.0138705
475 0.0102629
475 0.0158666
475 1.75878e-20
475 0.0299463
475 0.0100537
475 1.75878e-20
475 0.018248
475 0.0197453
475 0.00200668
475 1.75878e-20
475 0.04
475 1.75878e-20
475 0.0319067
475 0.00809326
475 1.75878e-20
475 0.04
475 1.75878e-20
475 0.0110324
475 0.0278108
475 0.00115684
475 1.75878e-20
475 0.04
475 1.75878e-20
475 0.04
475 1.75878e-20
475 0.04
