475 0
525 0
850 0
1149 0
475 0
525 0
850 0
1149 0
475 0
525 0
850 0
1149 0
475 0
525 0
850 0
1149 0
475 0
509 0
525 0
852 0
1141 0
1149 0
509 0.0518313
475 0
516 0
525 0
850 0
1149 0
1149 0
516 0.00508948
475 0
525 0
850 0
1149 0
475 0
525 0
850 0
1149 0
475 0
525 0
850 0
1149 0
475 0
525 0
850 0
1149 0
475 0
525 0
850 0
1149 0
475 0
496 0
525 0
856 0
1127 0
1149 0
496 0.0970094
475 0
525 0
850 0
1149 0
475 0
525 0
850 0
1149 0
475 0
525 0
850 0
1149 0
475 0
525 0
850 0
1149 0
475 0
525 0
850 0
1149 0
475 0
525 0
850 0
1149 0
475 0
525 0
850 0
1149 0
475 0
514 0
514 1.66315
514 2.75586
514 3.11832
514 2.72717
505 0
502 0
451 0
525 0
851 0
941 0
516 0
524 0
659 0
516 0.143896
525 0
784 0
505 0.0250946
475 0
525 0
850 0
1149 0
475 0
525 0
850 0
1149 0
475 0
513 0
520 0
520 1.22361
513 0.272994
525 0
892 0
525 0
615 0
510 0
503 0
503 0
516 0
512 0
512 0
514 0
512 0.0129419
516 0.0207214
503 0.0335361
503 0.090214
510 0.0641769
525 0
1022 0
475 0
525 0
850 0
1149 0
475 0
508 0
525 0
856 0
1126 0
1149 0
508 0.246709
475 0
493 0
493 0.715554
493 2.8069
525 0
853 0
1138 0
1149 0
525 0
850 0
1147 0
1149 0
494 0
491 0
475 0
275 0
491 0.0255749
494 0.153806
492 0
484 0
475 0
525 0
850 0
1149 0
475 0
525 0
850 0
1149 0
475 0
486 0
525 0
861 0
1114 0
1149 0
486 0.235261
475 0
525 0
850 0
1149 0
475 0
525 0
850 0
1149 0
475 0
525 0
850 0
1149 0
475 0
515 0
525 0
872 0
1083 0
1149 0
515 0.426891
475 0
525 0
850 0
1149 0
475 0
525 0
850 0
1149 0
475 0
507 0
525 0
864 0
1103 0
1149 0
507 0.324756
475 0
500 0
525 0
850 0
1149 0
1149 0
500 0.152268
475 0
514 0
525 0
856 0
1127 0
1149 0
514 0.331897
475 0
525 0
850 0
1149 0
475 0
525 0
850 0
1149 0
475 0
525 0
850 0
1149 0
475 0
525 0
850 0
1149 0
475 0
525 0
850 0
1149 0
475 0
525 0
850 0
1149 0
475 0
525 0
850 0
1149 0
475 0
525 0
850 0
1149 0
475 0
525 0
850 0
1149 0
475 0
484 0
484 1.31988
484 2.31921
484 0.0643795
508 0
728 0
522 0
871 0
475 0
211 0
475 0
525 0
850 0
1149 0
475 0
525 0
850 0
1149 0
475 0
525 0
850 0
1149 0
475 0
489 0
489 1.57228
522 0
816 0
477 0
367 0
476 0
476 0
469 0
476 0.0421046
476 0.113146
476 0.144721
476 0.256852
476 0.234099
475 0.042587
475 0.253412
475 0.104097
507 8.43707e-24
475 0.0409228
476 0.0446152
476 0.0891871
476 0.191356
476 0.0445344
476 0
484 0
487 0
530 0
484 0.00446754
476 0.0071875
475 0
525 0
850 0
1149 0
475 0
525 0
850 0
1149 0
475 0
525 0
850 0
1149 0
475 0
499 0
514 0
525 0
855 0
1132 0
1149 0
514 0.00162524
499 0.254586
475 0
525 0
850 0
1149 0
475 0
525 0
850 0
1149 0
475 0
489 0
525 0
852 0
1141 0
1149 0
489 0.247131
475 0
486 0
486 5.35156
486 2.92283
486 3.24774
486 1.58135
475 0
356 0
488 0
480 0
482 0
510 0
491 0
489 0
413 0
495 0
497 0
680 0
500 0
592 0
495 0
423 0
489 0
520 0
491 0
574 0
475 0
396 0
486 0
488 0
475 0
350 0
504 0
510 0
884 0
968 0
495 0.156861
491 0.28877
480 0.115871
488 2.58196
488 3.46028
504 0.245459
504 0.253109
504 0.0650341
504 0.0722809
504 0.552262
504 0.0379565
504 0.0437326
504 0.0645409
504 0.100527
475 0
478 0
478 0.648165
478 1.74824
478 0.133848
525 0
850 0
1002 0
480 0
475 0
233 0
480 0.0470404
493 0
620 0
475 0
368 0
475 0
506 0
525 0
878 0
1068 0
1149 0
506 0.314764
475 0
525 0
850 0
1149 0
475 0
525 0
850 0
1149 0
475 0
524 0
525 0
855 0
1129 0
1149 0
524 0.0884182
475 0
476 0
476 0.76829
476 2.82477
476 3.07641
476 2.4981
475 0
435 0
503 0
524 0
525 0
873 0
1073 0
1149 0
486 0
576 0
498 0
504 0
493 0
486 0
0 0
493 0.0162742
504 0.075609
498 0.04386
505 0
761 0
475 0
171 0
524 0.429946
503 0.0774257
475 0
525 0
850 0
1149 0
475 0
525 0
850 0
1149 0
475 0
525 0
850 0
1149 0
475 0
509 0
509 1.5644
509 3.0389
509 0.011884
509 0.0240115
480 0
515 0
857 0
525 0
819 0
515 0
516 0
516 0
499 0
335 0
525 0
851 0
1145 0
1149 0
516 0
510 0
511 0
532 0
510 0.162637
516 0.562582
516 0.0800868
479 0
123 0
514 0
516 0
532 0
514 0.00440559
521 0
577 0
525 0
836 0
522 0
508 0
363 0
516 0.229415
516 1.21435
515 0.319103
515 3.28482
515 1.58573
480 0.0319766
522 0.137506
475 0
525 0
850 0
1149 0
475 0
523 0
525 0
850 0
1147 0
1149 0
523 0.210212
475 0
525 0
850 0
1149 0
475 0
525 0
850 0
1149 0
475 0
525 0
850 0
1149 0
475 0
512 0
512 1.36994
512 0.406759
513 0.346751
513 0.342714
513 0.256563
513 0.247851
513 0.749266
514 0.376385
514 0.61833
514 0.339141
514 0.590836
514 0.101048
515 1.56212
515 0.476137
516 0.481377
516 0.0626182
516 0.050788
516 0.198581
516 0.732766
516 0.687365
516 0.0159058
517 0.215441
517 0.505501
517 0.628396
517 0.8171
517 0.0179798
518 0.388792
518 0.221435
518 0.132319
518 0.351622
518 0.288384
519 1.93302
519 0.332237
519 0.623921
520 0.80959
520 0.404885
520 0.49016
521 1.09693
521 0.52783
521 0.789473
521 0.62099
521 0.236249
522 0.466764
522 1.60602
523 2.8369
523 0.237181
524 0.440458
524 0.0379768
524 2.5345
525 0.191594
877 8.29708e-23
956 0.0144059
966 0.00141465
493 0
487 0
475 0
0 0
956 0.00207044
524 0.0582598
524 0.0400496
524 0.0375237
523 0.0702417
523 0.114087
522 0.0645163
522 0.0639945
521 0.0908838
521 0.0708811
521 0.102625
521 0.044503
521 0.0482633
520 0.0875588
520 0.0387962
519 0.0715203
519 0.0347806
518 0.0819529
518 0.10048
518 0.041635
518 0.0386161
518 0.0667071
517 0.0372809
517 0.0353549
517 0.106805
517 0.0135255
517 0.0138337
516 0.0441082
516 0.0344338
516 0.0669846
516 0.0409865
516 0.0347211
516 0.0435326
516 0.0358484
515 0.0399187
515 0.0567903
514 0.053433
514 0.0342227
514 0.0375662
514 0.0408497
514 0.0418365
513 0.0433083
513 0.0352034
513 0.0375707
513 0.0875948
513 0.0676682
512 0.0845634
514 0
514 0.001564
514 0.0236137
514 0.00233639
511 0
525 0
1006 0
511 0.0759294
504 0
510 0
525 0
729 0
510 0.128358
502 0.877457
502 0.424996
501 0.399466
501 0.282339
501 0.149992
502 0.0569524
514 0
533 0
487 0.0164207
493 0.0132333
475 0
525 0
850 0
1149 0
475 0
482 0
482 3.68568
482 4.1004
482 3.39312
482 3.09933
481 2.14469
485 0
487 0
487 0
407 0
515 0
815 0
482 0
484 0
485 0
497 0
487 0.0103354
485 0.00941554
484 0.314146
483 0.752398
484 0.636815
483 0.509018
483 0.104327
483 0.0992463
475 0
525 0
850 0
1149 0
475 0
525 0
850 0
1149 0
475 0
525 0
850 0
1149 0
475 0
525 0
850 0
1149 0
475 0
525 0
850 0
1149 0
475 0
500 0
500 2.40539
500 3.16526
499 2.56091
499 2.79513
499 2.85089
499 2.84009
499 3.19352
498 1.99609
498 0.0540187
525 0
941 0
969 0
1149 0
509 0
589 0
525 0
1058 0
475 0
525 0
850 0
1149 0
475 0
525 0
850 0
1149 0
475 0
525 0
850 0
1149 0
475 0
501 0
525 0
859 0
1120 0
1149 0
501 0.085859
475 0
524 0
525 0
852 0
1141 0
1149 0
524 0.087106
475 0
525 0
850 0
1149 0
475 0
525 0
850 0
1149 0
475 0
525 0
850 0
1149 0
475 0
484 0
484 2.31452
484 3.27252
484 1.3654
507 0
523 0
849 0
477 0
485 0
590 0
495 0
500 0
564 0
493 0
470 0
508 0
512 0
512 0
513 0
515 0
562 0
513 0.0270747
512 0.00360766
512 0.0861093
508 0.016276
478 0
246 0
522 0
864 0
477 0
417 0
495 0.546853
495 2.78318
495 3.40115
495 0.575164
495 0.0119487
477 0.180208
507 0.00782987
475 0
525 0
850 0
1149 0
475 0
500 0
500 2.88917
500 3.77065
500 3.46358
500 0.44612
500 0.0884493
500 0.0280689
500 0.00170782
500 0.000613253
500 0.0156948
500 2.76422
500 2.97567
500 3.2712
500 1.23556
525 0
1149 0
485 0
351 0
485 0
488 0
487 0
488 0
489 0
491 0
567 0
489 0.0066913
488 0.00228955
487 0.00203402
488 0.0296931
485 0.0880784
502 0
524 0
475 0
176 0
517 0
669 0
475 0
509 0
525 0
850 0
1149 0
1149 0
509 0.0366983
475 0
525 0
850 0
1149 0
475 0
525 0
850 0
1149 0
475 0
525 0
850 0
1149 0
475 0
525 0
850 0
1149 0
