0 0 0
0 0 0
0 0 0
0 0 0
0 0 0
0 0 0
0 0 0
0 0 0
0 0 0
0 0 0
0 0 0
0 0 0
0 0 0
0 0 0
0 0 0
0 0 0
0 0 0
0 0 0
0 0 0
1 2 2
0 2 2
0 0 0
0 0 0
0 0 0
0 0 0
1 2 2
0 0 0
0 0 0
0 0 0
0 0 0
0 0 0
0 0 0
0 0 0
0 0 0
0 0 0
0 0 0
0 0 0
0 0 0
0 0 0
0 0 0
0 0 0
0 0 0
0 0 0
0 0 0
0 0 0
0 0 0
1 2 1
0 0 0
0 0 0
0 0 0
0 0 0
0 1 3
0 0 0
0 0 0
0 0 0
0 0 0
0 0 0
0 0 0
0 0 0
1 1 3
2 6 8
0 0 0
0 0 0
0 0 0
1 2 4
0 0 0
0 0 0
0 0 0
0 0 0
2 6 6
0 0 0
0 0 0
0 0 0
0 0 0
1 1 4
0 0 0
0 0 0
0 0 0
1 2 1
0 0 0
1 1 2
0 0 0
0 0 0
0 0 0
0 0 0
0 0 0
0 0 0
0 0 0
0 0 0
0 0 0
0 0 0
0 0 0
2 5 4
2 2 4
0 0 0
0 0 0
0 0 0
0 0 0
0 0 0
0 0 0
