475 2.39303e-23
475 0.306213
476 0.710934
477 0.347176
477 0.202465
477 0.303724
478 0.371057
478 0.217809
479 0.123127
479 0.472652
480 0.107019
480 0.435265
481 0.0885195
481 0.311496
481 0.180673
483 0.882947
483 0.238821
483 0.191406
484 0.741459
485 0.175094
487 1.2341
488 0.600258
488 0.0239663
490 1.41534
490 0.408056
491 0.443402
495 2.18645
495 0.149982
495 0.276138
496 0.265696
496 0.291192
498 1.52816
499 0.415257
500 0.342813
501 0.612404
502 0.656277
502 0.137496
504 1.19604
504 0.0369212
504 0.0722624
504 0.29194
505 0.314607
506 0.672012
507 0.397419
509 1.79028
510 0.737194
510 0.0443267
512 0.860625
512 0.45817
513 0.421248
513 0.162016
513 0.0270083
514 0.729655
515 0.709381
516 0.320195
516 0.353591
520 2.2143
521 0.848717
522 1.00081
522 0.0918079
523 0.0997954
523 0.144112
523 0.136249
523 0.236811
523 0.0309726
524 0.513546
525 0.20326
850 1.78092e-23
1139 0.0119605
1149 0.000410748
1149 1.77837e-26
1139 0.00109907
523 0.0386852
523 0.184317
523 0.0414018
523 0.0581526
523 0.0463542
522 0.0387695
516 0.107491
515 0.192597
514 0.0991248
513 0.421942
513 0.0378242
513 0.044709
513 0.0849683
512 0.0786371
510 0.0446448
510 0.0428189
509 0.0546974
507 0.262342
506 0.0530153
505 0.0773285
505 0.0597952
504 0.00135933
504 0.0940092
504 0.052423
504 0.0371874
504 0.0385115
504 0.0576169
502 0.0645575
502 0.480481
501 0.118144
500 0.281912
498 0.0473964
496 0.0458647
496 0.231617
495 0.0490823
495 0.0705436
495 0.479149
491 0.0272567
491 0.0572161
491 0.0386335
490 0.05175
488 0.0558289
488 0.0578855
487 0.0786657
485 0.0593165
484 0.0423166
483 0.0370722
483 0.0418342
483 0.035383
481 0.0726874
481 0.0381554
481 0.0389865
480 0.0477286
480 0.0709022
479 0.280153
478 0.244083
477 0.0893653
477 0.169793
476 0.0399128
475 0.0410398
513 0.001564
513 0.0126245
475 2.39303e-23
478 2.39545
480 0.653805
480 0.548257
482 0.655865
482 0.406726
483 0.236148
483 0.0629011
484 0.683149
485 0.529349
486 0.861162
486 0.211243
489 1.39967
489 0.291726
491 1.25652
491 0.022639
492 0.495729
493 0.402437
494 1.21863
496 0.706439
496 0.357329
497 0.588925
497 0.291152
498 0.541244
499 0.305567
499 0.212136
499 0.274222
500 0.494901
500 0.0940343
501 0.239501
501 0.403776
503 0.851701
504 0.593642
504 0.0625278
504 0.107922
504 0.00804286
506 1.55503
507 0.398726
509 1.02932
509 0.54295
509 0.0622049
510 0.413288
510 0.268343
511 0.0787953
511 0.543508
512 0.118006
512 0.625949
513 0.0874245
514 0.915601
516 1.01273
516 0.0601621
516 0.228074
516 0.119008
517 0.730806
518 0.202838
518 0.115626
518 0.238857
518 0.0111167
518 0.13776
520 0.933254
520 0.590244
521 0.0921093
521 0.237151
521 0.070735
521 0.252507
522 0.523958
523 0.611518
523 0.0168536
523 0.00841025
525 0.937219
850 1.79698e-23
1107 0.0121697
1149 0.00321832
1149 1.20034e-26
1107 1.27514e-05
1107 0.00149768
1107 0.00119592
523 0.0471831
523 0.0886935
523 0.434226
522 0.0529823
521 0.0543633
521 0.502017
521 0.179136
520 0.14315
520 0.156124
519 0.110085
519 0.445054
519 0.0841
518 0.0462312
518 0.091697
518 0.156082
518 0.048662
518 0.0435049
517 0.0691732
516 0.04756
516 0.101924
516 0.423708
516 0.106294
514 0.0429905
513 0.0781514
513 0.244064
512 0.0346852
511 0.10368
511 0.325896
510 0.178066
510 0.128737
509 0.00436297
509 0.167413
509 0.0773935
509 0.223096
509 0.0353231
507 0.0804878
506 0.147564
504 0.0592555
504 0.0509563
504 0.0482908
503 0.090558
501 0.131958
501 0.427865
501 0.0616057
501 0.164037
500 0.034497
499 0.0392165
499 0.166997
499 0.298387
498 0.0502505
497 0.117172
497 0.036364
496 0.0721328
496 0.115094
494 0.0422028
493 0.491325
493 0.0890045
492 0.0413732
491 0.00704447
491 0.0807662
491 0.0797511
489 0.06049
489 0.0895529
486 0.0408356
486 0.0384293
485 0.0671518
483 0.0826529
483 0.424496
483 0.0211159
482 0.330481
482 0.0893946
481 0.316026
480 0.0529534
478 0.0878454
491 0.001564
491 0.000905598
475 2.39303e-23
475 0.0426859
475 0.492031
479 2.12648
479 0.0855882
480 0.569529
480 0.0242935
480 0.0949625
481 0.470268
481 0.00970994
483 1.67302
484 0.140858
486 1.21746
486 0.367348
486 0.0338304
487 0.479039
487 0.0561256
487 0.157875
488 0.179763
488 0.485145
489 0.678282
490 0.322178
491 0.524036
491 0.287788
494 1.94784
495 0.171436
495 0.0967613
497 1.43963
497 0.134069
498 0.345013
499 0.643629
499 0.250135
500 0.640423
500 0.110682
501 0.188856
501 0.584372
503 1.13669
503 0.0796492
504 0.226278
504 0.418455
505 0.37053
505 0.230143
507 0.839444
507 0.541793
508 0.647431
508 0.0812683
509 0.359518
511 1.48547
512 0.164562
512 0.109238
512 0.360314
513 0.189894
513 0.296288
513 0.103204
514 0.248816
515 0.916348
515 0.0448632
516 0.374363
518 1.73688
518 0.0719609
518 0.275224
519 0.3198
520 0.921915
522 0.82919
522 0.0404208
522 0.132352
522 0.13148
522 0.380714
523 0.0970744
525 1.16428
850 1.78035e-23
992 0.0067384
1149 0.00423553
1149 2.80666e-26
523 0.0414903
523 0.0965297
522 0.0386865
522 0.151831
522 0.0363705
520 0.0370664
519 0.0711478
518 0.176362
518 0.0578084
518 0.0377392
516 0.0689554
515 0.206097
515 0.0693168
513 0.0796254
513 0.0561875
513 0.048749
513 0.215149
513 0.0957476
513 0.0618454
512 0.0421599
512 0.0432168
509 0.0709573
508 0.0573555
507 0.164897
507 0.0444569
505 0.0664035
505 0.181204
503 0.0424608
503 0.174161
501 0.0647405
501 0.0880545
500 0.0348581
500 0.0649835
499 0.0423688
499 0.255001
498 0.042213
497 0.0422797
497 0.0356927
495 0.0369764
494 0.0961883
491 0.064968
490 0.177329
489 0.0436981
488 0.0871893
488 0.0667057
487 0.0431303
487 0.117028
487 0.174008
486 0.0135871
486 0.175954
486 0.0461297
486 0.0492627
486 0.0441256
484 0.109633
483 0.0835871
481 0.0488325
481 0.0801289
481 0.0472873
480 0.231919
480 0.0666408
480 0.0396958
479 0.10237
479 0.0364831
475 0.0476364
475 0.0846808
475 0.368741
475 0.0410642
475 2.39303e-23
475 0.275458
475 0.103137
476 0.779607
476 0.117976
477 0.309134
477 0.200758
478 0.2719
479 0.664289
480 0.782851
480 0.103869
482 0.972453
482 0.0483666
483 0.510906
484 0.823546
484 0.212788
485 0.296451
485 0.266836
486 0.357065
486 0.112004
487 0.429956
489 1.6635
490 0.201782
490 0.369613
491 0.8808
492 0.477456
492 0.0760636
492 0.133467
494 1.22053
495 0.209069
495 0.138054
495 0.0117978
496 0.574732
496 0.39638
496 0.112773
497 0.121161
497 0.408885
498 0.691806
498 0.111743
499 0.400947
499 0.192402
500 0.211651
500 0.174677
500 0.14385
500 0.0726108
501 0.65674
503 1.03462
503 0.00141373
503 0.107211
503 0.127801
504 0.704798
506 0.847112
506 0.155722
507 0.828472
508 0.913643
509 0.346548
509 0.00582442
510 0.436678
511 0.769979
511 0.197659
511 0.00658262
511 0.158245
512 0.250454
512 0.302495
513 0.324444
513 0.257008
513 0.0576998
513 0.0982387
514 0.301894
516 1.48473
516 0.417579
517 0.351623
517 0.181662
518 0.364796
519 0.485369
519 0.501705
520 0.102106
520 0.220094
521 0.477942
521 0.0741401
521 0.148103
521 0.124253
522 0.335543
523 0.801097
525 1.18521
850 1.79038e-23
890 0.00103307
955 0.00173372
971 0.000388997
1149 0.00694497
1149 2.38162e-26
970 0.00226614
970 0.000172592
955 0.00130203
955 0.00179268
954 0.00182053
955 0.00185281
523 0.0749156
522 0.04299
521 0.0623769
521 0.0993127
521 0.0843063
521 0.0476644
521 0.0356578
521 0.0622929
521 0.170155
520 0.0536249
520 0.0772988
519 0.0442769
519 0.0911719
518 0.0836251
517 0.00526116
517 0.033728
517 0.0432738
517 0.0704227
516 0.0291617
516 0.287781
516 0.052192
514 0.0382253
513 0.0395968
513 0.0381637
512 0.0714736
512 0.472473
511 0.0450199
511 0.0538893
510 0.044433
509 0.0394742
508 0.0629714
507 0.0519472
506 0.298637
506 0.0912662
504 0.061142
503 0.0520826
503 0.0456679
503 0.0472634
503 0.215101
501 0.0725398
500 0.0540321
500 0.0351318
500 0.396305
500 0.0405146
499 0.377642
499 0.101749
499 0.532938
498 0.0665197
497 0.0411877
497 0.218385
496 0.0369385
496 0.138176
496 0.0537913
495 0.0564215
495 0.125576
494 0.0549099
492 0.202826
492 0.0496882
491 0.0738015
490 0.127957
490 0.128576
487 0.0663771
486 0.189477
486 0.0524084
485 0.0375818
485 0.0883377
484 0.0396592
483 0.109995
482 0.21598
482 0.048148
480 0.0591138
480 0.0422894
479 0.151605
477 0.091184
477 0.0351059
476 0.121889
476 0.0607761
475 0.0432714
475 0.0685889
521 0.001564
521 0.0131752
475 2.39303e-23
475 0.591776
477 1.30992
478 0.202835
478 0.399153
479 0.126257
479 0.254601
479 0.236885
479 0.0413838
480 0.227042
480 0.293972
481 0.731911
483 1.00498
483 0.169343
486 1.68423
487 0.39965
487 0.00391532
488 1.07108
489 0.191482
489 0.452879
491 1.03778
491 0.227284
492 0.424491
492 0.17162
492 0.0333347
494 0.892939
494 0.067868
494 0.0167156
495 0.473493
497 1.77211
498 0.521847
498 0.0150566
500 0.948762
500 0.317375
501 0.312364
501 0.0582942
502 0.836047
502 0.0229202
502 0.151477
503 0.25189
504 0.752541
504 0.148591
504 0.270682
505 0.363234
505 0.0560458
507 0.967311
508 0.902547
509 0.469178
509 0.0928739
509 0.204166
509 0.0673524
509 0.0949309
510 0.255026
510 0.558458
511 0.631706
512 0.378359
513 0.300131
513 0.338014
514 0.621404
514 0.0535703
514 0.299436
515 0.165248
515 0.154221
516 0.817763
517 0.740532
518 0.192144
519 1.09469
519 0.103815
519 0.0161915
521 1.26169
521 0.0102778
521 0.0471296
522 0.745686
524 1.00284
524 0.392191
524 0.0171706
525 0.0933642
850 1.78361e-23
990 0.00514728
1149 0.0069874
1149 2.52219e-27
524 0.0893387
521 0.047815
521 0.0631886
521 0.0570735
519 0.0740467
519 0.0117663
519 0.0422183
519 0.0372727
519 0.0745059
518 0.040644
517 0.110861
516 0.0794913
515 0.156396
515 0.092569
514 0.0382734
513 0.0448181
513 0.0391806
512 0.269708
511 0.0371618
510 0.0732204
510 0.0363392
509 0.247899
509 0.0481608
509 0.0412853
509 0.0498855
508 0.182103
507 0.598825
507 0.00430944
505 0.0373961
505 0.0384519
504 0.0921516
504 0.103165
504 0.288983
503 0.0538326
502 0.0381043
502 0.0387611
502 0.0457645
501 0.0529111
500 0.165932
500 0.0469828
498 0.109041
498 0.0395675
497 0.0601561
495 0.09315
494 0.0510225
494 0.0900921
494 0.0613145
494 0.0348109
494 0.0429451
492 0.0764524
492 0.0348104
492 0.0693015
491 0.0447631
491 0.0351892
489 0.130024
489 0.116787
488 0.0633177
487 0.0429657
487 0.0536609
486 0.0629738
483 0.0527158
483 0.0362369
481 0.096833
481 0.153136
480 0.0369089
480 0.144938
479 0.0668046
479 0.0457089
479 0.103654
479 0.0224847
479 0.101479
479 0.0524811
479 0.0826865
478 0.0410065
478 0.0596096
477 0.126941
477 0.115641
477 0.001564
481 0.001564
481 0.00785334
477 0.00244925
475 2.39303e-23
475 0.180645
475 0.109087
475 0.122059
476 0.73423
476 0.0355539
478 0.830937
478 0.218125
479 0.610783
479 0.000375596
479 0.000513074
480 0.648772
480 0.179774
481 0.707026
482 0.241487
483 0.511988
483 0.110885
483 0.0508855
484 0.402748
484 0.271538
486 1.08136
486 0.401212
488 1.00305
489 0.705398
490 0.86616
492 0.75364
492 0.528587
492 0.0507279
494 1.21443
495 0.452959
496 0.503096
496 0.46606
497 0.123188
499 1.22416
499 0.350023
499 0.132108
500 0.324101
500 0.294262
501 0.208646
501 0.235974
501 0.140002
502 0.676046
502 0.0156372
503 0.130734
503 0.136736
503 0.0965675
504 0.692151
505 0.451667
505 0.165983
505 0.0440903
505 0.0223457
506 0.385047
506 0.45984
507 0.164021
507 0.383009
508 0.259668
510 1.68325
511 0.141513
511 0.34179
513 1.41003
513 0.0765031
513 0.0746332
515 0.982704
515 0.0303017
516 0.646451
516 0.155784
516 0.246509
516 0.120983
517 0.603426
518 0.446854
518 0.0266427
518 0.180823
518 0.101257
519 0.0361658
519 0.419532
519 0.0623658
520 0.310743
520 0.169078
521 0.660089
522 1.16536
523 0.300278
523 0.125704
523 0.150276
524 0.312687
524 0.140616
525 0.347921
850 1.78406e-23
1037 0.00735192
1075 0.00123216
1149 0.00202983
1149 1.56912e-26
1077 0.000659096
1071 0.00182593
1069 0.00232007
1068 0.00396103
1069 0.000960043
1069 0.000463906
1068 0.00120049
1068 0.00174422
1068 0.00134726
1068 0.00179935
1068 0.00189081
1068 0.000456389
1070 0.000827996
1070 0.00161806
1070 0.000834583
1067 0.00120873
1067 0.00181605
1078 0.00129289
1079 0.00137522
1080 0.00229388
1036 0.00173099
1036 0.00174364
1036 0.000532388
524 0.0206077
524 0.0374003
524 0.0541229
524 0.0818033
524 0.201953
524 0.0634688
523 0.088632
523 0.0568747
522 0.0548296
521 0.111395
520 0.0544094
520 0.232195
519 0.0351498
518 0.129706
518 0.0547147
518 0.0736787
518 0.0595975
517 0.050363
516 0.0485157
516 0.0792855
516 0.0393095
515 0.0557235
515 0.112584
513 0.0491861
513 0.00917178
513 0.0493966
513 0.0486681
513 0.0953488
511 0.0522985
511 0.0517601
510 0.0451555
508 0.0377905
507 0.0414304
507 0.0389402
506 0.0682968
506 0.0482001
505 0.0364248
505 0.079184
505 0.482175
505 0.0358255
504 0.0462853
503 0.0580605
503 0.0390191
503 0.0431125
503 0.266237
503 0.171696
503 0.238919
503 0.0447514
501 0.0543743
501 0.121446
500 0.0474878
499 0.0693067
499 0.116147
497 0.0598891
496 0.023499
496 0.0902315
496 0.0374717
496 0.229989
496 0.199463
496 0.107912
495 0.0369981
494 0.0458699
492 0.0627117
492 0.039454
490 0.0878137
489 0.0456546
488 0.0364401
486 0.0419882
486 0.0696309
484 0.0382299
484 0.0867326
483 0.0963832
483 0.0430753
483 0.0649702
482 0.0656963
480 0.194503
480 0.0345912
479 0.0513727
479 0.0613916
479 0.0424276
478 0.0518928
478 0.0389053
476 0.0414217
475 0.0514414
475 0.0367278
475 0.0424926
475 2.39303e-23
475 0.189593
476 0.645732
477 0.429634
480 1.81573
480 0.188487
480 0.0147082
480 0.207219
481 0.193119
481 0.0384903
482 0.875979
482 0.186687
483 0.581806
484 0.106132
484 0.450065
485 0.144081
485 0.120321
485 0.242426
486 0.807305
487 0.316321
491 2.15732
491 0.0285154
491 0.531542
492 0.4292
492 0.147302
492 0.138428
493 0.258983
494 0.930279
497 1.7252
498 0.526251
498 0.0337678
503 3.0918
503 0.147392
504 0.552957
505 1.02289
505 0.0850479
506 0.113283
506 0.28908
506 0.0351327
506 0.0173277
508 1.48814
509 0.284289
509 0.287908
509 0.0634897
512 1.74514
515 1.85756
515 0.3364
515 0.100294
516 0.120192
516 0.0547261
516 0.170525
517 0.493426
517 0.0771182
517 0.00361072
517 0.235742
517 0.0563993
517 0.139345
518 0.372867
518 0.355182
519 0.642223
523 2.67333
524 0.671341
525 0.229757
850 1.78113e-23
965 0.00413606
1137 0.00689436
1149 0.000409064
1149 1.91455e-27
965 0.00101307
524 0.0369746
523 0.0441218
519 0.0384493
519 0.221245
518 0.12305
517 0.225995
517 0.163608
517 0.046596
517 0.0377492
517 0.0362429
516 0.0792379
516 0.0447281
516 0.330561
515 0.046449
516 0.0946095
516 0.471868
516 0.0373599
515 0.00415065
515 0.100535
515 0.022737
515 0.0640755
515 0.0501845
515 0.0390075
515 0.0452901
509 0.0494952
509 0.0349974
509 0.0576046
506 0.0764844
506 0.23088
506 0.121611
505 0.0668906
505 0.0833985
504 0.320046
503 0.0480375
503 0.0653082
498 0.0364684
498 0.0392841
497 0.038293
494 0.0824397
493 0.103178
492 0.0757551
492 0.0781865
492 0.0369382
491 0.120223
491 0.142927
491 0.0942259
485 0.0302658
485 0.158131
485 0.0498592
485 0.1155
484 0.0396724
484 0.089931
483 0.0665427
483 0.0431631
483 0.338248
483 0.0711464
482 0.0402117
481 0.0897391
481 0.229958
480 0.0522408
480 0.0673919
480 0.157853
480 0.0348235
477 0.0528076
476 0.0163508
476 0.0834862
476 0.0467063
475 0.0450995
485 0.001564
485 0.00749067
475 2.39303e-23
475 0.497926
476 0.491956
476 0.0992515
477 0.493784
477 0.0338466
477 0.171477
478 0.15553
478 0.441944
478 0.205242
479 0.315323
480 0.692963
480 0.0822511
480 0.0837794
481 0.292712
482 0.997946
483 0.815637
484 0.261314
485 1.04929
486 0.169049
486 0.0133765
487 0.537291
488 0.674695
489 0.582052
489 0.313935
493 2.72544
494 0.51363
494 0.118606
495 0.215146
496 0.660309
496 0.354701
497 0.299493
497 0.0327998
497 0.148708
498 0.405648
499 0.484236
499 0.166338
500 0.885855
501 0.591235
502 0.442765
502 0.195024
502 0.21331
503 0.184023
503 0.417064
504 0.328597
505 1.07651
506 0.282255
507 0.588528
507 0.0985906
507 0.0385151
507 0.435505
508 0.648008
508 0.0432745
510 0.689784
511 1.15461
512 0.527693
512 0.0405363
512 0.122342
513 0.227463
514 0.985344
515 0.186838
515 0.0689844
517 1.60798
519 1.03083
519 0.391673
520 0.501909
520 0.0470108
521 0.449832
521 0.134352
521 0.229404
521 0.152621
522 0.375615
523 0.721547
525 1.16997
850 1.7837e-23
1149 0.0111001
1149 3.15717e-26
522 0.0354027
521 0.0367497
521 0.0665768
521 0.0577989
521 0.0587726
520 0.0513982
520 0.0893276
519 0.0642722
519 0.0506317
517 0.0579289
515 0.0636155
515 0.0697621
514 0.0549844
513 0.0450043
512 0.0386082
512 0.0628132
510 0.136165
509 0.256314
507 0.0354847
507 0.0604104
507 0.0369443
507 0.252644
506 0.0355035
505 0.115345
504 0.188417
503 0.0393674
503 0.095766
502 0.0502364
502 0.036387
502 0.0472038
501 0.0621532
500 0.307321
499 0.0343063
499 0.129849
498 0.448533
497 0.0365039
497 0.116312
496 0.0418199
496 0.0348127
495 0.0580514
494 0.0371097
494 0.0430832
493 0.043769
489 0.0708745
489 0.133468
487 0.154177
487 0.0760071
487 0.0355809
486 0.0703389
486 0.0540836
485 0.075549
484 0.0682696
484 0.348306
484 0.0355049
483 0.0515093
482 0.0498558
481 0.0415717
480 0.0363448
480 0.042804
480 0.0854424
479 0.158476
478 0.0358282
478 0.0404808
478 0.0470276
477 0.0359051
477 0.218084
476 0.0427706
476 0.105598
475 0.0889683
475 2.39303e-23
475 0.219308
476 0.4858
478 1.18278
479 1.17894
480 0.226637
481 0.680176
481 0.0668125
481 0.100894
482 0.17397
483 0.678331
483 0.374208
485 1.28002
486 0.243993
487 0.617574
487 0.127407
488 0.436397
489 0.613751
489 0.411247
490 0.228711
490 0.0694705
491 0.650207
492 0.646874
492 0.378039
494 0.783147
494 0.268492
495 0.38259
496 0.664227
498 1.52536
499 0.608167
502 2.20319
504 1.3059
505 0.244238
506 0.541312
506 0.151953
507 0.551538
507 0.482253
508 0.730081
510 0.7229
510 0.303958
511 0.60892
511 0.273893
512 0.150127
513 0.786854
513 0.0788009
514 0.493963
514 0.0100876
514 0.189503
514 0.23165
516 0.848348
518 1.39229
520 1.54387
520 0.191565
521 0.140596
522 1.02936
523 0.19137
523 0.310704
524 0.606309
525 0.321544
850 1.77402e-23
1011 0.00815596
1149 0.00612354
1149 2.49452e-29
1011 0.00177308
524 0.0369433
523 0.0610889
523 0.0409869
522 0.0547877
521 0.154557
521 0.0826269
521 0.0457648
521 0.00714104
521 0.166601
521 0.0359828
520 0.0367719
518 0.0403078
516 0.128332
514 0.0389189
514 0.0803683
514 0.0392857
514 0.0521238
513 0.0668831
513 0.0393833
511 0.0468349
511 0.0508521
510 0.0887009
510 0.0532589
508 0.105028
507 0.0656738
507 0.058599
507 0.0617783
506 0.0455406
506 0.0435755
505 0.073206
504 0.0535088
502 0.0401088
499 0.0303622
499 0.068967
498 0.0709579
496 0.0768574
495 0.0886158
494 0.148765
494 0.0679694
492 0.124704
492 0.122454
491 0.0624111
490 0.0407225
490 0.0388048
489 0.0866339
489 0.0417046
488 0.190112
487 0.0382562
487 0.236024
486 0.125203
485 0.121748
483 0.175476
481 0.0403142
481 0.14274
481 0.0329356
481 0.514249
481 0.0653255
480 0.0777989
479 0.154096
478 0.0370386
475 0.0344547
475 2.39303e-23
475 0.363521
476 0.80455
476 0.0519357
478 0.727173
478 0.0142
478 0.128744
478 0.118103
478 0.208332
479 0.277024
482 1.71362
483 0.494537
483 0.124028
484 0.589962
484 0.0623651
484 0.252036
485 0.378455
485 0.0867998
486 0.558161
487 0.460087
487 0.185341
487 0.435086
488 0.374592
488 0.238867
489 0.104051
490 0.759472
490 0.00543291
490 0.274657
490 0.0681508
490 0.08139
491 0.607058
492 0.263475
492 0.123244
494 1.42521
495 0.317077
495 0.402654
496 0.228206
498 1.45136
500 1.34742
500 0.0875885
500 0.000894388
500 0.0696904
502 1.04071
502 0.047956
503 0.932118
505 0.745614
505 0.178755
505 0.0160259
506 0.478076
506 0.249236
507 0.623131
507 0.321045
508 0.503284
509 0.234017
510 0.801704
510 0.111926
510 0.172795
511 0.523533
511 0.0888253
511 0.0125621
512 0.337459
513 0.810371
514 0.512616
516 1.34931
517 0.60719
517 0.0432637
518 1.01229
519 0.319244
519 0.173371
519 0.0993811
519 0.0970644
519 0.0765101
520 0.164062
522 1.75009
523 0.788177
524 0.103662
524 0.456156
525 0.134283
850 1.78207e-23
1000 0.0058859
1147 0.00637983
1149 0.000119913
1149 9.10025e-27
1147 0.00136376
1002 0.00155085
1003 0.0012456
1003 0.00225607
1004 0.00213478
1004 0.000793854
524 0.0488637
524 0.0469309
520 0.0415524
519 0.108456
519 0.193765
519 0.0373273
519 0.178621
519 0.285365
519 0.0484633
517 0.0424639
517 0.0487391
516 0.0394639
514 0.124107
511 0.155281
511 0.00730527
511 0.124734
511 0.0395148
511 0.0403033
510 0.148259
510 0.0644015
510 0.105596
509 0.0352361
508 0.0701167
507 0.0560976
507 0.0771134
506 0.312756
506 0.0757976
505 0.215939
505 0.0555722
505 0.111339
504 0.170068
502 0.0679075
502 0.0448014
500 0.0768207
500 0.0409981
500 0.0495072
498 0.207648
496 0.0685051
495 0.0409546
495 0.114147
495 0.256528
495 0.0915294
494 0.050247
492 0.0363539
491 0.0845261
490 0.0663155
490 0.0498083
490 0.035731
490 0.0489401
490 0.145858
489 0.176513
488 0.0370146
488 0.171357
487 0.0469646
487 0.0762935
487 0.0696833
486 0.0437874
484 0.183774
484 0.214554
484 0.0368078
483 0.0720965
482 0.0636024
478 0.121057
478 0.067218
478 0.171667
478 0.052866
478 0.203965
477 0.0997366
475 0.0393512
484 0.001564
484 0.00117494
