475 1.1102e-22
475 1.3338
475 0.107727
475 0.799863
476 1.02788
476 0.78307
476 1.11047
476 0.159481
476 0.17886
476 0.54305
477 1.28847
477 1.13179
477 0.378015
477 0.0377071
477 0.0891183
477 0.432263
478 0.0694866
479 4.10598
479 1.67298
479 0.131847
479 0.868385
479 0.049713
480 1.84996
480 3.21673
481 3.15513
481 3.14049
481 2.85054
482 2.83527
482 3.16754
482 2.5189
482 0.0109191
480 0.0383158
479 0.0481521
479 0.0386494
479 0.039293
479 0.035744
478 0.0450622
477 0.0395828
477 0.0485496
477 0.0630423
477 0.0458726
477 0.0401068
477 0.0418639
476 0.0391962
476 0.0489466
476 0.0432375
476 0.0389758
476 0.0614982
476 0.0480978
475 0.0788907
475 0.0360421
475 0.0354297
475 1.1102e-22
475 1.37744
475 0.148079
475 0.814159
476 1.01611
476 0.0470359
476 0.391525
476 1.72151
476 0.00241054
476 0.411115
477 1.40961
477 1.33693
478 1.96281
478 2.30381
479 0.579787
479 0.219958
479 1.18523
479 1.20428
479 0.0151773
479 0.172189
480 1.70544
480 0.125587
480 2.00114
480 1.56266
480 1.15859
481 2.92669
481 2.89254
482 2.78812
482 2.81262
482 3.24607
482 1.31107
482 0.113145
482 0.00483582
480 0.0367711
480 0.0347931
480 0.0361764
480 0.0400323
479 0.0365443
479 0.0396616
479 0.0342668
479 0.0487376
479 0.036609
479 0.0396091
478 0.042326
478 0.0548581
477 0.0390912
477 0.0479667
476 0.0475166
476 0.0530328
476 0.0441061
476 0.0433318
476 0.035539
476 0.0681313
475 0.0393353
475 0.0797868
475 0.0541081
475 1.1102e-22
475 0.815512
475 1.07466
475 0.0576796
476 1.41421
476 0.462247
476 1.09137
476 0.172692
476 0.902435
477 2.29121
477 0.0703558
478 1.84085
478 0.0614162
478 1.53935
478 1.06407
478 0.139738
479 1.94165
479 0.00673291
479 0.297148
479 0.575475
479 0.737467
480 2.40512
480 0.261612
480 1.20871
480 0.935473
480 0.137403
480 0.127353
481 3.08184
481 2.86138
481 2.77581
482 2.73917
482 3.05397
482 2.67968
482 0.0380918
482 0.0049127
480 0.0366957
480 0.0361055
480 0.0377113
480 0.0403322
480 0.0420629
480 0.0413106
479 0.0455007
479 0.0471331
479 0.042414
479 0.0410064
478 0.0365307
478 0.0349956
478 0.0442846
478 0.0553946
478 0.0423688
477 0.0623071
477 0.0497129
476 0.0642072
476 0.0375866
476 0.0596173
476 0.0468537
476 0.0359379
475 0.0546911
475 0.0617361
475 0.0367039
475 1.1102e-22
475 0.205546
475 0.180181
475 0.401764
475 2.02657
476 1.44987
476 0.179948
476 0.0980322
476 0.845952
476 0.237946
476 0.288604
477 1.11323
477 0.681048
477 0.419702
477 0.653406
477 0.0267808
477 0.385921
478 0.759828
478 0.0356485
478 0.264337
478 0.349237
478 0.994144
478 0.719367
479 1.91679
479 0.241813
479 0.205731
479 2.47336
480 2.67961
480 0.887495
480 0.0450438
480 3.1786
481 2.85344
481 2.70923
481 2.67705
482 2.98021
482 3.36252
480 0.0366022
480 0.0383444
480 0.0407
479 0.0472773
479 0.0390168
479 0.0372067
479 0.0400084
478 0.0421063
478 0.0432333
478 0.0364019
478 0.0564748
478 0.0620205
478 0.0405982
477 0.0578458
477 0.0637613
477 0.0555917
477 0.0533493
477 0.0461374
477 0.0668917
476 0.0466175
476 0.038134
476 0.042204
476 0.0736112
476 0.0534175
476 0.04035
475 0.0798904
475 0.0601853
475 0.0668394
475 0.0672081
475 1.1102e-22
475 1.3946
475 0.110574
475 0.538009
475 0.071534
476 0.857003
476 0.100526
476 0.447134
477 2.51483
477 0.876722
478 2.96579
478 2.01488
478 1.1064
479 0.746968
479 0.84996
479 1.46091
479 0.0722545
479 0.538801
479 0.581746
480 1.25641
480 0.630351
480 0.117062
480 3.37591
481 2.97263
481 2.87311
482 2.77881
482 2.63791
482 3.02818
482 2.14984
480 0.0374186
480 0.043244
480 0.0444284
479 0.04533
479 0.0485478
479 0.0396427
479 0.0343089
479 0.0384095
479 0.0487754
478 0.0571074
478 0.0584943
478 0.0235978
478 0.0254782
477 0.0393966
477 0.034928
476 0.0611411
476 0.0347534
476 0.0388916
475 0.0376982
475 0.0662731
475 0.0349778
475 0.0355232
478 0.001564
478 0.0012077
475 1.1102e-22
475 0.0825409
475 2.60241
476 1.40974
476 0.406738
476 1.36627
477 0.118261
477 0.080764
477 0.356509
477 0.805601
477 0.644887
477 0.129786
477 1.25966
478 1.86275
478 0.656982
478 0.119309
478 0.269935
479 2.58523
479 0.906267
479 1.12381
479 0.711631
480 0.655494
480 3.40193
480 1.8924
481 2.87268
481 2.75742
481 2.70859
482 2.86949
482 3.28633
482 0.97616
482 0.0898131
482 0.00311214
480 0.0361289
479 0.0357673
479 0.0402309
479 0.0429018
479 0.0396685
478 0.0431955
478 0.0357467
478 0.0378964
478 0.0465766
477 0.0452578
477 0.0421593
477 0.0353134
477 0.0606909
477 0.0618483
477 0.0619493
477 0.0386292
476 0.069281
476 0.0530191
476 0.0694276
475 0.0421994
475 0.0496031
475 1.1102e-22
475 0.025212
475 1.24286
475 0.499273
476 1.17427
476 2.19219
476 0.361324
476 0.20516
477 0.414395
477 0.511998
477 0.670388
477 0.452527
477 0.161488
478 4.04152
479 1.40892
479 1.64493
479 1.87585
480 1.80455
480 0.352615
480 0.404199
480 0.163431
480 0.279845
480 0.62431
480 0.492868
481 3.16413
481 2.9596
481 2.84514
482 2.78918
482 3.03828
482 3.13328
482 0.0541197
482 0.00300219
480 0.0387677
480 0.035908
480 0.0408098
480 0.0350295
480 0.038307
480 0.0357027
480 0.0392994
479 0.0458247
479 0.036718
479 0.0429951
478 0.0366737
477 0.0470361
477 0.0520313
477 0.0402949
477 0.0509472
477 0.0658821
476 0.039075
476 0.0427141
476 0.0392397
476 0.0418824
475 0.0757387
475 0.0357504
475 0.00947997
475 0.0110161
475 0.0320107
475 1.1102e-22
475 0.20546
475 0.119319
475 0.461311
475 0.119001
475 1.68572
476 0.564683
476 0.532863
476 0.925227
476 0.0899337
476 0.207435
477 1.24287
477 0.0600322
477 0.744052
477 0.901489
477 0.714994
478 2.04351
478 0.754233
478 0.322834
478 1.12763
479 2.30787
479 0.465151
479 0.494005
479 1.23956
480 0.492608
480 0.678298
480 3.17468
481 2.55879
481 2.88402
481 2.75292
482 2.87381
482 2.95166
482 3.0474
480 0.0351428
480 0.0441337
480 0.0436925
479 0.0373308
479 0.0380252
479 0.0405174
479 0.0503462
478 0.0388602
478 0.0451176
478 0.0436846
478 0.0346269
477 0.059792
477 0.0411144
477 0.0399136
477 0.0424273
477 0.068652
476 0.0436009
476 0.0539268
476 0.0520221
476 0.0595333
476 0.046413
475 0.0369093
475 0.0813569
475 0.0730148
475 0.0602727
475 0.0461726
475 1.1102e-22
475 0.191544
475 1.65642
475 0.192494
476 1.14035
476 0.460841
476 0.154452
477 2.64767
477 0.165656
477 0.338305
477 0.0980776
477 0.0092249
477 1.92878
477 0.300276
477 0.397924
478 0.570984
478 0.27654
478 0.152047
478 0.198038
478 0.0486031
478 1.41958
478 0.34818
478 0.688449
478 0.44489
479 0.701732
479 0.0524231
479 0.108662
479 0.867459
479 3.38033
480 1.4649
480 3.2097
481 2.84258
481 2.90278
481 2.78257
481 2.9215
481 3.48023
481 0.260848
481 0.0330862
481 0.0495936
479 0.0348573
479 0.0475104
479 0.0398436
478 0.0426458
478 0.0402567
478 0.0481714
478 0.0485148
478 0.0600771
478 0.0496737
478 0.0356748
478 0.0432919
477 0.0358197
477 0.0404286
477 0.0607871
477 0.0506461
477 0.0356981
477 0.0407869
477 0.0383715
476 0.0370138
476 0.0429741
475 0.0515729
475 0.0502946
475 0.0415899
477 0.0957988
475 1.1102e-22
475 0.150086
475 0.996563
475 0.749271
475 0.626589
476 0.690673
476 0.266266
476 0.504952
476 0.842215
476 0.0679339
476 0.573862
476 0.279229
477 0.225054
477 0.140859
477 0.755892
477 0.074213
477 2.26005
478 0.35965
478 0.380584
478 1.01282
478 0.0332317
478 0.190664
479 2.86998
479 2.13798
479 1.16063
480 0.462725
480 3.17934
480 1.57385
481 2.01622
481 2.98083
481 2.89457
482 2.98499
482 3.13005
482 2.24355
480 0.0447252
479 0.0467069
479 0.0435965
479 0.0445839
478 0.0373243
478 0.0454593
478 0.0375003
478 0.0603298
478 0.0483159
477 0.0532799
477 0.0494597
477 0.0512639
477 0.0456784
477 0.0346503
476 0.0411113
476 0.0459477
476 0.0595415
476 0.0438106
476 0.0406001
476 0.0489976
476 0.0388186
475 0.0806304
475 0.0347589
475 0.0362623
475 0.0712892
475 1.1102e-22
475 0.0982685
475 0.191372
475 0.547761
475 0.326911
476 2.06388
476 0.0317904
476 0.156312
476 0.0229332
476 1.52491
476 0.288519
477 2.47066
477 1.37457
478 0.578809
478 2.10041
478 0.50383
478 0.0299509
479 2.34605
479 2.20375
480 3.51584
480 0.3758
481 3.09168
481 3.05778
481 2.70587
482 2.7851
482 3.00159
482 3.53961
482 0.168986
482 0.0177485
480 0.0361696
479 0.0351303
479 0.0466538
478 0.0513434
478 0.037745
478 0.0359092
478 0.04007
477 0.043974
477 0.0470331
476 0.0574501
476 0.040054
476 0.0358586
476 0.0704068
476 0.0491402
476 0.0661513
475 0.0482956
475 0.0373598
475 0.0434314
475 0.057136
475 1.1102e-22
475 0.517957
475 0.264569
475 0.580497
475 0.927659
475 0.16855
475 0.112825
475 0.0251648
475 0.00275257
476 2.99373
477 1.99869
477 0.505522
477 1.50817
478 1.21516
478 0.513671
478 0.132825
478 2.04483
478 0.242466
479 1.2482
479 0.94933
480 2.35705
480 1.77008
480 3.13428
481 2.94042
481 2.81922
481 2.83886
482 2.91791
482 3.39182
482 0.889006
480 0.038916
480 0.038383
479 0.0493055
479 0.0469621
479 0.044298
478 0.0497898
478 0.0381291
478 0.0342635
478 0.0525367
477 0.052836
477 0.0472247
477 0.0456912
476 0.0352733
475 0.0678601
475 0.0403134
475 0.0805002
475 0.0361588
475 0.0560407
475 0.0382279
475 0.0424517
475 0.0536187
475 1.1102e-22
475 0.227958
475 0.171459
475 1.77333
475 0.110668
476 1.38107
476 0.528565
476 0.696726
477 1.25546
477 1.80099
477 0.524029
477 0.298029
477 0.418245
477 0.128126
478 0.867493
478 1.25992
478 0.977701
478 0.86049
479 0.841095
479 0.631434
479 1.5086
479 0.0980774
479 0.0645614
479 0.286627
480 1.45082
480 1.7774
480 1.41849
481 3.07414
481 2.83852
481 2.6349
482 2.83422
482 3.01806
482 3.05276
480 0.0372961
480 0.0383468
479 0.0431708
479 0.0474661
479 0.0373499
479 0.0365328
479 0.0472876
479 0.0376063
478 0.0451697
478 0.0528684
478 0.0394525
478 0.0596916
477 0.0464722
477 0.0661243
477 0.0675241
477 0.0514277
477 0.0373061
477 0.0385249
476 0.0677404
476 0.067839
476 0.0388322
475 0.0496265
475 0.0602906
475 0.0412742
475 0.0348201
475 1.1102e-22
475 0.524117
475 0.0903517
475 0.834692
475 0.479922
475 0.961047
476 0.959713
476 1.40313
476 0.0425029
476 0.297102
477 1.11508
477 1.84447
477 0.210285
478 1.85633
478 0.118526
478 0.845684
478 1.21594
479 1.54465
479 3.7026
480 0.447131
480 3.25696
480 0.0605712
480 0.851815
481 3.05356
481 2.91883
481 2.72798
482 2.81297
482 3.16926
482 1.50417
482 0.180023
480 0.0350331
480 0.0359366
480 0.00732917
480 0.0239647
480 0.0356155
479 0.0407113
478 0.0353921
478 0.0346181
478 0.0362721
478 0.0551255
477 0.0347182
477 0.044068
477 0.0416678
476 0.0477016
476 0.0644208
476 0.0693174
476 0.0577585
475 0.0442977
475 0.0542404
475 0.0694992
475 0.0408487
475 0.0590881
480 0.001564
480 0.00139024
475 1.1102e-22
475 0.102716
475 0.8321
475 0.676155
475 0.290151
475 0.979675
476 0.820019
476 0.00487034
476 0.106317
476 0.316348
476 0.558354
476 0.170536
476 0.106543
476 0.880246
476 0.120846
477 0.350089
477 0.573711
477 0.295932
477 0.177462
477 0.0487583
477 0.175593
477 0.0405953
477 0.699115
477 0.451031
477 0.357912
477 0.0391289
478 0.845144
478 0.839321
478 1.02451
478 1.19671
478 0.0711175
479 3.14599
479 1.7361
480 0.255353
480 1.03163
480 3.27351
481 3.10717
481 2.89247
481 2.66653
481 2.93084
482 3.45348
482 0.76503
480 0.0349284
479 0.0375151
478 0.0480012
478 0.0442772
478 0.0526157
478 0.0440072
478 0.0491613
477 0.0393935
477 0.043032
477 0.0373941
477 0.0410175
477 0.0543887
477 0.0516665
477 0.0678668
477 0.0444671
477 0.0503726
477 0.0371356
477 0.054199
476 0.0694257
476 0.0537193
476 0.0448907
476 0.0367607
476 0.0494543
476 0.0781253
476 0.0620197
476 0.067461
476 0.0443283
475 0.0453259
475 0.04407
475 0.0505111
475 0.0367323
475 0.0766075
475 1.1102e-22
475 1.0105
475 0.147529
475 0.911122
475 0.779235
476 0.31514
476 0.115886
476 1.12164
476 0.42997
476 0.268219
476 0.476387
476 0.436221
477 1.53476
477 0.636449
478 2.42746
478 1.16507
479 2.7906
479 0.173089
479 1.25045
479 1.91896
479 0.200441
480 0.414521
480 1.02551
480 0.207257
480 2.23279
481 3.05598
481 2.74487
481 2.89458
482 2.8394
482 3.12571
482 2.24631
482 0.0304636
480 0.0356008
480 0.037288
480 0.0368678
480 0.0351178
479 0.0413852
479 0.0384491
479 0.0417578
479 0.0406367
479 0.0375836
478 0.0589915
478 0.0388004
477 0.0602308
477 0.0392553
476 0.0488075
476 0.061144
476 0.0475255
476 0.0430199
476 0.0575412
476 0.0567989
476 0.0371405
475 0.0430862
475 0.0573719
475 0.0790824
475 1.1102e-22
475 0.316173
475 0.283351
475 0.203715
475 0.473605
475 0.278551
476 2.16408
476 0.434093
476 0.322175
476 0.897623
477 1.4084
477 1.53056
478 1.91177
478 0.00172999
478 0.167705
478 0.267513
478 2.51171
479 0.500222
479 0.778812
479 0.210663
479 0.518508
479 1.54427
479 0.398262
479 0.46293
480 3.4182
480 0.850533
481 3.09355
481 3.09469
481 2.80945
482 2.90041
482 3.14456
482 1.91524
482 0.0175618
482 0.00210442
480 0.0219944
480 0.0129799
479 0.0357067
479 0.0458432
479 0.048391
479 0.0464869
479 0.0396269
479 0.0456196
479 0.0405245
478 0.0408714
478 0.0410096
478 0.0438394
478 0.0420535
478 0.0406647
477 0.0635614
477 0.0682767
476 0.0538359
476 0.0529242
476 0.0426216
476 0.0774129
475 0.0374455
475 0.0744979
475 0.0368359
475 0.0674828
475 0.0454845
480 0.000121
480 0.00116845
475 1.1102e-22
475 0.803768
475 0.0994454
475 0.196012
475 0.157254
475 0.0280711
475 1.30493
476 0.50544
476 0.822103
476 1.07445
476 0.0977522
476 0.650381
477 1.18003
477 0.399332
477 1.79834
477 0.523002
478 0.212462
479 4.0002
479 1.91298
479 1.39279
479 0.955561
480 0.959228
480 2.27883
481 3.14055
481 2.83105
481 2.86513
481 2.79602
482 3.05822
482 2.82752
482 0.00199663
482 0.0139565
480 0.0343397
480 0.0364954
479 0.042818
479 0.0414333
479 0.0419353
479 0.0392996
478 0.0383404
477 0.04921
477 0.0404474
477 0.0696684
477 0.0449583
476 0.0531689
476 0.0691263
476 0.0700054
476 0.0320975
476 0.0359124
476 0.0406137
475 0.0520172
475 0.0354106
475 0.0566857
475 0.0725254
475 0.0588053
475 0.054491
476 0.001564
476 0.00182838
475 1.1102e-22
475 0.142498
475 1.20265
475 0.434888
475 0.356177
475 0.130986
475 0.426399
475 0.0145025
476 0.210394
476 0.0661734
476 0.182377
476 0.126996
476 0.218592
476 0.214365
476 0.521404
476 1.0526
476 0.178108
476 0.216827
477 3.56394
478 0.946445
478 0.384439
478 0.280372
478 1.12803
479 3.82404
479 0.415459
479 1.63421
480 1.89827
480 1.05483
481 3.04091
481 2.9539
481 2.86987
482 2.76003
482 2.97909
482 3.29952
482 0.046721
480 0.0380496
480 0.0389036
479 0.0445829
478 0.0473261
478 0.0346307
478 0.0388592
478 0.0394361
477 0.0514926
476 0.0350591
476 0.0716742
476 0.045599
476 0.0574093
476 0.0760544
476 0.0414674
476 0.0484866
476 0.0376124
476 0.0424273
476 0.0570817
475 0.0820731
475 0.0674363
475 0.0483761
475 0.0436641
475 0.0418685
475 0.0500317
475 0.0161866
475 0.0263148
475 0.001564
475 0.000321209
475 1.1102e-22
475 0.234954
475 1.38421
475 0.308801
476 2.89575
476 1.11172
477 0.545158
477 1.48541
477 0.4418
477 0.704385
477 0.469554
478 1.44148
478 0.483929
478 0.311636
478 0.15982
478 0.623132
479 0.912097
479 1.81321
479 0.157183
479 0.535096
479 0.198188
480 3.12164
480 0.870867
480 0.458191
480 1.86286
481 2.857
481 2.84399
481 2.80612
482 2.8918
482 3.1901
482 1.58586
482 0.285176
480 0.0104303
480 0.0210568
480 0.0359234
480 0.0378832
479 0.0353213
479 0.0434283
479 0.0434445
479 0.0347813
479 0.040993
478 0.0496493
478 0.0390686
478 0.0430411
478 0.0514263
478 0.0396444
477 0.0493148
477 0.0518129
477 0.0432094
477 0.0404221
477 0.0468129
476 0.0342215
476 0.0741018
475 0.0468143
475 0.043286
475 0.0463364
480 0.001564
480 0.00490449
475 1.1102e-22
475 0.389629
475 0.00699803
475 0.0995318
475 0.541265
475 1.57076
476 1.79028
476 0.0535115
477 1.78521
477 0.0993397
477 1.67326
477 0.568014
477 0.209617
477 0.348281
478 0.9718
478 0.28066
478 0.0845
478 0.0585807
478 0.022925
478 0.701032
478 0.239777
478 0.0314598
478 0.0322272
478 1.28687
479 0.681791
479 3.6144
480 1.13217
480 2.56028
480 1.42035
480 2.95083
481 2.80434
481 2.91406
481 2.83249
481 3.44625
481 0.536281
481 0.181501
481 0.00306519
480 0.861331
480 0.0384952
480 0.0423256
479 0.0443211
478 0.0470792
478 0.0347957
478 0.0552962
478 0.0525336
478 0.0439285
478 0.0412276
478 0.0439924
478 0.0544203
478 0.0346373
478 0.0367216
477 0.0667809
477 0.0415571
477 0.0668256
477 0.0357316
477 0.0376648
477 0.0348214
476 0.0631559
476 0.0625739
475 0.0650848
475 0.0483886
475 0.0384576
475 0.046673
475 0.0378306
475 1.1102e-22
475 0.142118
475 0.595271
475 0.555922
475 0.747276
475 0.360964
476 0.890949
476 0.699819
476 0.559194
476 1.04806
476 0.0808791
476 0.000404669
477 0.763378
477 0.348896
477 0.0374031
477 1.11362
477 0.54884
477 0.517828
478 1.1799
478 1.01599
478 0.579692
479 1.88034
479 0.506792
479 1.48258
479 0.672893
480 2.98601
480 0.231697
480 0.635839
480 3.05964
481 2.99233
481 2.71804
482 2.83892
482 2.92786
482 3.4844
482 0.450829
482 0.0782769
480 0.0344883
480 0.0421007
480 0.0377094
479 0.034694
479 0.0454959
479 0.0385933
479 0.0390525
478 0.0472945
478 0.0512879
478 0.0481822
477 0.0370847
477 0.0551562
477 0.0450695
477 0.0400433
477 0.0382664
477 0.0380926
476 0.0329712
476 0.0238453
476 0.0681878
476 0.0348429
476 0.066419
476 0.0412481
476 0.0409932
475 0.0532184
475 0.0747294
475 0.0651631
475 0.036026
475 0.0527602
476 0.001564
476 0.00257615
475 1.1102e-22
475 1.18064
475 1.26986
476 1.05039
476 0.408703
476 1.24444
476 0.556639
477 0.493725
477 0.290179
477 0.0356193
477 1.99775
477 0.661704
478 2.75676
478 0.462681
479 1.65035
479 0.701344
479 0.0962245
479 0.604016
479 0.551365
480 3.37538
480 0.0910164
480 3.14364
481 2.73346
481 2.83183
482 2.83747
482 2.76905
482 3.23067
482 1.99966
482 0.0056836
480 0.0352249
480 0.0399491
479 0.0431399
479 0.0452726
479 0.0372667
479 0.04622
479 0.043857
478 0.0544931
478 0.0472068
477 0.0544457
477 0.0663529
477 0.0650242
477 0.0465294
477 0.0567157
476 0.0344216
476 0.0561249
476 0.0452775
476 0.039757
475 0.0349944
475 0.0774666
475 1.1102e-22
475 0.11672
475 0.165235
475 0.867779
475 0.38381
475 0.655858
475 0.135031
475 0.509152
476 1.67066
477 2.56489
477 0.097727
477 0.357211
477 1.01792
477 0.564326
477 0.00222126
477 0.507888
478 0.581403
478 1.39352
478 1.46622
479 0.776524
479 3.66588
480 2.77401
480 2.77952
481 3.04866
481 2.80409
482 2.87562
482 2.90182
482 3.37965
482 1.006
479 0.0412464
478 0.0423563
478 0.0348657
478 0.0360464
477 0.0534703
477 0.0598355
477 0.0542539
477 0.0498905
477 0.047594
477 0.0354509
477 0.0344171
476 0.0571083
475 0.0543427
475 0.0702573
475 0.0648405
475 0.055405
475 0.0582155
475 0.0412464
475 0.0398055
475 1.1102e-22
475 0.388938
475 0.348413
475 0.259654
475 0.559859
475 0.0103982
476 1.38346
476 0.818709
476 0.169375
476 0.524302
476 0.507414
476 0.157859
477 2.63102
478 3.56646
478 0.555713
478 0.039206
478 0.61242
479 1.94707
479 2.00322
479 0.392207
479 0.229457
480 1.93771
480 1.44823
480 3.03529
481 2.94043
481 2.83498
482 2.8587
482 2.93005
482 3.40985
482 0.535314
482 0.0333332
480 0.0341951
480 0.0379124
479 0.042199
479 0.0483325
479 0.0377533
479 0.0389546
478 0.0438387
478 0.0565393
478 0.0503488
478 0.0415057
477 0.0672788
476 0.0639859
476 0.0343004
476 0.0359612
476 0.0553576
476 0.036596
476 0.0364659
475 0.0468896
475 0.0389077
475 0.0407577
475 0.0428769
475 1.1102e-22
475 0.33619
475 0.048316
475 0.245307
475 0.782625
476 1.79929
476 0.670473
476 0.550963
476 0.0411395
476 0.17284
476 0.690379
476 0.202626
477 3.12056
477 0.135833
478 1.33765
478 0.168854
478 0.420508
478 0.780204
478 0.314731
478 1.25203
479 3.76205
479 0.545935
479 0.477942
480 2.09028
480 1.38838
481 2.98621
481 2.82771
481 2.83926
482 2.8165
482 2.87898
482 3.27378
482 0.0119474
480 0.0367713
479 0.0442175
479 0.0347312
478 0.0542718
478 0.0353431
478 0.0374276
478 0.0377509
478 0.0457306
478 0.0472767
477 0.064497
477 0.040662
476 0.0607251
476 0.0678836
476 0.0630872
476 0.0421608
476 0.0387706
476 0.0528665
476 0.0435718
475 0.0355317
475 0.0481286
475 0.0478608
475 0.0512248
475 1.1102e-22
475 0.207554
475 0.245984
475 0.0516615
475 1.26088
475 0.0134186
475 0.0796078
476 3.0818
476 0.770758
476 0.0820517
476 0.158821
476 0.0381809
477 0.234455
477 0.772472
477 0.444164
477 0.372602
477 0.954665
477 0.281803
477 0.306543
478 1.17387
478 0.352432
478 0.379785
479 3.16591
479 0.194252
479 0.197408
479 1.00849
479 0.265934
479 0.100697
480 2.9323
480 0.469249
480 0.257708
480 3.17415
481 2.88729
481 2.82335
481 3.03278
482 2.98247
482 3.50194
482 0.269387
482 0.00619616
482 0.00825687
482 0.02246
480 0.0396284
480 0.0368973
480 0.042888
479 0.0379091
479 0.0484362
479 0.0410272
479 0.0345029
479 0.0444729
479 0.0480527
478 0.0421206
478 0.0351946
478 0.050827
477 0.0655927
477 0.0607507
477 0.0372252
477 0.035286
477 0.040281
477 0.0646565
477 0.0352797
477 0.0703696
476 0.0625738
476 0.0352697
476 0.0319726
476 0.0365327
476 0.0574857
475 0.0412664
475 0.0421247
475 0.0356067
475 0.0634838
475 0.0529355
475 0.0618862
476 0.001564
476 0.00214497
475 1.1102e-22
475 0.348447
475 0.552555
475 0.0629282
475 0.747736
475 0.0929624
476 1.08375
476 1.29607
476 0.179937
476 0.534853
476 1.01359
477 0.404257
477 0.819974
477 1.50713
478 1.32738
478 0.264883
478 1.09939
478 1.2873
479 1.92512
479 0.783377
480 2.45307
480 1.93152
480 3.4103
481 3.02311
481 2.90411
482 2.76321
482 2.97791
482 3.45542
482 0.646252
482 0.0943253
482 0.00203487
480 0.0393021
480 0.0452433
479 0.0491599
479 0.0510072
478 0.0456403
478 0.0419027
478 0.0287164
478 0.00204922
478 0.0518875
477 0.0446203
477 0.0425898
477 0.0411763
476 0.0419014
476 0.0385758
476 0.0575188
476 0.0410728
476 0.0492268
475 0.0397398
475 0.0713292
475 0.0696043
475 0.0492562
475 0.053391
478 0.001564
478 0.0106088
475 1.1102e-22
475 1.27351
475 0.0972986
476 1.82168
476 1.69407
476 0.658253
477 0.512216
477 0.0135588
477 0.489523
477 0.374484
477 1.09639
477 0.818285
477 0.372654
477 0.17864
478 2.27746
478 0.737362
478 0.489852
479 3.7894
480 1.82668
480 3.12999
481 2.96571
481 3.07198
481 2.9576
482 2.80811
482 3.0406
482 2.71678
480 0.0371001
478 0.0400806
478 0.0432473
478 0.0505066
477 0.0365701
477 0.0561474
477 0.0445379
477 0.0542496
477 0.0594356
477 0.040467
477 0.0609633
477 0.0560202
476 0.0437332
476 0.0350885
476 0.0436581
475 0.0459113
475 0.0402016
475 1.1102e-22
475 0.364737
475 1.19896
475 1.2368
476 0.309507
476 1.37758
476 0.373983
476 0.576226
477 0.846978
477 0.416044
477 0.212992
477 0.799718
477 1.27121
477 0.356431
477 0.0357297
478 1.63002
478 0.877563
478 0.23
478 1.00071
479 1.51247
479 0.212714
479 0.749892
479 1.7429
480 3.2766
481 2.66513
481 0.167084
481 2.8307
481 2.82568
482 2.70862
482 2.88536
482 3.31741
482 1.04672
479 0.0391591
479 0.0402276
479 0.0394431
479 0.0444332
478 0.0529252
478 0.0402265
478 0.0367849
478 0.0363834
477 0.040796
477 0.035097
477 0.0403085
477 0.0630604
477 0.0520452
477 0.0558927
477 0.0433296
476 0.0527042
476 0.0407466
476 0.0501579
476 0.0476183
475 0.0543809
475 0.0378141
475 1.1102e-22
475 0.12526
475 0.441483
475 0.245002
475 0.692428
475 1.19233
476 2.10915
476 0.620341
477 0.692632
477 3.30477
478 0.249064
478 2.06873
479 2.35777
479 1.97744
479 0.723494
479 0.132933
479 0.15906
479 0.250221
480 3.38613
480 0.543673
481 3.12252
481 3.0005
481 2.7526
482 2.75075
482 2.85925
482 3.43355
482 0.0875059
482 0.034559
482 0.00427305
480 0.0380483
479 0.0354629
479 0.0395483
479 0.0341853
479 0.0456664
479 0.036396
478 0.0372244
478 0.0542191
477 0.0439758
477 0.0476733
476 0.0384623
476 0.0447292
475 0.0387867
475 0.0604134
475 0.0529467
475 0.0348504
475 1.1102e-22
475 0.12631
475 0.33554
475 0.909689
475 0.379261
475 0.933601
475 0.0204767
475 0.178045
476 0.1659
477 3.04847
477 1.00884
477 0.0185505
478 4.10848
478 0.642388
478 0.498774
478 0.58492
479 0.415652
479 1.12024
479 1.90014
480 2.13905
480 1.40912
480 0.621273
481 2.97371
481 3.02358
481 2.72927
482 2.87864
482 3.02807
482 3.53148
482 0.310451
480 0.0398163
480 0.0442476
479 0.046066
479 0.0352555
479 0.0355134
478 0.0574189
478 0.0557195
478 0.0405965
478 0.0352246
477 0.0571413
477 0.0708422
477 0.0658052
476 0.0378581
475 0.0368715
475 0.056707
475 0.0399537
475 0.0431057
475 0.0421391
475 0.0640478
475 0.0557364
475 1.1102e-22
475 0.281625
475 0.491352
475 0.509465
475 0.0275077
476 1.79753
476 0.999052
476 1.15654
476 0.403798
476 0.0065298
476 0.0727759
477 1.08404
477 0.217642
477 0.0376066
478 2.29934
478 1.21589
478 0.880482
478 0.393792
479 2.15006
479 1.66147
479 0.258842
479 0.817243
479 0.404456
480 1.53607
480 1.08389
480 0.135101
480 3.22219
481 3.17317
481 2.59132
482 2.75712
482 3.0017
482 3.35248
482 0.90993
480 0.0342022
480 0.0352704
479 0.0359662
479 0.0483185
479 0.0435131
479 0.0453322
479 0.0441656
478 0.0535768
478 0.0342922
478 0.038409
478 0.0550424
477 0.0426993
477 0.0449726
477 0.0403567
476 0.0692725
476 0.0695762
476 0.0434792
476 0.0350127
476 0.0460241
476 0.038121
475 0.0377341
475 0.0355112
475 0.0637434
475 0.0353922
475 1.1102e-22
475 1.13795
475 1.66914
476 1.1
476 1.52767
476 0.117287
476 0.182059
477 1.14783
477 0.0729157
477 0.878019
477 0.186971
478 1.9178
479 3.55572
479 1.2174
479 0.116612
480 3.84178
480 0.995258
480 2.17271
481 2.5025
481 2.90883
481 2.80316
482 2.83454
482 2.98455
482 3.41381
480 0.0370383
479 0.0388962
479 0.0469323
479 0.0413212
478 0.0604944
477 0.0354949
477 0.0511211
477 0.035693
477 0.0344322
476 0.0631858
476 0.0731297
476 0.0360631
476 0.0553146
475 0.0512899
475 0.0550727
475 1.1102e-22
475 0.190927
475 1.51489
475 0.411395
475 0.634703
476 2.41891
476 0.0968896
476 0.176385
477 0.761147
477 1.27647
477 0.371377
477 1.8386
478 0.160485
478 0.559209
478 0.760721
478 0.0599424
478 1.19567
478 1.03973
479 1.31402
479 0.775952
479 1.81251
479 0.219588
479 0.03092
479 0.380425
480 0.836616
480 0.939905
480 3.21416
481 2.84041
481 2.82021
481 2.88142
482 2.84455
482 3.36954
482 1.00896
482 0.128359
480 0.0390746
479 0.0358661
479 0.0457434
479 0.0265256
479 0.00335524
479 0.0371764
479 0.0431309
479 0.0468451
478 0.0440778
478 0.0570643
478 0.0429925
478 0.0383592
478 0.0445542
478 0.0599623
477 0.0644578
477 0.0423978
477 0.0393109
477 0.0382094
476 0.037823
476 0.0716656
476 0.0628001
475 0.0349181
475 0.0415555
475 0.0472237
475 0.058268
480 0.001564
480 0.0100951
475 1.1102e-22
475 0.0625305
475 0.0672945
475 1.40819
476 1.40975
476 0.334744
476 0.823071
476 1.46235
477 2.41892
478 1.89401
478 0.60006
478 0.866526
478 0.545671
478 0.558265
478 0.0351678
479 2.94093
479 1.79003
479 0.0451136
480 1.35138
480 0.497348
480 3.11455
481 3.03604
481 2.72528
481 2.80448
481 2.77856
482 3.12381
482 2.3417
482 0.0146462
480 0.0431556
480 0.0417106
479 0.0355734
479 0.0438122
479 0.0346825
478 0.0477094
478 0.0500438
478 0.040851
478 0.0544662
478 0.041319
477 0.0441968
476 0.064934
476 0.057777
476 0.0497689
476 0.0728722
475 0.0381442
475 0.0550971
475 0.0347985
478 0.0986562
475 1.1102e-22
475 0.600159
475 0.461863
475 0.906123
475 0.104008
475 0.271259
476 1.5043
476 1.1548
477 1.94448
477 0.32115
477 0.538275
477 0.0347454
477 0.390269
477 0.569204
477 0.00254669
477 0.39879
478 1.59351
478 0.616581
478 0.277875
478 0.640905
478 0.318519
478 0.237201
478 0.226908
479 2.15738
479 0.701906
479 0.0130922
479 0.423841
479 0.65931
479 0.202893
480 1.59776
480 0.447806
480 0.250796
480 3.22398
481 2.88689
481 2.74478
481 2.74889
482 2.8393
482 3.28447
482 0.977296
482 0.314135
482 0.0421356
482 0.0315296
480 0.0352534
480 0.0414011
479 0.0456311
479 0.0460771
479 0.0397833
479 0.0366271
479 0.0477856
479 0.0392755
478 0.0417606
478 0.052487
478 0.0346157
478 0.0493313
478 0.0457502
478 0.0379294
478 0.0383682
477 0.0403408
477 0.0389943
477 0.0351237
477 0.0441372
477 0.0385528
477 0.0355537
477 0.0645118
477 0.0391782
476 0.0363479
476 0.0729441
475 0.0453041
475 0.0449895
475 0.0385902
475 0.07455
475 0.0571394
475 1.1102e-22
475 1.59213
476 1.63553
476 2.1305
476 0.328937
476 0.194236
476 0.272932
477 0.234336
477 1.6428
477 1.48752
478 0.12973
478 0.364662
478 0.569063
478 0.580776
479 2.68701
479 0.708085
479 0.404186
479 2.11137
479 0.212762
479 0.113063
479 0.355944
480 0.897668
480 1.02563
480 3.25903
481 2.87876
481 2.76966
482 2.84031
482 2.84995
482 3.24161
482 1.46004
482 0.00547887
482 0.0185736
482 0.0182029
480 0.0384198
479 0.0421454
479 0.035242
479 0.043873
479 0.0352112
479 0.0362328
479 0.0386506
479 0.0489914
478 0.0492338
478 0.0549048
478 0.0618913
478 0.0580392
477 0.036545
477 0.0445119
477 0.0424173
477 0.0580332
476 0.0374398
476 0.0543014
476 0.0448633
476 0.0804851
475 0.0380821
475 1.1102e-22
475 2.17475
475 0.200845
475 0.157703
475 0.336034
476 0.659227
476 1.26823
476 0.677285
477 0.811054
477 0.457136
477 0.954661
477 0.655464
477 0.456173
477 0.733751
478 0.305481
478 0.89141
478 0.958069
479 2.18934
479 1.42028
479 0.00452068
480 2.86627
480 3.44902
481 3.07568
481 2.82995
481 2.67977
482 2.78165
482 2.9703
482 3.08519
480 0.0359433
479 0.0348183
479 0.0469373
479 0.0433008
478 0.0357336
478 0.0393864
478 0.0461519
477 0.0447097
477 0.0371886
477 0.0634163
477 0.0364116
477 0.0433448
477 0.0356166
476 0.04282
476 0.0357557
476 0.0761769
475 0.0548131
475 0.0814315
475 0.0543402
475 0.0624633
475 1.1102e-22
475 1.4178
475 0.245485
475 0.0378627
475 0.35308
476 3.46318
476 0.0605726
477 0.371257
477 0.599548
477 1.35491
477 0.238121
477 0.719027
478 1.05761
478 0.890059
478 0.298844
479 2.55347
479 2.90411
480 2.27566
480 0.186306
480 3.07236
481 3.03024
481 2.9563
482 2.84961
482 2.77615
482 3.11547
482 2.41178
482 0.00735104
480 0.03809
480 0.0412855
479 0.0500788
479 0.0343457
478 0.0370225
478 0.038893
478 0.0342838
477 0.0491461
477 0.037158
477 0.0442386
477 0.0392607
477 0.0596736
476 0.0387725
476 0.0588123
475 0.0351769
475 0.0387044
475 0.0362013
475 0.0426948
475 1.1102e-22
475 0.0283403
475 0.0595587
475 1.39788
475 0.0493828
475 0.0218458
475 0.0645375
475 0.0596657
475 0.375363
476 1.16228
476 0.439905
476 0.419507
476 0.339324
476 1.59968
477 0.365313
477 1.06506
477 0.990967
477 1.04299
478 0.24566
478 0.488303
478 0.106563
478 0.526107
478 1.57351
478 0.542933
478 0.0505324
478 0.539923
479 0.890448
479 0.13474
479 0.438522
480 3.42889
480 2.32454
480 3.08749
481 2.9042
481 2.72996
481 2.75404
482 2.97511
482 3.42848
480 0.0366971
479 0.0395088
479 0.0528268
479 0.035235
478 0.0531813
478 0.055003
478 0.0558659
478 0.0508152
478 0.0433889
478 0.0516007
478 0.0442753
478 0.0572202
477 0.0386534
477 0.056888
477 0.0363511
477 0.0365316
476 0.056034
476 0.0759566
476 0.0374845
476 0.0508804
475 0.0511018
475 0.0638634
475 0.0423271
475 0.0474993
475 0.0424068
475 0.0362371
475 0.00547686
475 0.0597457
475 0.0114203
475 0.0239614
475 1.1102e-22
475 0.0999872
475 0.646278
475 0.247339
475 0.820017
475 0.611726
475 0.407452
476 1.78323
476 1.34183
477 1.1682
477 0.991262
477 0.609261
477 0.31708
478 1.65666
478 0.0534043
478 0.140152
478 2.1223
479 3.06961
479 0.841838
480 3.53296
480 3.19776
481 3.00011
481 2.82959
482 2.8262
482 2.93629
482 3.3913
482 0.498105
482 0.0549815
479 0.0348276
479 0.040178
478 0.039599
478 0.0575547
478 0.0529378
478 0.0387193
477 0.0394047
477 0.0352898
477 0.0372403
477 0.04619
476 0.0358968
476 0.0454148
475 0.0353032
475 0.078849
475 0.0537247
475 0.0349066
475 0.0400416
475 0.0589981
475 1.1102e-22
475 0.103927
475 0.171766
475 2.02196
475 0.153869
475 0.176848
475 0.39526
476 0.391652
476 2.15721
477 1.15874
477 0.126597
477 1.06962
477 0.782966
477 0.175259
477 0.461848
478 2.59381
478 1.01027
478 0.231504
479 2.33107
479 0.262723
479 0.83889
479 0.404
480 3.38772
480 3.12502
481 2.83836
481 2.81285
481 2.90228
482 2.98906
482 3.52426
482 0.287528
482 0.0544997
482 0.00161139
479 0.0349909
479 0.0492678
479 0.0361889
479 0.0355211
478 0.0451934
478 0.0353196
478 0.0601963
477 0.0407073
477 0.0475674
477 0.0462723
477 0.0417891
477 0.0632203
477 0.0688344
476 0.0528854
476 0.0541552
476 0.0810217
475 0.0342479
475 0.0722081
475 0.0499787
475 0.071791
475 0.0356658
475 1.1102e-22
475 0.217326
475 1.1667
475 1.06198
476 0.568025
476 1.25013
477 2.21758
477 1.18004
477 0.20781
477 0.238092
477 1.05066
477 0.281706
478 1.07957
478 0.321486
478 0.604782
478 0.657744
478 1.12152
479 2.08551
479 0.293952
479 2.12979
480 1.78032
480 2.5008
481 3.03678
481 2.93639
481 2.77561
482 2.896
482 3.03992
482 2.32802
482 0.0106081
480 0.0374344
480 0.036375
479 0.0454137
479 0.0405636
479 0.0365827
478 0.0419241
478 0.0486681
478 0.042408
478 0.0406629
478 0.0590146
477 0.050853
477 0.0553999
477 0.0382097
477 0.0385562
477 0.0562744
477 0.05167
476 0.0395527
476 0.0421512
475 0.0456246
475 0.0469495
475 0.0668452
475 1.1102e-22
475 0.351684
475 1.09318
475 1.20171
476 0.798848
476 1.69209
476 0.0608904
476 0.556526
477 1.16358
477 0.971735
477 0.288894
477 0.736362
477 0.173346
477 0.266862
477 0.110867
478 0.131607
479 3.68158
479 1.78309
479 0.618622
480 2.96568
480 3.49599
481 3.12575
481 2.88451
481 2.72348
482 2.7492
482 3.10032
482 2.35508
482 0.0184738
482 0.0168115
482 0.0174738
479 0.0356859
479 0.0499097
479 0.0503141
478 0.0536006
478 0.0570796
477 0.0442967
477 0.0361594
477 0.0407748
477 0.0514269
477 0.0675841
477 0.0342416
476 0.0582904
476 0.0436947
476 0.0397658
476 0.0375263
475 0.0506151
475 0.0618025
475 0.0529761
475 1.1102e-22
475 0.586301
475 0.226153
475 0.308851
475 0.110346
475 0.847432
475 0.365367
476 0.495345
476 1.06619
476 0.72836
476 0.27888
477 1.36196
477 1.1547
477 0.31013
477 0.518919
477 0.2059
478 1.29039
478 0.458229
478 0.428403
478 1.038
478 0.347535
478 0.270645
478 0.749398
478 0.221224
479 0.804614
479 1.15896
479 1.08603
480 3.32846
480 0.584115
480 0.386569
480 0.431594
480 0.682627
480 0.929919
481 2.92613
481 2.99217
481 2.69156
482 2.87247
482 3.39692
482 1.08592
480 0.0370098
480 0.0384628
480 0.0403322
479 0.0397791
479 0.0374462
479 0.0381473
478 0.0497125
478 0.0511675
478 0.0408816
478 0.0504014
478 0.0590565
478 0.0350357
478 0.0573456
477 0.0390826
477 0.0477215
477 0.0348244
477 0.0476422
477 0.0492718
476 0.0376365
476 0.0438534
476 0.0700995
476 0.0513407
475 0.0449217
475 0.0413608
475 0.061858
475 0.0476421
475 0.081247
475 1.1102e-22
475 0.523393
475 0.15164
475 0.456265
475 0.213804
476 1.57635
476 0.968505
476 0.152375
476 0.0178495
476 0.0103818
476 0.0109142
476 1.43917
477 0.784095
477 1.95316
477 0.154096
477 0.0370028
477 1.16921
478 0.0413189
478 0.0247342
478 0.325452
478 0.615238
478 1.82394
478 1.02395
479 0.353399
479 0.181127
479 0.285784
479 0.63066
479 3.04745
480 0.797224
480 0.439106
480 1.84784
481 3.11955
481 2.8436
481 2.67653
481 2.73247
482 3.07226
482 3.08916
482 0.0141804
480 0.037719
479 0.0372287
479 0.0405788
479 0.042585
479 0.0365294
479 0.0381684
478 0.0465789
478 0.0439925
478 0.0385167
478 0.0366056
478 0.0504901
478 0.0434491
477 0.0429275
477 0.0669764
477 0.0561782
477 0.055677
477 0.0435766
476 0.0428302
476 0.0571724
476 0.0466051
476 0.0390718
476 0.0406193
476 0.0630992
476 0.0787955
475 0.0356868
475 0.0728302
475 0.0758819
475 0.0864346
475 1.1102e-22
475 0.0455607
475 0.499159
475 0.600327
475 0.472714
475 0.0766422
475 0.149713
475 0.139371
475 0.199972
475 0.361131
476 0.414318
476 0.0849605
476 0.511982
476 0.0968874
476 0.619979
476 0.110811
476 1.09075
477 0.615999
477 0.0506328
477 0.781992
477 0.798653
477 0.677669
477 0.731956
477 0.0324497
478 0.206495
478 0.648682
478 0.337613
478 0.434904
478 0.0465438
478 1.35108
479 3.66174
479 1.42439
480 2.16578
480 3.27757
481 3.00694
481 2.89499
481 2.78055
482 2.97683
482 3.42248
482 0.847056
482 0.0167512
479 0.0345712
478 0.0508157
478 0.0350096
478 0.0398933
478 0.0443735
478 0.0384349
478 0.0365418
477 0.0459442
477 0.0343598
477 0.0468031
477 0.0412382
477 0.0675307
477 0.0589115
477 0.0417744
476 0.0510764
476 0.0538369
476 0.0752944
476 0.0560546
476 0.035652
476 0.0561691
476 0.0385512
475 0.0477102
475 0.0388522
475 0.0429728
475 0.0345259
475 0.0348047
475 0.0544425
475 0.0559929
475 0.0438416
475 1.1102e-22
475 1.00746
475 0.848862
475 0.015685
475 0.0513332
475 0.376583
475 0.270391
475 0.225913
475 0.125259
476 0.316556
477 4.03574
477 1.39324
477 0.221601
477 0.485601
478 1.75244
478 0.138259
479 3.11174
480 3.64713
480 2.53459
480 0.612642
480 0.166807
480 1.14893
481 3.12434
481 2.85408
481 2.82059
482 2.87953
482 3.25551
482 1.63507
482 0.0583542
480 0.0374826
480 0.0382205
480 0.0360846
478 0.0350872
478 0.0599625
477 0.0354108
477 0.0346789
477 0.061468
477 0.0662191
476 0.0448167
476 0.0789402
475 0.0451092
475 0.0571426
475 0.0661273
475 0.0414475
475 0.0394944
475 0.050258
475 0.0578219
475 1.1102e-22
475 0.781269
475 0.284529
475 0.736186
475 0.227701
475 0.112718
475 0.124698
475 0.226428
475 0.105428
476 0.820722
476 0.097226
476 0.457752
476 1.08139
476 0.359739
476 0.0174678
476 0.428852
477 0.431652
477 0.118251
477 1.60164
477 0.434059
477 0.635007
477 0.0947876
478 2.35277
478 0.764143
478 0.759728
479 1.2305
479 1.3268
479 1.175
479 0.00938731
479 0.340813
479 0.598782
479 0.458451
480 0.593455
480 1.09781
480 3.28549
481 2.96283
481 2.82029
481 2.73978
481 2.99652
482 3.51247
482 0.30017
480 0.0364784
480 0.039055
479 0.0363095
479 0.0386129
479 0.0360844
479 0.0405176
479 0.0371389
479 0.0357469
478 0.0444784
478 0.0501439
478 0.0407831
477 0.06489
477 0.0531511
477 0.0621022
477 0.0612669
477 0.0611619
477 0.0391231
476 0.0405641
476 0.0394141
476 0.0590767
476 0.043609
476 0.0347075
476 0.0573374
476 0.0777886
475 0.0406236
475 0.04289
475 0.0372325
475 0.0401797
475 0.0633699
475 0.0531488
475 0.0502438
475 0.0400877
475 1.1102e-22
475 0.0336876
475 1.27192
475 0.59443
475 0.896912
476 0.163583
476 2.73627
478 4.18963
479 4.10515
479 2.61607
479 0.236198
480 1.06184
480 0.843501
480 2.96804
481 3.06741
481 2.9402
481 2.80998
482 2.83981
482 3.06653
482 3.02767
482 0.00362089
480 0.0390818
480 0.0363886
480 0.0375195
479 0.0373451
478 0.0607333
476 0.0434773
476 0.0787011
475 0.0358773
475 0.0631291
475 0.0467574
475 0.000588201
475 0.0105714
475 0.037385
475 1.1102e-22
475 0.656142
475 0.084698
475 0.415159
476 4.45614
476 0.0950919
476 0.207208
477 0.388749
477 1.19044
477 0.494904
477 0.61704
478 1.27447
479 4.08939
479 0.0232132
479 1.16218
479 1.87735
479 0.370737
479 0.131547
480 3.40533
480 2.08722
481 3.01641
481 2.64336
481 2.826
481 2.84651
482 3.26476
482 1.52545
482 0.017063
482 0.0108623
480 0.0348576
479 0.0443292
479 0.0408855
479 0.0352208
479 0.0554091
478 0.0400491
477 0.048455
477 0.0374289
477 0.0675982
477 0.0387818
476 0.0506407
476 0.0585842
476 0.0426569
475 0.0348814
475 0.0358831
475 0.0385844
479 0.118339
475 1.1102e-22
475 0.121465
475 0.0434794
475 0.751567
475 0.00326048
476 2.05166
476 0.587821
476 0.254648
476 0.618464
476 1.26527
476 0.289742
477 0.644404
477 0.133579
477 1.63357
477 0.16443
478 1.21297
478 1.06291
478 0.286869
478 1.46062
479 1.05459
479 0.0207551
479 0.35476
479 3.60159
480 0.579818
480 2.75782
480 0.32751
480 1.73391
481 3.06082
481 2.7045
481 2.72634
482 2.86443
482 3.34467
482 1.03554
482 0.0708362
480 0.0378675
480 0.0390328
480 0.0364681
479 0.0347446
479 0.0460772
479 0.0359833
478 0.037311
478 0.0410885
478 0.0558126
478 0.0641315
477 0.0479848
477 0.0557493
477 0.060643
477 0.0373092
477 0.0542708
476 0.0660914
476 0.0370233
476 0.0420969
476 0.0431974
476 0.0630158
475 0.0723737
475 0.0541952
475 0.0736853
475 0.039239
475 1.1102e-22
475 0.321049
475 0.384353
475 1.7452
475 0.0139316
477 3.8896
477 0.707367
477 0.718927
477 0.119282
478 2.20706
478 1.14165
478 0.536237
478 1.59769
479 0.47269
479 1.728
479 0.499767
479 0.186696
479 0.201939
480 1.29714
480 3.31023
481 3.04646
481 3.03128
481 2.63088
482 2.8112
482 2.85734
482 3.57204
482 0.0403427
482 0.0181811
482 0.0122957
482 0.00422018
480 0.0375118
480 0.0374443
479 0.0377319
479 0.0439645
479 0.0396536
479 0.0459784
479 0.0380386
478 0.0435893
478 0.0528253
478 0.035176
478 0.0566425
477 0.0342172
477 0.0345649
477 0.0646269
477 0.0573382
475 0.0752613
475 0.055312
475 0.0677452
475 0.0393461
475 1.1102e-22
475 0.0059965
475 1.08544
476 2.75144
476 0.693817
476 0.0583269
476 0.564424
476 0.506357
476 0.281417
477 0.91026
477 0.208466
477 0.13198
477 0.647349
477 0.605298
477 0.306061
478 1.19158
478 0.0498719
478 2.72692
479 1.71018
479 0.438213
479 1.8305
479 0.65197
480 0.746762
480 0.0459612
480 0.958803
480 3.35626
481 3.05944
481 2.81856
481 2.77011
482 2.78642
482 3.27268
482 1.50461
482 0.214968
480 0.0419103
480 0.0427362
480 0.0405898
479 0.0350456
479 0.0461893
479 0.0516227
479 0.0365826
478 0.047606
478 0.053712
478 0.0459102
477 0.0381916
477 0.0512304
477 0.035506
477 0.0614875
477 0.0384179
477 0.0396632
476 0.0347289
476 0.0610524
476 0.0496326
476 0.0674363
476 0.0348
476 0.0370576
475 0.0502802
475 0.000606472
475 0.00067839
475 0.00256346
475 0.00230833
475 0.002044
475 0.00357382
475 0.00606163
475 0.00572941
475 0.00390501
475 0.00558325
475 0.00432204
475 0.00736399
475 0.0234179
475 1.1102e-22
475 0.0554191
475 0.217487
475 0.218402
475 0.091161
475 0.464873
475 0.153276
475 0.226599
475 1.33595
476 1.0154
476 0.147353
476 0.664425
476 0.442322
476 0.277833
476 0.112717
477 3.2473
477 0.0935759
477 0.613483
478 0.521488
478 2.17554
478 1.09719
479 1.80531
479 0.195682
479 0.39798
479 0.153616
479 1.24897
480 1.01453
480 1.82542
480 2.31939
481 2.87526
481 2.79295
481 2.7072
482 2.96385
482 3.13493
482 2.16466
480 0.0362686
480 0.0342358
479 0.0342844
479 0.0486481
479 0.039504
479 0.0492458
479 0.0390811
478 0.0445173
478 0.0592751
478 0.0426752
477 0.0424755
477 0.0495537
477 0.038597
476 0.0680985
476 0.0462912
476 0.03552
476 0.0343884
476 0.035666
476 0.0687582
475 0.0542808
475 0.0645926
475 0.0378335
475 0.020007
475 0.0257524
475 0.0546859
475 0.0408357
475 0.0456311
475 0.0355574
475 0.001564
475 0.000639836
475 1.1102e-22
475 0.207066
475 1.29044
475 0.500363
476 1.48204
477 2.93822
477 1.04275
477 0.13316
477 0.623869
477 0.0644766
477 0.14797
478 1.29149
478 0.570556
478 1.46781
479 3.45559
479 0.0294034
479 0.914345
479 0.872236
479 0.688393
480 3.34943
481 3.11803
481 2.89874
481 2.82678
482 2.97266
482 3.0092
482 3.21614
482 0.00409702
479 0.0383234
479 0.0423523
479 0.0489152
479 0.0472329
479 0.0515796
478 0.0396564
478 0.0349736
478 0.0466766
477 0.0621801
477 0.0355126
477 0.0691607
477 0.0383593
477 0.056316
477 0.0365923
476 0.0646759
475 0.0679131
475 0.0660173
475 0.0383115
475 1.1102e-22
475 1.24701
475 0.147986
475 0.465607
475 0.077324
475 0.993111
476 0.374841
476 0.181119
476 0.387167
476 0.0736157
476 0.187565
476 0.299406
476 0.453448
477 2.09503
477 0.64008
477 1.58732
477 0.310077
478 0.13397
478 1.65546
478 1.08271
478 0.80623
479 0.199159
479 0.0790068
479 0.850576
479 0.62011
479 1.30401
479 0.0696139
480 2.42899
480 0.78786
480 3.47403
481 3.00296
481 2.84767
481 2.76516
482 2.89916
482 3.54724
482 0.487601
482 0.209206
480 0.0342359
479 0.0447183
479 0.038817
479 0.0477224
479 0.0540713
479 0.0442607
479 0.0424843
478 0.0520749
478 0.044471
478 0.0391919
478 0.0461227
478 0.0610624
477 0.0375065
477 0.0379173
477 0.0384518
476 0.0413902
476 0.0418424
476 0.0522506
476 0.0590076
476 0.0388565
476 0.0674496
475 0.036143
475 0.0803911
475 0.0378432
475 0.0377351
475 0.0725575
475 1.1102e-22
475 0.166645
475 0.222289
475 0.20473
475 0.722968
475 0.418607
475 0.24777
476 1.29896
476 1.48624
476 0.382451
476 0.436182
477 0.846529
477 0.238527
477 1.55902
477 0.903017
478 0.34796
478 2.12206
478 0.186871
479 1.98689
479 1.15434
479 0.447506
479 0.0807514
479 0.315029
479 0.104874
479 0.858263
480 1.1808
480 0.565792
480 2.56765
480 1.11848
480 3.02578
480 3.45279
480 0.0378827
480 0.0443902
479 0.0365862
479 0.039089
479 0.0342055
479 0.0420832
479 0.0400902
479 0.03961
479 0.0495491
478 0.04463
478 0.0379987
478 0.0587528
477 0.0372044
477 0.0347685
477 0.0426082
477 0.0388432
476 0.0346687
476 0.0351093
476 0.0543679
476 0.040768
475 0.0379369
475 0.0657551
475 0.0362085
475 0.0667584
475 0.0431544
475 0.0511668
488 0
494 0
523 0
488 0.14344
475 0
247 0
475 0
415 0
479 0
467 0
500 0
514 0
494 0
313 0
515 0.0857313
515 0.093379
515 0.317867
515 0.151893
515 0.0488129
503 1.30943
505 0.731706
505 0.0419187
505 0.196921
506 0.0753737
507 0.74528
508 0.764472
509 0.635389
509 0.505811
507 0.0627585
506 0.170168
505 0.00803564
505 0.207958
505 0.126247
505 0.0351699
503 0.0986579
505 0.001564
505 0.00144477
475 1.1102e-22
475 0.273508
475 0.330147
475 0.0522741
475 1.8288
475 0.259785
476 0.436127
476 0.0771627
476 1.0864
476 0.311378
476 0.806008
477 2.96185
478 1.18546
478 0.371828
478 0.785423
479 3.68863
479 0.710293
479 0.455548
480 3.02593
480 1.61899
480 0.742642
481 3.20037
481 2.92574
481 2.77763
482 2.82278
482 3.00774
482 3.26602
482 0.0395841
482 0.0180299
480 0.0386637
480 0.0375528
480 0.0370964
479 0.050358
479 0.0518878
479 0.0411609
478 0.0429449
478 0.0626185
478 0.0437013
477 0.0384364
476 0.037965
476 0.0636809
476 0.0505982
476 0.0368583
475 0.0437644
475 0.0658883
475 0.0653832
475 0.0448729
475 0.0804753
475 1.1102e-22
475 0.120266
475 2.53986
477 4.47856
477 1.88048
477 0.266257
478 1.41698
478 1.12128
478 0.262965
478 0.166371
479 3.98479
479 1.10266
480 3.43636
480 2.72208
481 2.81306
481 2.91158
482 2.76361
482 2.81623
482 3.33602
482 1.34995
482 0.0841893
482 0.00166355
482 0.000325003
482 0.0157943
479 0.0390039
478 0.0358178
478 0.0455687
478 0.041941
478 0.0376733
477 0.0534716
477 0.0390452
477 0.0707633
475 0.0145672
475 0.0141353
475 0.001564
475 0.0151137
475 1.1102e-22
475 0.413696
475 1.91886
476 1.37922
476 0.9494
476 1.51014
477 0.893252
477 0.403617
477 0.65153
477 1.5065
478 1.37898
478 0.461923
478 0.483613
478 1.03312
479 1.93537
479 0.416168
479 0.174326
479 0.797563
479 0.271465
480 2.41489
480 3.13596
481 3.05932
481 2.74737
481 2.74669
482 2.78213
482 3.05514
482 2.59224
479 0.0445835
479 0.0433201
479 0.0436115
479 0.0416809
479 0.0361217
478 0.0360445
478 0.0574
478 0.0395837
478 0.0618658
477 0.0650862
477 0.0450098
477 0.0490424
477 0.0599779
476 0.054903
476 0.0438064
476 0.0603141
475 0.0376056
475 0.067567
475 1.1102e-22
475 0.317971
475 0.73133
475 0.345302
475 0.114379
475 0.312051
475 0.477118
475 0.453917
476 0.844221
476 0.792255
476 0.120992
477 2.89355
477 0.040575
477 1.28518
477 0.535343
477 0.253605
478 0.909148
479 3.61266
479 1.44028
479 0.190774
479 1.08267
479 0.876802
480 0.777596
480 0.0960358
480 3.28194
480 0.280387
481 3.11278
481 2.80246
481 2.80749
482 2.8138
482 3.18721
482 2.18988
480 0.0367309
480 0.0423495
480 0.035128
479 0.0358596
479 0.0409962
479 0.0343993
479 0.0505923
479 0.0414292
478 0.0352232
478 0.0559403
477 0.0655854
477 0.0457455
477 0.0360872
477 0.0362146
476 0.0496195
476 0.074098
476 0.0644946
475 0.0393903
475 0.0440103
475 0.0379696
475 0.036467
475 0.0345401
475 0.047417
475 1.1102e-22
475 0.176285
475 0.239339
475 0.0408524
475 1.32188
475 0.0901285
475 0.488918
476 0.772782
476 1.63737
477 2.59371
477 0.615751
477 1.16006
478 0.7595
478 0.203672
478 2.21398
479 1.77692
479 0.250544
479 1.20035
479 0.269887
479 0.54359
479 0.352611
480 3.45953
480 0.430755
480 1.30602
481 3.03026
481 2.93201
481 2.62781
482 2.89394
482 3.03935
482 2.65017
480 0.0377331
479 0.0383769
479 0.0361681
479 0.0371732
479 0.0390524
479 0.051935
478 0.0370744
478 0.061584
478 0.0442665
477 0.0425559
477 0.050728
477 0.0367546
476 0.0480666
476 0.0379
475 0.0441724
475 0.0488223
475 0.0341911
475 0.0734078
475 0.0581318
475 0.0639567
475 1.1102e-22
475 0.361473
475 0.799866
475 0.677661
475 0.389231
476 0.820854
476 0.906176
476 0.494725
476 0.0760147
476 0.390488
476 0.0824664
476 0.0400578
476 0.969453
477 2.53045
477 0.729103
478 0.426524
478 0.477001
478 1.00698
478 1.27721
478 0.108848
478 1.06691
479 0.263643
479 0.259233
479 0.574486
479 0.146649
480 3.49846
480 3.14577
481 3.24474
481 2.82331
481 2.65606
482 2.83125
482 2.9894
482 2.70693
482 0.0628394
479 0.0479048
479 0.0400007
479 0.0358945
479 0.0492756
478 0.0545963
478 0.0428291
478 0.0454949
478 0.0532488
478 0.0541876
478 0.0352897
477 0.0590545
477 0.0360339
477 0.0679134
476 0.0594271
476 0.0518302
476 0.0517856
476 0.0585196
476 0.0400111
476 0.0519735
476 0.036435
475 0.0344276
475 0.0541846
475 0.0520715
475 0.0533364
475 1.1102e-22
475 0.86401
475 1.55006
475 0.329327
476 2.63751
477 2.11396
477 1.75253
478 0.536294
478 0.388299
478 2.1149
478 0.800472
478 0.264495
479 0.961106
479 0.123386
479 1.17764
480 2.72539
480 2.16115
480 1.69527
481 2.88165
481 2.96246
482 2.93103
482 2.88293
482 3.22445
482 2.06049
482 0.0321297
482 0.00454144
482 0.00682356
482 0.00172799
482 0.00442569
482 0.0122021
480 0.0361531
480 0.0362897
480 0.0447468
479 0.0346513
479 0.0350483
479 0.0351273
478 0.0386459
478 0.0353274
478 0.0548692
478 0.058177
478 0.0491854
477 0.0661561
477 0.0611818
476 0.0589728
475 0.0587958
475 0.0512019
475 0.0448051
475 1.1102e-22
475 0.171877
475 0.210064
475 2.29243
476 0.368798
476 0.0111638
476 0.696046
476 0.0706014
476 2.12329
477 1.71479
477 0.394131
477 0.323739
477 0.591156
477 0.0942438
477 0.122003
478 1.4078
478 0.071856
478 2.24157
479 1.84736
479 0.488017
479 0.847944
479 1.16165
480 1.69507
480 0.503952
480 1.37412
480 1.99044
481 3.0439
481 2.86622
481 2.68837
482 2.88469
482 3.32026
482 1.29258
480 0.0375912
480 0.0386147
479 0.0373578
479 0.0397458
479 0.0345971
479 0.0426562
478 0.0414163
478 0.0417325
478 0.0597615
477 0.0350733
477 0.0582366
477 0.0617835
477 0.0611315
477 0.0566678
477 0.0452175
476 0.0381322
476 0.0454749
476 0.0740875
476 0.0365767
476 0.0461185
475 0.0392794
475 0.0550234
475 0.0635878
475 1.1102e-22
475 2.03095
475 0.279041
475 0.137689
476 0.698402
476 0.45433
476 0.804065
476 0.184287
476 0.00526757
476 0.513899
476 0.222277
476 0.117339
477 1.16484
477 1.91253
477 0.435155
478 1.66563
478 1.60449
478 0.307689
479 1.79168
479 0.364989
480 3.3638
480 2.28185
480 1.50855
480 0.410384
481 3.17196
481 2.83956
481 2.77637
482 2.80861
482 3.11061
482 2.15894
480 0.0356761
480 0.0392197
479 0.0455284
479 0.0462154
478 0.0474532
478 0.0558934
478 0.0403175
477 0.0506176
477 0.0426356
477 0.0430498
476 0.0460764
476 0.0445869
476 0.0421062
476 0.034662
476 0.04085
476 0.0569827
476 0.0450273
476 0.0387939
475 0.0424966
475 0.0366253
475 1.1102e-22
475 0.0566974
475 0.00183368
475 2.24628
476 1.23286
476 0.904178
476 1.09252
477 2.49238
477 0.540375
478 2.20281
478 1.29724
478 0.0122206
478 0.85308
479 0.930504
479 3.39352
480 0.307672
480 0.796964
480 0.6206
480 0.979007
480 2.42995
481 0.631654
481 3.14071
481 2.88051
482 2.83903
482 2.93561
482 3.36361
482 0.874261
482 0.121694
481 0.0351805
480 0.0348846
480 0.0376609
480 0.0438757
480 0.0440092
479 0.0348854
479 0.0443637
478 0.0399267
478 0.0342608
478 0.0480008
478 0.0505119
477 0.0665812
477 0.0368091
476 0.0587889
476 0.0436809
476 0.0414613
475 0.0565757
475 0.0353059
475 0.0354645
475 1.1102e-22
475 0.540019
475 0.607122
475 0.16497
475 0.0628184
475 0.12893
475 0.707622
475 0.106515
475 0.0878183
476 2.02507
476 1.51018
477 1.73597
477 0.265069
477 0.616707
477 0.0432358
478 1.14314
478 0.391317
478 0.380891
478 1.24806
478 1.77662
479 0.614159
479 1.78001
480 3.70847
480 0.125004
480 2.38777
481 3.1073
481 2.84284
481 2.75429
482 2.8016
482 3.17663
482 1.99267
482 0.0120033
482 0.010561
480 0.0415182
479 0.0465904
479 0.0410046
479 0.0519001
478 0.0560223
478 0.0353332
478 0.0614613
478 0.0572032
477 0.0371894
477 0.0561185
477 0.0375894
477 0.064924
476 0.0707969
476 0.0523173
475 0.0502677
475 0.0567186
475 0.0462848
475 0.041391
475 0.0628677
475 0.0695608
475 0.0730942
475 0.0344664
475 1.1102e-22
475 0.1666
475 0.464083
475 0.804121
476 2.66697
476 0.983378
476 0.099799
476 0.260746
476 0.000809954
476 0.402586
476 0.28399
477 0.411782
477 1.95765
477 0.126905
477 0.524067
477 0.188949
477 0.252157
478 1.153
478 0.521214
478 0.12336
478 0.299297
478 0.31482
478 0.15727
478 0.335425
478 0.0730235
479 1.75608
479 0.428158
479 2.27853
480 1.25676
480 0.929974
480 1.08657
480 1.12138
480 0.078952
480 2.07378
481 2.61909
481 2.63458
481 2.61485
482 2.90868
482 3.39022
482 0.696856
482 0.239153
480 0.0377035
480 0.0363422
480 0.0356852
480 0.0358342
480 0.041517
479 0.0359865
479 0.0405733
479 0.0444245
478 0.034565
478 0.0397116
478 0.0346748
478 0.0376698
478 0.0375814
478 0.0353208
478 0.0353864
477 0.0393318
477 0.0375107
477 0.0397562
477 0.0438364
477 0.0429269
477 0.0443557
476 0.0505932
476 0.07332
476 0.0354139
476 0.0633623
476 0.0642826
476 0.0564799
476 0.058676
475 0.0458684
475 0.0556953
475 1.1102e-22
475 0.520666
475 1.13627
476 1.25184
476 0.292309
476 0.433582
477 3.43175
477 0.080223
477 0.641758
477 0.128185
477 0.151347
477 0.390361
477 0.38142
477 0.116111
477 0.093335
477 0.483665
478 0.677765
478 0.957507
479 2.53543
479 2.51525
479 0.337872
479 0.150814
479 0.612368
479 0.631821
480 1.46963
480 1.50286
481 3.04956
481 2.92174
481 2.85825
482 2.7899
482 2.87802
482 3.41093
482 0.0562055
482 0.0107245
480 0.0377196
480 0.0415139
479 0.0410576
479 0.0448793
479 0.0373632
479 0.0438481
479 0.0362908
479 0.0368001
478 0.0609831
478 0.0351924
477 0.0368108
477 0.039993
477 0.0443347
477 0.0348209
477 0.039345
477 0.0599907
477 0.0651586
477 0.0470493
477 0.0449333
477 0.0344605
476 0.0402299
476 0.0453173
476 0.0555219
475 0.0560186
475 0.040897
475 1.1102e-22
475 0.392383
475 0.342144
475 0.189049
475 0.359081
475 0.36072
475 0.78869
475 0.415635
476 0.45557
476 0.0928065
476 0.512034
476 1.61027
476 0.362286
477 0.621938
477 0.692515
477 0.822482
477 1.18189
478 0.750967
478 1.70957
478 1.01316
478 0.238072
478 0.00840649
478 0.0171224
479 2.83992
479 0.258936
479 1.11417
480 1.68056
480 2.89616
481 2.97076
481 2.88292
481 2.84905
482 2.77498
482 3.2345
482 2.24741
482 0.0145
480 0.0387663
479 0.0408462
479 0.0475023
479 0.0483387
478 0.0422958
478 0.0521763
478 0.0351779
478 0.0477378
478 0.0355271
478 0.0417396
477 0.0378568
477 0.0568723
477 0.0676188
477 0.0353513
476 0.0392118
476 0.0725882
476 0.0435463
476 0.0508893
476 0.0563001
475 0.0724124
475 0.0556022
475 0.0567259
475 0.0395305
475 0.0733438
475 0.0725002
475 0.0388878
475 1.1102e-22
475 0.592542
476 2.36892
476 0.527895
476 0.117039
476 0.368274
477 3.71566
477 0.0200653
477 0.98531
478 1.01983
478 0.528972
478 0.764413
478 0.695769
479 1.75591
479 2.52425
479 0.829889
480 1.78523
480 0.318771
480 0.22206
480 2.9184
481 3.21353
481 2.81717
481 2.89686
482 2.7559
482 3.32018
482 2.10122
480 0.0371356
480 0.0428577
480 0.0353053
479 0.041047
479 0.0384654
479 0.035173
478 0.0583012
478 0.0580261
478 0.0411172
478 0.0470416
477 0.068166
477 0.048024
477 0.0377606
476 0.0488736
476 0.0602058
476 0.0589047
476 0.0373387
475 0.0421736
475 1.1102e-22
475 0.505927
475 1.9749
476 1.02346
476 1.62199
476 0.654529
477 0.742753
477 1.47085
477 0.0669238
477 0.456551
477 0.241899
478 0.752147
478 2.28401
478 0.250588
478 0.405348
478 0.713615
479 3.03344
479 0.241038
480 2.43047
480 0.100181
480 0.206817
480 0.0766483
480 2.4898
481 2.46549
481 2.96664
481 2.75831
482 2.72843
482 2.9737
482 3.46225
482 0.0366727
482 0.0111276
480 0.0349041
480 0.0373861
480 0.0359664
480 0.0427881
479 0.0400837
479 0.0465419
478 0.0349582
478 0.0356328
478 0.036686
478 0.0343319
477 0.0584752
477 0.0475373
477 0.0430625
477 0.052672
477 0.0408186
476 0.0483836
476 0.0578213
476 0.0367589
475 0.0412196
475 0.0474576
475 1.1102e-22
475 1.58075
475 1.10637
476 0.581272
476 1.55527
476 0.306295
477 0.896579
477 1.82943
477 0.372253
478 1.4735
478 1.70569
478 1.38245
479 0.938346
479 0.471146
479 0.889458
479 1.43323
479 0.211053
479 0.0652875
479 0.884378
480 0.715585
480 1.54225
480 3.06185
480 0.0458683
481 3.05292
481 2.80438
482 2.82375
482 2.88421
482 3.33052
482 1.17384
480 0.0344866
480 0.0363052
479 0.0407321
479 0.0418445
479 0.0415838
479 0.0367727
479 0.0476315
479 0.0388926
479 0.0478467
478 0.0478587
478 0.0371372
478 0.0597638
477 0.0593996
477 0.0530449
477 0.0693629
476 0.0425555
476 0.0415545
476 0.0416085
475 0.0636898
475 1.1102e-22
475 0.168985
475 0.909545
475 0.158861
475 0.0587145
475 0.334021
475 0.850019
476 1.35556
476 0.0743183
476 0.00802949
476 0.351413
477 1.93152
478 4.72563
478 0.467505
478 0.12008
478 0.184453
479 2.92446
479 1.25179
479 0.160737
479 0.0685843
479 1.16792
479 0.275195
480 1.85901
480 3.27243
481 2.95483
481 3.02628
481 2.8398
482 2.78162
482 3.26061
482 1.38124
482 0.0476812
482 0.0337757
482 0.0110102
480 0.0403309
479 0.035246
479 0.0413227
479 0.0444079
479 0.0474333
479 0.045151
479 0.0523685
478 0.0392931
478 0.0489456
478 0.0399414
477 0.0363104
476 0.0439623
476 0.0545211
476 0.0722652
476 0.0732132
475 0.00627161
475 0.0510623
475 0.0463928
475 0.0364671
475 0.0373127
475 0.0389981
475 0.0513371
475 0.001564
475 0.000244662
475 1.1102e-22
475 0.0577542
475 0.491116
475 0.055205
475 1.76046
475 0.154358
475 0.185482
475 0.172586
476 1.59687
476 1.03943
476 0.153079
477 1.35642
477 2.2992
477 0.254607
478 0.649999
478 0.178179
478 0.172777
478 0.00244641
478 0.44414
478 0.279836
478 0.247024
479 2.76812
479 1.92565
479 1.49801
480 0.714092
480 3.00135
480 0.0484559
481 1.89928
481 2.97648
481 2.87687
482 2.98666
482 2.94129
482 3.55872
482 0.145614
482 0.00874178
482 0.00173081
482 0.0148111
480 0.0380966
480 0.0418436
479 0.0362242
479 0.0449825
478 0.0555609
478 0.0349239
478 0.057318
478 0.0379662
478 0.0343324
478 0.0408872
478 0.0469258
477 0.0507393
477 0.0468101
477 0.0370208
476 0.0446323
476 0.0373255
476 0.0448375
475 0.0542038
475 0.0450109
475 0.0390962
475 0.0385917
475 0.0522625
475 0.0797614
475 0.0438035
475 1.1102e-22
475 0.280248
475 0.462066
475 0.487742
475 0.569525
475 0.394835
475 0.516448
475 0.0104627
476 0.239432
476 0.19904
476 0.255591
476 0.0947103
476 0.839505
476 0.187322
476 0.179385
476 0.336338
476 0.0164041
476 0.194327
476 0.207034
476 0.347737
477 0.730037
477 0.363856
477 0.876727
477 0.0818783
477 0.6305
477 0.245843
477 0.0993177
477 0.788056
478 1.2919
478 0.936873
478 0.0230036
478 1.45873
479 0.929693
479 1.04041
479 2.285
480 2.83452
480 0.9959
481 3.18526
481 2.93489
481 2.77911
481 2.89832
482 3.23156
482 1.8998
480 0.034316
479 0.0346678
479 0.0407231
479 0.0488214
478 0.037967
478 0.0375744
478 0.0367528
478 0.0428082
478 0.0404272
477 0.0419111
477 0.0522194
477 0.0489648
477 0.050475
477 0.0543975
477 0.0443188
477 0.0356259
476 0.0407454
476 0.0600385
476 0.0351998
476 0.0554264
476 0.0718071
476 0.0456253
476 0.0370938
476 0.0630353
476 0.0587534
476 0.0390964
476 0.060953
476 0.0423404
475 0.044374
475 0.0550027
475 0.0461306
475 0.0638346
475 0.036256
475 0.0435618
475 0.059419
475 1.1102e-22
475 0.406597
475 0.432949
475 1.08479
475 0.986473
476 1.17274
476 0.197764
476 0.0452618
476 0.901933
476 0.500117
476 0.17052
477 0.529076
477 0.257151
477 1.97939
477 0.0895276
478 3.23727
478 0.303699
478 0.947393
479 0.364562
479 1.23517
479 0.17944
479 0.168824
480 2.83547
480 0.288912
480 0.00493663
480 0.337327
480 2.01332
481 3.20137
481 2.76616
481 2.7601
482 2.76539
482 2.86063
482 3.44481
482 0.454398
482 0.0232257
482 0.00907187
482 0.00966093
480 0.0388914
479 0.0368949
479 0.0449946
479 0.0357131
479 0.0563701
478 0.0458886
478 0.0383313
478 0.044195
477 0.0522512
477 0.0572252
477 0.0440865
477 0.0451963
476 0.0464758
476 0.0345771
476 0.0526614
476 0.0619499
476 0.0625415
476 0.0491232
475 0.0422928
475 0.0405402
475 0.0666933
475 0.0376774
475 1.1102e-22
475 0.0448136
475 0.320001
475 0.555628
475 0.154388
475 1.13855
476 0.901914
476 0.291274
476 0.732095
476 0.482918
476 0.962243
476 0.356849
477 1.1789
477 0.628468
477 0.103378
477 0.405152
478 3.24448
478 0.029361
478 0.506554
478 0.589175
478 0.148413
479 1.9068
479 1.21314
479 1.54823
479 0.602332
480 0.909561
480 3.23819
481 3.03739
481 2.95362
481 2.68869
482 2.71902
482 3.12481
482 2.1787
482 0.0504401
482 0.00953085
482 0.00853497
479 0.0370917
479 0.0365481
479 0.0473989
479 0.0364946
478 0.0379665
478 0.0347677
478 0.0536911
478 0.0456483
478 0.0344126
477 0.0368294
477 0.0386904
477 0.0383715
477 0.0555902
476 0.0542295
476 0.0362215
476 0.0471276
476 0.0356638
476 0.0458706
476 0.0400842
475 0.0654554
475 0.0368293
475 0.0397565
475 0.0458094
475 0.00744391
475 0.0484516
475 1.1102e-22
475 1.04099
475 0.773086
475 0.37633
475 0.260651
476 0.652085
476 1.14559
476 0.759564
477 2.4306
477 0.102019
477 0.108154
477 0.100187
478 2.03954
478 1.05613
478 0.262188
478 0.0369197
478 0.332529
478 0.222623
478 0.84421
479 1.83908
479 1.66652
479 0.861167
479 0.269796
480 3.39104
480 1.79849
481 2.92174
481 2.79561
481 2.81942
482 2.91634
482 3.08532
482 2.11865
479 0.0371799
479 0.0504049
479 0.047269
478 0.0555061
478 0.0349245
478 0.0613663
478 0.0439044
478 0.0566175
478 0.036686
478 0.0360769
477 0.0680685
477 0.0382741
477 0.0401328
477 0.0542177
476 0.0434364
476 0.0692548
476 0.0363695
475 0.0368143
475 0.040156
475 0.0414731
475 0.0453122
475 1.1102e-22
475 0.642148
475 0.169653
475 0.247054
475 0.228974
475 0.312837
475 0.214502
475 0.516549
476 1.31187
476 0.0722862
476 0.30248
476 1.22282
476 0.107154
476 0.146086
476 0.027938
476 0.349685
476 0.112477
477 0.812014
477 0.14219
477 0.0271053
477 0.966749
477 0.0680719
477 0.166387
477 0.650223
477 0.221279
478 0.896201
478 0.0980579
478 0.161608
478 0.313807
478 0.181561
478 0.351327
478 0.334951
478 0.820497
478 0.534528
478 0.329999
478 0.0830982
479 0.397721
479 0.313266
479 2.70191
480 1.69417
480 3.2367
481 3.05216
481 2.84336
481 2.82565
481 2.82284
482 3.1346
482 1.95178
482 0.0401048
482 0.0327467
479 0.0472749
479 0.0514611
479 0.0494021
478 0.036052
478 0.044244
478 0.0475099
478 0.0347279
478 0.0491782
478 0.0377233
478 0.0588155
478 0.0356409
478 0.0541055
478 0.0403753
478 0.041547
477 0.0521551
477 0.0417365
477 0.0471057
477 0.0417224
477 0.0499844
477 0.0370904
477 0.0605452
477 0.0458809
476 0.0397885
476 0.0546775
476 0.0448508
476 0.0421097
476 0.0399914
476 0.0667182
476 0.0517295
476 0.0769192
476 0.0364741
475 0.0464704
475 0.0387756
475 0.0606946
475 0.0492025
475 0.0599581
475 0.0540623
475 0.0421222
475 1.1102e-22
475 1.08176
475 0.208618
475 0.228884
475 1.07963
475 0.292144
476 1.10978
476 0.409443
476 1.05276
476 0.115376
476 0.290187
477 1.05581
477 0.22951
477 1.81152
477 0.214299
478 1.77735
479 3.519
479 0.412685
479 1.53925
480 1.67244
480 0.314984
480 0.405944
480 1.29319
480 3.1289
481 3.04163
481 2.93153
482 2.80003
482 2.90103
482 3.34099
482 0.800169
480 0.0371827
480 0.0425454
480 0.0347907
479 0.0500597
479 0.0342725
479 0.0441399
478 0.0479722
477 0.0453576
477 0.0422377
477 0.0365093
477 0.0393452
476 0.0473499
476 0.0426993
476 0.05618
476 0.0532533
476 0.00779073
476 0.0375773
476 0.0735084
475 0.0377752
475 0.038226
475 0.0346088
475 0.0559748
476 0.001564
476 0.000209012
475 1.1102e-22
475 2.02676
476 1.98261
476 1.02695
477 2.40056
477 0.107608
477 0.0245872
477 0.710628
477 0.0230426
477 1.29525
478 0.601885
478 1.63152
478 0.763824
478 0.17319
478 0.58171
479 2.45081
479 2.12798
480 0.595516
480 0.487175
480 2.02773
481 3.39375
481 2.82417
481 2.88978
482 2.75703
482 3.04994
482 3.081
482 0.077119
480 0.035042
480 0.036555
480 0.0393252
479 0.0345351
479 0.0371411
478 0.0531153
478 0.0433438
478 0.035743
478 0.0510686
478 0.0475965
477 0.0394166
477 0.0463332
477 0.0368992
477 0.0605269
477 0.0706662
477 0.0677537
476 0.0524006
476 0.0595079
475 0.0408986
475 1.1102e-22
475 0.57376
475 0.338576
475 0.0238118
475 1.80475
475 0.0980943
476 1.97252
476 0.355864
476 0.0917392
477 1.70311
477 0.0179251
477 0.284466
477 1.07734
477 0.593932
477 0.741975
478 0.135771
478 2.44343
478 1.13879
479 0.879419
479 3.65194
480 1.52831
480 1.27582
480 1.34805
480 1.6908
481 2.98328
481 2.8461
481 2.8117
482 3.05679
482 3.46776
482 0.0699709
482 0.0274512
480 0.0396025
480 0.0378947
479 0.0479143
478 0.0361515
478 0.0342604
478 0.0373506
477 0.0444612
477 0.0598178
477 0.0621254
477 0.0667916
477 0.0343554
477 0.0628609
476 0.0415305
476 0.0569453
476 0.0432333
475 0.0595495
475 0.0362177
475 0.0557228
475 0.0535034
475 0.056496
475 1.1102e-22
475 0.201778
475 1.26845
475 0.431555
476 3.19018
476 0.474644
476 0.0249187
477 1.74602
477 0.111649
477 0.0339484
477 0.172197
478 3.10921
478 0.523752
478 0.557191
478 0.0734311
478 1.57992
479 0.396859
479 1.85144
479 1.53425
479 0.374287
480 3.24627
480 1.15183
481 2.98375
481 2.88934
481 2.79489
482 2.82487
482 3.11798
482 2.40795
480 0.035647
479 0.0387185
479 0.0424375
479 0.0555267
478 0.0381791
478 0.0382155
478 0.0503949
478 0.0616074
478 0.036414
477 0.0441893
477 0.0396459
477 0.0467554
477 0.0487373
476 0.0437129
476 0.0641526
476 0.0752196
475 0.0419722
475 0.0499111
475 0.0760021
475 1.1102e-22
475 0.829641
475 0.0669413
475 0.303884
475 1.2621
476 0.419145
476 0.463478
476 0.535391
476 0.982301
476 0.86422
477 0.648866
477 1.24959
478 4.22543
479 2.75887
479 0.022845
479 1.98797
480 1.83937
480 0.991548
480 0.917078
480 1.29974
481 3.1564
481 2.79719
482 2.82886
482 2.79391
482 2.98002
482 2.99277
480 0.0364134
480 0.0365928
480 0.0360695
479 0.0352064
479 0.0406638
479 0.0368806
477 0.0610048
477 0.00085554
477 0.0647379
476 0.0365379
476 0.0566837
476 0.0758953
476 0.0489952
476 0.048421
475 0.0386796
475 0.0397984
475 0.0546164
475 0.0344023
475 1.1102e-22
475 0.426481
475 0.623964
475 0.182481
475 1.27496
476 1.53707
476 0.104212
476 0.546839
476 0.185254
476 0.800284
476 0.0745304
477 0.574977
477 0.294451
477 1.10471
477 0.000474121
477 0.76177
478 1.01302
478 2.05148
478 1.61841
479 1.13473
479 3.22788
480 2.53433
480 0.801533
480 0.585399
480 0.068842
481 3.08532
481 2.74475
481 2.87226
482 2.94394
482 3.17671
482 2.52296
482 0.00643142
480 0.0352652
480 0.0381358
480 0.0351429
480 0.0412019
479 0.0375014
479 0.036428
478 0.0457784
478 0.0462984
478 0.0388248
477 0.0526775
477 0.0686165
477 0.0481662
477 0.0457509
477 0.0416212
476 0.0443963
476 0.0522764
476 0.0651248
476 0.0540405
476 0.0368135
476 0.036129
475 0.0572974
475 0.0575533
475 0.0680404
475 0.0364543
475 1.1102e-22
475 0.774081
475 2.09004
475 0.112561
476 0.0764557
476 0.444812
476 0.0580972
476 0.976571
476 0.959366
476 0.17569
477 1.11611
477 0.610402
477 0.299502
477 0.576114
477 0.270144
477 0.0987804
477 0.808645
477 0.0181467
478 0.801203
478 0.783161
478 0.640126
478 0.233126
478 0.565021
478 0.140513
479 2.47658
479 0.0004784
479 0.412097
479 0.250303
479 2.04607
480 2.40953
480 1.86104
481 2.98227
481 2.805
481 2.72039
482 2.82312
482 3.02609
482 2.22742
482 0.00472958
482 0.0248617
479 0.0372168
479 0.0426307
479 0.042625
479 0.0419584
479 0.0472268
478 0.0363561
478 0.0408166
478 0.0413178
478 0.0435557
478 0.0580492
478 0.0498761
477 0.0610585
477 0.0469942
477 0.035547
477 0.0386179
477 0.0504703
477 0.0656786
477 0.0474392
477 0.0592517
476 0.0351612
476 0.0448738
476 0.0392114
476 0.0449305
476 0.0504355
476 0.0807875
475 0.048283
475 0.0362857
475 0.0346813
475 1.1102e-22
475 0.612895
475 1.59031
475 0.671492
476 0.0344301
476 0.11495
476 0.299121
477 2.92017
477 2.24437
478 1.5384
478 1.31783
478 0.336087
478 0.00649776
478 0.611935
479 1.85246
479 2.98125
480 2.51303
480 1.11464
481 3.21186
481 3.03704
481 2.88601
482 2.766
482 3.02288
482 3.53177
480 0.0346527
479 0.034851
479 0.0518439
478 0.0594884
478 0.0496217
478 0.0573657
478 0.0474368
478 0.0444171
477 0.0484802
477 0.0482348
476 0.0741882
476 0.0790268
475 0.0371314
475 0.0411766
475 0.0766726
475 1.1102e-22
475 0.0277454
475 0.183795
475 0.026541
475 0.072753
475 0.498945
475 1.06204
475 0.613433
475 0.434417
476 0.307114
476 1.54153
476 0.296952
476 0.377944
477 1.42665
477 0.83374
477 0.788488
478 0.82665
478 1.27885
478 0.516834
478 0.512242
479 1.34578
479 1.30401
480 3.09011
480 0.489337
480 0.735149
480 1.81384
481 3.06465
481 2.88188
481 2.94997
482 2.69921
482 3.05369
482 3.52568
482 0.349436
480 0.0397205
480 0.0362012
480 0.0452029
480 0.0396298
479 0.0414413
479 0.0355173
478 0.0509378
478 0.0612945
478 0.0385409
477 0.0528675
477 0.0344624
477 0.0498947
476 0.0443861
476 0.0354511
476 0.0410323
476 0.0363608
475 0.0347876
475 0.0367693
475 0.0471311
475 0.0454501
475 0.0760233
475 0.0500671
475 0.0395485
475 0.0118175
475 0.00418614
475 0.00111357
475 0.00722768
475 0.0335101
475 1.1102e-22
475 0.248005
475 0.34902
475 0.484584
475 0.30312
475 0.0353973
475 0.875657
476 0.751581
476 0.20464
476 0.415122
476 0.755575
476 1.27867
476 0.319793
476 0.0259553
477 1.26884
477 0.316265
477 1.41416
477 0.437638
478 0.460137
478 0.0273556
478 0.515119
478 0.182639
478 1.65564
478 0.655279
478 0.607088
479 0.573151
479 0.794481
479 1.41943
479 1.63172
480 0.924617
480 1.09111
480 3.12898
481 2.91802
481 2.72567
481 2.82841
482 2.97458
482 3.51693
482 0.371592
482 0.0605277
480 0.0383205
479 0.0444122
479 0.0456326
479 0.0474919
479 0.0496034
478 0.0404574
478 0.0447472
478 0.0367171
478 0.0614354
478 0.0375652
478 0.0586735
478 0.0513706
477 0.0475641
477 0.0463506
477 0.0356587
477 0.0574341
476 0.0523885
476 0.0702866
476 0.0720928
476 0.0776269
476 0.0481569
476 0.0771794
475 0.0444038
475 0.0701924
475 0.0346183
475 0.0370422
475 0.0708823
475 0.0552141
475 1.1102e-22
475 2.31057
475 0.298283
475 0.0644039
476 0.490326
476 0.866324
476 0.10695
477 2.68495
477 0.898629
477 1.34232
478 0.991708
478 0.254125
478 0.398807
478 0.446891
478 1.43964
478 0.153886
479 0.846515
479 1.45263
479 0.0299151
479 0.180267
479 0.936855
480 2.78236
480 0.563513
480 3.26072
481 1.01132
481 1.08601
481 2.34489
481 2.54589
481 2.86515
481 3.50389
481 0.605698
480 0.036006
479 0.0364238
479 0.0382671
479 0.0493965
479 0.0479321
478 0.0353027
478 0.0435004
478 0.0419631
478 0.0520138
478 0.0447215
478 0.0455333
477 0.0376321
477 0.0700398
477 0.0627928
476 0.0487121
476 0.0391367
476 0.0459849
475 0.0539914
475 0.0412096
475 0
319 0
475 1.1102e-22
475 0.686828
475 0.0114268
476 2.38649
476 0.222635
476 0.136451
476 0.555943
476 0.584682
477 1.86855
477 1.69678
478 2.03334
478 0.1459
478 1.50209
478 0.267308
478 0.688511
478 0.37953
479 0.0977934
479 0.610296
479 1.54623
479 0.695365
480 2.56676
480 0.112731
480 3.22457
481 3.03215
481 2.80799
481 2.82312
482 2.76268
482 3.15768
482 2.40172
480 0.0360157
480 0.0436745
479 0.0396333
479 0.0441222
479 0.0445142
479 0.0343172
478 0.0520439
478 0.0364143
478 0.0486842
478 0.0366557
478 0.0437422
478 0.04102
477 0.0442347
477 0.0487703
476 0.0584748
476 0.040119
476 0.0790219
476 0.0401026
476 0.0519975
475 0.0869496
475 0.0439321
475 1.1102e-22
475 1.35137
475 0.279771
476 1.52032
476 0.392761
476 0.995571
476 0.121292
476 0.951483
477 2.15798
477 1.07334
477 0.660571
477 0.294212
478 0.230871
478 0.632317
478 2.99031
479 0.0880506
479 3.71677
479 0.593858
480 1.30277
480 0.802658
480 2.87121
481 2.9819
481 2.87228
481 2.87461
482 2.84868
482 3.32364
482 1.02527
482 0.0752197
482 0.0103407
480 0.0342447
480 0.0363337
480 0.0363073
479 0.0354628
479 0.0468262
479 0.0489399
478 0.0378912
478 0.0539882
478 0.0382954
477 0.0523638
477 0.0521828
477 0.044061
477 0.0358336
476 0.0429169
476 0.0736213
476 0.0468996
476 0.0632142
476 0.0752532
475 0.0358485
475 0.0700969
475 1.1102e-22
475 0.189995
475 0.0941077
475 0.703388
475 0.216724
475 0.0523353
475 0.0522393
475 0.0249504
476 3.70845
477 1.65841
477 0.764188
477 0.627028
478 2.32542
478 0.142464
478 1.38368
478 0.789917
479 0.766692
479 0.485536
479 0.230514
479 0.0311589
479 3.79026
480 3.32565
480 1.40691
481 3.06861
481 2.93455
481 2.82346
482 2.89233
482 3.35083
482 1.30613
479 0.0346177
479 0.0371348
479 0.0480107
479 0.0447058
478 0.0501363
478 0.0515198
478 0.0413823
478 0.00907238
478 0.0347369
477 0.0429902
477 0.0532052
477 0.0568548
476 0.0462993
475 0.0348341
475 0.038052
475 0.0524558
475 0.0657
475 0.0352417
475 0.0382092
475 0.0373467
478 0.000121
478 0.00144105
475 1.1102e-22
475 1.13378
475 1.67149
476 0.144543
476 0.187952
476 0.0308908
476 0.02014
476 0.787969
476 1.70952
476 0.181405
477 0.474285
477 0.682079
477 1.03864
477 0.429742
477 0.0119159
477 0.816931
478 0.228648
478 0.506694
478 1.349
478 0.357351
478 0.029576
478 0.172118
478 0.557356
478 0.612815
478 0.0508551
479 0.104808
479 0.352299
479 0.629719
479 2.64337
480 1.36117
480 3.44704
481 3.05103
481 2.77694
481 2.75599
482 3.00762
482 3.20995
482 2.09009
482 0.0476805
480 0.0356204
479 0.0401467
479 0.0481105
479 0.0490564
479 0.0393235
478 0.0392977
478 0.0538639
478 0.051426
478 0.036369
478 0.0395718
478 0.0589483
478 0.0463627
478 0.0445439
478 0.043255
477 0.0439707
477 0.036369
477 0.0542623
477 0.0442193
477 0.0673196
477 0.0479859
476 0.0359434
476 0.03643
476 0.036386
476 0.0410154
476 0.0362511
476 0.0725942
476 0.0595057
475 0.0426778
475 0.055786
475 1.1102e-22
475 0.383965
475 1.72599
475 0.569586
476 2.15627
476 0.302084
477 1.01206
477 1.42527
477 0.667146
477 0.142983
477 0.428466
477 0.130388
477 0.380385
478 1.45919
478 1.51004
478 0.151027
478 0.136545
478 0.226428
478 0.417304
479 1.18715
479 1.51825
479 0.453539
480 1.86062
480 2.3405
481 3.10747
481 2.88633
481 2.87713
482 2.78627
482 2.97652
482 3.56722
482 0.214877
480 0.0369683
480 0.0367439
479 0.0373237
479 0.0486633
479 0.041788
478 0.0469222
478 0.0372815
478 0.0495228
478 0.0355111
478 0.0379129
477 0.0524938
477 0.047559
477 0.0348348
477 0.0567803
477 0.064549
477 0.0494666
477 0.0346432
476 0.0351437
476 0.0481572
475 0.0577248
475 0.0397708
475 0.0692384
475 1.1102e-22
475 1.0683
475 0.0976325
475 0.394111
475 0.122532
475 0.144284
475 0.545178
475 0.304189
476 0.560495
476 0.555685
476 1.13906
476 1.06378
477 0.938933
477 0.863009
477 0.204691
477 1.24363
478 1.28791
478 0.571293
478 0.761578
478 0.00443143
479 2.07577
479 0.208498
479 0.33514
479 0.354835
479 2.02814
480 3.51239
480 3.26238
481 2.87529
481 2.73308
481 2.69039
482 2.91843
482 3.36799
482 0.64248
482 0.0613019
479 0.0456291
479 0.0406028
479 0.0396015
479 0.0533779
479 0.0359126
478 0.0491153
478 0.0416258
478 0.0374896
478 0.0471577
477 0.0452533
477 0.0502472
477 0.0364474
477 0.0371975
476 0.036753
476 0.0343597
476 0.034503
476 0.0352348
475 0.0779655
475 0.0474768
475 0.0424981
475 0.0481238
475 0.055748
475 0.0346376
475 0.0562148
