475 2.23784e-21
475 4.82833e-41
475 2.48481e-06
475 2.02392e-17
475 1.51418e-06
16 2.44882e-21
475 2.23784e-21
475 2.92535e-13
475 2.49058e-21
475 5.66919e-07
475 6.47078e-06
475 2.32481e-06
475 9.19223e-08
475 2.90443e-18
475 1.71682e-14
475 6.80191e-06
377 1.48082e-21
475 2.23784e-21
475 7.0224e-09
475 4.66023e-25
475 0.000115535
475 0.000142513
475 8.94458e-05
475 3.3587e-05
475 4.736e-06
475 9.59792e-06
475 1.84823e-07
0 2.38788e-22
475 2.23784e-21
475 2.49813e-06
475 3.57223e-13
475 4.69149e-09
475 2.9293e-06
396 1.53201e-21
475 2.23784e-21
475 9.89571e-31
475 2.45139e-07
475 1.2452e-12
475 1.38645e-16
475 1.09929e-14
475 2.15642e-07
309 1.44977e-21
475 2.23784e-21
475 4.76689e-100
475 1.92915e-08
475 6.66929e-06
435 1.28062e-21
475 2.23784e-21
475 2.42369e-12
475 0.000161289
475 3.2984e-10
475 9.30919e-32
475 1.7056e-10
475 2.96118e-06
472 9.63331e-22
475 2.23784e-21
475 2.06901e-17
475 4.77903e-10
475 1.87701e-05
371 1.34781e-21
475 2.23784e-21
475 6.79219e-11
475 6.82161e-11
475 4.77038e-13
475 7.26116e-28
475 0.000267804
475 1.62222e-05
475 6.029e-05
475 1.16358e-06
475 2.25466e-05
475 1.24777e-05
475 1.20309e-05
475 7.46458e-06
475 2.23784e-21
475 1.34788e-21
475 4.13397e-23
475 1.68352e-27
475 1.13189e-05
204 1.73129e-21
