475 5.00382e-21
475 6.65181e-05
475 0.000221326
475 6.52698e-06
0 4.9156e-21
475 5.00382e-21
475 0.000362995
475 0.00146755
475 2.33027e-49
475 2.16286e-110
475 3.3592e-19
475 1.539e-41
475 1.78799e-117
475 1.34726e-44
475 6.45547e-40
475 5.45068e-80
475 6.59137e-128
475 2.14298e-42
475 3.14647e-22
475 1.05047e-39
475 7.93393e-101
475 4.52073e-92
475 2.77502e-11
475 3.12084e-93
475 1.0889e-37
475 3.79909e-16
475 1.42729e-20
475 4.64078e-15
475 6.38799e-10
475 3.6718e-16
475 1.37046e-31
475 5.40214e-36
475 4.73851e-116
475 4.35993e-87
475 1.33769e-65
475 1.27849e-08
475 6.97129e-69
475 5.32449e-46
475 9.5595e-51
475 9.78662e-20
475 7.29076e-15
475 0.000169441
475 5.00382e-21
475 6.75351e-05
475 0.000339149
475 7.65338e-05
475 7.49396e-05
475 2.13425e-06
475 5.77889e-05
475 2.7949e-07
475 0.000170355
475 0.00103119
475 1.67385e-19
475 1.98098e-49
475 7.16797e-05
475 1.98347e-05
475 1.56569e-05
475 2.7759e-05
475 2.3814e-06
475 1.34541e-05
475 2.93306e-05
475 5.00382e-21
475 0.00108402
475 0.000915979
475 5.00382e-21
475 0.000643156
475 1.82031e-07
475 0.000187595
475 3.9391e-18
0 4.00182e-21
475 5.00382e-21
475 0.000683021
475 2.85295e-07
475 0.00131669
475 5.00382e-21
475 4.14004e-05
475 1.94185e-06
52 5.67289e-21
475 5.00382e-21
475 0.000117369
475 0.000273613
475 0.000369179
475 2.07305e-06
475 2.84617e-06
475 6.79844e-09
475 2.27354e-05
475 6.56994e-05
475 6.13823e-07
475 1.85547e-05
475 4.88792e-05
475 0.000143917
475 2.66368e-07
475 2.67532e-05
475 0.000649596
475 1.4615e-15
475 1.02679e-37
475 5.12237e-08
475 0.000257846
475 5.00382e-21
475 0.000134582
475 4.35278e-12
302 3.1873e-21
475 5.00382e-21
475 0.00181613
475 3.42169e-40
475 5.5616e-27
475 2.15494e-40
475 3.52123e-12
475 2.86047e-37
475 5.61259e-41
475 9.37429e-61
475 8.22437e-17
475 1.1512e-08
475 2.57982e-30
475 2.28663e-29
475 1.25732e-13
475 2.67696e-27
475 2.58324e-100
475 2.59009e-16
475 3.26799e-11
475 2.65475e-12
475 2.05587e-22
475 3.1258e-62
475 2.63069e-126
475 1.86691e-08
475 1.79213e-19
475 1.5835e-116
475 0.000183839
