0 -1
477 1
0 -1
477 1
475 1
475 -1
475 1
475 -1
0 -1
477 1
475 1
475 -1
475 1
475 -1
475 1
475 -1
0 -1
477 1
475 1
475 -1
0 -1
477 1
0 -1
477 1
0 -1
477 1
475 1
475 -1
0 -1
477 1
475 1
475 -1
475 1
475 -1
475 1
475 -1
0 -1
477 1
0 -1
477 1
0 -1
477 1
0 -1
477 1
475 1
475 -1
475 1
475 -1
0 -1
477 1
475 1
475 -1
475 1
475 -1
475 1
475 -1
475 1
475 -1
0 -1
477 1
475 1
475 -1
475 1
475 -1
475 1
475 -1
0 -1
477 1
475 1
475 -1
0 -1
477 1
0 -1
477 1
475 1
475 -1
0 -1
477 1
0 -1
477 1
0 -1
477 1
475 1
475 -1
475 1
475 -1
475 1
475 -1
0 -1
477 1
0 -1
477 1
475 1
475 -1
475 1
475 -1
0 -1
477 1
475 1
475 -1
475 1
475 -1
475 1
475 -1
0 -1
477 1
475 1
475 -1
475 1
475 -1
0 -1
477 1
0 -1
477 1
475 1
475 -1
0 -1
477 1
475 1
475 -1
0 -1
477 1
475 1
475 -1
475 1
475 -1
475 1
475 -1
0 -1
477 1
475 1
475 -1
0 -1
477 1
475 1
475 -1
0 -1
477 1
0 -1
477 1
0 -1
477 1
475 1
475 -1
475 1
475 -1
0 -1
477 1
0 -1
477 1
0 -1
477 1
0 -1
477 1
475 1
475 -1
0 -1
477 1
475 1
475 -1
475 1
475 -1
0 -1
477 1
0 -1
477 1
475 -13
475 13
475 1
475 -1
0 -1
477 1
475 1
475 -1
0 -1
477 1
0 -1
477 1
0 -1
477 1
0 -1
477 1
475 1
475 -1
0 -1
477 1
475 1
475 -1
0 -1
477 1
475 1
475 -1
475 1
475 -1
475 1
475 -1
0 -1
477 1
0 -1
477 1
475 1
475 -1
0 -1
477 1
475 1
475 -1
475 1
475 -1
0 -1
476 1
476 -13
476 13
476 -1
476 1
475 1
475 -1
478 1
478 -1
0 -1
477 1
475 1
475 -1
475 1
475 -1
0 -1
477 1
0 -1
477 1
475 1
475 -1
0 -1
477 1
0 -1
477 1
475 1
475 -1
475 1
475 -1
0 -1
477 1
475 1
475 -1
0 -1
477 1
475 1
475 -1
0 -1
477 1
0 -1
477 1
475 1
475 -1
0 -1
477 1
0 -1
477 1
475 1
475 -1
475 1
475 -1
475 1
475 -1
0 -1
477 1
475 1
475 -1
0 -1
477 1
475 1
475 -1
475 1
475 -1
0 -1
477 1
0 -1
477 1
0 -1
477 1
0 -1
477 1
475 1
475 -1
475 1
475 -1
0 -1
477 1
0 -1
477 1
475 1
475 -1
0 -1
477 1
475 1
475 -1
0 -1
477 1
475 1
475 -1
0 -1
477 1
475 1
475 -1
0 -1
477 1
0 -1
477 1
475 1
475 -1
0 -1
477 1
475 1
475 -1
475 1
475 -1
475 1
475 -1
475 1
475 -1
475 1
475 -1
0 -1
477 1
0 -1
477 1
0 -1
477 1
475 1
475 -1
0 -1
477 1
0 -1
477 1
0 -1
477 1
475 1
475 -1
475 1
475 -1
475 1
475 -1
0 -1
477 1
475 1
475 -1
0 -1
477 1
0 -1
477 1
0 -1
477 1
477 -13
477 13
0 -1
477 1
0 -1
477 1
475 1
475 -1
0 -1
477 1
475 1
475 -1
475 1
475 -1
475 1
475 -1
0 -1
477 1
475 1
475 -1
0 -1
477 1
475 1
475 -1
0 -1
477 1
475 1
475 -1
0 -1
477 1
475 1
475 -1
475 1
475 -1
0 -1
477 1
475 1
475 -1
475 1
475 -1
0 -1
477 1
475 1
475 -1
0 -1
477 1
475 1
475 -1
0 -1
477 1
475 1
475 -1
0 -1
477 1
475 1
475 -1
0 -1
477 1
0 -1
477 1
475 1
475 -1
475 1
475 -1
