475 2.03792e-22
475 3.45107
476 2.82876
476 2.9101
476 2.61795
476 2.72553
477 3.15527
477 2.2949
477 0.0116493
477 0.00477611
475 2.03792e-22
475 0.0738061
475 0.209648
475 0.997195
475 0.190425
475 1.61853
476 3.11204
476 2.95209
476 2.91744
476 2.80363
477 3.24637
477 1.79973
475 0.036835
475 0.00166722
475 0.040602
475 2.03792e-22
475 0.254296
475 0.465356
475 0.755384
475 2.61329
476 2.95544
476 2.79521
476 2.85763
476 2.89614
477 3.38222
477 0.907971
475 0.0354111
475 0.0416306
475 0.0400228
475 2.03792e-22
475 1.55014
475 1.5699
476 3.02955
476 3.0072
476 2.79717
476 2.85005
477 3.25459
477 1.61313
477 0.225224
477 0.0408797
477 0.0218103
475 0.0403586
475 2.03792e-22
475 3.38625
475 0.192287
476 3.00434
476 2.91137
476 2.69057
476 2.83914
477 3.19184
477 1.78421
475 2.03792e-22
475 1.96802
475 3.13709
476 3.11916
476 2.72286
476 2.89431
477 2.99579
477 3.13406
477 0.02871
475 2.03792e-22
475 0.80242
475 3.34253
476 3.02043
476 2.86235
476 2.69145
476 3.03338
477 3.41724
477 0.788785
475 0.0414057
475 2.03792e-22
475 0.771801
475 0.1984
475 3.12922
476 3.15353
476 2.95264
476 2.8106
476 2.90915
477 3.43755
477 0.465242
477 0.07092
477 0.0302426
475 0.000922929
475 0.026445
475 0.0363667
475 0.001564
475 0.00540015
475 2.03792e-22
475 2.04324
475 1.42914
476 3.02337
476 3.04785
476 2.67243
476 2.89563
477 3.22694
477 1.51479
477 0.11624
477 0.0292305
477 0.00114041
475 2.03792e-22
475 3.23014
476 3.15533
476 2.91609
476 2.78405
476 2.78036
477 3.26842
477 1.86561
475 2.03792e-22
475 2.21317
475 2.98087
476 2.7348
476 2.75571
476 2.71861
477 2.9013
477 3.47646
477 0.219077
475 2.03792e-22
475 0.612337
475 1.62121
475 3.10762
476 2.78625
476 2.84254
476 2.69402
477 2.9718
477 3.28942
475 0.0357251
475 0.0390712
475 2.03792e-22
475 0.243785
475 0.206245
475 0.889072
475 0.414703
475 2.97387
476 2.84866
476 2.74033
476 2.67999
477 3.10677
477 3.5421
477 0.208679
475 0.0395731
475 0.0374071
475 0.0342369
475 0.0345746
475 2.03792e-22
475 0.441739
475 0.0225672
475 0.134385
475 3.20657
476 2.98046
476 2.8349
476 2.74547
476 2.80203
477 3.24216
477 1.4193
477 0.0610887
475 0.0382097
475 0.0351434
475 0.0359769
475 2.03792e-22
475 0.606633
475 3.24622
476 3.16345
476 2.85821
476 2.74931
476 3.03092
477 3.30431
477 1.00431
475 0.0366348
475 2.03792e-22
475 2.96543
475 2.31807
476 2.86736
476 2.70807
476 2.85643
477 3.07511
477 3.13946
477 0.0589078
477 0.0111571
475 2.03792e-22
475 1.78412
475 3.136
476 3.05117
476 2.76014
476 2.87921
477 3.04176
477 3.28506
477 0.0263181
475 0.0362187
475 2.03792e-22
475 2.21393
475 1.30732
476 3.16047
476 2.85264
476 2.83879
476 2.7919
477 3.3232
477 1.45701
477 0.0547386
475 2.03792e-22
475 1.21242
475 2.99783
476 3.13136
476 2.87437
476 2.74817
477 3.07803
477 3.47943
477 0.296877
477 0.124832
477 0.056681
475 2.03792e-22
475 1.06101
475 0.175391
475 0.192112
475 1.84897
476 2.95295
476 2.88148
476 2.84345
476 2.96119
477 3.16287
477 1.79091
477 0.0220687
475 0.0350226
475 0.0369287
475 0.0356406
475 2.03792e-22
475 3.35109
475 1.15475
476 2.94823
476 3.02825
476 2.86562
477 2.73742
477 3.44397
477 0.470664
475 2.03792e-22
475 1.00035
475 0.299039
475 2.2382
476 3.00978
476 2.8365
476 2.9221
476 2.90814
477 3.21129
477 1.49785
475 0.0401195
475 0.0366323
475 2.03792e-22
475 0.528165
475 2.30396
475 0.322954
476 3.06748
476 2.80507
476 2.7667
476 2.86454
477 3.16732
477 2.04775
477 0.00760208
477 0.0110555
475 0.035684
475 0.035656
475 0.0360662
475 2.03792e-22
475 0.292362
475 0.505009
475 3.17829
476 3.14205
476 2.93714
476 2.78758
476 2.92066
477 3.3493
477 0.81769
475 0.0352418
475 0.0346829
475 2.03792e-22
475 3.25766
476 2.97213
476 2.96953
476 2.86011
476 2.75977
477 3.1624
477 2.01383
477 0.00457608
475 2.03792e-22
475 0.862109
475 1.16855
475 2.99521
476 2.85536
476 2.86797
476 2.84207
477 2.93182
477 3.43985
475 0.0370626
475 2.03792e-22
475 1.01227
475 3.12055
476 2.96976
476 2.72044
476 2.67767
477 2.90363
477 3.35432
477 1.20629
475 0.0350696
475 2.03792e-22
475 0.0868474
475 1.50632
475 0.562272
475 0.566108
476 3.16223
476 2.81765
476 2.87025
476 2.87779
477 3.15384
477 2.26566
477 0.0240193
475 0.0343253
475 0.0369957
475 0.0357012
475 2.03792e-22
475 1.55084
475 2.23024
475 0.399204
476 3.17816
476 2.78909
476 2.71818
476 2.86306
477 3.42409
477 0.809314
477 0.00357468
475 0.0342336
475 2.03792e-22
475 2.17817
475 3.0832
476 2.92769
476 2.79706
476 2.83258
477 3.09818
477 3.04834
475 0.0347866
475 2.03792e-22
475 1.18502
475 2.6341
476 2.97446
476 2.85321
476 2.79122
476 2.94522
477 3.21283
477 1.40395
475 2.03792e-22
475 3.21365
475 1.36038
476 2.90972
476 2.76357
476 2.93257
477 2.92366
477 3.36263
477 0.428316
477 0.0588081
477 0.0351302
477 0.0115705
475 2.03792e-22
475 0.555347
475 2.77421
476 2.98486
476 2.92077
476 2.66579
476 2.87244
477 3.1168
477 2.03716
475 0.035779
475 0.0368492
475 2.03792e-22
475 2.93803
476 3.0447
476 2.91297
476 2.8715
476 2.76486
477 3.08075
477 2.37434
477 0.0128451
475 2.03792e-22
475 1.0324
475 3.21479
476 3.04643
476 2.73962
476 2.90378
476 2.97772
477 3.48862
477 0.596639
475 2.03792e-22
475 3.2038
476 3.01234
476 2.93172
476 2.77892
476 2.8841
477 3.15661
477 2.0325
475 2.03792e-22
475 1.92849
475 2.39026
476 2.92451
476 2.95591
476 2.75645
477 2.93459
477 3.40367
477 0.667182
477 0.000605502
475 0.0383402
475 2.03792e-22
475 0.841529
475 0.116565
475 1.9092
475 2.34301
476 3.02078
476 2.81875
476 2.85095
477 2.96258
477 3.0333
477 0.00429595
477 0.0155122
477 0.00517808
475 0.0411153
475 0.03723
475 2.03792e-22
475 3.28296
475 2.02675
476 2.94111
476 2.84763
476 2.94547
477 3.15411
477 2.80196
475 2.03792e-22
475 1.10356
475 3.09513
475 0.124699
476 2.87205
476 2.72808
476 2.89033
476 2.87468
477 3.35228
477 0.767301
477 0.091626
475 0.0659539
475 0.0343096
475 2.03792e-22
475 0.67779
475 0.0660007
475 3.26766
476 3.0883
476 2.69127
476 2.83978
476 2.9076
477 3.40174
477 0.856632
477 0.161479
475 0.0417544
475 2.03792e-22
475 3.40119
476 2.9677
476 2.82966
476 2.74581
476 2.80249
477 3.10975
477 2.12263
477 0.00391756
477 0.000900667
477 0.00485324
477 0.011095
475 2.03792e-22
475 3.29041
476 2.97476
476 2.84871
476 2.85901
476 2.82469
477 3.30771
477 1.86671
477 0.0280084
475 2.03792e-22
475 1.36435
475 3.28367
476 2.87235
476 2.87186
476 2.93844
476 2.98353
477 3.50482
477 0.180974
475 2.03792e-22
475 2.0259
475 0.643148
475 2.94632
476 2.8193
476 2.7383
476 2.91922
477 3.08822
477 2.7751
477 0.00822714
475 0.036279
475 2.03792e-22
475 0.591385
475 3.23121
476 2.9495
476 2.65999
476 2.93594
476 2.76412
477 3.23589
477 1.56948
477 0.0130491
477 0.01082
475 0.0386122
475 2.03792e-22
475 0.51475
475 0.676951
475 1.43638
475 0.664715
475 0.442832
475 1.67973
476 2.89975
476 2.73554
476 2.76234
477 2.96007
477 3.11066
475 0.0349525
475 0.0394616
475 0.0418542
475 2.03792e-22
475 2.74308
475 3.22052
476 2.86169
476 2.81234
476 2.70628
477 3.17046
477 2.48562
475 2.03792e-22
475 2.92454
476 3.15323
476 2.75165
476 2.8282
476 2.93236
477 3.17229
477 2.20221
475 0.0355209
475 2.03792e-22
475 0.952695
475 0.716301
475 0.00609741
475 1.44694
476 3.19843
476 2.8625
476 2.79235
476 2.83775
477 3.21025
477 1.90307
475 0.039025
475 0.0345957
475 2.03792e-22
475 0.592646
475 3.19483
476 3.06031
476 2.79737
476 2.62037
476 0.205191
476 0.603954
476 2.10919
476 0.0237329
475 0.0384204
478 0
494 0
719 0
478 0.0494594
477 0
481 0
475 2.03792e-22
475 0.0420552
475 0.540712
475 0.560402
475 3.32811
476 3.02379
476 2.85781
476 2.68065
476 2.94241
477 3.44335
477 0.452015
477 0.0515414
475 0.0387289
475 0.00837851
475 0.0300419
475 2.03792e-22
475 2.60831
475 2.3987
476 3.00095
476 2.9242
476 2.85509
477 3.12684
477 3.02815
477 0.0536109
477 0.0041497
475 2.03792e-22
475 1.04921
475 3.22592
476 2.97894
476 2.52052
476 2.78229
477 2.87492
477 3.31596
477 1.21609
475 0.0361568
475 2.03792e-22
475 0.444376
475 3.12379
475 1.42244
476 2.81839
476 2.65127
476 2.75072
477 2.88761
477 3.46702
477 0.418407
477 0.0113472
477 0.00462895
475 2.03792e-22
475 0.333815
475 0.671487
475 2.8539
476 2.9059
476 2.86764
476 2.88353
476 2.90458
477 3.26267
477 1.16249
477 0.028064
477 0.0533144
475 0.0374167
475 0.0352013
475 2.03792e-22
475 0.998243
475 0.629519
475 2.14779
476 3.06635
476 2.91505
476 2.74958
476 2.82537
477 3.32213
477 1.30344
477 0.00714702
475 0.0354016
475 2.03792e-22
475 1.19139
475 1.5629
475 1.35837
476 3.0332
476 2.92037
476 2.74519
476 2.92132
477 3.41835
477 0.811171
475 0.0377403
475 2.03792e-22
475 3.37458
476 3.15063
476 2.85611
476 2.86016
476 2.93741
477 3.27928
477 1.35788
477 0.0434434
477 0.0766081
477 0.0639001
475 2.03792e-22
475 1.34057
475 1.17857
475 2.43538
476 2.86517
476 2.83086
476 2.90017
477 3.04024
477 3.31951
477 0.0148323
477 0.0382554
475 0.0364392
475 2.03792e-22
475 3.25217
475 2.35753
476 2.96491
476 2.86851
476 2.88652
477 3.09927
477 2.57109
475 2.03792e-22
475 0.489373
475 0.620596
475 0.958382
475 0.249114
475 1.23537
476 3.01395
476 2.7756
476 2.71392
476 2.82796
477 3.17852
477 1.82305
475 0.0356216
475 0.0376226
475 0.0409115
475 2.03792e-22
475 0.457158
475 1.7223
475 2.01216
476 3.10496
476 2.86521
476 2.90899
477 2.93008
477 3.5094
477 0.450482
475 0.0392607
475 2.03792e-22
475 1.37528
475 0.034068
475 1.61418
476 3.10079
476 2.8688
476 3.00114
476 2.84185
477 3.19082
477 1.62556
477 0.139566
477 0.0902786
477 0.0288293
477 0.015029
475 0.0375324
475 0.0362791
475 2.03792e-22
475 3.25026
475 1.48018
476 2.86579
476 2.85762
476 2.66209
477 2.91386
477 3.47107
477 0.499136
475 2.03792e-22
475 2.80441
475 3.15718
476 2.89356
476 2.79103
476 2.85517
477 3.01207
477 2.48658
475 2.03792e-22
475 3.10695
475 1.41424
476 2.93224
476 3.03182
476 2.78225
477 2.84883
477 3.38251
477 0.501163
475 2.03792e-22
475 0.0596211
475 0.164022
475 3.36927
476 3.03439
476 2.96657
476 2.77027
476 2.79787
477 3.18015
477 1.57667
475 0.0425242
475 0.0386382
475 2.03792e-22
475 2.21093
475 3.17716
476 2.83256
476 2.71714
476 2.88115
477 2.9791
477 3.16631
477 0.0356378
475 2.03792e-22
475 0.803841
475 0.425691
475 3.28661
476 2.83019
476 2.84629
476 2.86655
477 3.00658
477 3.39869
477 0.500712
475 0.0348447
475 2.03792e-22
475 0.0428797
475 0.58035
475 0.551647
475 1.33625
475 3.09128
476 2.81713
476 2.74623
476 2.69432
477 3.03089
477 3.04071
477 0.0055064
477 0.025759
475 0.00323622
475 0.0338232
475 2.03792e-22
475 1.6551
475 1.17967
476 2.92508
476 2.96259
476 2.82209
476 2.75819
477 2.99676
477 2.66578
475 0.0347362
475 2.03792e-22
475 0.747519
475 0.536525
475 2.71882
476 2.85105
476 2.69291
476 2.85721
477 2.9077
477 3.29473
477 1.09009
477 0.268627
475 0.0348262
475 2.03792e-22
475 2.89174
476 3.00303
476 2.84183
476 2.83244
476 2.7216
477 3.14187
477 2.51646
477 0.0200198
477 0.0242745
477 0.006721
475 2.03792e-22
475 0.954181
475 3.14398
476 3.21742
476 2.81523
476 2.76952
476 2.85529
477 3.30993
477 0.893633
475 0.0408047
475 2.03792e-22
475 0.0771806
475 0.0770999
475 0.910052
475 0.373536
475 0.860394
475 0.716238
476 3.0531
476 2.91018
476 2.84338
476 2.90316
477 3.18579
477 1.90413
475 0.0353405
475 0.0351395
475 0.0382828
475 0.0345032
475 0.0425024
475 2.03792e-22
475 2.93443
475 0.909695
476 3.05585
476 2.81272
476 2.76213
476 2.92482
477 3.2786
477 1.20522
477 0.116534
475 2.03792e-22
475 0.643686
475 3.49097
476 2.83843
476 2.68656
476 2.82888
476 2.88649
477 3.29915
477 1.32333
477 0.00251069
475 2.03792e-22
475 0.827085
475 1.43003
475 3.15228
476 2.95908
476 2.89926
476 2.75708
477 3.07869
477 2.85604
475 0.04046
475 2.03792e-22
475 3.26413
476 3.15617
476 2.83882
476 2.77267
476 2.87886
477 3.11234
477 1.977
475 2.03792e-22
475 1.24448
475 1.39019
475 1.96883
476 2.92711
476 2.71563
476 2.85441
477 2.9855
477 3.5135
477 0.400178
477 0.000160572
475 2.03792e-22
475 0.592773
475 0.0120666
475 3.14524
475 0.182431
476 2.87848
476 2.76097
476 2.74308
476 2.84968
477 3.16953
477 1.41903
477 0.124004
477 0.0129942
475 0.0343047
475 0.0410128
475 0.0343968
475 2.03792e-22
475 2.00918
475 3.08311
476 3.00842
476 2.72416
476 2.6657
477 3.01127
477 3.43654
477 0.0146667
477 0.0123096
475 0.0346484
475 2.03792e-22
475 3.24822
476 2.95665
476 2.88168
476 2.8254
476 2.99828
477 3.17645
477 1.71228
477 0.201055
475 2.03792e-22
475 3.14556
475 1.9441
476 2.85323
476 2.71703
476 2.91296
477 3.01644
477 3.41068
475 2.03792e-22
475 3.25213
476 3.10201
476 2.87502
476 2.77473
476 2.90045
477 2.67414
477 2.31374
477 0.107778
475 2.03792e-22
475 3.28441
476 3.05017
476 2.88521
476 2.80778
476 2.84588
477 3.16015
477 1.95177
477 0.0146335
475 2.03792e-22
475 2.67099
475 2.98611
476 2.84104
476 2.75902
476 2.74291
477 3.08007
477 2.83448
477 0.048198
475 0.0371908
475 2.03792e-22
475 0.328062
475 0.237996
475 1.6104
475 3.2764
476 2.97186
476 2.83738
476 2.73731
477 3.17762
477 2.71579
475 0.0351614
475 0.0347153
475 0.0373106
475 2.03792e-22
475 0.175099
475 3.06895
475 2.20471
476 2.92049
476 2.75028
476 2.88077
477 2.91065
477 3.05397
475 0.0350736
475 2.03792e-22
475 2.72516
475 3.0628
476 2.87619
476 2.84683
476 2.70869
477 3.13352
477 2.56541
477 0.0453417
477 0.000414861
475 0.0356445
475 2.03792e-22
475 0.415704
475 3.2559
475 1.63454
476 2.91668
476 2.74961
476 2.96537
477 3.09434
477 2.93361
475 0.0342362
475 2.03792e-22
475 0.462591
475 1.57741
475 1.97819
476 2.94264
476 2.7243
476 2.93594
477 2.9054
477 3.34096
477 0.971739
477 0.0871572
475 0.0357286
475 0.0379422
475 2.03792e-22
475 0.781332
475 0.797869
475 1.81423
476 2.90503
476 2.9057
476 2.78652
476 2.89733
477 3.22906
477 1.81215
475 0.0342959
475 0.0364823
475 2.03792e-22
475 3.12631
475 0.0686679
476 2.91539
476 2.74781
476 2.68785
476 2.85071
477 3.12792
477 2.43934
475 0.0359905
475 2.03792e-22
475 1.55702
475 2.91441
476 2.85335
476 2.81056
476 2.68836
477 2.9115
477 3.42056
477 0.760916
477 0.0363589
477 0.00825068
475 0.0387337
475 2.03792e-22
475 1.22146
475 3.20176
476 2.91973
476 2.87616
476 2.7438
477 2.82853
477 3.51702
477 0.64025
477 0.0131175
475 0.0381702
475 2.03792e-22
475 2.26737
475 2.47126
476 2.9116
476 2.91792
476 2.76917
477 2.94308
477 3.5611
477 0.123955
475 0.0345548
475 2.03792e-22
475 3.32886
476 3.12206
476 2.86041
476 2.68546
476 2.97073
477 3.22893
477 1.80356
475 2.03792e-22
475 1.96598
475 0.422004
475 3.00413
476 2.87718
476 2.75174
476 2.87864
477 3.02943
477 2.99537
475 0.0383373
475 0.0371859
