492 -13
492 13
516 -13
516 13
515 -13
515 13
514 -13
514 13
483 -13
483 13
502 -11
502 11
502 -1
503 1
502 -1
502 1
504 1
504 -1
509 1
509 -1
513 1
513 -1
522 1
522 -1
494 1
494 -1
502 1
502 -1
503 1
503 -1
476 -10
476 10
476 -1
476 1
476 -1
476 1
476 -1
476 1
476 -13
476 13
514 1
516 -1
516 1
516 -1
515 1
515 -1
514 1
514 -1
514 1
514 -1
515 1
515 -1
498 -12
498 12
498 -1
510 1
508 1
508 -1
508 1
508 -1
508 1
508 -1
508 1
508 -1
507 1
508 -1
507 1
507 -1
507 1
507 -1
507 1
507 -1
507 1
507 -1
506 1
506 -1
506 1
506 -1
506 1
506 -1
506 1
506 -1
506 1
506 -1
505 1
505 -1
505 1
505 -1
505 1
505 -1
505 1
505 -1
505 1
505 -1
505 1
505 -1
505 1
505 -1
504 1
504 -1
504 1
504 -1
504 1
504 -1
504 1
504 -1
504 1
504 -1
504 1
504 -1
504 1
504 -1
504 1
504 -1
504 1
504 -1
503 1
503 -1
503 1
503 -1
503 1
503 -1
502 1
502 -1
502 1
502 -1
502 1
502 -1
502 1
502 -1
502 1
502 -1
502 1
502 -1
502 1
502 -1
502 1
502 -1
501 1
501 -1
501 1
501 -1
501 1
501 -1
501 1
501 -1
501 1
501 -1
501 1
501 -1
501 1
501 -1
501 1
501 -1
501 1
501 -1
501 1
501 -1
500 1
500 -1
500 1
500 -1
500 1
500 -1
500 1
500 -1
500 1
500 -1
500 1
500 -1
500 1
500 -1
500 1
500 -1
500 1
500 -1
499 1
499 -1
499 1
499 -1
499 1
499 -1
499 1
499 -1
498 1
498 -1
498 1
498 -1
498 1
498 -1
498 1
498 -1
498 1
498 -1
498 1
498 -1
481 -13
481 13
500 -13
500 13
497 -13
497 13
496 -13
496 13
518 -13
518 13
507 -13
507 13
520 -12
520 12
520 -1
1149 1
984 1
984 -1
899 1
899 -1
524 1
524 -1
524 1
524 -1
523 1
523 -1
523 1
523 -1
522 1
522 -1
522 1
522 -1
522 1
522 -1
522 1
522 -1
522 1
522 -1
522 1
522 -1
522 1
522 -1
521 1
521 -1
521 1
521 -1
521 1
521 -1
521 1
521 -1
521 1
521 -1
520 1
520 -1
520 1
520 -1
520 1
520 -1
520 1
520 -1
521 1
521 -1
521 -13
521 13
520 1
520 -1
478 -13
478 13
476 -13
476 13
485 -12
485 12
485 -1
492 1
490 1
490 -1
490 1
490 -1
490 1
490 -1
490 1
490 -1
490 1
490 -1
490 1
490 -1
490 1
490 -1
490 1
490 -1
490 1
490 -1
490 1
490 -1
489 1
489 -1
489 1
489 -1
489 1
489 -1
489 1
489 -1
489 1
489 -1
489 1
489 -1
489 1
489 -1
489 1
489 -1
489 1
489 -1
489 1
489 -1
488 1
488 -1
488 1
488 -1
488 1
488 -1
488 1
488 -1
488 1
488 -1
488 1
488 -1
487 1
487 -1
487 1
487 -1
487 1
487 -1
487 1
487 -1
487 1
487 -1
487 1
487 -1
487 1
487 -1
486 1
486 -1
486 1
486 -1
486 1
486 -1
486 1
486 -1
486 1
486 -1
486 1
486 -1
486 1
486 -1
476 -13
476 13
484 -13
484 13
490 -13
490 13
494 1
494 -1
518 -13
518 13
506 -13
506 13
495 -12
495 12
495 -1
509 1
508 1
508 -1
508 1
508 -1
508 1
508 -1
508 1
508 -1
508 1
508 -1
508 1
508 -1
508 1
508 -1
508 1
508 -1
507 1
507 -1
507 1
507 -1
507 1
507 -1
507 1
507 -1
507 1
507 -1
507 1
507 -1
507 1
507 -1
507 1
507 -1
507 1
507 -1
507 1
507 -1
507 1
507 -1
507 1
507 -1
506 1
506 -1
506 1
506 -1
506 1
506 -1
506 1
506 -1
506 1
506 -1
506 1
506 -1
506 1
506 -1
506 1
506 -1
506 1
506 -1
506 1
506 -1
506 1
506 -1
505 1
505 -1
505 1
505 -1
505 1
505 -1
505 1
505 -1
505 1
505 -1
504 1
504 -1
504 1
504 -1
504 1
504 -1
504 1
504 -1
504 1
504 -1
504 1
504 -1
504 1
504 -1
504 1
504 -1
504 1
504 -1
504 1
504 -1
504 1
504 -1
503 1
503 -1
503 1
503 -1
503 1
503 -1
503 1
503 -1
503 1
503 -1
503 1
503 -1
502 1
502 -1
502 1
502 -1
502 1
502 -1
502 1
502 -1
502 1
502 -1
502 1
502 -1
502 1
502 -1
502 1
502 -1
501 1
501 -1
501 1
501 -1
501 1
501 -1
501 1
501 -1
501 1
501 -1
501 1
501 -1
501 1
501 -1
501 1
501 -1
501 1
501 -1
501 1
501 -1
500 1
500 -1
500 1
500 -1
500 1
500 -1
500 1
500 -1
499 1
499 -1
499 1
499 -1
499 1
499 -1
499 1
499 -1
499 1
499 -1
499 1
499 -1
498 1
499 -1
498 1
498 -1
498 1
498 -1
498 1
498 -1
497 1
497 -1
496 1
496 -1
496 1
496 -1
495 1
495 -1
495 1
495 -1
495 1
495 -1
495 1
495 -1
495 1
495 -1
495 1
495 -1
495 1
495 -1
499 1
499 -1
496 1
496 -1
495 1
495 -1
495 1
495 -1
498 1
497 -1
498 1
498 -1
498 1
498 -1
498 1
497 -1
486 -13
486 13
502 -13
502 13
506 -11
506 11
506 -2
506 2
505 1
505 -1
508 1
508 -1
508 1
508 -1
517 1
517 -1
517 1
517 -1
475 -13
475 13
498 -13
498 13
516 1
516 -1
492 1
492 -1
492 1
492 -1
492 1
492 -1
501 -12
501 12
501 -1
501 1
490 -13
490 13
503 1
503 -1
507 1
507 -1
507 1
507 -1
502 1
502 -1
509 -13
509 13
487 -12
487 12
487 -1
487 1
495 -13
495 13
481 -13
481 13
485 -13
485 13
494 -12
494 12
494 -1
494 1
478 -13
478 13
499 1
499 -1
498 1
498 -1
504 1
504 -1
