475 0
525 0
850 0
1149 0
475 0
525 0
850 0
1149 0
475 0
525 0
850 0
1149 0
475 0
525 0
850 0
1149 0
475 0
525 0
850 0
1149 0
475 0
492 0
525 0
869 0
1093 0
1149 0
492 0.182398
475 0
516 0
525 0
851 0
1146 0
1149 0
516 0.117831
475 0
525 0
850 0
1149 0
475 0
525 0
850 0
1149 0
475 0
525 0
850 0
1149 0
475 0
525 0
850 0
1149 0
475 0
525 0
850 0
1149 0
475 0
515 0
525 0
853 0
1139 0
1149 0
515 0.200509
475 0
525 0
850 0
1149 0
475 0
525 0
850 0
1149 0
475 0
525 0
850 0
1149 0
475 0
525 0
850 0
1149 0
475 0
525 0
850 0
1149 0
475 0
525 0
850 0
1149 0
475 0
514 0
525 0
873 0
1079 0
1149 0
514 0.465613
475 0
525 0
850 0
1149 0
475 0
525 0
850 0
1149 0
475 0
525 0
850 0
1149 0
475 0
525 0
850 0
1149 0
475 0
483 0
525 0
850 0
1149 0
1149 0
483 0.0124858
475 0
525 0
850 0
1149 0
475 0
502 0
502 6.01044
502 3.90979
502 3.77764
502 3.84996
503 4.34797
503 1.89872
502 3.15438
502 2.19851
492 0
401 0
502 0
499 0
503 0
502 0
494 0
522 0
513 0
509 0
504 0.001564
504 0.0698406
509 0.013131
513 0.00729509
522 0.0395115
494 0.0737726
502 0.0260127
502 0.0411317
502 0.040568
502 0.0559245
502 0.164132
503 0.0379165
514 0
620 0
475 0
476 0
476 3.55074
476 3.0536
476 0.0380491
476 0.0039434
476 0.00249188
476 0.0141367
476 3.48755
476 0.395675
476 3.00123
476 3.21134
476 0.0289301
476 0.00590809
476 0
476 0
474 0
525 0
995 0
514 0
525 0
784 0
476 0.0321366
514 0.272989
514 0.0819864
515 0.190442
515 0.33825
516 0.298401
516 0.682517
516 0.0615638
515 0.130156
514 0.0486857
514 0.0510131
515 0.001564
515 0.000355917
475 0
525 0
850 0
1149 0
475 0
481 0
498 0
498 4.04281
498 0.108783
498 0.340847
498 0.474346
498 0.454715
498 0.262033
498 0.000785937
498 0.847235
499 1.47141
499 0.073355
499 0.155787
499 0.905452
499 0.359615
500 0.913979
500 0.225891
500 0.711269
500 0.0790039
500 0.110823
500 0.785564
500 0.176704
500 0.253326
500 0.561854
501 0.0739159
501 0.0866949
501 0.102908
501 0.558842
501 0.281034
501 0.477358
501 0.226703
501 0.16777
501 0.0028509
501 0.066862
501 0.0459599
501 0.393074
502 1.23086
502 0.187916
502 0.104714
502 0.341163
502 0.292845
502 0.901843
502 0.348327
502 0.159961
502 0.327537
502 0.0261129
502 0.324309
503 1.14297
503 1.8831
503 0.467333
503 0.0935107
503 1.18755
504 1.02626
504 0.34611
504 0.442363
504 0.158374
504 0.0295317
504 0.383114
504 1.42988
504 0.633078
504 0.113564
505 0.580855
505 0.125129
505 0.00375159
505 0.00892698
505 1.21614
505 0.365585
505 0.480237
505 1.97727
506 0.466417
506 0.0218266
506 1.09065
506 1.38773
506 2.64133
506 0.0411011
507 2.34891
507 0.477855
507 1.83545
507 1.31949
507 0.98575
508 0.224797
508 1.24331
508 2.17392
508 0.879278
508 1.62316
508 1.51835
509 2.86795
509 3.17622
509 2.72784
509 2.69199
510 2.84153
510 3.25494
510 1.12707
510 0.039316
510 0.00938756
510 0.00982332
508 0.039092
508 0.0418719
508 0.037069
508 0.0427607
508 0.0452024
507 0.0343065
507 0.0394888
507 0.052072
507 0.0455907
506 0.0369986
506 0.0660755
506 0.039399
506 0.0461166
506 0.0421845
505 0.0371317
505 0.0442982
505 0.0632244
505 0.0651401
505 0.0866307
505 0.0360375
505 0.0502354
504 0.0408278
504 0.0408897
504 0.0372822
504 0.0926506
504 0.0362535
504 0.0467753
504 0.0901694
504 0.0845085
504 0.0497371
503 0.0478691
503 0.0527522
503 0.0873915
502 0.0842275
502 0.0388247
502 0.0520427
502 0.0449143
502 0.0433511
502 0.0440773
502 0.0405499
502 0.0684431
501 0.0879216
501 0.0573127
501 0.067484
501 0.0430401
501 0.0374646
501 0.0451877
501 0.0383252
501 0.0436939
501 0.057946
501 0.0446675
500 0.0902495
500 0.0675191
500 0.0510267
500 0.0443496
500 0.0447623
500 0.0812424
500 0.0976298
500 0.0407452
500 0.133944
499 0.0731498
499 0.0593523
499 0.0594182
499 0.152158
498 0.0605019
498 0.0425221
498 0.0342121
498 0.150851
498 0.0352878
498 0.0371133
498 0.112829
500 0
517 0
475 0
218 0
481 0.0988466
497 0.000251419
496 0
497 0
514 0
827 0
500 0
505 0
560 0
500 0.0766246
497 0.0277299
496 0.0490175
475 0
525 0
850 0
1149 0
475 0
525 0
850 0
1149 0
475 0
518 0
525 0
864 0
1103 0
1149 0
518 0.167365
475 0
525 0
850 0
1149 0
475 0
525 0
850 0
1149 0
475 0
525 0
850 0
1149 0
475 0
525 0
850 0
1149 0
475 0
525 0
850 0
1149 0
475 0
525 0
850 0
1149 0
475 0
525 0
850 0
1149 0
475 0
525 0
850 0
1149 0
475 0
507 0
525 0
873 0
1080 0
1149 0
507 0.589825
475 0
520 0
520 0.20465
520 0.142177
520 0.0238446
520 0.241646
520 0.452486
521 0.217595
521 0.331485
521 0.283387
521 0.0798221
521 0.0657486
522 0.731324
522 0.189862
522 0.0715184
522 0.138227
522 0.0773719
522 0.177623
522 0.141446
523 0.824222
523 0.40802
523 0.197507
524 0.821419
524 0.681225
525 0.691079
855 4.32915e-23
899 0.00391787
984 0.00844486
1129 0.0138306
1149 2.66567e-24
521 0
525 0
562 0
984 0.00198848
984 0.000982522
899 0.00123791
524 0.0424371
524 0.0938737
523 0.0557558
523 0.0639211
522 0.0452722
522 0.0424301
522 0.0470761
522 0.123604
522 0.0713386
522 0.0432673
522 0.125845
521 0.0458476
521 0.10751
521 0.0449274
521 0.0828574
521 0.171956
520 0.065244
520 0.0443702
520 0.104155
520 0.0783955
521 0
525 0
651 0
521 0.0105588
520 0
507 0
392 0
521 0.0511151
520 0.117124
475 0
525 0
850 0
1149 0
475 0
525 0
850 0
1149 0
475 0
525 0
850 0
1149 0
475 0
525 0
850 0
1149 0
475 0
525 0
850 0
1149 0
475 0
476 0
478 0
525 0
850 0
1147 0
1149 0
478 0.137376
476 0.238369
475 0
525 0
850 0
1149 0
475 0
525 0
850 0
1149 0
475 0
525 0
850 0
1149 0
475 0
525 0
850 0
1149 0
475 0
525 0
850 0
1149 0
475 0
525 0
850 0
1149 0
475 0
525 0
850 0
1149 0
475 0
485 0
485 5.59015
486 1.56075
486 0.130199
486 0.538129
486 0.318229
486 0.0862654
486 0.362586
486 1.54582
486 0.111593
487 0.810722
487 0.0672194
487 0.796413
487 0.94264
487 0.281352
487 1.09477
487 0.0733851
488 2.40948
488 0.884393
488 0.964817
488 0.317231
488 0.312898
488 0.708681
489 0.461011
489 0.431663
489 0.76991
489 0.964617
489 0.143133
489 1.45751
489 0.165519
489 0.0814518
489 0.605872
489 1.08628
490 1.5988
490 0.0347822
490 0.271752
490 1.22036
490 0.0868117
490 0.666814
490 0.513376
490 0.1479
490 0.831145
490 0.850334
491 2.73137
491 0.160184
491 3.1983
491 2.15198
492 2.81239
492 2.73922
492 2.87029
492 3.07612
492 2.18561
492 0.0477445
492 0.00678077
492 0.000531459
499 0
636 0
484 0
476 0
475 0
243 0
490 0.0431834
490 0.0356852
490 0.0479206
490 0.0477478
490 0.0343854
490 0.0520461
490 0.0381517
490 0.0380899
490 0.0410669
490 0.0404137
489 0.0372478
489 0.0466521
489 0.0417761
489 0.0614992
489 0.065541
489 0.0710164
489 0.0570481
489 0.0375975
489 0.0365983
489 0.0488579
488 0.0516118
488 0.0415186
488 0.0524628
488 0.0518649
488 0.0563512
488 0.0722137
487 0.0390552
487 0.0400551
487 0.0753489
487 0.0494616
487 0.0690044
487 0.0526695
487 0.0721385
486 0.0358575
486 0.0627282
486 0.0645837
486 0.0734752
486 0.0349598
486 0.049706
486 0.0456802
508 0
716 0
476 0.00458755
484 1.3183
475 0
525 0
850 0
1149 0
475 0
525 0
850 0
1149 0
475 0
525 0
850 0
1149 0
475 0
525 0
850 0
1149 0
475 0
525 0
850 0
1149 0
475 0
525 0
850 0
1149 0
475 0
525 0
850 0
1149 0
475 0
525 0
850 0
1149 0
475 0
525 0
850 0
1149 0
475 0
490 0
490 0.445917
501 0
598 0
525 0
965 0
494 0
494 0
500 0
494 0.0257039
475 0
0 0
514 0
726 0
475 0
525 0
850 0
1149 0
475 0
525 0
850 0
1149 0
475 0
525 0
850 0
1149 0
475 0
495 0
495 2.73353
495 0.242681
495 0.202901
495 0.025685
495 0.01946
495 0.548431
495 1.10648
496 0.246002
496 0.3091
496 0.723504
497 3.2753
498 1.43278
498 0.328771
498 0.145912
498 0.206539
498 0.619589
498 0.081012
498 0.765613
499 0.464217
499 0.800297
499 0.0554153
499 0.322386
499 0.66791
499 0.0928823
500 0.672689
500 0.0424435
500 0.204375
500 0.470788
500 1.35825
500 0.0518333
501 0.768667
501 0.170417
501 0.0225679
501 0.82572
501 0.0915362
501 0.831925
501 0.112404
501 0.0641926
501 0.197654
501 0.32672
502 1.21677
502 0.168643
502 0.663801
502 0.998324
502 0.197892
502 0.0633058
502 0.098498
502 0.121525
502 0.128202
502 0.508833
503 0.321295
503 0.199823
503 0.619647
503 1.24391
503 0.0615395
503 1.31282
504 0.276183
504 0.377372
504 0.909042
504 0.417912
504 0.00619528
504 0.0201346
504 0.330343
504 0.32508
504 0.150382
504 1.02528
504 0.10326
505 0.311476
505 0.101188
505 0.619674
505 0.222415
505 1.78565
505 0.663822
506 1.61006
506 0.0242007
506 0.318234
506 0.327413
506 0.795869
506 1.95543
506 0.209921
506 0.0965203
506 0.166468
506 0.201696
506 0.446711
507 0.881432
507 1.07938
507 0.288795
507 0.624287
507 0.0874044
507 0.10366
507 1.5342
507 0.19206
507 0.0150283
507 0.183757
507 0.665257
507 0.338455
508 0.398156
508 0.474561
508 0.0938584
508 0.587497
508 2.44081
508 0.321446
508 1.53959
508 0.311597
508 1.09523
509 3.34211
509 3.05809
509 2.88765
509 2.81523
509 2.88301
509 3.25131
509 1.34359
509 0.0171849
475 0
0 0
508 0.042766
508 0.0414686
508 0.039852
508 0.0375817
508 0.0418171
508 0.042228
508 0.0550539
508 0.0461429
507 0.0357025
507 0.0461388
507 0.0376022
507 0.0437112
507 0.0346535
507 0.0489279
507 0.0461633
507 0.0352553
507 0.0478769
507 0.0492616
507 0.0476701
507 0.062531
506 0.040076
506 0.0640454
506 0.0357499
506 0.0557178
506 0.0700296
506 0.0369113
506 0.0605022
506 0.0841973
506 0.0574234
506 0.0397112
506 0.0354723
505 0.0380523
505 0.0480964
505 0.0346723
505 0.0372493
505 0.0422319
504 0.0800642
504 0.0615178
504 0.0414857
504 0.0821477
504 0.038808
504 0.0349181
504 0.0377185
504 0.0516982
504 0.0611138
504 0.0814611
504 0.107099
503 0.0625225
503 0.038394
503 0.0634404
503 0.039368
503 0.0433775
503 0.0361726
502 0.0502767
502 0.0440768
502 0.0497609
502 0.0486132
502 0.052285
502 0.034375
502 0.104556
502 0.0521028
501 0.0587884
501 0.0391334
501 0.0586726
501 0.055785
501 0.0613847
501 0.0468505
501 0.133615
501 0.12877
501 0.0347722
501 0.0346824
501 0.101279
500 0.0467581
500 0.0742318
500 0.0620825
500 0.0546631
499 0.0969621
499 0.0523069
499 0.063746
499 0.0945085
499 0.0524694
499 0.0561247
499 0.048047
499 0.11831
498 0.039795
498 0.0842977
498 0.124115
497 0.0739486
496 0.0366127
496 0.0752041
495 0.170736
495 0.0562459
495 0.0380022
495 0.057383
495 0.0397655
495 0.0275924
495 0.0476747
495 0.0455144
499 0
499 0
572 0
499 0.0209298
495 0
495 0
496 0
493 0
410 0
496 0.342032
495 0.0275418
495 0.0312439
498 0
500 0
586 0
498 0.39471
498 0.0595788
498 0.101727
497 0.503685
498 0.174164
498 0.036434
497 0.184355
475 0
525 0
850 0
1149 0
475 0
525 0
850 0
1149 0
475 0
525 0
850 0
1149 0
475 0
486 0
525 0
851 0
1146 0
1149 0
486 0.203681
475 0
525 0
850 0
1149 0
475 0
506 0
518 0
525 0
851 0
1143 0
1149 0
518 0.167383
506 0.129542
475 0
525 0
850 0
1149 0
475 0
525 0
850 0
1149 0
475 0
525 0
850 0
1149 0
475 0
525 0
850 0
1149 0
475 0
502 0
525 0
850 0
1148 0
1149 0
502 0.172474
475 0
525 0
850 0
1149 0
475 0
525 0
850 0
1149 0
475 0
525 0
850 0
1149 0
475 0
525 0
850 0
1149 0
475 0
475 0
525 0
857 0
1127 0
1149 0
475 0.361546
475 0
525 0
850 0
1149 0
475 0
506 0
506 3.59282
506 2.40032
506 2.30427
506 2.35338
506 2.3593
506 2.61834
506 2.64674
506 3.33198
506 1.58272
525 0
854 0
1135 0
1149 0
484 0
283 0
508 0
508 0
505 0.001564
505 0.110451
508 0.0153773
508 0.0857026
517 0
503 0
351 0
517 0.293969
517 0.0777638
517 0.0582157
476 0
205 0
475 0
490 0
501 0
501 0.706447
501 1.57326
501 0.379077
490 0.508203
520 0
704 0
525 0
808 0
503 0
507 0
719 0
503 0.0108154
502 0
507 0
507 0.001564
507 0.0406357
507 0.106796
507 0.0398372
502 0.154143
501 0
497 0
475 0
498 0
498 0.183639
525 0
853 0
1136 0
1149 0
516 0.001564
516 0.0781132
492 0
492 0
478 0
392 0
492 0.041999
492 0.156098
492 0.134356
492 0.001564
492 0.00141409
475 0
0 0
475 0
525 0
850 0
1149 0
475 0
525 0
850 0
1149 0
475 0
487 0
487 0.665013
487 3.09638
487 1.98584
485 0
481 0
475 0
338 0
495 0
516 0
774 0
524 0
865 0
495 0.0898648
481 0.0180153
485 0.0893079
475 0
509 0
509 1.40345
525 0
853 0
890 0
525 0
665 0
525 0
858 0
1122 0
1149 0
475 0
478 0
478 0.566368
509 0
784 0
511 0
812 0
504 0
498 0
499 0.001564
499 0.129742
498 0.0588277
504 0.329578
475 0
525 0
850 0
1149 0
475 0
525 0
850 0
1149 0
475 0
525 0
850 0
1149 0
475 0
494 0
494 0.518091
494 2.30331
525 0
867 0
1097 0
1149 0
508 0
642 0
475 0
259 0
494 0
495 0
