475 0
480 3.93896e-06
477 0
451 0
475 0
475 3.47072e-06
475 1.31096e-06
475 0
244 0
475 0
484 1.24169e-06
507 0
718 0
475 0
476 5.79184e-06
475 0
226 0
475 0
498 6.60907e-06
495 5.36507e-06
515 8.24753e-07
525 0
739 0
475 0
520 2.53599e-06
525 0
600 0
475 0
477 7.6366e-07
504 5.23024e-06
501 3.40418e-06
482 2.41172e-06
482 1.23928e-06
489 1.48291e-06
489 4.38196e-06
488 0
410 0
475 0
476 1.03318e-06
502 0
737 0
475 0
479 4.28992e-06
475 0
427 0
475 0
525 0
850 0
1149 0
475 0
521 1.62785e-06
525 0
713 0
475 0
480 1.23154e-06
490 4.42651e-06
487 2.93811e-06
487 1.20324e-06
496 2.7752e-06
495 5.11933e-06
494 2.69925e-06
499 0
534 0
475 0
486 5.07563e-06
475 0
354 0
475 0
475 4.73721e-06
475 0
386 0
475 0
507 3.97337e-06
505 5.20032e-06
511 4.11376e-07
517 2.65145e-06
510 0
453 0
475 0
520 5.97661e-06
504 5.03516e-06
525 0
869 0
475 0
484 6.4379e-06
475 0
88 0
475 0
525 0
850 0
1149 0
475 0
485 8.94409e-07
499 2.71433e-06
525 0
799 0
475 0
488 4.25627e-06
481 0
420 0
475 0
479 6.41578e-06
477 5.78428e-07
475 0
361 0
475 0
525 0
850 0
1149 0
475 0
525 0
850 0
1149 0
475 0
483 5.92565e-07
523 0
855 0
877 0
475 0
476 2.81526e-06
477 3.0617e-06
475 0
64 0
475 0
493 6.93414e-07
497 9.5209e-07
508 0
616 0
475 0
482 6.89277e-06
480 1.89785e-07
475 0
15 0
475 0
492 1.59707e-06
501 2.94751e-06
500 0
473 0
475 0
498 3.63026e-06
498 8.0103e-07
507 2.8513e-06
525 0
997 0
475 0
525 0
850 0
1149 0
475 0
506 5.14587e-06
494 1.58635e-06
487 0
236 0
475 0
525 0
850 0
1149 0
475 0
498 4.69289e-06
497 6.2943e-06
502 3.44731e-06
508 3.21196e-06
513 0
576 0
475 0
525 0
850 0
1149 0
475 0
509 4.75328e-07
517 6.81068e-06
506 4.46171e-06
512 1.40421e-06
513 0
660 0
475 0
480 2.42378e-06
488 4.58712e-06
507 0
665 0
475 0
475 2.51433e-06
479 3.74011e-07
479 1.20407e-06
479 6.88146e-07
476 0
362 0
475 0
525 0
850 0
1149 0
475 0
490 3.72364e-06
490 1.50238e-06
494 4.11405e-07
494 2.64246e-06
503 4.14848e-06
499 3.8219e-07
500 0
590 0
475 0
525 0
850 0
1149 0
475 0
492 1.91382e-06
498 5.15537e-06
492 8.15498e-07
475 0
0 0
475 0
488 9.5179e-07
515 0
765 0
475 0
488 4.42508e-06
482 0
426 0
475 0
486 5.46328e-06
481 4.64449e-06
482 2.88852e-06
525 0
1077 0
475 0
525 0
850 0
1149 0
475 0
475 1.46271e-06
497 0
701 0
475 0
497 8.42338e-07
506 5.61918e-06
475 0
0 0
475 0
484 3.49113e-06
485 0
492 0
475 0
522 2.40525e-06
525 0
646 0
475 0
497 3.64299e-06
496 0
494 0
475 0
525 0
850 0
1149 0
475 0
482 6.92364e-06
479 5.34983e-06
486 4.16284e-08
510 2.4144e-06
510 0
530 0
475 0
500 6.8745e-06
479 1.69885e-07
476 3.25398e-06
475 0
460 0
475 0
515 4.25179e-07
525 0
878 0
1054 0
475 0
525 0
850 0
1149 0
475 0
478 2.55576e-06
483 1.9195e-06
485 1.13172e-06
504 1.95642e-06
504 0
519 0
475 0
525 0
850 0
1149 0
475 0
485 1.66328e-06
502 0
650 0
475 0
488 3.62793e-06
488 4.97386e-06
486 3.69724e-06
486 1.282e-06
487 8.52895e-08
490 0
749 0
475 0
478 5.388e-06
475 0
309 0
475 0
480 1.47823e-06
501 0
695 0
475 0
497 6.71538e-06
497 4.60954e-06
503 4.85936e-06
500 3.3198e-06
505 1.19471e-06
510 1.06936e-06
509 1.24686e-06
511 0
571 0
475 0
490 5.20479e-06
476 0
357 0
475 0
495 3.11822e-06
495 3.8767e-07
497 2.67669e-08
496 0
490 0
475 0
513 3.06627e-06
513 4.9661e-06
525 0
917 0
475 0
479 3.16095e-06
480 1.82143e-07
481 2.39615e-06
478 3.25168e-07
477 0
454 0
475 0
507 4.78434e-06
504 2.97026e-06
508 3.91947e-06
519 0
630 0
475 0
495 6.45122e-07
500 1.89334e-06
520 0
697 0
475 0
497 3.54586e-06
497 5.91937e-06
478 3.74979e-06
481 2.79578e-06
481 0
485 0
475 0
487 5.01453e-06
485 6.11538e-07
483 4.62517e-06
487 3.82374e-06
475 0
46 0
475 0
509 4.05281e-06
507 1.94102e-06
504 1.53685e-06
475 0
200 0
475 0
481 6.79598e-06
475 0
0 0
475 0
524 1.69528e-06
525 0
727 0
475 0
480 3.46387e-06
482 0
495 0
475 0
514 2.8035e-06
516 3.70923e-06
523 2.88259e-06
516 0
438 0
475 0
525 0
850 0
1149 0
475 0
525 0
850 0
1149 0
475 0
525 0
850 0
1149 0
475 0
479 1.73914e-06
483 2.08559e-06
508 1.5073e-06
525 0
1101 0
475 0
510 4.8699e-06
509 1.48267e-07
503 5.18348e-06
525 0
853 0
1131 0
1131 0
475 0
496 1.40265e-06
508 3.84237e-06
494 5.88795e-06
509 2.48936e-06
509 9.24605e-07
513 9.08246e-07
507 0
307 0
475 0
525 0
850 0
1149 0
475 0
480 2.58714e-06
488 1.73463e-06
491 0
836 0
475 0
496 3.16969e-06
496 2.33771e-06
501 3.69215e-07
503 0
538 0
475 0
487 1.50038e-06
507 0
690 0
475 0
485 4.9687e-06
475 0
367 0
475 0
488 3.35237e-06
490 0
511 0
475 0
499 3.30864e-06
499 2.01157e-06
501 0
525 0
475 0
481 6.14332e-06
475 0
195 0
475 0
495 9.96806e-07
498 5.70136e-06
489 3.61636e-06
487 5.05659e-07
476 0
388 0
475 0
483 2.74477e-07
525 0
850 0
1101 0
475 0
482 5.93102e-06
475 0
212 0
475 0
525 0
850 0
1149 0
475 0
505 3.80154e-06
503 3.87672e-06
504 0
510 0
475 0
480 5.91853e-06
477 1.38953e-06
475 0
415 0
475 0
487 3.51364e-06
488 4.56199e-06
525 0
1027 0
475 0
488 5.60066e-06
475 0
306 0
475 0
489 4.94454e-06
477 0
368 0
475 0
525 0
850 0
1149 0
475 0
489 1.19321e-06
512 0
721 0
