493 -13
493 13
521 -13
521 13
507 -13
507 13
477 -13
477 13
499 -13
499 13
510 -12
510 12
510 -1
510 1
508 1
508 -1
519 1
519 -1
522 1
522 -1
517 1
516 -1
516 1
516 -1
516 1
516 -1
489 1
489 -1
503 1
503 -1
517 1
516 -1
516 1
516 -1
516 1
516 -1
522 -13
522 13
479 -13
479 13
497 -13
497 13
509 -13
509 13
514 1
514 -1
513 1
514 -1
514 1
514 -1
514 1
514 -1
514 1
514 -1
500 -13
500 13
520 -13
520 13
516 -13
516 13
489 -13
489 13
496 -13
496 13
519 1
519 -1
518 1
518 -1
476 1
476 -1
476 1
476 -1
483 1
483 -1
483 1
483 -1
501 -13
501 13
484 -10
484 10
484 -2
484 2
484 -1
484 1
493 1
493 -1
493 1
494 -1
494 1
494 -1
493 1
493 -1
496 -13
496 13
493 -13
493 13
492 -13
492 13
491 -13
491 13
481 -13
481 13
501 -11
501 11
501 -2
502 2
497 1
497 -1
485 1
485 -1
486 1
486 -1
498 1
498 -1
505 1
505 -1
505 1
505 -1
498 -12
498 12
498 -1
498 1
501 1
500 -1
500 1
500 -1
501 1
501 -1
507 -12
507 12
507 -1
507 1
510 1
510 -1
510 1
510 -1
510 1
510 -1
510 1
510 -1
490 -12
490 12
490 -1
490 1
513 1
513 -1
510 1
510 -1
493 1
493 -1
498 1
498 -1
497 1
497 -1
510 -13
510 13
476 -12
476 12
476 -1
476 1
475 -13
475 13
492 -13
492 13
493 -13
493 13
475 -13
475 13
477 1
477 -1
478 1
478 -1
480 1
480 -1
480 1
480 -1
502 -13
502 13
524 -12
524 12
524 -1
524 1
475 -13
475 13
475 -13
475 13
481 -13
481 13
487 -13
487 13
510 -13
510 13
486 -13
486 13
521 -13
521 13
502 -13
502 13
481 -12
481 12
481 -1
488 1
486 1
486 -1
486 1
486 -1
485 1
485 -1
485 1
485 -1
485 1
485 -1
485 1
485 -1
485 1
485 -1
485 1
485 -1
485 1
485 -1
485 1
485 -1
484 1
484 -1
484 1
484 -1
484 1
484 -1
484 1
484 -1
484 1
484 -1
484 1
484 -1
484 1
484 -1
484 1
484 -1
483 1
483 -1
483 1
483 -1
483 1
483 -1
483 1
483 -1
483 1
483 -1
483 1
483 -1
482 1
482 -1
482 1
482 -1
481 1
481 -1
481 1
481 -1
481 1
481 -1
484 -12
484 12
484 -1
484 1
512 1
512 -1
491 -13
491 13
491 -12
491 12
491 -1
491 1
502 1
502 -1
505 1
505 -1
477 1
477 -1
503 1
503 -1
503 1
503 -1
503 1
503 -1
503 1
503 -1
500 -13
500 13
481 1
480 -1
480 1
480 -1
480 1
480 -1
480 1
480 -1
480 1
480 -1
523 -13
523 13
512 -13
512 13
484 -13
484 13
509 -12
509 12
509 -1
509 1
514 1
514 -1
491 -13
491 13
509 -13
509 13
517 -13
517 13
509 -13
509 13
494 -13
494 13
494 -13
494 13
511 -13
511 13
502 -13
502 13
484 -13
484 13
485 -13
485 13
481 -13
481 13
476 -13
476 13
520 -13
520 13
499 1
499 -1
499 1
499 -1
517 -12
517 12
517 -1
517 1
519 -13
519 13
490 -12
490 12
490 -1
494 1
492 1
492 -1
492 1
492 -1
491 1
491 -1
491 1
491 -1
491 1
491 -1
490 1
490 -1
517 -13
517 13
