475 0
525 0
850 0
1149 0
475 0
493 0
525 0
865 0
1103 0
1149 0
493 0.113126
475 0
525 0
850 0
1149 0
475 0
525 0
850 0
1149 0
475 0
525 0
850 0
1149 0
475 0
507 0
521 0
525 0
1101 0
521 0.282654
507 0.156174
475 0
525 0
850 0
1149 0
475 0
477 0
496 0
674 0
477 1.4372
475 0
499 0
525 0
1149 0
499 0.340296
475 0
510 0
510 1.51199
510 2.39348
503 0
440 0
509 0
497 0
479 0
483 0
555 0
522 0
509 0
439 0
525 0
596 0
508 0
506 0
417 0
508 0.0613126
517 0
522 0
519 0
518 0
469 0
519 0.0897546
522 0.081339
516 0.36877
516 0.239144
516 0.188805
516 0.0421966
516 0.0562035
516 0
447 0
503 0
489 0
475 0
200 0
489 0.012057
503 0.0131042
517 0
525 0
815 0
516 0.589652
516 0.0470988
516 0.0630156
516 0.0395803
516 0.0821662
513 0
514 0
525 0
731 0
522 0.446383
479 0.133764
497 0.0856291
509 0.237973
514 0.538957
514 0.083946
514 0.387389
514 0.132737
514 0.160585
514 0.602388
514 0.196341
514 0.050832
514 0.060167
514 0.0448654
475 0
500 0
525 0
1149 0
500 0.217384
475 0
525 0
850 0
1149 0
475 0
525 0
850 0
1149 0
475 0
520 0
525 0
926 0
983 0
1149 0
520 0.396642
475 0
525 0
850 0
1149 0
475 0
516 0
525 0
1058 0
516 0.354347
475 0
489 0
525 0
852 0
1141 0
1149 0
489 0.0127282
475 0
525 0
850 0
1149 0
475 0
496 0
496 1.56258
514 0
683 0
518 0
519 0
522 0
601 0
519 0.0155229
518 0.180435
494 0
479 0
483 0
476 0
475 0
260 0
476 0.166975
476 0.111984
476 0.0343283
483 0.0368911
483 0.0611028
483 0.0372688
475 0
501 0
525 0
852 0
1141 0
1149 0
501 0.0611664
475 0
525 0
850 0
1149 0
475 0
525 0
850 0
1149 0
475 0
525 0
850 0
1149 0
475 0
525 0
850 0
1149 0
475 0
525 0
850 0
1149 0
475 0
484 0
484 6.0133
484 2.5644
484 2.58951
484 2.88228
484 3.57777
484 0.0511253
484 3.36564
484 0.446454
492 0
493 0
496 0
501 0
579 0
485 0
493 0
493 0
493 0
493 0
494 0
509 0
493 0.052641
494 0.503612
494 0.312912
494 0.296813
493 0.377266
525 0
891 0
942 0
496 0.0178906
493 0.011745
492 0.013764
475 0
491 0
525 0
1149 0
491 0.289947
475 0
481 0
525 0
852 0
1141 0
1149 0
481 0.0734979
475 0
501 0
501 1.88049
501 2.31112
501 2.39534
502 2.37456
502 2.34267
502 2.57483
502 2.91737
502 3.39353
502 1.0314
498 0
502 0
538 0
497 0
494 0
472 0
497 0.0567448
525 0
851 0
1145 0
1149 0
505 0
498 0
489 7.81143e-06
486 0
485 0
475 0
280 0
485 0.0220883
486 0.0011297
498 0.0391189
505 0.0509356
505 0.0992701
505 0.0475818
501 0
518 0
690 0
498 1.00333
498 2.52601
498 0.00315479
501 0.490525
500 1.08814
500 0.939074
500 0.158418
500 0.658919
500 0.334241
500 0.164346
501 0.0465136
475 0
525 0
850 0
1149 0
475 0
507 0
507 0.753644
507 1.48989
507 0.264154
525 0
853 0
1089 0
525 0
858 0
948 0
510 0
510 0
499 0
376 0
510 0.0284992
510 0.108728
510 0.0578049
510 0.175885
510 0.0368705
510 0.000121
510 0.00143205
475 0
0 0
475 0
525 0
850 0
1149 0
475 0
525 0
850 0
1149 0
475 0
525 0
850 0
1149 0
475 0
490 0
490 0.497372
490 2.69234
490 2.79929
490 2.95711
490 3.40768
498 0
570 0
499 0
586 0
525 0
914 0
1005 0
1149 0
493 0
510 0
513 0
513 0
575 0
513 0.00363425
510 0.00950357
493 0.0739685
497 0
498 0
499 0
589 0
498 0.281791
497 0.223028
475 0
525 0
850 0
1149 0
475 0
525 0
850 0
1149 0
475 0
525 0
850 0
1149 0
475 0
525 0
850 0
1149 0
475 0
525 0
850 0
1149 0
475 0
510 0
525 0
873 0
1079 0
1149 0
510 0.113876
475 0
525 0
850 0
1149 0
475 0
525 0
850 0
1149 0
475 0
525 0
850 0
1149 0
475 0
525 0
850 0
1149 0
475 0
525 0
850 0
1149 0
475 0
525 0
850 0
1149 0
475 0
525 0
850 0
1149 0
475 0
525 0
850 0
1149 0
475 0
475 0
476 0
476 0.87881
476 3.45081
475 0.102673
475 0
493 0
492 0
520 0
822 0
476 0
479 0
483 0
545 0
480 0
480 0
478 0
477 0
475 0
0 0
492 0.025115
493 0.063489
475 0.0742719
477 0.0799319
478 0.0196606
480 0.10084
480 0.0221073
475 0
502 0
525 0
908 0
1012 0
1149 0
502 0.168873
475 0
481 0.000150654
525 0
850 0
1149 0
1149 0
475 0
475 0
524 0
524 1.95254
524 2.69096
524 2.95397
524 3.47763
524 0.434986
524 0.0328216
475 0.290532
519 0
474 0
525 0
627 0
486 0
101 0
475 0
475 0
500 0
728 0
475 1.09853
475 0
481 0
481 1.33222
487 0
491 0
540 0
487 0
538 0
475 0
411 0
475 0
123 0
487 1.06611
475 0
510 0
525 0
858 0
1121 0
1149 0
510 0.0412792
475 0
525 0
850 0
1149 0
475 0
525 0
850 0
1149 0
475 0
525 0
850 0
1149 0
475 0
486 0
525 0
1146 0
486 0.417417
475 0
525 0
850 0
1149 0
475 0
525 0
850 0
1149 0
475 0
525 0
850 0
1149 0
475 0
525 0
850 0
1149 0
475 0
525 0
850 0
1149 0
475 0
521 0
521 0.161215
525 0
864 0
1102 0
1149 0
512 0
428 0
525 0
658 0
475 0
502 0
525 0
897 0
1031 0
1149 0
502 0.222072
475 0
525 0
850 0
1149 0
475 0
481 0
481 0.377647
481 0.100504
481 0.230333
481 0.183432
482 1.60096
482 2.16462
483 0.869299
483 0.543498
483 1.14631
483 0.931046
483 0.225552
483 0.0597905
484 0.82352
484 0.299023
484 1.32147
484 0.496361
484 0.0285712
484 0.220517
484 1.08853
484 0.190464
485 0.293082
485 0.269229
485 1.36746
485 0.104719
485 0.388635
485 0.0745327
485 0.654438
485 1.06772
486 1.89397
486 0.462216
486 2.74165
486 0.329617
486 1.01341
487 3.04835
487 2.99573
488 2.72532
488 2.76659
488 3.08334
488 2.41754
488 0.0121025
488 0.0160639
488 0.000672211
486 0.039532
486 0.0389108
485 0.0454784
485 0.0438488
485 0.0357813
485 0.0381032
485 0.0354301
485 0.0345455
485 0.0363372
485 0.0410081
484 0.0357173
484 0.0381579
484 0.0384583
484 0.0342401
484 0.041024
484 0.0580088
484 0.0523926
484 0.0360455
483 0.0542195
483 0.0342945
483 0.052963
483 0.0363666
483 0.0626135
483 0.0351618
482 0.0687498
482 0.0345007
481 0.0416951
481 0.0708717
481 0.0598668
497 0
636 0
496 0
632 0
482 0
494 0
475 0
484 0
484 1.28934
484 3.39215
484 0.693758
484 0.00200268
484 0.0531058
480 0
442 0
491 0
498 0
753 0
525 0
891 0
1046 0
1149 0
512 0
525 0
784 0
512 0.0211013
475 0
319 0
491 0.0393413
475 0
525 0
850 0
1149 0
475 0
491 0
491 1.78873
491 2.05362
500 0
511 0
784 0
502 0
525 0
793 0
502 0.0860586
503 0
477 0
505 0
505 0
503 0
505 0.0180882
477 0.101089
503 0.136653
503 0.289409
503 0.341347
503 0.0692063
503 0.382502
503 0.0782506
503 0.0616891
481 0
478 0
389 0
500 0.207442
480 0.605655
480 0.161949
480 0.0747827
480 0.158267
480 0.388081
480 0.0886064
480 0.130796
480 0.001564
480 0.001564
480 0.0425788
480 0.0173814
475 0
525 0
850 0
1149 0
475 0
525 0
850 0
1149 0
475 0
484 0
512 0
523 0
525 0
943 0
523 0.164378
512 0.075228
484 0.00666541
475 0
525 0
850 0
1149 0
475 0
509 0
509 2.15879
509 3.04804
509 3.25006
509 0.0422495
509 0
477 0
176 0
517 0
520 0
580 0
509 0
491 0
492 0
676 0
514 0
491 0
141 0
514 0.023092
521 0
636 0
475 0
51 0
475 0
164 0
491 0.100243
509 0.0886905
517 0.0370381
509 0.105614
475 0
525 0
850 0
1149 0
475 0
525 0
850 0
1149 0
475 0
525 0
850 0
1149 0
475 0
525 0
850 0
1149 0
475 0
525 0
850 0
1149 0
475 0
525 0
850 0
1149 0
475 0
494 0
525 0
851 0
1145 0
1149 0
494 0.22778
475 0
494 0
525 0
853 0
1139 0
1149 0
494 0.146455
475 0
511 0
525 0
910 0
1008 0
1149 0
511 0.163656
475 0
484 0
502 0
525 0
856 0
1129 0
1149 0
502 0.33239
484 0.136458
475 0
485 0
525 0
881 0
1066 0
1099 0
485 0.361667
475 0
525 0
850 0
1149 0
475 0
476 0
481 0
525 0
1149 0
481 0.0945793
476 0.157897
475 0
525 0
850 0
1149 0
475 0
520 0
520 1.00774
525 0
847 0
499 0
514 0
693 0
499 0.119199
499 0.112848
499 0.0484515
502 0
347 0
525 0
580 0
475 0
525 0
850 0
1149 0
475 0
517 0
517 4.45005
517 3.86618
517 3.79605
517 3.9112
517 4.30004
517 2.9488
505 0
397 0
519 0
525 0
1124 0
525 0
895 0
525 0
858 0
1121 0
1149 0
519 0.012502
475 0
525 0
850 0
1149 0
475 0
525 0
850 0
1149 0
475 0
525 0
850 0
1149 0
475 0
490 0
490 0.355825
490 0.984473
491 1.22439
491 1.96495
491 1.35446
492 1.80526
492 0.171068
492 3.39353
493 1.29516
493 2.84312
493 2.90871
494 2.82823
494 2.93768
494 3.03712
494 3.47781
494 0.312282
494 0.0114034
494 0.00641271
525 0
1031 0
492 0.0445226
492 0.0424091
491 0.0507716
491 0.0447087
491 0.0453762
490 0.0529436
525 0
882 0
1063 0
1149 0
475 0
525 0
850 0
1149 0
475 0
517 0
525 0
880 0
1063 0
1149 0
517 0.124451
