506 -13
506 13
501 -13
501 13
513 -13
513 13
505 -13
505 13
495 -13
495 13
488 -13
488 13
479 -13
479 13
477 -13
477 13
479 -13
479 13
524 -13
524 13
475 -13
475 13
476 -13
476 13
475 -13
475 13
489 -13
489 13
482 -13
482 13
504 -13
504 13
499 -13
499 13
480 -13
480 13
480 -13
480 13
475 -13
475 13
499 -13
499 13
499 -13
499 13
490 -13
490 13
490 -13
490 13
505 -13
505 13
500 -13
500 13
512 -13
512 13
510 -13
510 13
478 -13
478 13
482 -13
482 13
482 -13
482 13
490 -13
490 13
495 -13
495 13
504 -13
504 13
482 -13
482 13
493 -13
493 13
500 -13
500 13
496 -13
496 13
509 -13
509 13
507 -13
507 13
498 -13
498 13
501 -13
501 13
483 -13
483 13
484 -13
484 13
500 -13
500 13
499 -13
499 13
502 -13
502 13
478 -13
478 13
521 -13
521 13
518 -13
518 13
518 -13
518 13
478 -13
478 13
499 -13
499 13
482 -13
482 13
497 -13
497 13
478 -13
478 13
479 -13
479 13
522 -13
522 13
516 -13
516 13
517 -13
517 13
502 -13
502 13
497 -13
497 13
496 -13
496 13
512 -13
512 13
495 -13
495 13
491 -13
491 13
476 -13
476 13
513 -13
513 13
504 -13
504 13
497 -13
497 13
489 -13
489 13
486 -13
486 13
487 -13
487 13
485 -13
485 13
486 -13
486 13
498 -13
498 13
494 -13
494 13
505 -13
505 13
495 -13
495 13
516 -13
516 13
478 -13
478 13
476 -13
476 13
515 -13
515 13
512 -13
512 13
516 -13
516 13
515 -13
515 13
479 -13
479 13
485 -13
485 13
484 -13
484 13
508 -13
508 13
494 -13
494 13
489 -13
489 13
486 -13
486 13
487 -13
487 13
485 -13
485 13
484 -13
484 13
487 -13
487 13
495 -13
495 13
493 -13
493 13
496 -13
496 13
524 -13
524 13
500 -13
500 13
503 -13
503 13
499 -13
499 13
505 -13
505 13
501 -13
501 13
486 -13
486 13
486 -13
486 13
491 -13
491 13
477 -13
477 13
475 -13
475 13
499 -13
499 13
519 -13
519 13
487 -13
487 13
478 -13
478 13
489 -13
489 13
509 -13
509 13
509 -13
509 13
487 -13
487 13
490 -13
490 13
490 -13
490 13
489 -13
489 13
497 -13
497 13
479 -13
479 13
480 -13
480 13
492 -13
492 13
490 -13
490 13
503 -13
503 13
479 -13
479 13
475 -13
475 13
483 -13
483 13
501 -13
501 13
509 -13
509 13
