476 -13
476 13
513 -13
513 13
513 -13
513 13
507 1
507 -1
514 1
514 -1
513 -13
513 13
506 1
506 -1
514 1
514 -1
514 1
514 -1
521 -13
521 13
524 -13
524 13
520 -13
520 13
523 -13
523 13
483 -13
483 13
522 -13
522 13
479 -13
479 13
483 -13
483 13
521 -13
521 13
505 -13
505 13
479 -13
479 13
521 -13
521 13
495 -13
495 13
507 -13
507 13
510 -13
510 13
500 -13
500 13
483 -13
483 13
489 1
489 -1
498 -13
498 13
490 -13
490 13
479 -13
479 13
522 -13
522 13
482 1
482 -1
491 1
491 -1
521 -13
521 13
518 -13
518 13
522 -13
522 13
509 -13
509 13
484 -13
484 13
480 -13
480 13
482 -13
482 13
494 -13
494 13
490 -13
490 13
497 1
498 -1
498 1
497 -1
501 -13
501 13
492 -13
492 13
483 -13
483 13
475 1
475 -1
475 1
475 -1
513 -13
513 13
512 -13
512 13
509 -13
509 13
508 -13
508 13
490 -13
490 13
490 -13
490 13
489 -13
489 13
506 -13
506 13
493 -13
493 13
502 -13
502 13
514 -13
514 13
500 1
499 -1
490 -13
490 13
487 -13
487 13
488 1
488 -1
497 -13
497 13
481 -13
481 13
508 -13
508 13
520 -13
520 13
512 -1
511 1
512 -1
511 1
512 1
511 -1
513 1
513 -1
513 1
513 -1
479 -13
479 13
501 -13
501 13
488 -13
488 13
521 -13
521 13
482 -13
482 13
490 -13
490 13
485 -13
485 13
492 -13
492 13
492 1
492 -1
492 1
492 -1
493 1
493 -1
492 1
492 -1
492 1
492 -1
493 -13
493 13
491 -13
491 13
498 -13
498 13
492 -13
492 13
479 -13
479 13
509 -13
509 13
477 -13
477 13
505 -13
505 13
498 1
498 -1
497 1
497 -1
497 1
497 -1
497 1
497 -1
505 -13
505 13
514 -13
514 13
511 -13
511 13
482 -13
482 13
478 -13
478 13
497 -13
497 13
504 -13
504 13
510 -13
510 13
516 -13
516 13
515 -13
515 13
512 1
511 -1
485 -13
485 13
484 -13
484 13
503 -13
503 13
520 -13
520 13
519 -13
519 13
524 -13
524 13
517 -13
517 13
520 -13
520 13
514 -13
514 13
476 -13
476 13
507 -13
507 13
502 -13
502 13
478 -13
478 13
487 1
487 -1
479 1
479 -1
515 -13
515 13
522 1
522 -1
515 1
515 -1
513 1
513 -1
515 1
515 -1
516 -13
516 13
