475 5.00382e-21
475 0.00181297
475 1.75306e-29
475 4.3163e-11
475 1.52114e-08
475 5.46862e-124
475 3.81422e-07
475 1.91744e-36
475 3.14491e-11
475 7.8444e-21
475 1.60098e-07
475 9.11239e-116
475 0.000186472
475 5.00382e-21
475 0.00107605
475 6.03174e-06
475 1.72388e-06
475 1.83671e-05
475 4.99962e-08
475 1.88351e-05
475 0.000260909
475 8.9464e-07
475 3.1567e-17
475 8.39097e-11
475 2.80557e-17
475 1.41122e-17
475 2.78012e-06
475 8.01488e-06
475 0.000606346
475 5.00382e-21
475 1.0096e-05
475 0.00160848
475 9.44968e-16
475 1.45636e-11
475 5.94171e-24
475 3.09959e-06
475 3.53592e-22
475 1.47317e-08
475 4.39551e-08
475 0.000378269
475 5.00382e-21
475 3.05868e-05
475 1.48087e-06
475 0.00196793
475 5.00382e-21
475 1.91731e-08
475 1.82683e-09
475 1.74318e-05
475 4.06814e-40
188 4.01221e-21
475 5.00382e-21
475 0.00173365
475 3.03261e-13
475 8.75078e-05
475 2.7395e-33
475 1.70644e-10
475 1.01363e-73
475 1.04138e-101
475 2.44238e-53
475 1.55389e-26
475 1.72143e-10
475 2.42622e-09
475 1.03323e-41
475 4.9945e-13
475 1.3004e-167
475 1.65137e-12
475 1.5642e-34
475 2.92233e-35
475 8.24019e-62
475 8.35056e-10
475 4.25546e-60
475 7.11877e-21
475 9.71552e-41
475 2.11794e-20
475 1.119e-13
475 4.13316e-139
475 7.79018e-16
475 1.76822e-20
475 4.3296e-08
475 1.02312e-36
475 4.69482e-05
475 6.48673e-05
475 3.74733e-06
475 2.09113e-05
475 1.17821e-05
475 7.71669e-06
475 1.35161e-05
475 9.30892e-06
475 5.00382e-21
475 0.00023961
475 0.00102937
475 0.000731018
475 5.00382e-21
475 0.000248615
475 2.64959e-12
443 3.25337e-21
475 5.00382e-21
475 0.00142534
475 7.48127e-10
475 4.92932e-15
475 1.61951e-05
475 2.59729e-08
475 7.04801e-14
475 0.000558437
475 5.00382e-21
475 2.4452e-05
475 8.15048e-07
475 0.000861568
475 1.05904e-07
475 0.000106
475 2.49086e-10
475 1.56626e-08
475 3.00988e-07
475 0.00084786
475 3.09172e-05
475 3.02852e-05
475 6.37796e-07
475 6.78648e-05
475 9.27789e-06
475 1.0735e-05
475 9.16439e-06
