0 -1
324 1
0 -1
240 1
0 -1
0 1
0 -1
475 1
0 -1
116 1
0 -1
353 1
0 -1
428 1
0 -1
196 1
0 -1
0 1
0 -1
475 1
0 -1
440 1
0 -1
475 1
0 -1
475 1
0 -1
452 1
0 -1
475 1
0 -1
469 1
0 -1
475 1
0 -1
475 1
0 -1
0 1
0 -1
360 1
0 -1
0 1
0 -1
475 1
0 -1
365 1
0 -1
475 1
0 -1
475 1
0 -1
173 1
0 -1
387 1
0 -1
284 1
0 -1
351 1
0 -1
475 1
0 -1
370 1
0 -1
395 1
0 -1
0 1
0 -1
475 1
0 -1
429 1
0 -1
434 1
0 -1
475 1
0 -1
0 1
0 -1
184 1
0 -1
308 1
0 -1
35 1
0 -1
279 1
0 -1
475 1
0 -1
17 1
0 -1
351 1
0 -1
475 1
0 -1
475 1
0 -1
362 1
0 -1
384 1
0 -1
475 1
0 -1
0 1
0 -1
475 1
0 -1
475 1
0 -1
475 1
0 -1
0 1
0 -1
253 1
0 -1
257 1
0 -1
372 1
0 -1
475 1
0 -1
475 1
0 -1
475 1
0 -1
475 1
0 -1
402 1
0 -1
217 1
0 -1
475 1
0 -1
305 1
0 -1
475 1
0 -1
475 1
0 -1
475 1
0 -1
369 1
0 -1
475 1
0 -1
0 1
0 -1
365 1
0 -1
333 1
0 -1
285 1
0 -1
0 1
0 -1
0 1
0 -1
0 1
0 -1
475 1
0 -1
349 1
0 -1
475 1
0 -1
116 1
0 -1
0 1
0 -1
475 1
0 -1
475 1
0 -1
475 1
0 -1
349 1
0 -1
171 1
0 -1
0 1
0 -1
475 1
0 -1
432 1
0 -1
307 1
0 -1
0 1
0 -1
455 1
0 -1
475 1
0 -1
475 1
0 -1
475 1
0 -1
475 1
0 -1
475 1
0 -1
241 1
