475 1.93786e-21
475 3.94384e-14
475 6.86055e-05
475 6.47794e-07
240 1.24275e-21
475 1.93786e-21
475 5.06748e-15
475 8.81014e-19
475 4.25052e-25
475 1.72705e-21
475 9.11358e-08
324 1.51402e-21
475 1.93786e-21
475 1.14759e-10
475 9.51282e-33
475 3.65796e-13
475 7.60935e-23
475 8.58503e-19
475 6.70388e-06
475 0
475 2.10788e-110
475 6.87465e-07
475 0.000292609
475 1.93786e-21
475 2.62581e-22
475 1.6546e-12
475 8.48929e-40
475 1.49086e-52
475 4.22706e-19
475 9.60657e-21
475 1.46968e-19
475 2.81415e-05
475 5.15409e-16
475 4.64482e-30
475 8.21525e-14
475 2.70419e-05
475 1.03073e-05
475 6.16204e-06
0 1.77766e-21
475 1.93786e-21
475 2.16495e-07
475 2.53482e-07
353 1.3707e-21
475 1.93786e-21
475 5.93483e-13
475 2.95976e-06
116 1.82639e-21
475 1.93786e-21
475 4.57186e-41
475 1.39718e-05
475 2.50254e-17
475 3.30365e-24
475 2.41042e-08
475 3.54503e-06
475 0
475 8.54618e-34
475 1.57855e-33
475 2.32866e-07
196 1.51502e-21
475 1.93786e-21
475 5.72381e-17
475 2.19951e-35
475 1.90729e-50
475 8.94572e-26
475 4.68746e-31
475 5.15426e-05
475 3.94171e-07
475 1.69285e-32
475 1.2776e-06
428 1.10893e-21
475 1.93786e-21
475 1.16733e-13
475 6.65924e-10
475 7.61477e-36
475 1.57681e-53
475 2.82915e-22
475 3.56069e-10
475 1.13627e-18
475 1.89218e-06
475 0.000298107
475 1.93786e-21
475 0.000103796
475 3.1124e-07
0 1.67649e-21
475 1.93786e-21
475 1.26399e-21
475 1.023e-05
475 1.95518e-46
475 2.19413e-19
475 3.50257e-09
475 3.2422e-18
475 0.000289766
475 1.93786e-21
475 1.05265e-12
475 7.65281e-07
452 1.09775e-21
475 1.93786e-21
475 2.59636e-34
475 0.000251229
475 2.45904e-05
475 1.23516e-05
475 3.09589e-06
475 3.15036e-06
440 1.40425e-22
475 1.93786e-21
475 0.0003
475 1.93786e-21
475 0.0003
475 1.93786e-21
475 2.6333e-48
475 8.30686e-07
475 0.000299169
475 1.93786e-21
475 9.25344e-11
475 6.46299e-13
475 7.09498e-23
475 7.66704e-06
469 1.03175e-21
475 1.93786e-21
475 6.05221e-56
475 1.5633e-05
475 0.00023226
475 3.48332e-05
475 1.15301e-05
475 2.46622e-07
0 3.03166e-22
475 1.93786e-21
475 0.0003
475 1.93786e-21
475 2.88688e-63
475 2.6251e-06
475 1.11707e-05
0 1.95853e-21
475 1.93786e-21
475 1.09086e-21
475 3.02668e-06
360 1.23807e-21
475 1.93786e-21
475 1.64096e-19
475 1.71357e-06
365 1.34019e-21
475 1.93786e-21
475 2.91781e-13
475 0.0003
475 1.93786e-21
475 9.8711e-07
475 0.000299013
475 1.93786e-21
475 9.77207e-19
475 2.68501e-27
475 3.65999e-28
475 1.0079e-06
475 1.66552e-07
475 4.16378e-15
475 1.44972e-31
475 2.50232e-35
475 4.05282e-24
475 1.38869e-06
475 0.000297437
475 1.93786e-21
475 2.82986e-14
475 4.58615e-06
387 1.24741e-21
475 1.93786e-21
475 7.17911e-17
475 4.19563e-20
475 1.36668e-06
475 6.18748e-06
475 6.32182e-06
173 1.64785e-21
475 1.93786e-21
475 4.21228e-08
475 1.51307e-05
351 1.43443e-21
475 1.93786e-21
475 1.63609e-26
475 1.11242e-05
475 0
475 5.98379e-14
475 1.70701e-40
475 3.37629e-09
475 1.58056e-08
284 1.26137e-21
475 1.93786e-21
475 2.46819e-23
475 0.000133484
475 1.30558e-19
475 1.02888e-178
475 1.84637e-50
475 3.24843e-05
475 5.44845e-05
475 2.18196e-07
370 5.95152e-22
475 1.93786e-21
475 1.20216e-09
475 3.93416e-06
475 0
475 1.09531e-11
475 1.88321e-26
475 3.33732e-32
475 9.35571e-11
475 6.1597e-27
475 0.000296065
475 1.93786e-21
475 6.8491e-22
475 2.43049e-07
0 1.95764e-21
475 1.93786e-21
475 5.16059e-13
475 6.37098e-05
475 2.1691e-75
475 5.01209e-22
475 9.68399e-25
475 4.88778e-10
475 1.80342e-07
475 8.97725e-69
475 3.16957e-10
475 7.232e-06
395 9.96366e-22
475 1.93786e-21
475 3.75461e-32
475 1.61751e-06
429 1.15861e-21
475 1.93786e-21
475 1.61341e-30
475 7.84968e-25
475 1.48374e-05
475 3.01199e-32
475 6.79828e-16
475 0.000169396
475 4.32265e-06
475 6.84309e-05
475 2.16153e-05
475 1.00636e-06
475 3.28331e-06
475 4.89335e-06
475 7.97157e-06
475 4.24319e-06
475 1.93786e-21
475 8.47003e-19
475 2.01002e-11
475 1.32847e-06
434 1.42457e-21
475 1.93786e-21
475 9.44778e-35
475 6.60922e-37
475 0.000196591
475 9.33476e-06
475 2.27604e-05
475 1.21487e-05
475 1.22939e-05
475 6.57411e-06
475 6.16212e-06
475 2.19343e-06
475 1.76099e-05
475 6.47924e-06
475 1.5275e-06
184 2.29466e-22
475 1.93786e-21
475 2.19429e-18
475 8.31646e-12
475 3.61622e-13
475 1.3009e-37
475 4.96329e-05
475 2.34765e-37
475 1.35197e-15
475 1.16431e-38
475 7.13728e-10
475 1.39701e-08
475 6.1683e-07
475 3.76646e-18
475 1.01257e-10
475 1.41357e-63
475 5.2707e-42
475 9.2387e-05
475 9.70387e-05
475 6.62655e-07
475 3.40177e-06
475 8.214e-07
475 3.07517e-05
475 4.48666e-06
475 1.42098e-05
475 5.97572e-06
475 1.93786e-21
475 2.42695e-06
475 1.56458e-65
475 3.35015e-06
475 0
475 5.59586e-06
475 1.26617e-12
475 7.47463e-07
35 2.02022e-21
475 1.93786e-21
475 3.82706e-16
475 1.31884e-37
475 1.5787e-27
475 1.49896e-05
475 0
475 8.42159e-18
475 1.01144e-16
475 1.20801e-24
475 5.78839e-18
475 7.36429e-42
475 1.12404e-11
475 3.669e-06
0 2.12208e-21
475 1.93786e-21
475 3.9197e-29
475 5.39757e-36
475 2.57926e-07
475 1.02461e-17
475 3.2685e-13
475 7.94361e-37
475 2.40769e-49
475 5.6415e-16
475 8.82421e-10
475 1.36106e-33
475 5.11471e-18
475 7.30141e-39
475 0.000299741
475 1.93786e-21
475 7.0816e-12
475 1.25285e-06
308 1.33781e-21
475 1.93786e-21
475 4.73106e-14
475 5.73541e-15
475 5.08533e-08
351 1.22338e-21
475 1.93786e-21
475 3.40859e-22
475 7.4384e-07
279 1.58258e-21
475 1.93786e-21
475 8.12743e-54
475 1.50582e-19
475 6.74946e-19
475 1.96984e-37
475 1.06126e-22
475 1.15842e-28
475 1.18464e-05
475 0
475 0.000288154
475 1.93786e-21
475 2.35621e-24
475 6.57298e-08
17 2.20375e-21
475 1.93786e-21
475 4.77484e-30
475 1.51545e-40
475 6.97522e-21
475 6.88924e-14
475 0.0003
475 1.93786e-21
475 2.89151e-06
475 3.07063e-05
475 7.089e-05
475 4.9357e-24
475 6.01157e-06
475 3.01714e-17
475 4.65173e-75
475 4.02446e-54
475 8.87595e-72
475 3.54671e-31
475 1.35972e-06
475 2.85052e-60
475 5.64273e-10
475 8.53121e-32
475 7.45927e-141
475 2.12977e-95
475 5.81754e-10
475 1.73276e-26
475 5.61494e-33
475 3.7403e-75
475 1.20502e-28
475 2.18173e-75
475 0.00018814
475 1.93786e-21
475 4.14434e-14
475 4.51735e-32
475 2.72008e-25
475 1.78896e-06
362 1.15734e-21
475 1.93786e-21
475 1.65655e-17
475 4.82799e-28
475 4.27308e-05
475 2.78385e-91
475 0.000257269
475 1.93786e-21
475 0.0003
475 1.93786e-21
475 5.71078e-09
475 7.95356e-07
384 1.08751e-21
475 1.93786e-21
475 3.65477e-32
475 7.25918e-20
475 8.23579e-06
475 1.07602e-18
475 1.77714e-49
475 2.68025e-15
475 6.06501e-16
475 1.34979e-128
253 1.6187e-21
475 1.93786e-21
475 1.27039e-18
475 3.77626e-07
0 2.0322e-21
475 1.93786e-21
475 1.03991e-41
475 1.68087e-07
475 1.03103e-07
475 3.44284e-20
475 5.77327e-15
475 3.52703e-07
257 1.38195e-21
475 1.93786e-21
475 0.0003
475 1.93786e-21
475 1.04603e-09
475 0.000299999
475 1.93786e-21
475 9.7095e-46
475 3.71491e-11
475 2.72639e-23
475 2.92956e-07
0 2.03171e-21
475 1.93786e-21
475 3.39755e-17
475 6.92646e-44
475 0.0003
475 1.93786e-21
475 1.24065e-17
475 9.48814e-67
475 1.02867e-31
475 1.28017e-06
475 2.52348e-59
475 1.61967e-06
372 1.19943e-21
475 1.93786e-21
475 4.13633e-19
475 8.24855e-06
475 0
475 6.72819e-09
475 1.80348e-30
475 8.32969e-31
475 6.75907e-07
475 0
475 6.04396e-10
475 1.22689e-06
402 1.28345e-21
475 1.93786e-21
475 5.88178e-11
475 9.05768e-20
475 1.64159e-31
475 1.42936e-50
475 1.19914e-07
475 5.38096e-19
475 6.36185e-08
475 6.26619e-27
475 1.71697e-26
475 0.000174419
475 1.05883e-05
475 4.7762e-05
475 4.72046e-05
475 1.05574e-05
475 9.2855e-06
475 1.93786e-21
475 4.2576e-33
475 3.09294e-16
475 1.53353e-16
475 8.61413e-09
475 6.09024e-07
217 1.55451e-21
475 1.93786e-21
475 7.37558e-33
475 5.08241e-10
475 2.95763e-25
475 5.54344e-60
475 6.2282e-18
475 2.95819e-11
475 9.43153e-16
475 5.67729e-06
475 3.32635e-36
475 1.91548e-19
475 2.9333e-29
475 3.00609e-05
475 3.17229e-05
475 4.81677e-32
475 1.3508e-18
475 3.85252e-23
475 2.37668e-34
475 7.50416e-26
475 3.13761e-76
475 4.31292e-35
475 0.000232538
475 1.93786e-21
475 8.75981e-16
475 1.02995e-06
305 1.33881e-21
475 1.93786e-21
475 4.04066e-18
475 2.18102e-36
475 0.0003
475 1.93786e-21
475 3.04076e-41
475 2.614e-55
475 4.19515e-05
475 0.000258049
475 1.93786e-21
475 1.14057e-18
475 1.70052e-05
475 0
475 2.8629e-19
475 1.23097e-07
475 2.85884e-09
475 5.29953e-53
475 2.72782e-41
475 2.24738e-34
475 1.21304e-11
475 4.92013e-35
475 1.26426e-13
475 9.44771e-26
475 3.81227e-36
475 1.38361e-21
475 2.99165e-39
475 6.50573e-61
475 4.58786e-11
475 7.03346e-22
475 2.73739e-16
475 0.000282869
475 1.93786e-21
475 1.01631e-19
475 7.91464e-11
475 1.16724e-07
369 1.28179e-21
475 1.93786e-21
475 1.08869e-12
475 0.0003
475 1.93786e-21
475 5.99051e-08
475 4.97233e-08
0 2.1541e-21
475 1.93786e-21
475 1.51661e-17
475 5.00019e-53
475 0.0003
475 1.93786e-21
475 7.14603e-25
475 1.28872e-17
475 5.10469e-06
365 1.36447e-21
475 1.93786e-21
475 6.75217e-42
475 4.17695e-06
475 6.09856e-07
475 5.26773e-41
475 8.90369e-39
475 1.31966e-13
475 2.17329e-06
285 1.26593e-21
475 1.93786e-21
475 2.62854e-34
475 9.32357e-55
475 2.3261e-06
475 3.82432e-06
475 2.16001e-62
475 2.39354e-39
475 4.13341e-30
475 3.53281e-09
475 2.69927e-27
475 1.29032e-25
475 8.87621e-06
475 6.96017e-21
475 5.73558e-25
475 1.57801e-07
475 8.47841e-23
475 4.16064e-09
475 2.036e-32
475 2.42739e-30
475 7.40167e-06
475 3.86813e-29
475 5.99623e-40
475 1.41386e-08
475 4.10008e-20
475 1.06159e-26
475 7.43554e-55
475 2.9738e-15
475 2.3302e-18
475 5.26803e-34
475 7.75579e-48
475 1.20976e-09
475 4.81375e-52
475 8.59687e-25
475 1.73579e-58
475 9.82453e-10
475 4.69022e-10
475 1.39539e-09
475 5.2504e-05
475 4.62766e-06
475 0
475 1.1141e-39
475 2.76628e-14
475 9.87122e-18
475 4.0998e-11
475 7.52218e-24
475 2.22377e-42
475 3.09242e-63
475 6.35764e-20
475 1.22434e-16
475 3.04769e-19
475 3.41646e-11
475 1.71921e-21
475 2.32377e-06
475 1.05179e-92
475 2.40208e-05
475 3.92101e-36
475 3.76446e-25
475 1.52006e-15
475 2.0439e-76
475 2.76029e-05
475 1.7623e-130
475 2.76387e-117
475 1.81332e-126
475 2.25692e-35
475 2.24481e-44
475 1.1079e-68
475 3.95216e-25
475 1.17683e-29
475 8.67327e-182
475 2.98749e-169
475 4.1789e-09
333 9.68936e-22
475 1.93786e-21
475 7.68603e-11
475 7.25201e-07
0 1.99134e-21
475 1.93786e-21
475 1.74036e-19
475 7.83512e-07
0 2.29673e-21
475 1.93786e-21
475 8.76815e-64
475 1.96191e-30
475 1.97776e-27
475 1.55508e-08
475 5.11052e-10
475 2.34315e-48
475 1.61029e-24
475 9.35371e-18
475 1.9178e-14
475 1.3905e-07
475 2.33851e-19
475 6.97762e-21
475 4.44095e-14
475 0.000299845
475 1.93786e-21
475 1.96601e-37
475 1.15515e-06
0 2.09754e-21
475 1.93786e-21
475 3.32699e-17
475 0.0003
475 1.93786e-21
475 2.42342e-05
475 3.19082e-06
475 8.83777e-06
349 1.18472e-21
475 1.93786e-21
475 9.35623e-11
475 7.4274e-07
0 1.93647e-21
475 1.93786e-21
475 5.50575e-29
475 3.59915e-08
475 2.51087e-05
116 1.96266e-21
475 1.93786e-21
475 0.0003
475 1.93786e-21
475 1.94552e-09
475 9.46608e-34
475 1.23274e-20
475 1.77823e-12
475 9.96905e-26
475 0.000194888
475 2.62302e-05
475 4.55357e-05
475 8.678e-06
475 2.52256e-06
475 1.35476e-05
475 8.59615e-06
475 1.93786e-21
475 1.48527e-08
475 8.24516e-34
475 1.22043e-14
475 1.80897e-18
475 2.08532e-56
475 2.69714e-12
475 9.07977e-16
475 1.31043e-33
475 7.25811e-40
475 1.20465e-06
349 1.18621e-21
475 1.93786e-21
475 7.87909e-05
475 9.94254e-05
475 4.36125e-05
475 2.24538e-05
475 2.24692e-05
475 7.30765e-06
475 4.09348e-07
475 1.47409e-05
475 6.54258e-06
475 4.24766e-06
475 1.93786e-21
475 5.05831e-20
475 1.81378e-06
0 2.11168e-21
475 1.93786e-21
475 4.50068e-23
475 2.29615e-06
171 1.82469e-21
475 1.93786e-21
475 3.65833e-06
475 1.03031e-10
475 2.02207e-27
475 2.67152e-33
475 1.02357e-31
475 1.45597e-05
432 1.0149e-21
475 1.93786e-21
475 1.62941e-08
475 0.000299984
475 1.93786e-21
475 9.05534e-07
475 3.39962e-07
0 1.97963e-21
475 1.93786e-21
475 7.44316e-22
475 1.1361e-06
307 1.26653e-21
475 1.93786e-21
475 8.61194e-17
475 9.34821e-07
475 3.98459e-27
475 1.65375e-20
475 1.64663e-44
475 1.0011e-23
475 2.43169e-07
475 1.05578e-12
475 8.87305e-08
475 6.80922e-42
475 3.99104e-27
475 0.000298733
475 1.93786e-21
475 1.19485e-09
475 2.9506e-17
475 4.07172e-19
475 3.81617e-114
475 8.34905e-17
475 5.11195e-21
475 1.44028e-06
455 1.06815e-21
475 1.93786e-21
475 1.34781e-12
475 1.37557e-10
475 1.59456e-24
475 2.15574e-31
475 7.82126e-16
475 1.34376e-09
475 1.61146e-11
475 3.62312e-17
475 1.05116e-13
475 3.05127e-06
475 4.5097e-07
475 2.18936e-10
475 0.000148313
475 2.55944e-05
475 5.65884e-05
475 1.06552e-05
475 1.55993e-05
475 6.86088e-06
475 2.0596e-05
475 3.06178e-06
475 9.22747e-06
475 1.93786e-21
475 1.63684e-09
475 1.42894e-17
475 1.02306e-08
475 4.88338e-20
475 0.000244555
475 1.71198e-05
475 1.66128e-05
475 2.79167e-07
475 1.77822e-06
475 9.58939e-06
475 2.49924e-06
475 7.55478e-06
475 1.93786e-21
475 2.78334e-45
475 2.89658e-15
475 2.78165e-13
475 2.6699e-45
475 9.22314e-38
475 5.63866e-42
475 1.31634e-05
475 2.34812e-17
475 2.43426e-17
475 1.71058e-07
475 1.72218e-09
475 0.000286664
475 1.93786e-21
475 8.89269e-14
475 1.76593e-11
475 4.7071e-38
475 6.52302e-24
475 4.6024e-07
475 4.08056e-06
475 7.27737e-52
475 6.31592e-53
475 3.09088e-64
475 1.06954e-64
475 2.44261e-19
475 7.52107e-19
475 9.76118e-05
475 6.25771e-29
475 2.52569e-05
475 8.30533e-74
475 4.76395e-11
475 2.3172e-13
475 0.00017259
475 1.93786e-21
475 1.15243e-19
475 6.58335e-06
241 1.40483e-21
