489 -12
489 12
489 -1
1149 1
524 1
524 -1
524 1
524 -1
523 1
523 -1
521 1
521 -1
520 1
520 -1
519 1
519 -1
518 1
518 -1
516 1
516 -1
515 1
515 -1
515 1
515 -1
513 1
513 -1
509 1
509 -1
509 1
509 -1
509 1
509 -1
504 1
504 -1
504 1
504 -1
504 1
504 -1
503 1
503 -1
503 1
503 -1
503 1
503 -1
502 1
502 -1
501 1
501 -1
500 1
500 -1
500 1
500 -1
500 1
500 -1
500 1
500 -1
497 1
497 -1
497 1
497 -1
490 1
490 -1
489 1
489 -1
499 1
499 -1
500 -10
500 10
500 -1
517 1
514 1
514 -1
514 1
514 -1
513 1
513 -1
513 1
513 -1
513 1
513 -1
512 1
512 -1
512 1
512 -1
512 1
512 -1
512 1
512 -1
512 1
512 -1
512 1
512 -1
512 1
512 -1
511 1
511 -1
511 1
511 -1
511 1
511 -1
511 1
511 -1
511 1
511 -1
510 1
510 -1
510 1
510 -1
510 1
510 -1
510 1
510 -1
510 1
510 -1
509 1
509 -1
509 1
509 -1
509 1
509 -1
509 1
509 -1
509 1
509 -1
509 1
509 -1
509 1
509 -1
508 1
508 -1
508 1
508 -1
508 1
508 -1
508 1
508 -1
508 1
508 -1
508 1
508 -1
508 1
508 -1
507 1
507 -1
507 1
507 -1
507 1
507 -1
507 1
507 -1
506 1
506 -1
506 1
506 -1
506 1
506 -1
506 1
506 -1
506 1
506 -1
506 1
506 -1
505 1
505 -1
505 1
505 -1
505 1
505 -1
505 1
505 -1
504 1
504 -1
504 1
504 -1
504 1
504 -1
504 1
504 -1
504 1
504 -1
503 1
503 -1
503 1
503 -1
503 1
503 -1
502 1
502 -1
502 1
502 -1
502 1
502 -1
502 1
502 -1
502 1
502 -1
501 1
501 -1
501 1
501 -1
501 1
501 -1
501 1
501 -1
501 1
501 -1
501 1
501 -1
500 1
500 -1
503 1
503 -1
503 1
503 -1
500 1
499 -1
499 1
499 -1
499 1
499 -1
500 -1
504 1
504 1
504 -1
504 1
504 -1
504 1
504 -1
504 1
504 -1
503 1
503 -1
503 1
503 -1
503 1
503 -1
503 1
503 -1
503 1
503 -1
503 1
503 -1
503 1
503 -1
502 1
502 -1
502 1
502 -1
502 1
502 -1
502 1
502 -1
502 1
502 -1
502 1
502 -1
502 1
502 -1
502 1
502 -1
502 1
502 -1
502 1
502 -1
502 1
502 -1
501 1
501 -1
501 1
501 -1
501 1
501 -1
501 1
501 -1
501 1
501 -1
501 1
501 -1
501 1
501 -1
501 1
501 -1
501 1
501 -1
501 1
501 -1
501 1
501 -1
501 1
501 -1
501 1
501 -1
501 1
501 -1
501 1
501 -1
501 1
501 -1
501 1
501 -1
501 1
501 -1
501 1
501 -1
501 1
501 -1
501 1
501 -1
501 1
501 -1
501 1
501 -1
501 1
501 -1
501 1
501 -1
501 1
501 -1
501 1
501 -1
501 1
501 -1
501 1
501 -1
501 1
501 -1
501 1
501 -1
501 1
501 -1
501 1
501 -1
501 1
501 -1
501 1
501 -1
501 1
501 -1
501 1
501 -1
501 1
501 -1
501 1
501 -1
501 1
501 -1
501 1
501 -1
502 -13
502 13
501 -13
501 13
500 -1
782 1
524 1
524 -1
524 1
524 -1
524 1
524 -1
524 1
524 -1
524 1
524 -1
524 1
524 -1
524 1
524 -1
523 1
523 -1
523 1
523 -1
523 1
523 -1
523 1
523 -1
523 1
523 -1
523 1
523 -1
522 1
522 -1
522 1
522 -1
521 1
521 -1
521 1
521 -1
521 1
521 -1
521 1
521 -1
521 1
521 -1
521 1
521 -1
520 1
520 -1
520 1
520 -1
520 1
520 -1
519 1
519 -1
519 1
519 -1
518 1
518 -1
517 1
517 -1
517 1
517 -1
516 1
516 -1
516 1
516 -1
516 1
516 -1
515 1
515 -1
513 1
513 -1
512 1
512 -1
512 1
512 -1
511 1
511 -1
511 1
511 -1
511 1
511 -1
511 1
511 -1
511 1
511 -1
510 1
510 -1
510 1
510 -1
509 1
509 -1
509 1
509 -1
508 1
508 -1
508 1
508 -1
507 1
507 -1
506 1
506 -1
506 1
506 -1
506 1
506 -1
506 1
506 -1
505 1
505 -1
505 1
505 -1
505 1
505 -1
503 1
503 -1
503 1
503 -1
503 1
503 -1
502 1
502 -1
502 1
502 -1
502 1
502 -1
502 1
502 -1
502 1
502 -1
502 1
502 -1
501 1
501 -1
501 1
501 -1
501 1
501 -1
501 1
501 -1
501 1
501 -1
509 1
509 -1
505 1
505 -1
