475 0
525 0
850 0
1149 0
475 0
525 0
850 0
1149 0
475 0
525 0
850 0
1149 0
475 0
525 0
850 0
1149 0
475 0
525 0
850 0
1149 0
475 0
525 0
850 0
1149 0
475 0
525 0
850 0
1149 0
475 0
525 0
850 0
1149 0
475 0
489 0
489 3.41001
493 2.17168
493 0.32727
496 1.65884
497 0.26942
497 0.343097
500 1.48268
500 0.109765
500 0.137859
500 0.14113
501 0.565447
502 0.154622
503 0.607196
503 0.0508694
503 0.286346
503 0.0712079
504 0.276253
504 0.172689
504 0.17395
509 2.52381
509 0.101335
509 0.0583612
513 2.19685
515 1.11761
515 0.34408
516 0.11801
517 0.756651
518 0.606566
519 0.851309
520 0.324682
521 1.01671
523 1.02332
524 0.848013
524 0.0170572
525 0.0295878
908 1.89351e-23
1015 0.00423764
1149 6.62758e-24
475 0
0 0
524 0.0398921
524 0.0458958
523 0.0468898
521 0.0525319
520 0.0848055
519 0.105961
518 0.156047
516 0.15353
515 0.0344312
515 0.0456495
513 0.0371852
509 0.105547
509 0.0552442
509 0.140639
504 0.0377261
504 0.248166
504 0.053793
503 0.0374308
503 0.049226
503 0.0374689
502 0.312334
501 0.127608
500 0.0725242
500 0.0699798
500 0.0740613
500 0.0892762
497 0.0416757
497 0.104686
499 0
489 0
490 0
490 0
491 0
490 0.00963619
489 0.0286485
499 0.106368
475 0
322 0
475 0
500 0
500 5.08333
500 0.0247727
501 0.118164
501 0.392143
501 0.406345
501 0.268429
501 0.362875
501 0.570134
501 0.666332
502 1.13773
502 0.815231
502 0.259582
502 0.304783
502 0.451872
503 1.55769
503 0.639008
503 0.452051
504 0.974343
504 0.156497
504 0.463515
504 0.828124
504 0.652554
505 0.818975
505 0.166812
505 0.0273926
505 1.78074
506 1.67338
506 0.142094
506 0.352628
506 0.154142
506 0.75137
506 0.663262
507 0.329808
507 2.03517
507 0.367415
507 0.503512
508 0.618164
508 0.410712
508 0.24106
508 0.0298702
508 0.605253
508 0.661892
508 0.420463
509 1.03922
509 1.17122
509 0.232861
509 0.0268248
509 0.220082
509 1.56702
509 0.110787
510 1.21065
510 0.174309
510 0.733823
510 0.998441
510 0.85985
511 1.46745
511 0.538968
511 0.277301
511 1.08538
511 0.576237
512 1.11435
512 0.774965
512 0.271193
512 1.62453
512 0.132452
512 0.384186
512 0.222425
513 2.14542
513 0.170363
513 2.32235
513 1.11503
514 1.14801
514 4.42403
515 3.02102
515 4.58279
516 4.55893
516 3.96468
517 3.95993
517 3.79774
517 3.9653
517 4.32366
517 1.08956
514 0.0356436
514 0.0369077
513 0.0419845
513 0.0429182
513 0.0388923
512 0.0415092
512 0.0349298
512 0.0397815
512 0.0349057
512 0.0479882
512 0.0451664
512 0.0474158
511 0.0453399
511 0.0357262
511 0.0542113
511 0.0439967
511 0.0489323
510 0.0545001
510 0.0398765
510 0.0596558
510 0.056253
510 0.044908
509 0.0379175
509 0.0396604
509 0.0362751
509 0.0346272
509 0.0513713
509 0.0410805
509 0.0384119
508 0.0344496
508 0.040858
508 0.0551336
508 0.0641095
508 0.0398131
508 0.0441758
508 0.0563264
507 0.0348798
507 0.0517023
507 0.0437491
507 0.0578542
506 0.0682579
506 0.0416091
506 0.041499
506 0.0411698
506 0.0571392
506 0.0363215
505 0.056175
505 0.0432394
505 0.0578775
505 0.0728973
504 0.0387696
504 0.0539869
504 0.0378909
504 0.0773332
504 0.0365053
503 0.080592
503 0.0358512
503 0.0770644
502 0.0518718
502 0.0503619
502 0.0344437
502 0.0663813
502 0.0458307
501 0.074444
501 0.0401857
501 0.0350876
501 0.0440534
501 0.0352292
501 0.0449054
500 0.0536022
503 0
504 0
523 0
503 0.235705
500 0
503 0
508 0
563 0
503 0.0725633
500 1.01022
499 0.310167
499 0.183278
499 0.583986
499 0.53599
499 0.00845178
499 0.0451931
499 0.0471655
477 0
264 0
501 1.69594
501 0.0309418
501 1.07033
501 0.829395
501 0.376995
501 0.292351
501 0.368514
501 0.110254
501 0.478955
501 0.0445643
501 0.0552905
501 0.908353
501 0.776142
501 0.418862
501 0.879226
501 1.46944
501 0.0826733
501 0.405609
501 0.554776
501 0.4644
501 0.578656
501 0.291319
501 0.0725794
501 0.107418
501 0.108014
501 0.251057
501 0.225304
501 1.02342
501 0.126837
501 0.612909
501 1.02739
501 0.373719
501 0.552263
501 0.314488
501 0.33879
501 1.4532
501 0.523685
501 0.266716
501 1.34748
501 0.238601
501 0.259403
501 0.537574
501 0.280915
501 2.63843
502 2.29124
502 0.083698
502 1.00821
502 0.417238
502 0.259655
502 0.359615
502 0.073075
502 0.432176
502 0.779078
502 0.652248
502 0.00400418
502 0.390388
503 1.70391
503 2.13297
503 0.199132
503 0.42006
503 2.10718
503 2.74366
503 0.453816
504 1.37202
504 1.61704
504 0.537088
504 1.01243
504 0.148983
504 3.25622
504 2.83395
504 2.80309
504 2.79289
504 3.05735
504 2.88766
504 0.0130883
504 0.0381564
504 0.0374916
504 0.037336
504 0.0381724
503 0.0345987
503 0.0359295
503 0.0355662
503 0.0587697
503 0.0468891
503 0.0472019
503 0.0464955
502 0.0597398
502 0.036139
502 0.0347301
502 0.0441988
502 0.0370767
502 0.0446451
502 0.0771271
502 0.0443507
502 0.0351698
502 0.0417975
502 0.0461137
501 0.0506712
501 0.0431011
501 0.0466826
501 0.0607226
501 0.0501117
501 0.0559586
501 0.0398212
501 0.0678897
501 0.0555046
501 0.0658191
501 0.0419618
501 0.0352433
501 0.035348
501 0.0292425
501 0.0486924
501 0.0796176
501 0.0378364
501 0.0459423
501 0.0522924
501 0.0586643
501 0.0726377
501 0.0550022
501 0.108748
501 0.0921531
501 0.0515353
501 0.0564185
501 0.0444549
501 0.0513065
501 0.0765185
501 0.0349302
501 0.0461555
501 0.0425933
501 0.0455276
501 0.0480285
501 0.0979846
501 0.0652236
501 0.0609735
501 0.0354269
501 0.0667701
501 0.061356
501 0.0560506
501 0.0352995
501 0.000121
502 0.0729737
501 0.135307
501 0.290969
501 0.0135386
501 0.155991
501 0.472193
502 0.740171
502 0.143599
502 0.110817
502 0.0770241
502 0.256683
502 0.0637109
503 0.652475
503 0.0422789
503 0.377188
503 0.641731
505 2.08726
505 0.0919194
505 0.00139681
506 1.80822
506 0.103756
506 0.0859742
506 0.0705888
507 0.295115
508 1.8564
508 0.638117
509 0.729372
509 0.208555
509 0.786144
510 0.607675
510 0.895759
511 0.754172
511 0.240799
511 0.0806677
511 0.0972551
511 0.0944694
511 0.035972
511 0.176753
512 0.806878
512 0.0290051
512 0.0338349
513 0.99615
515 3.36266
515 0.0885929
515 0.273207
516 1.05564
516 0.061664
516 0.458527
516 0.211912
517 0.520066
517 0.844458
518 2.06637
519 0.20035
519 0.914203
520 1.44963
520 0.149468
520 0.447731
521 0.298588
521 0.167197
521 0.146038
521 0.175203
521 0.146536
521 0.801493
522 0.499225
522 0.46162
522 0.238038
523 0.400928
523 0.00810925
523 0.247164
523 0.129125
523 0.271935
523 0.212826
523 0.309989
524 0.708218
524 0.340823
524 0.146511
524 0.463848
524 0.13311
524 0.110304
525 0.185326
782 3.39301e-23
525 0
903 0
970 0
523 0
723 0
524 0.0530316
524 0.0407267
524 0.0426628
524 0.0545671
524 0.148059
524 0.051045
524 0.0375409
524 0.0488656
523 0.219411
523 0.0490235
523 0.0561297
523 0.0961493
523 0.101059
523 0.034641
522 0.0355885
522 0.0411474
521 0.054092
521 0.336468
521 0.03622
521 0.163709
521 0.0353006
521 0.0347386
520 0.0739538
520 0.0452649
520 0.0391363
519 0.0410107
519 0.0351493
518 0.122249
517 0.180771
517 0.210274
517 0.0220237
516 0.144566
516 0.0344225
516 0.0410775
515 0.0714749
513 0.04107
512 0.0875466
512 0.0351061
511 0.169886
511 0.0425598
511 0.0731049
511 0.153733
511 0.0701769
510 0.0368854
510 0.0358676
509 0.0328282
509 0.129807
509 0.252558
508 0.0631444
508 0.0441336
507 0.0359819
506 0.119475
506 0.0991537
506 0.0568486
506 0.0486952
505 0.0245541
505 0.112344
505 0.136659
505 0.0814801
503 0.0507541
503 0.18593
503 0.101207
502 0.279473
502 0.0413654
502 0.0352601
502 0.041798
502 0.0681263
502 0.0671659
502 0.0417383
501 0.065256
501 0.109051
501 0.0377463
501 0.094758
501 0.00128286
505 0.001564
509 0.001564
509 0.000134198
505 0.00133079
