516 -12
516 12
516 -1
1149 1
524 1
524 -1
524 1
524 -1
524 1
524 -1
523 1
523 -1
522 1
522 -1
522 1
522 -1
521 1
521 -1
521 1
521 -1
520 1
520 -1
520 1
520 -1
519 1
519 -1
519 1
519 -1
519 1
519 -1
518 1
518 -1
516 1
516 -1
502 1
502 -1
518 -12
518 12
518 -1
1149 1
524 1
524 -1
524 1
524 -1
523 1
523 -1
522 1
522 -1
522 1
522 -1
522 1
522 -1
522 1
522 -1
521 1
521 -1
521 1
521 -1
520 1
520 -1
519 1
519 -1
519 1
519 -1
519 1
519 -1
512 -10
512 10
512 -1
512 1
512 -1
517 1
517 1
517 -1
516 1
516 -1
516 1
516 -1
516 1
516 -1
516 1
516 -1
516 1
516 -1
516 1
516 -1
516 1
516 -1
516 1
516 -1
516 1
516 -1
515 1
515 -1
514 1
514 -1
514 1
514 -1
514 1
514 -1
514 1
514 -1
514 1
514 -1
513 1
513 -1
513 1
513 -1
513 1
513 -1
513 1
513 -1
513 1
513 -1
513 1
513 -1
513 1
513 -1
513 1
513 -1
513 1
513 -1
512 1
512 -1
512 1
512 -1
512 1
512 -1
512 1
512 -1
517 -11
517 11
517 -1
517 1
517 -1
517 1
517 -1
517 1
512 -1
663 1
524 1
524 -1
524 1
524 -1
524 1
524 -1
524 1
524 -1
524 1
524 -1
523 1
523 -1
523 1
523 -1
523 1
523 -1
523 1
523 -1
523 1
523 -1
523 1
523 -1
523 1
523 -1
523 1
523 -1
523 1
523 -1
523 1
523 -1
523 1
523 -1
523 1
523 -1
523 1
523 -1
522 1
522 -1
522 1
522 -1
522 1
522 -1
522 1
522 -1
522 1
522 -1
522 1
522 -1
522 1
522 -1
522 1
522 -1
522 1
522 -1
522 1
522 -1
522 1
522 -1
522 1
522 -1
522 1
522 -1
522 1
522 -1
521 1
521 -1
521 1
521 -1
521 1
521 -1
521 1
521 -1
521 1
521 -1
521 1
521 -1
521 1
521 -1
520 1
520 -1
520 1
520 -1
520 1
520 -1
520 1
520 -1
519 1
519 -1
519 1
519 -1
519 1
519 -1
519 1
519 -1
519 1
519 -1
518 1
518 -1
518 1
518 -1
518 1
518 -1
518 1
518 -1
518 1
518 -1
518 1
518 -1
518 1
518 -1
518 1
518 -1
518 1
518 -1
517 1
517 -1
517 1
517 -1
517 1
517 -1
516 1
516 -1
516 1
516 -1
516 1
516 -1
516 1
516 -1
516 1
516 -1
516 1
516 -1
516 1
516 -1
515 1
515 -1
515 1
515 -1
515 1
515 -1
515 1
515 -1
515 1
515 -1
515 1
515 -1
515 1
515 -1
515 1
515 -1
515 1
515 -1
515 1
515 -1
514 1
514 -1
514 1
514 -1
514 1
514 -1
514 1
514 -1
514 1
514 -1
513 1
513 -1
513 1
513 -1
513 1
513 -1
513 1
513 -1
513 1
513 -1
512 1
512 -1
512 1
512 -1
512 1
512 -1
512 1
512 -1
516 1
516 -1
516 1
516 -1
516 -13
516 13
522 1
522 -1
512 -13
512 13
489 -13
489 13
488 -13
488 13
487 -13
487 13
520 -8
520 8
520 -2
520 2
520 -1
520 1
520 -1
519 1
520 1
520 -1
520 1
520 -1
495 1
495 -1
523 1
523 -1
520 -1
736 1
524 1
524 -1
524 1
524 -1
524 1
524 -1
524 1
524 -1
524 1
524 -1
524 1
524 -1
523 1
523 -1
523 1
523 -1
523 1
523 -1
522 1
522 -1
522 1
522 -1
522 1
522 -1
522 1
522 -1
522 1
522 -1
522 1
522 -1
521 1
521 -1
521 1
521 -1
520 1
520 -1
520 1
520 -1
523 -13
523 13
519 -12
519 12
519 -1
520 1
521 1
521 -1
521 1
521 -1
497 -1
492 1
497 -1
492 1
505 -13
505 13
495 1
495 -1
495 1
495 -1
496 1
496 -1
496 1
496 -1
496 1
496 -1
497 1
497 -1
497 1
496 -1
496 1
496 -1
497 1
497 -1
492 -10
492 10
492 -1
492 1
492 -1
492 1
492 -1
493 1
486 -13
486 13
492 1
492 -1
492 1
492 -1
486 1
485 -1
485 1
485 -1
498 -13
498 13
504 1
504 -1
505 1
505 -1
492 1
492 -1
486 1
486 -1
499 1
501 -1
501 1
501 -1
501 1
501 -1
501 1
501 -1
501 1
501 -1
496 -9
496 9
496 -1
496 1
496 -1
496 1
496 -1
496 1
496 1
496 -1
522 1
522 -1
508 1
508 -1
489 1
489 -1
496 -1
504 1
502 1
502 -1
502 1
502 -1
502 1
502 -1
501 1
501 -1
501 1
501 -1
501 1
501 -1
501 1
501 -1
501 1
501 -1
501 1
501 -1
500 1
500 -1
500 1
500 -1
500 1
500 -1
500 1
500 -1
500 1
500 -1
500 1
500 -1
500 1
500 -1
500 1
500 -1
499 1
499 -1
499 1
499 -1
499 1
499 -1
499 1
499 -1
499 1
499 -1
499 1
499 -1
499 1
499 -1
498 1
498 -1
498 1
498 -1
498 1
498 -1
498 1
498 -1
497 1
497 -1
497 1
497 -1
497 1
497 -1
496 1
496 -1
496 1
496 -1
488 -13
488 13
483 1
482 -1
482 1
482 -1
483 1
483 -1
483 1
483 -1
499 -13
499 13
495 -13
495 13
495 -13
495 13
489 -12
489 12
489 -1
489 1
489 -13
489 13
488 -9
488 9
488 -1
491 1
488 -1
488 1
488 -1
488 1
488 -1
488 1
514 -12
514 12
514 -1
1097 1
522 1
522 -1
521 1
521 -1
521 1
521 -1
520 1
520 -1
518 1
518 -1
518 1
518 -1
518 1
518 -1
518 1
518 -1
518 1
518 -1
516 1
516 -1
515 1
515 -1
514 1
514 -1
514 1
514 -1
523 1
523 -1
519 -13
519 13
501 -13
501 13
485 1
483 -1
483 1
483 -1
484 1
484 -1
484 1
484 -1
481 -13
481 13
521 1
521 -1
480 1
480 -1
515 -10
515 10
515 -2
515 2
515 -2
515 2
515 1
435 -1
510 1
510 -1
510 1
510 -1
510 1
510 -1
510 1
510 -1
510 1
510 -1
510 1
510 -1
511 1
511 -1
511 1
511 -1
511 1
511 -1
511 1
511 -1
511 1
511 -1
511 1
511 -1
511 1
511 -1
511 1
511 -1
512 1
512 -1
512 1
512 -1
512 1
512 -1
512 1
512 -1
513 1
512 -1
513 1
513 -1
513 1
513 -1
513 1
513 -1
514 1
514 -1
514 1
514 -1
514 1
514 -1
514 1
514 -1
514 1
514 -1
514 1
514 -1
514 1
514 -1
514 1
514 -1
515 1
515 -1
