475 0
525 0
850 0
1149 0
475 0
525 0
850 0
1149 0
475 0
516 0
516 1.70569
516 0.296887
518 1.30237
519 0.277081
519 0.224849
519 0.268261
519 0.0333933
520 0.612875
520 0.113859
521 0.403187
521 0.214566
521 0.116954
522 0.0821067
522 0.381432
522 0.16713
523 0.218754
524 0.707474
524 0.224018
524 0.0926874
525 0.0273572
1149 3.49142e-23
524 0.0583076
524 0.0746713
524 0.189448
523 0.0392737
522 0.14775
522 0.2296
521 0.0357192
521 0.0392632
520 0.0584624
520 0.130861
519 0.0637347
519 0.500088
519 0.0496122
518 0.0841592
516 0.0582644
502 0
525 0
781 0
502 0.0852133
525 0
627 0
475 0
525 0
850 0
1149 0
475 0
525 0
850 0
1149 0
475 0
525 0
850 0
1149 0
475 0
518 0
518 0.683952
519 0.98257
519 0.215265
519 0.00268464
520 0.38843
521 0.967665
521 0.284158
522 0.364988
522 0.17925
522 0.185737
522 0.0426458
523 0.681391
524 0.12714
524 0.350369
524 0.272486
525 0.174022
940 2.40053e-23
967 0.000680578
1149 1.05599e-23
523 0
568 0
524 0.0406012
524 0.0378872
523 0.133923
522 0.0499657
522 0.0492045
522 0.0348505
522 0.0977692
521 0.0588611
521 0.0833348
520 0.0792415
519 0.0436466
519 0.0367943
519 0.089717
525 0
1033 0
525 0
886 0
1050 0
1059 0
475 0
512 0
512 7.76466
512 3.31754
512 1.39549
512 0.243882
512 0.478098
512 0.379455
512 0.499926
513 0.757414
513 0.468206
513 0.0721042
513 0.0698833
513 0.245894
513 0.324063
513 0.376958
513 0.506055
513 0.191132
513 0.273877
514 0.232179
514 0.898682
514 0.356951
514 0.540583
514 0.153313
514 0.00111286
514 0.174238
514 0.235108
515 2.69878
516 1.5566
516 0.185821
516 0.643876
516 0.895085
516 0.258753
516 0.237182
516 0.370221
516 0.0695699
516 0.485573
517 0.191764
517 1.56656
517 0.0608128
516 0.0401137
516 0.043456
516 0.0691868
516 0.0461542
516 0.0443374
516 0.0708144
516 0.0405535
516 0.0728014
516 0.0376887
515 0.0381117
514 0.034808
514 0.119967
514 0.0363959
514 0.107296
514 0.0413295
513 0.0393752
513 0.0825778
513 0.140508
513 0.0748634
513 0.0420453
513 0.0797675
513 0.0658352
513 0.0549058
513 0.0364773
513 0.0949017
512 0.110362
512 0.0444554
512 0.0563126
512 0.101809
512 0.0503292
516 0
525 0
684 0
516 0
513 0
363 0
517 2.74495
517 3.30846
517 2.14054
517 0.00702668
517 0.0156731
517 0.00679387
517 3.20983
517 1.76378
517 0.108376
517 0.012401
512 0.0920528
512 0.180805
512 0.131475
512 1.81621
512 0.00371317
513 0.487334
513 0.561363
513 0.0960501
513 0.980079
513 0.386277
513 0.988058
514 1.3876
514 0.448636
514 0.3933
514 0.515976
514 2.06323
515 0.52705
515 0.574436
515 0.639281
515 0.423693
515 0.0352398
515 0.381264
515 0.104574
515 0.0460385
515 1.11706
515 0.131283
516 1.27664
516 0.566417
516 0.10935
516 0.00908023
516 0.392699
516 0.0560915
516 0.105945
516 0.149482
516 0.0587299
516 1.0357
517 1.30755
517 0.582766
517 0.949539
517 0.199422
518 1.23499
518 0.329084
518 0.381448
518 0.46467
518 0.620903
518 0.0944789
518 0.483403
518 0.166273
518 0.862431
519 1.61563
519 0.395157
519 0.204268
519 0.0268947
519 0.0581417
520 3.63418
520 0.779857
520 0.235876
520 1.07783
521 2.6667
521 0.454964
521 0.0395998
521 1.37159
521 1.10447
521 0.515676
521 0.294447
522 0.295093
522 1.09447
522 0.0536619
522 0.110042
522 0.47984
522 0.579117
522 0.456012
522 0.622775
522 1.2103
522 0.0336896
522 0.770459
522 0.136198
522 0.0697659
522 0.293834
523 0.647664
523 0.939951
523 0.0745428
523 0.406275
523 0.345984
523 0.209955
523 1.06309
523 0.659315
523 0.86731
523 0.632698
523 0.713736
523 0.532286
523 1.06684
524 0.771542
524 2.46419
524 0.742355
524 0.390774
524 0.87996
524 2.93217
524 2.72125
525 0.632379
663 2.21348e-22
524 0.0347908
524 0.0346029
524 0.0373828
524 0.0343235
524 0.0377977
523 0.0436983
523 0.0500033
523 0.0504718
523 0.0385585
523 0.0356198
523 0.0561486
523 0.0346567
523 0.0466255
523 0.0454489
523 0.0485913
523 0.0525818
523 0.036473
523 0.0401626
522 0.0600114
522 0.0509253
522 0.0426299
522 0.0678809
522 0.0346789
522 0.0710069
522 0.0456506
522 0.0197297
522 0.0711116
522 0.0743045
522 0.0614582
522 0.0398896
522 0.0445501
522 0.0521042
522 0.048274
521 0.0646672
521 0.0788316
521 0.0600746
521 0.0647807
521 0.0403366
521 0.0678835
521 0.0671824
520 0.0613963
520 0.0386982
520 0.0576297
520 0.0432055
519 0.072299
519 0.0407653
519 0.0387415
519 0.0534438
519 0.0582949
518 0.0505236
518 0.0742387
518 0.107703
518 0.0676739
518 0.0701008
518 0.0453476
518 0.0343709
518 0.0475715
518 0.0388212
517 0.122872
517 0.0969775
517 0.0774924
516 0.0438333
516 0.0681693
516 0.127302
516 0.0345208
516 0.0354902
516 0.0354791
516 0.127476
515 0.0524883
515 0.0387178
515 0.0430655
515 0.0397939
515 0.0344894
515 0.0367825
515 0.0370254
515 0.0724466
515 0.0530746
515 0.115667
514 0.0548189
514 0.0947694
514 0.0385203
514 0.0365565
514 0.0386443
513 0.0589342
513 0.0361093
513 0.0349624
513 0.0828943
513 0.0367836
512 0.126278
512 0.134963
512 0.0389384
512 0.0400706
516 0.0804797
516 0.340626
522 0.000121
516 0.376107
509 0
413 0
488 0
489 0
486 0
459 0
525 0
699 0
512 0
512 0
510 0
525 0
811 0
481 0
199 0
522 0.00134188
487 0
390 0
512 0.934221
489 0.222793
488 0.25926
475 0
525 0
850 0
1149 0
475 0
487 0
525 0
851 0
1146 0
1149 0
487 0.153673
475 0
525 0
850 0
1149 0
475 0
520 0
520 10.4032
520 1.3092
520 2.83543
520 3.36981
520 0.909187
520 1.68627
520 1.69945
520 0.708302
519 3.14844
519 3.17328
519 2.97259
519 2.78311
519 2.79916
519 3.04178
519 2.24462
520 0.0349773
520 0.04643
495 0
475 0
0 0
495 0.0410447
523 0
525 0
1133 0
523 0.0973275
486 0
184 0
520 1.12716
520 0.513745
521 0.57209
521 1.08043
521 0.133306
522 1.17786
522 0.605266
522 0.050479
522 0.222596
522 0.0594
522 0.0600837
523 1.47687
523 0.471889
523 0.584759
524 0.292213
524 0.116633
524 0.152408
524 0.204181
524 0.00395399
524 1.0054
524 0.400915
525 0.211927
736 3.91487e-23
525 0
745 0
523 0
512 0
278 0
525 0
682 0
516 0
483 0
524 0.0726531
524 0.0524592
524 0.0488645
524 0.0475209
524 0.166317
524 0.135016
523 0.0712718
523 0.185263
523 0.142409
522 0.0714381
522 0.0485859
522 0.0403244
522 0.042767
522 0.0886368
522 0.0413979
521 0.0352031
521 0.0733236
520 0.0684082
520 0.0475131
523 0.0431217
475 0
525 0
850 0
1149 0
475 0
525 0
850 0
1149 0
475 0
525 0
850 0
1149 0
475 0
525 0
850 0
1149 0
475 0
525 0
850 0
1149 0
475 0
525 0
850 0
1149 0
475 0
525 0
850 0
1149 0
475 0
525 0
850 0
1149 0
475 0
519 0
519 2.45705
520 3.35141
520 1.00106
520 0.0267886
520 0
526 0
505 0
497 0
358 0
525 0
853 0
981 0
521 0
521 0
525 0
743 0
521 0.00121189
521 0.015706
501 0
335 0
497 0
497 0.0528221
496 0.1044
496 0.186985
496 0.286878
495 0.614862
495 0.409921
494 0.909794
493 0.78247
492 0.610261
492 0.574119
492 0.101516
492 0
505 0.0947592
495 0.0542624
495 0.0501709
496 0.121553
496 0.0684992
496 0.0708809
497 0.03865
497 0.0111562
496 0.331492
496 0.296006
496 0.0429865
497 0.046457
495 0
572 0
489 0
400 0
475 0
525 0
850 0
1149 0
475 0
525 0
850 0
1149 0
475 0
525 0
850 0
1149 0
475 0
525 0
850 0
1149 0
475 0
525 0
850 0
1149 0
475 0
525 0
850 0
1149 0
475 0
525 0
850 0
1149 0
475 0
525 0
850 0
1149 0
475 0
525 0
850 0
1149 0
475 0
525 0
850 0
1149 0
475 0
525 0
850 0
1149 0
475 0
525 0
850 0
1149 0
475 0
525 0
850 0
1149 0
475 0
525 0
850 0
1149 0
475 0
525 0
850 0
1149 0
475 0
525 0
850 0
1149 0
475 0
525 0
850 0
1149 0
475 0
525 0
850 0
1149 0
475 0
525 0
850 0
1149 0
475 0
525 0
850 0
1149 0
475 0
525 0
850 0
1149 0
475 0
483 9.50403e-05
525 0
850 0
1149 0
1149 0
475 0
525 0
850 0
1149 0
475 0
525 0
850 0
1149 0
475 0
525 0
850 0
1149 0
475 0
525 0
850 0
1149 0
475 0
525 0
850 0
1149 0
475 0
525 0
850 0
1149 0
475 0
525 0
850 0
1149 0
475 0
525 0
850 0
1149 0
475 0
525 0
850 0
1149 0
475 0
525 0
850 0
1149 0
475 0
525 0
850 0
1149 0
475 0
525 0
850 0
1149 0
475 0
525 0
850 0
1149 0
475 0
525 0
850 0
1149 0
475 0
525 0
850 0
1149 0
475 0
525 0
850 0
1149 0
475 0
486 0
492 0
492 2.96761
492 2.4496
492 0.000817722
492 3.2975
492 1.15271
492 0.0604461
492 2.74242
492 2.75437
493 2.89676
493 3.49632
493 0.388468
486 0.138015
490 0
470 0
499 0
560 0
521 0
790 0
492 0
475 0
209 0
492 0.0897748
492 0
493 0
507 0
492 0.0556196
487 0
441 0
486 0
479 0
403 0
485 0.682627
485 0.23329
485 0.069277
485 0.0341848
475 0
498 0
498 0.998909
525 0
940 0
525 0
851 0
903 0
486 0
492 0
505 0
504 0
509 0
638 0
504 0.0134014
505 0.0187658
492 0.00137184
486 0.0329408
483 0
345 0
475 0
0 0
499 0
502 0
534 0
500 0.967644
501 0.23557
501 0.442441
501 0.132242
501 0.0259683
501 0.333257
501 0.0846458
501 0.0489181
501 0.0611791
501 0.000121
501 0.00126562
475 0
525 0
850 0
1149 0
475 0
496 0
496 6.40106
496 1.53961
496 2.82011
496 3.52422
496 0.179961
496 0.0300838
496 0.00951906
496 1.16273
496 0.805476
496 1.35887
496 2.89378
496 2.79053
496 2.8346
496 2.99355
496 3.1913
496 1.83167
496 0.0355011
489 0
508 0
522 0
525 0
1149 0
522 0.000868526
508 0.00329548
489 0.0443286
508 0
620 0
508 0
620 0
496 0.938251
496 0.434542
497 1.0812
497 0.360543
497 1.14319
498 1.39149
498 1.7462
498 0.3852
498 0.0472572
499 0.583234
499 0.879394
499 0.105549
499 0.509978
499 0.13814
499 0.006241
499 0.165437
500 2.03227
500 1.96319
500 0.858885
500 0.1052
500 0.00142517
500 0.17628
500 0.076019
500 0.192613
501 0.629827
501 1.33643
501 1.26987
501 0.374867
501 0.448951
501 0.359678
502 0.684593
502 2.0999
502 2.10381
503 2.99484
503 2.83392
503 2.79132
504 2.74926
504 2.88244
504 3.39723
507 0
606 0
496 0
497 0
475 0
287 0
508 0
612 0
525 0
900 0
502 0.0346838
502 0.0379155
502 0.0365341
501 0.0396699
501 0.0486436
501 0.0459818
501 0.0355063
501 0.0505761
501 0.041645
500 0.0449334
500 0.0609359
500 0.0453019
500 0.0493968
500 0.048299
500 0.0447789
500 0.0476842
500 0.0413482
499 0.0590951
499 0.039735
499 0.045264
499 0.0352657
499 0.040488
499 0.0368857
499 0.0678662
498 0.0565296
498 0.0365315
498 0.0643239
498 0.043377
497 0.0448952
497 0.0443988
497 0.0652691
496 0.0523398
496 0.0354109
475 0
525 0
850 0
1149 0
475 0
525 0
850 0
1149 0
475 0
525 0
850 0
1149 0
475 0
525 0
850 0
1149 0
475 0
488 0
488 1.06062
506 0
666 0
488 0
491 0
516 0
517 0
774 0
489 0
489 0
495 0
495 0
499 0
488 0
215 0
475 0
277 0
490 0
492 0
496 0
552 0
475 0
201 0
525 0
861 0
1115 0
1149 0
483 0
478 0
305 0
483 0.042595
483 0.248042
482 0.762717
482 0.667448
482 0.578542
482 0.0248819
482 0.0468862
483 0.05907
483 0.0649342
476 0
367 0
506 0
670 0
499 0.0450569
495 0.0485173
495 0.0132604
489 1.10339
489 2.74641
489 2.87641
489 3.0644
489 2.97267
489 0.933883
488 0.899506
489 4.80525
490 4.38069
490 4.14405
490 3.9258
491 3.71733
491 3.78299
491 4.38904
491 2.06218
488 1.74901
488 3.13702
488 1.73412
488 0.202733
488 2.72207
488 2.98976
488 3.24501
475 0
514 0
514 0.631659
514 0.151393
514 0.43853
515 0.1362
516 1.09417
518 1.20334
518 0.00618879
518 0.0280853
518 0.169185
518 0.0659781
520 1.5364
521 0.286427
521 0.41455
522 0.191029
525 2.10757
859 2.02622e-23
1097 0.0110183
523 0
606 0
522 0.0486479
521 0.108865
521 0.0562577
520 0.0479636
518 0.0528886
518 0.0393929
518 0.00642048
518 0.388213
518 0.0988049
518 0.0346344
518 0.0459929
516 0.0382893
515 0.0411766
514 0.0610063
514 0.142277
523 0
524 0
527 0
523 0.00232921
522 0
600 0
475 0
525 0
850 0
1149 0
475 0
525 0
850 0
1149 0
475 0
525 0
850 0
1149 0
475 0
525 0
850 0
1149 0
475 0
525 0
850 0
1149 0
475 0
525 0
850 0
1149 0
475 0
525 0
850 0
1149 0
475 0
525 0
850 0
1149 0
475 0
525 0
850 0
1149 0
475 0
525 0
850 0
1149 0
475 0
525 0
850 0
1149 0
475 0
525 0
850 0
1149 0
475 0
525 0
850 0
1149 0
475 0
525 0
850 0
1149 0
475 0
519 0
525 0
853 0
1136 0
1149 0
519 0.186572
475 0
525 0
850 0
1149 0
475 0
525 0
850 0
1149 0
475 0
525 0
850 0
1149 0
475 0
501 0
501 2.45924
525 0
781 0
525 0
972 0
495 0
441 0
480 0
284 0
485 0
475 0
355 0
484 0.167671
484 0.217811
483 0.445127
483 0.542916
483 0.00396372
483 0.0814517
484 0.0446204
484 0.001564
484 0.0171133
475 0
525 0
850 0
1149 0
475 0
525 0
850 0
1149 0
475 0
525 0
850 0
1149 0
475 0
525 0
850 0
1149 0
475 0
525 0
850 0
1149 0
475 0
481 0
481 0.115294
494 0
611 0
515 0
521 0
525 0
779 0
521 0.0685304
475 0
110 0
480 0
477 0
429 0
480 0.0102954
525 0
921 0
515 3.63039
515 2.36949
515 2.6185
515 2.78984
515 3.53318
515 0.759031
515 2.4288
515 2.4363
515 2.37802
515 2.35083
515 2.33336
515 2.43157
515 2.63051
515 2.90693
515 3.23212
515 0.634312
515 0.223057
515 0.00423257
514 0.68913
514 0.0721489
514 0.604318
514 0.31048
514 0.292758
514 0.242397
514 0.228616
514 0.379522
513 0.347668
513 0.296399
513 0.284679
513 0.160644
513 0.548422
513 1.29596
512 0.27561
512 0.118577
512 1.70647
512 0.144476
511 1.32945
511 0.0153377
511 0.560166
511 0.42265
511 0.349474
511 0.55324
511 0.4359
511 0.947318
510 0.370036
510 1.18713
510 0.168253
510 0.00360582
510 0.594645
510 0.372928
510 0.495184
510 1.23568
435 6.75684e-23
510 0.0726516
510 0.0519197
510 0.0401001
510 0.0388629
510 0.129147
510 0.043677
511 0.0859351
511 0.0634947
511 0.052487
511 0.0711761
511 0.114318
511 0.05789
511 0.0539071
511 0.12728
512 0.0567742
512 0.0496875
512 0.0571258
512 0.0455021
512 0.0683194
513 0.0570257
513 0.0469725
513 0.0360311
514 0.195814
514 0.0849047
514 0.0473024
514 0.0796935
514 0.11579
514 0.0740626
514 0.143166
514 0.0436731
515 0.0532702
475 0
525 0
850 0
1149 0
475 0
525 0
850 0
1149 0
475 0
525 0
850 0
1149 0
475 0
525 0
850 0
1149 0
475 0
525 0
850 0
1149 0
475 0
525 0
850 0
1149 0
