0 0 0
0 0 0
1 0 2
0 0 0
0 0 0
0 0 0
1 1 2
5 7 4
0 0 0
3 4 3
0 0 0
0 0 0
0 0 0
0 0 0
0 0 0
0 0 0
0 0 0
0 0 0
0 0 0
0 0 0
0 0 0
1 3 5
0 0 0
0 0 0
0 0 0
0 0 0
0 0 0
0 0 0
0 0 0
0 0 0
0 0 0
0 0 0
0 0 0
0 0 0
0 0 0
0 0 0
0 0 0
0 0 0
0 0 0
0 0 0
0 0 0
0 0 0
0 0 0
0 0 0
0 0 0
0 0 0
0 0 0
0 0 0
0 0 0
0 0 0
0 0 0
0 0 0
0 0 0
0 0 0
0 0 0
0 0 0
0 0 0
0 0 0
0 0 0
3 3 4
0 2 5
4 5 3
0 0 0
0 0 0
0 0 0
0 0 0
0 0 0
1 1 2
4 8 6
0 0 0
0 0 0
0 0 0
0 0 0
0 0 0
0 0 0
0 0 0
0 0 0
0 0 0
0 0 0
0 0 0
0 0 0
0 0 0
0 0 0
0 0 0
0 0 0
0 0 0
0 2 4
0 0 0
0 0 0
0 0 0
0 0 0
0 0 0
0 0 0
0 2 4
0 0 0
0 0 0
0 0 0
0 0 0
0 0 0
0 0 0
