475 1.93786e-21
475 1.99102e-09
475 7.96811e-27
475 1.74447e-08
475 1.23213e-42
475 2.19633e-52
475 0.000299981
475 1.93786e-21
475 8.74733e-21
475 1.18344e-15
475 2.18784e-06
475 2.8631e-19
475 6.41568e-10
475 8.60542e-12
475 6.439e-21
475 5.10893e-15
475 3.03181e-05
475 1.01033e-09
475 6.61227e-35
475 2.18608e-06
475 1.71931e-26
475 2.51111e-49
475 3.65817e-18
475 1.71533e-39
475 6.61066e-05
475 1.07562e-47
475 2.24669e-45
475 2.63178e-48
475 4.59546e-47
475 1.29216e-27
475 4.93506e-49
475 5.176e-38
475 4.01476e-64
475 2.14069e-51
475 4.08066e-82
475 1.80178e-75
475 6.48524e-198
475 3.51214e-45
475 1.07789e-19
475 2.69554e-06
475 2.57684e-22
475 4.85722e-22
475 2.24563e-131
475 2.74304e-07
475 7.37706e-65
475 2.87842e-14
475 8.68276e-13
475 1.37546e-47
475 3.42738e-65
475 2.24666e-64
475 5.1717e-119
475 9.05315e-119
475 1.541e-36
475 3.56388e-79
475 2.322e-20
475 2.51396e-50
475 1.70385e-24
475 2.22452e-52
475 1.90964e-10
475 1.85055e-11
475 3.57416e-24
475 1.26234e-09
475 1.77479e-41
475 1.36121e-56
475 9.22055e-21
475 1.73839e-57
475 6.32815e-72
475 5.69678e-38
475 4.92532e-07
475 0.000134152
475 1.61794e-05
475 5.65134e-06
475 2.33174e-05
475 8.57993e-06
475 7.85572e-06
475 1.93786e-21
475 1.11715e-11
475 4.02619e-22
475 4.43995e-05
475 1.94815e-46
475 2.52887e-30
475 0.000194081
475 3.34316e-05
475 1.75521e-05
475 5.09567e-06
475 5.44018e-06
475 1.93786e-21
475 2.55415e-06
475 6.1402e-07
475 6.34576e-39
475 5.34529e-05
475 1.28447e-19
475 7.76594e-08
475 4.4286e-23
475 2.08941e-20
475 2.01542e-14
475 2.67231e-12
475 5.56983e-39
475 1.46633e-07
475 7.92296e-07
475 5.96676e-52
475 0.000242362
475 1.93786e-21
475 3.28498e-26
475 3.20225e-39
475 1.53855e-17
475 0.000296943
475 3.05691e-06
475 1.93786e-21
475 5.21344e-05
475 2.44477e-17
475 7.88663e-06
475 1.7683e-37
475 7.5761e-19
475 2.24161e-34
475 5.65594e-12
475 3.24298e-14
475 1.41637e-07
475 2.26362e-13
475 2.95748e-91
475 5.20709e-11
475 2.95273e-12
475 1.29553e-58
475 1.26393e-30
475 2.4444e-37
475 4.50566e-15
475 3.97919e-09
475 5.49555e-66
475 1.19506e-07
475 8.65514e-14
475 8.00347e-49
475 4.24573e-05
475 9.4815e-21
475 1.12926e-54
475 1.00425e-31
475 1.83251e-06
475 4.11434e-98
475 0.000195424
475 1.93786e-21
475 5.9316e-11
475 0.0003
475 1.93786e-21
475 6.8188e-67
475 1.37605e-11
475 6.23075e-12
475 1.78335e-05
475 0.000282166
475 1.93786e-21
475 1.75049e-07
475 1.2842e-07
475 0.000299697
475 1.93786e-21
475 2.27761e-40
475 9.82082e-32
475 7.96098e-10
475 1.37665e-20
475 5.9015e-10
475 9.63372e-19
475 4.37396e-25
475 4.3451e-07
475 8.02918e-21
475 3.59732e-08
475 6.50358e-07
0 2.17209e-21
