489 -13
489 13
495 -13
495 13
501 -13
501 13
475 -13
475 13
478 -13
478 13
479 -13
479 13
487 -13
487 13
481 -13
481 13
477 -13
477 13
517 -13
517 13
479 -13
479 13
476 -13
476 13
515 -13
515 13
493 -13
493 13
485 -13
485 13
488 1
488 -1
522 -13
522 13
524 -13
524 13
524 -13
524 13
485 -13
485 13
477 -13
477 13
503 -13
503 13
507 -13
507 13
507 -13
507 13
491 -13
491 13
477 -13
477 13
475 -13
475 13
484 -13
484 13
487 1
487 -1
484 1
483 -1
483 1
483 -1
483 1
483 -1
492 -13
492 13
486 -13
486 13
477 -13
477 13
513 -13
513 13
491 -13
491 13
480 -13
480 13
503 -13
503 13
521 -13
521 13
516 -13
516 13
514 -13
514 13
507 -13
507 13
499 -13
499 13
497 -13
497 13
490 -13
490 13
479 -13
479 13
484 -13
484 13
488 -13
488 13
491 -13
491 13
478 -13
478 13
503 -13
503 13
506 -13
506 13
508 -13
508 13
508 -13
508 13
507 -13
507 13
491 1
491 -1
492 1
492 -1
493 -13
493 13
484 -13
484 13
490 -13
490 13
484 -13
484 13
481 -13
481 13
516 -13
516 13
518 -13
518 13
508 -13
508 13
488 -13
488 13
484 -13
484 13
520 -13
520 13
475 -13
475 13
475 -13
475 13
521 -13
521 13
480 -13
480 13
476 -13
476 13
490 -13
490 13
508 -13
508 13
496 -13
496 13
502 -13
502 13
484 -13
484 13
494 -13
494 13
513 -13
513 13
483 -13
483 13
476 -13
476 13
495 -13
495 13
485 -13
485 13
519 -13
519 13
523 -13
523 13
500 -13
500 13
499 -13
499 13
498 -13
498 13
518 -13
518 13
518 -13
518 13
505 -13
505 13
505 -13
505 13
520 -13
520 13
484 -13
484 13
522 -13
522 13
493 -13
493 13
484 -13
484 13
503 -13
503 13
512 -13
512 13
508 -13
508 13
486 -13
486 13
484 -13
484 13
491 -13
491 13
480 -13
480 13
507 -13
507 13
500 -13
500 13
477 -13
477 13
506 -13
506 13
490 -13
490 13
490 -13
490 13
496 -13
496 13
493 -13
493 13
493 -13
493 13
498 -13
498 13
490 -13
490 13
477 -13
477 13
513 -13
513 13
482 -13
482 13
484 -13
484 13
504 -13
504 13
490 -13
490 13
508 -13
508 13
517 -13
517 13
