475 0
493 1.31733e-06
500 2.14487e-05
501 1.07061e-05
501 2.24761e-05
484 8.61653e-06
478 0
392 0
475 0
488 1.65579e-05
495 0
559 0
475 0
508 2.51032e-05
507 1.71463e-05
487 1.78334e-05
489 2.14564e-05
475 0
237 0
475 0
477 3.99716e-05
475 0
0 0
475 0
502 1.76515e-05
503 1.72619e-05
492 2.87886e-05
493 6.51573e-06
477 2.34022e-05
475 0
352 0
475 0
508 1.76121e-06
525 0
878 0
1069 0
1149 0
475 0
525 0
850 0
1149 0
475 0
507 9.68694e-06
513 3.34805e-05
513 1.07951e-05
514 1.69356e-05
521 1.88367e-05
513 3.13777e-06
514 1.18908e-05
475 0
0 0
475 0
496 7.50304e-06
518 0
720 0
475 0
476 8.69407e-06
478 4.03247e-05
475 0
317 0
475 0
525 0
850 0
1149 0
475 0
522 1.99856e-05
524 0
543 0
475 0
514 2.64827e-05
511 7.62986e-06
514 0
550 0
475 0
525 0
850 0
1149 0
475 0
476 1.98762e-05
478 0
497 0
475 0
488 3.91121e-06
511 4.87877e-06
523 0
691 0
475 0
520 2.6538e-05
514 0
458 0
475 0
525 0
850 0
1149 0
475 0
487 9.95733e-06
508 0
698 0
475 0
477 2.27331e-05
477 3.14273e-05
499 2.91321e-05
495 1.90453e-05
482 5.81624e-06
475 0
375 0
475 0
495 5.02974e-06
525 0
841 0
475 0
505 1.99984e-05
506 2.42325e-06
511 0
662 0
475 0
500 3.3353e-05
493 2.68629e-05
475 0
351 0
475 0
483 3.64236e-05
475 0
173 0
475 0
515 3.58901e-05
507 2.14028e-05
525 0
885 0
475 0
478 3.49652e-05
475 0
245 0
475 0
507 3.32613e-05
488 4.12929e-06
488 0
480 0
475 0
525 0
850 0
1149 0
475 0
522 1.98249e-05
524 0
545 0
475 0
516 4.0489e-05
504 9.18252e-06
504 1.72448e-05
503 0
502 0
475 0
479 2.7042e-05
479 1.90784e-05
475 0
0 0
475 0
475 5.33771e-06
504 0
767 0
475 0
498 2.406e-05
497 6.03924e-06
493 0
442 0
475 0
478 1.59691e-05
485 3.89962e-05
475 0
346 0
475 0
476 2.6505e-05
475 0
413 0
475 0
477 4.87635e-06
489 2.4239e-05
506 0
624 0
475 0
475 3.53448e-05
475 0
218 0
475 0
486 3.86966e-05
475 0
0 0
475 0
525 0
850 0
1149 0
475 0
481 1.64108e-05
485 1.03649e-06
488 0
548 0
475 0
495 3.2545e-05
492 1.9317e-07
491 3.91724e-06
475 0
0 0
475 0
517 7.12291e-06
525 0
795 0
475 0
484 3.60325e-05
479 2.79741e-05
499 0
658 0
475 0
480 1.47222e-05
483 1.0905e-05
480 3.79925e-05
483 1.2492e-05
485 0
504 0
475 0
504 3.94583e-05
475 0
23 0
475 0
484 3.23737e-05
479 2.29096e-05
486 0
566 0
475 0
480 3.15324e-05
479 2.09683e-05
475 0
196 0
475 0
475 3.76015e-05
475 0
152 0
475 0
525 0
850 0
1149 0
475 0
495 3.71188e-05
494 1.31489e-05
493 1.70063e-05
481 0
375 0
475 0
525 0
850 0
1149 0
475 0
497 2.55396e-05
494 2.0899e-05
513 1.9902e-05
515 3.19468e-05
512 0
318 0
475 0
525 0
850 0
1149 0
475 0
477 3.42765e-05
475 0
216 0
475 0
482 3.35955e-06
524 0
868 0
903 0
475 0
494 1.09832e-05
509 0
641 0
475 0
494 3.69185e-05
475 0
205 0
475 0
489 2.82334e-05
481 0
404 0
475 0
493 3.79424e-05
475 0
129 0
475 0
490 2.8304e-05
485 2.23031e-05
482 2.02556e-05
523 3.30496e-06
525 0
899 0
1028 0
1149 0
475 0
502 3.06772e-05
493 1.23268e-05
499 0
595 0
475 0
480 5.00919e-07
500 1.13613e-05
505 2.73191e-05
515 0
623 0
475 0
525 0
850 0
1149 0
475 0
477 3.60084e-05
475 0
197 0
475 0
478 4.01441e-05
475 0
0 0
475 0
525 0
850 0
1149 0
475 0
498 3.68058e-05
497 4.95891e-06
475 1.88675e-05
475 0
413 0
475 0
487 2.71007e-05
479 0
406 0
475 0
496 1.23217e-05
509 0
620 0
475 0
484 2.4616e-05
480 0
441 0
475 0
480 2.88937e-05
477 1.6082e-05
476 8.45656e-06
475 0
319 0
475 0
475 1.67503e-05
478 1.15898e-05
485 2.72095e-05
479 2.94154e-05
515 0
778 0
475 0
479 3.57041e-05
475 0
238 0
475 0
521 1.15912e-05
525 0
671 0
475 0
485 3.92639e-05
475 0
14 0
475 0
477 2.95293e-05
475 0
341 0
475 0
503 3.55893e-05
501 1.38734e-05
516 0
655 0
475 0
525 0
850 0
1149 0
475 0
476 4.04123e-05
475 0
0 0
475 0
525 0
850 0
1149 0
475 0
477 3.64196e-05
475 0
207 0
475 0
490 4.06144e-05
484 6.09699e-06
475 0
3 0
475 0
525 0
850 0
1149 0
475 0
477 1.01952e-05
496 0
669 0
475 0
489 9.05413e-06
489 3.44703e-05
487 2.54911e-05
525 0
854 0
1136 0
1149 0
475 0
493 1.33386e-05
505 0
610 0
475 0
494 1.07953e-05
514 0
694 0
475 0
479 3.43561e-05
475 0
275 0
475 0
496 9.61249e-06
504 9.67822e-06
507 2.8509e-05
503 0
442 0
475 0
492 2.23827e-05
491 0
482 0
475 0
490 3.88945e-05
486 9.22655e-06
477 1.5644e-06
475 0
285 0
475 0
524 3.68755e-05
518 5.63679e-06
476 1.28654e-05
475 0
380 0
475 0
525 0
850 0
1149 0
475 0
518 9.00012e-06
520 3.78358e-05
493 1.81152e-05
484 2.45131e-06
475 0
305 0
475 0
525 0
850 0
1149 0
475 0
486 7.58517e-06
514 0
761 0
475 0
486 1.43034e-05
497 0
596 0
475 0
520 4.05991e-06
521 5.5833e-06
525 0
766 0
475 0
476 2.82794e-05
475 0
359 0
475 0
505 1.16608e-05
505 2.08067e-05
475 0
141 0
