475 0
495 9.10024e-06
495 1.52411e-05
501 0
559 0
475 0
510 5.29469e-05
503 3.40561e-05
525 0
1080 0
475 0
521 2.4392e-06
525 0
1149 0
475 0
488 6.14208e-06
510 1.21688e-05
512 0
554 0
475 0
495 6.11368e-05
488 1.89659e-05
483 7.69741e-06
480 5.20742e-05
492 2.85407e-05
475 0
0 0
475 0
525 0
850 0
1149 0
475 0
511 4.04712e-05
508 0
477 0
475 0
497 3.23841e-05
501 5.30997e-06
500 0
444 0
475 0
506 6.03258e-05
499 3.1745e-05
504 2.465e-05
525 0
916 0
475 0
503 4.81728e-05
499 3.67354e-05
499 3.59006e-05
525 0
1149 0
475 0
483 2.26423e-05
488 2.69638e-05
498 0
578 0
475 0
477 3.54554e-05
478 0
483 0
475 0
512 4.25847e-05
509 5.1347e-05
521 0
608 0
475 0
517 6.38695e-05
504 5.69476e-05
505 2.83535e-05
511 1.8727e-07
513 0
596 0
475 0
510 5.77806e-05
501 5.31795e-05
500 4.55422e-05
493 8.1579e-06
494 0
507 0
475 0
499 2.82296e-05
503 6.48442e-05
502 2.47428e-05
525 0
792 0
475 0
520 2.43701e-05
525 0
641 0
475 0
525 0
850 0
1149 0
475 0
478 4.66264e-05
477 5.34339e-06
475 0
124 0
475 0
481 6.98972e-06
487 5.93472e-05
475 0
283 0
475 0
477 5.93354e-05
475 0
204 0
475 0
475 2.96931e-05
480 0
531 0
475 0
504 8.44238e-06
514 8.90655e-06
522 2.26206e-05
525 0
781 0
475 0
485 3.8617e-05
483 2.83248e-05
485 7.21193e-08
487 0
805 0
475 0
518 4.45634e-05
511 0
454 0
475 0
494 4.69765e-05
493 5.61926e-05
492 1.68497e-05
492 4.88648e-05
495 1.64255e-05
495 1.47147e-05
513 8.64078e-06
525 0
857 0
475 0
497 4.3575e-05
491 0
439 0
475 0
493 2.05536e-05
506 0
624 0
475 0
493 2.64252e-05
496 2.26488e-05
525 0
856 0
1130 0
1149 0
475 0
525 0
850 0
1149 0
475 0
519 1.28165e-06
525 0
862 0
1108 0
1149 0
475 0
492 1.65376e-05
512 0
687 0
475 0
488 2.73538e-05
495 0
553 0
475 0
483 5.88157e-05
475 0
250 0
475 0
488 5.03672e-05
488 2.82312e-05
499 4.92612e-05
501 2.62506e-05
503 0
536 0
475 0
525 0
850 0
1149 0
475 0
499 4.24645e-05
494 0
451 0
475 0
505 3.95268e-05
505 1.32962e-05
509 3.35018e-05
507 1.16258e-05
501 0
416 0
475 0
485 5.92314e-05
475 0
243 0
475 0
491 3.10375e-05
491 4.47838e-05
484 8.29304e-06
484 3.07372e-05
485 0
496 0
475 0
485 6.61935e-05
477 3.45894e-05
476 2.08608e-05
483 1.73044e-05
479 0
436 0
475 0
503 2.78638e-05
507 2.18856e-05
507 3.30929e-05
511 0
607 0
475 0
510 4.80962e-05
502 5.6265e-05
517 3.40323e-05
508 9.77035e-06
509 0
606 0
475 0
513 5.05298e-05
510 3.95018e-05
518 0
585 0
475 0
516 4.45259e-05
510 0
453 0
475 0
485 3.30987e-05
487 0
509 0
475 0
491 6.41253e-05
475 0
113 0
475 0
491 3.23091e-05
491 2.51477e-05
489 5.60692e-05
485 0
459 0
475 0
489 2.38718e-05
498 5.09807e-05
506 0
559 0
475 0
483 2.27519e-05
484 6.3237e-05
475 0
371 0
475 0
483 5.47148e-05
475 0
292 0
475 0
478 2.79651e-05
486 0
560 0
475 0
509 5.87157e-05
482 0
234 0
475 0
499 6.07e-05
475 0
140 0
475 0
476 3.27947e-05
479 0
501 0
475 0
494 4.22076e-05
489 0
444 0
475 0
510 4.40863e-05
509 3.46779e-05
503 0
449 0
475 0
485 2.48209e-05
487 1.29392e-05
492 4.34318e-05
492 0
496 0
475 0
501 1.16978e-05
517 2.16665e-06
525 0
761 0
475 0
517 3.49681e-05
517 3.07547e-05
525 0
851 0
1146 0
1149 0
475 0
495 5.0106e-06
506 4.73644e-05
496 0
395 0
475 0
491 5.63893e-05
482 3.50384e-05
485 2.29083e-06
498 0
658 0
475 0
495 8.80663e-06
508 5.44615e-05
499 4.15846e-05
507 0
647 0
475 0
482 5.3588e-05
475 0
278 0
475 0
476 9.91543e-06
497 1.52493e-05
502 6.1938e-05
502 5.19489e-05
504 1.29971e-05
502 4.22823e-05
513 1.11409e-05
516 1.12816e-05
503 0
211 0
475 0
480 4.74394e-05
477 4.25266e-05
486 0
573 0
475 0
482 2.30916e-06
492 1.77498e-05
525 0
862 0
475 0
487 9.01017e-07
496 2.57067e-06
511 6.16029e-05
506 4.37865e-05
505 2.19811e-05
485 1.09012e-05
475 1.02092e-05
475 0
448 0
475 0
525 0
850 0
1149 0
475 0
525 0
850 0
1149 0
475 0
525 0
850 0
1149 0
475 0
478 4.54798e-05
475 0
405 0
475 0
503 7.04899e-06
514 6.82765e-05
512 2.04741e-05
494 1.14082e-05
480 0
130 0
475 0
475 6.72939e-05
475 0
0 0
475 0
488 2.81557e-05
493 4.19475e-05
495 0
508 0
475 0
482 3.03025e-05
484 5.56191e-05
478 5.60768e-05
479 4.92493e-05
476 0
401 0
475 0
525 0
850 0
1149 0
475 0
502 3.59109e-06
524 6.48905e-05
505 4.46206e-05
512 3.17472e-06
524 0
695 0
475 0
486 2.70304e-05
492 5.7355e-05
494 3.91115e-05
487 2.61861e-05
492 6.10753e-06
492 1.38391e-05
508 0
683 0
475 0
491 4.01181e-05
491 1.69364e-05
502 0
625 0
475 0
498 2.76831e-06
504 1.79286e-05
525 0
761 0
475 0
504 1.38236e-05
512 3.52294e-05
516 5.13603e-05
512 2.80233e-05
524 3.20386e-05
519 9.19175e-06
507 2.68812e-05
519 2.65335e-05
513 2.12789e-05
511 0
412 0
475 0
523 6.63828e-06
525 0
967 0
475 0
483 1.12537e-05
508 0
726 0
475 0
525 0
850 0
1149 0
475 0
495 6.78319e-05
485 4.1573e-05
506 0
735 0
475 0
480 1.61712e-05
486 3.35685e-05
480 0
418 0
475 0
483 2.92217e-05
483 4.77587e-05
496 0
615 0
475 0
501 2.31625e-05
507 3.7066e-05
475 0
0 0
475 0
496 3.7818e-05
495 0
479 0
475 0
479 1.49885e-05
488 4.40719e-06
488 1.61319e-05
489 3.94532e-05
486 3.00348e-05
475 0
206 0
475 0
525 0
850 0
1149 0
475 0
488 3.72085e-06
506 2.5028e-05
506 6.31438e-05
511 2.42223e-05
506 2.38292e-05
504 0
447 0
475 0
525 0
850 0
1149 0
475 0
512 4.22357e-05
507 0
458 0
475 0
488 6.36147e-05
475 0
0 0
475 0
517 5.4631e-05
510 3.05892e-05
525 0
758 0
475 0
478 4.11309e-05
475 4.25352e-05
475 0
270 0
475 0
512 6.60733e-05
510 4.68153e-05
518 3.09325e-05
516 0
0 0
475 0
479 6.35812e-05
477 1.07766e-05
476 5.90624e-05
494 0
641 0
