475 0
525 0
850 0
1149 0
475 0
525 0
850 0
1149 0
475 0
525 0
850 0
1149 0
475 0
525 0
850 0
1149 0
475 0
477 0
477 4.24604
478 2.82173
478 2.99449
478 3.54765
478 0.0737663
477 2.98146
477 3.01278
477 2.92235
477 2.76651
477 2.78549
477 2.98859
477 3.34621
475 0
0 0
483 0
537 0
503 0
737 0
477 0.0390988
480 0
483 0
507 0
480 0.0812547
480 0.04799
480 0.219418
480 0.198232
480 0.001564
480 0.00140494
475 0
235 0
475 0
525 0
850 0
1149 0
475 0
525 0
850 0
1149 0
475 0
525 0
850 0
1149 0
475 0
525 0
850 0
1149 0
475 0
525 0
850 0
1149 0
475 0
525 0
850 0
1149 0
475 0
525 0
850 0
1149 0
475 0
525 0
850 0
1149 0
475 0
525 0
850 0
1149 0
475 0
525 0
850 0
1149 0
475 0
525 0
850 0
1149 0
475 0
476 0
476 2.15361
476 0.208597
476 0.641059
476 1.19005
477 0.669868
477 1.97625
478 3.20082
478 3.16394
478 3.11042
479 2.91548
479 2.7391
479 2.97217
479 3.15529
479 1.68006
479 0.175322
521 0
523 0
806 0
510 0
814 0
477 0.0409559
477 0.0531702
476 0.0499987
476 0.046163
476 0.0478397
475 0
332 0
475 0
333 0
521 0.0437688
475 0
525 0
850 0
1149 0
475 0
525 0
850 0
1149 0
475 0
525 0
850 0
1149 0
475 0
525 0
850 0
1149 0
475 0
525 0
850 0
1149 0
475 0
525 0
850 0
1149 0
475 0
525 0
850 0
1149 0
475 0
525 0
850 0
1149 0
475 0
519 0
519 13.2243
518 2.78994
518 2.92509
518 2.8401
518 3.3143
518 1.23148
525 0
711 0
525 0
602 0
525 0
855 0
497 0
305 0
525 0
1079 0
498 0
317 0
525 0
747 0
475 0
490 0
525 0
853 0
1140 0
1149 0
490 0.329441
475 0
525 0
850 0
1149 0
475 0
525 0
850 0
1149 0
475 0
496 0
496 2.68343
496 0.967028
496 1.65996
496 0.352005
496 0.521182
496 1.9148
496 0.376981
496 0.118827
495 2.38947
495 0.308821
495 1.0376
495 0.24617
495 0.234552
495 0.65343
495 0.970594
494 3.67026
494 0.389599
494 1.02353
494 0.174267
494 0.175083
494 2.518
494 0.936727
493 2.96402
493 2.70844
493 2.85831
493 2.91284
493 3.26573
493 1.72949
493 0.112885
493 0.0353744
519 0
520 0
518 0
142 0
525 0
979 0
522 0
525 0
1149 0
525 0
848 0
525 0
872 0
990 0
494 0.0363999
494 0.0374108
494 0.0350854
494 0.0421617
494 0.0397201
495 0.0491183
495 0.0453628
495 0.0452717
495 0.0442704
495 0.052405
495 0.0631035
495 0.0375583
496 0.0508569
496 0.0462497
496 0.0434539
496 0.0457145
496 0.0445495
480 0.001564
522 0.0276503
520 0.0362405
519 0.0214956
480 0.115503
475 0
493 0
493 2.2328
493 0.442123
493 0.385064
494 0.845978
494 0.110644
494 0.670014
494 0.105962
494 0.325663
494 1.00946
495 0.711259
495 1.17607
495 0.349513
496 0.863063
496 0.48561
496 1.38494
496 0.426974
497 0.129498
497 0.346721
497 0.697266
497 0.0342298
497 0.329403
497 0.422928
498 1.12625
498 0.61016
498 0.0782347
498 0.392496
498 0.42188
498 0.237651
498 0.029802
498 0.34327
498 0.406518
499 1.03821
499 0.227094
499 0.263671
499 1.09173
500 1.45913
500 0.00733869
500 0.225039
500 0.191863
500 0.21931
500 0.384983
500 0.0878939
500 0.0272041
500 0.617439
500 0.225436
500 0.206582
501 0.505533
501 0.571866
501 0.0104105
501 0.171224
501 0.164977
501 0.510762
501 0.567467
502 2.06122
502 0.00638533
502 0.250435
502 0.712593
502 0.20337
502 0.130229
502 0.138558
502 0.469215
502 0.273405
502 0.0218233
503 0.482421
503 0.0265897
503 1.15178
503 0.780355
503 0.888435
503 0.148802
503 0.429212
503 0.0446113
504 1.00004
504 0.0929693
504 0.870115
504 0.708365
505 0.783696
505 0.00185192
505 0.260562
505 1.04398
505 0.0508616
505 0.188114
505 0.371582
505 0.42104
505 0.139226
506 0.322762
506 0.581539
506 0.0429725
506 0.113278
506 0.124729
506 0.195812
506 1.88053
507 0.0858193
507 0.281009
507 0.69229
507 0.317066
507 1.12635
507 0.00272423
507 0.122897
507 0.325441
507 0.0326765
507 0.60919
507 0.00727435
508 0.541474
508 1.43553
508 1.17227
508 0.352669
509 1.09838
509 0.23533
509 0.319298
509 0.52935
509 0.641689
509 0.761339
510 1.84649
510 0.43551
510 0.210839
510 2.05492
510 0.157118
510 0.2745
511 1.54388
511 1.62398
511 0.334603
511 0.101085
511 0.27261
511 0.378373
511 0.218053
511 0.167654
511 0.0162373
511 0.209943
511 0.358768
511 0.732274
511 0.161948
512 1.07329
512 0.359286
512 0.613282
512 2.81791
512 0.0231207
711 1.19165e-22
512 0.00211575
512 0.000610739
512 0.00559671
512 0.000160238
512 0.000961427
512 0.000576678
512 0.000274877
512 0.00121072
512 0.0077895
512 0.00127566
512 0.000813281
512 0.00223478
512 0.000936585
512 0.00179277
512 0.00221318
512 0.000571193
512 0.0016308
512 0.0118133
512 0.0390706
512 0.0437965
512 0.0388906
511 0.036996
511 0.0432714
511 0.0605734
511 0.0607628
511 0.0364855
511 0.052988
511 0.0415311
511 0.0444911
511 0.0525253
511 0.0394962
511 0.0436231
511 0.0614716
511 0.058072
510 0.0603134
510 0.0452933
510 0.0744604
510 0.0490045
510 0.0453851
510 0.0366492
509 0.0492522
509 0.0446193
509 0.0741062
509 0.08806
509 0.0612161
509 0.0354549
508 0.0838246
508 0.0539953
508 0.0834777
508 0.0375076
507 0.0346301
507 0.0662236
507 0.038584
507 0.0392641
507 0.0636624
507 0.0570441
507 0.0642758
507 0.0480983
507 0.0901729
507 0.0429967
507 0.0633734
506 0.0357447
506 0.0608619
506 0.034363
506 0.0354972
506 0.0463259
506 0.0518409
506 0.0355971
505 0.0967591
505 0.088915
505 0.0907667
505 0.0625411
505 0.044688
505 0.0675649
505 0.105135
504 0.0413469
504 0.124932
504 0.128692
503 0.0733338
503 0.127156
503 0.079586
503 0.0449162
503 0.0877608
503 0.0814629
503 0.125154
502 0.0685882
502 0.0831277
502 0.0390597
502 0.0420974
502 0.037756
502 0.0614658
502 0.0341929
502 0.0544456
501 0.130363
501 0.136011
501 0.0639949
501 0.038197
501 0.121299
501 0.0614578
501 0.0714499
500 0.0105338
500 0.0226027
500 0.0759963
500 0.0375166
500 0.0381818
500 0.070313
500 0.0566778
500 0.129886
500 0.0386626
500 0.04061
500 0.127768
500 0.050116
499 0.150097
499 0.105382
499 0.0420041
499 0.116404
498 0.0154442
498 0.0695819
498 0.0429364
498 0.0678992
498 0.035691
498 0.0357141
498 0.106933
498 0.0379233
498 0.0608696
498 0.0951975
498 0.0601974
497 0.0607088
497 0.0721961
497 0.0346883
497 0.171314
497 0.0493777
496 0.0770023
496 0.0788943
496 0.143816
495 0.0466062
495 0.0669458
495 0.110749
494 0.0358684
494 0.0735342
494 0.16831
494 0.0356882
494 0.0908139
493 0.0843362
493 0.0562089
487 0
496 0
498 0
501 0
712 0
503 0.0806985
525 0
1149 0
498 0.00321837
496 0.03902
487 0.111402
475 0
525 0
850 0
1149 0
475 0
525 0
850 0
1149 0
475 0
525 0
850 0
1149 0
475 0
525 0
850 0
1149 0
475 0
525 0
850 0
1149 0
475 0
525 0
850 0
1149 0
475 0
525 0
850 0
1149 0
475 0
525 0
850 0
1149 0
475 0
525 0
850 0
1149 0
475 0
525 0
850 0
1149 0
475 0
525 0
850 0
1149 0
475 0
525 0
850 0
1149 0
475 0
525 0
850 0
1149 0
475 0
513 0
513 1.37545
513 2.88285
513 3.18322
513 1.97941
484 0
230 0
525 0
855 0
935 0
514 0
529 0
511 0
492 0
475 0
525 0
850 0
1149 0
475 0
525 0
850 0
1149 0
475 0
525 0
850 0
1149 0
475 0
525 0
850 0
1149 0
475 0
525 0
850 0
1149 0
475 0
525 0
850 0
1149 0
475 0
525 0
850 0
1149 0
475 0
525 0
850 0
1149 0
475 0
525 0
850 0
1149 0
475 0
525 0
850 0
1149 0
475 0
525 0
850 0
1149 0
475 0
522 0
522 0.67255
525 0
551 0
525 0
850 0
1148 0
1149 0
525 0
777 0
523 0
525 0
575 0
523 0.343682
523 0.105031
523 0.0354731
510 0
400 0
475 0
496 0
496 2.02828
496 2.16472
496 0.00385641
484 0
373 0
521 0
746 0
525 0
857 0
1126 0
1149 0
512 0
651 0
501 0
507 0
591 0
501 0.0709984
491 0
507 0
755 0
491 0.165789
491 0.253234
491 0.00803705
491 0.158579
491 0.000121
491 0.00107421
475 0
0 0
475 0
525 0
850 0
1149 0
475 0
525 0
850 0
1149 0
475 0
525 0
850 0
1149 0
475 0
525 0
850 0
1149 0
475 0
522 0
522 0.923665
522 0.036425
522 0.208529
522 0.425538
523 1.21954
523 1.0237
523 1.9184
523 0.0876221
523 3.01668
523 1.60694
523 1.06995
523 3.0046
523 2.8265
523 2.69103
523 2.89554
523 3.4284
523 0.903133
525 0
707 0
501 0
312 0
525 0
875 0
1072 0
1149 0
523 0.0344412
523 0.0342778
523 0.0368052
523 0.0356969
523 0.0422105
523 0.0434685
522 0.0443765
522 0.0420014
522 0.0399068
525 0
702 0
475 0
525 0
850 0
1149 0
475 0
525 0
850 0
1149 0
475 0
525 0
850 0
1149 0
475 0
525 0
850 0
1149 0
475 0
525 0
850 0
1149 0
475 0
525 0
850 0
1149 0
475 0
525 0
850 0
1149 0
475 0
497 0
525 0
861 0
1115 0
1149 0
497 0.248406
475 0
525 0
850 0
1149 0
475 0
525 0
850 0
1149 0
475 0
525 0
850 0
1149 0
475 0
525 0
850 0
1149 0
475 0
525 0
850 0
1149 0
475 0
525 0
850 0
1149 0
475 0
525 0
850 0
1149 0
475 0
525 0
850 0
1149 0
475 0
525 0
850 0
1149 0
475 0
525 0
850 0
1149 0
475 0
525 0
850 0
1149 0
475 0
525 0
850 0
1149 0
475 0
525 0
850 0
1149 0
475 0
493 0
525 0
850 0
1148 0
1149 0
493 0.0106965
475 0
525 0
850 0
1149 0
475 0
525 0
850 0
1149 0
475 0
525 0
850 0
1149 0
475 0
525 0
850 0
1149 0
475 0
525 0
850 0
1149 0
475 0
525 0
850 0
1149 0
475 0
475 0
525 0
882 0
1065 0
1149 0
475 0.594698
475 0
525 0
850 0
1149 0
475 0
525 0
850 0
1149 0
475 0
525 0
850 0
1149 0
475 0
525 0
850 0
1149 0
475 0
525 0
850 0
1149 0
475 0
525 0
850 0
1149 0
475 0
525 0
850 0
1149 0
475 0
525 0
850 0
1149 0
