475 2.03792e-22
475 2.29066
475 0.339784
475 2.95122
476 2.83527
476 2.70166
476 2.82925
477 3.0391
477 2.94155
475 0.0357841
475 0.0357286
475 2.03792e-22
475 0.0102701
475 3.28917
476 2.89972
476 2.72232
476 2.72692
476 2.91521
477 3.01916
477 2.37853
475 0.000952492
475 0.00105853
475 0.00100488
475 0.000607435
475 0.00171474
475 0.000955436
475 0.002449
475 0.00657944
475 0.00268318
475 0.0206975
475 2.03792e-22
475 3.22649
476 3.12797
476 2.84013
476 2.77698
476 2.88922
477 3.18883
477 1.95039
475 2.03792e-22
475 1.5233
475 3.00236
476 2.83984
476 2.86121
476 2.85847
477 2.89447
477 3.40083
477 0.528866
477 0.0512909
475 0.0393646
475 2.03792e-22
475 1.16203
475 3.1765
476 2.87587
476 2.89081
476 2.95291
476 2.98338
477 3.44639
477 0.476297
475 0.0358271
475 2.03792e-22
475 0.231701
475 0.835057
475 1.15627
475 1.7485
476 2.95736
476 2.7295
476 2.75504
476 2.80843
477 3.27504
477 1.39105
475 0.0353365
475 0.0353684
475 0.0413498
475 2.03792e-22
475 3.14333
476 3.10068
476 2.78189
476 2.86806
476 2.75938
477 3.01021
477 2.33646
475 2.03792e-22
475 0.155952
475 1.85037
475 3.08337
476 2.89596
476 2.8517
476 2.83102
477 3.01553
477 3.27515
477 0.0021155
475 0.0388192
475 2.03792e-22
475 1.03448
475 3.18069
476 2.7936
476 2.76815
476 2.80351
477 2.97851
477 3.29113
477 1.14992
475 2.03792e-22
475 1.9612
475 2.94808
476 2.78424
476 2.93106
476 2.76374
477 2.98048
477 3.51229
477 0.0611933
477 0.0202857
475 0.0374135
