475 7.05457e-22
475 3.13651
475 1.86349
475 7.05457e-22
475 3.24213
475 1.75787
475 7.05457e-22
475 3.25347
475 1.56745
475 0.175879
475 0.00319575
475 7.05457e-22
475 1.1682
475 3.38389
475 0.000881031
475 0.447029
475 7.05457e-22
475 3.24957
475 1.75043
475 7.05457e-22
475 3.23827
475 1.76173
475 7.05457e-22
475 3.17562
475 1.53362
475 0.290752
475 7.05457e-22
475 3.2468
475 1.69259
475 0.0395364
475 0.00671692
475 0.0143526
475 7.05457e-22
475 3.21987
475 1.78013
475 7.05457e-22
475 3.27351
475 1.53545
475 0.174889
475 0.00065896
475 0.0154924
