475 9.16961e-23
475 0.12116
475 0.14886
475 0.698095
475 0.452064
475 0.164162
475 0.282416
475 0.435405
476 0.813079
476 1.10307
476 0.255076
478 4.48843
478 0.62192
478 0.385499
479 2.20377
479 0.260366
479 1.09596
479 0.131664
480 0.446923
480 0.79709
480 0.834551
480 0.0318329
480 0.205623
480 0.576347
481 0.608613
481 0.80452
481 1.18702
481 0.210909
481 1.2686
482 0.407639
482 1.10438
483 2.89144
483 0.349343
483 1.57264
483 1.15122
484 3.35564
484 2.30252
485 2.89468
485 2.80141
485 2.77132
485 3.01954
485 3.27306
485 0.0403762
485 0.0171517
483 0.0378588
483 0.0396787
482 0.0452904
482 0.0452762
482 0.0380566
481 0.0600948
481 0.0373888
481 0.0380887
481 0.0455914
480 0.0361499
480 0.0431378
480 0.0369806
480 0.0391511
480 0.035561
480 0.062397
479 0.0365965
479 0.0595319
479 0.0348272
478 0.0358694
478 0.0474092
478 0.0403654
476 0.092596
476 0.0507914
475 0.0589238
475 0.0677014
475 0.0610996
475 0.0597116
475 0.0875172
475 0.0409701
475 9.16961e-23
475 0.696475
475 1.04495
475 0.355025
476 0.342205
476 0.057757
476 0.0202399
476 0.133086
476 0.497976
476 0.074349
476 0.554362
476 0.166193
476 0.0617499
476 0.0806514
476 0.509031
476 0.17289
477 0.148498
477 0.198879
477 0.473759
477 0.208948
477 0.0210172
477 0.453299
478 2.22811
478 0.478406
478 0.770178
478 0.16299
479 0.769736
479 1.57674
479 0.367518
480 1.42819
480 0.748985
480 1.56756
481 1.6098
481 0.864776
482 2.6592
482 0.404212
482 0.634392
482 0.688577
482 0.858376
483 0.986841
483 1.78585
483 0.751295
483 1.09841
484 0.923471
484 0.61698
484 2.54153
485 2.73758
485 2.84885
485 2.76707
485 2.93842
485 3.43361
485 0.401505
485 0.206271
484 0.0346835
484 0.0361
483 0.0362086
483 0.0377035
483 0.0371978
483 0.0423645
482 0.0423153
482 0.0399755
482 0.0517118
482 0.0390742
482 0.0348337
481 0.0613653
481 0.0365166
480 0.0443765
480 0.0693225
480 0.0633659
479 0.0427557
479 0.00478972
479 0.0706129
479 0.065524
478 0.0357908
478 0.0342856
478 0.0562586
478 0.0423182
477 0.0703292
477 0.0516783
477 0.0856493
477 0.0407745
476 0.0560859
476 0.0489648
476 0.0504674
476 0.0460721
476 0.0509347
476 0.0342145
476 0.0777636
476 0.0480013
475 0.0368174
475 0.0792742
475 0.0367448
475 9.16961e-23
475 0.162432
475 0.790051
475 0.864476
476 0.896945
476 0.494797
476 1.22692
477 0.515116
477 0.123992
477 0.927564
477 0.342067
477 0.362104
477 0.0635735
478 1.51015
478 0.271039
478 0.269333
478 0.0424414
479 2.70027
479 0.0821506
479 1.13456
480 0.657187
480 0.354477
480 1.24353
480 0.0661844
481 3.05478
481 0.607461
482 1.28578
482 0.419026
482 0.055998
482 0.815305
482 0.868585
482 1.19265
483 1.88007
483 0.197846
483 0.497907
484 3.08332
484 1.22043
484 2.9959
485 2.89045
485 2.8104
485 2.76478
485 2.951
486 3.50256
484 0.0382459
483 0.0123162
483 0.0100975
483 0.0402133
483 0.0419322
482 0.0508961
482 0.046475
482 0.0342315
482 0.0415125
482 0.0523201
482 0.0595185
481 0.0528584
481 0.0419388
480 0.0595821
480 0.0548325
480 0.055697
480 0.0364975
479 0.0404766
479 0.0622796
479 0.0462735
478 0.0382155
478 0.0653672
478 0.0437356
478 0.0422275
477 0.0710506
477 0.0620523
477 0.0496787
477 0.0447872
477 0.0494777
477 0.0512583
476 0.0642729
476 0.0948672
476 0.0480065
475 0.063742
475 0.0451285
475 0.0746365
483 0.001564
483 0.0161207
475 9.16961e-23
475 0.27333
475 0.0877007
475 0.198351
475 0.708248
475 0.221996
475 0.597626
476 0.742982
476 0.805685
476 0.377982
476 0.394924
476 0.042877
476 0.0839894
476 0.0357333
477 0.3196
477 0.346341
477 0.454839
477 0.360367
477 0.467109
477 0.653137
478 1.53109
478 0.740161
478 0.201026
478 0.440383
478 0.072092
479 0.246166
479 0.836713
479 0.444563
479 0.48262
479 0.938977
480 0.799348
480 0.158835
480 1.18986
480 0.617978
480 0.520956
481 0.404343
481 0.708416
481 0.199937
481 0.797843
482 2.80012
482 1.77643
482 0.801537
483 0.832781
483 1.30515
483 2.35791
483 0.498387
483 0.431693
484 3.14918
484 2.92326
485 2.86057
485 2.69298
485 2.96269
485 3.52237
485 0.291978
485 0.0375285
483 0.0373697
483 0.0361285
483 0.0471329
483 0.0416185
482 0.0507324
482 0.0364584
482 0.035454
481 0.0569028
481 0.0653578
481 0.0667984
481 0.0692083
480 0.0427553
480 0.0593033
480 0.0355175
480 0.0384441
480 0.0358357
479 0.0637828
479 0.0454182
479 0.0538131
479 0.0391149
479 0.0484772
478 0.0544238
478 0.0533319
478 0.0679612
478 0.0358559
478 0.0409931
477 0.0830026
477 0.0485495
477 0.0393225
477 0.0507327
477 0.053958
477 0.0554581
476 0.0454878
476 0.0792127
476 0.0365652
476 0.0382573
476 0.0603787
476 0.0615689
476 0.0540301
475 0.0349655
475 0.0438669
475 0.0348545
475 0.0354089
475 0.0375997
475 0.0998963
475 9.16961e-23
475 0.476912
475 1.69247
475 0.139563
476 0.451941
476 1.56188
476 0.00317126
477 1.04152
477 0.818915
477 0.0748943
477 0.121113
477 0.224601
477 0.300915
477 0.121815
477 0.215684
477 0.166818
478 0.324737
478 0.0778996
478 0.643818
478 0.332658
479 2.59424
479 1.14754
480 0.914819
480 0.364918
480 0.527802
480 0.709804
480 1.43919
481 1.71893
481 1.00831
481 0.318282
481 0.0101144
481 0.288101
482 2.33929
483 2.90333
483 1.37336
484 2.93661
484 1.8427
484 3.10159
485 2.98196
485 2.77008
485 2.83037
485 3.12627
486 2.36217
486 0.00845407
484 0.035854
484 0.0361449
483 0.042452
483 0.0399516
482 0.0553015
481 0.043016
481 0.0504588
481 0.0391435
481 0.0369718
481 0.0362908
480 0.0535373
480 0.036213
480 0.0349302
480 0.0704863
480 0.0475175
479 0.0601201
479 0.0490568
478 0.0508743
478 0.0454397
478 0.0476648
478 0.0434055
477 0.0670169
477 0.0346642
477 0.0676761
477 0.0350253
477 0.042657
477 0.096511
477 0.0378363
477 0.0417541
476 0.0456442
476 0.0429752
476 0.0452139
475 0.0403556
475 0.0382975
475 9.16961e-23
475 0.033872
475 0.145767
475 0.317571
475 0.000265882
475 0.605772
475 0.283825
475 0.346328
475 0.0896177
476 1.22672
476 0.769034
476 0.19357
476 0.0744309
477 0.687651
477 0.024318
477 1.27127
477 0.493389
477 0.0873673
477 0.704048
478 0.30016
478 0.659431
478 1.11326
479 0.937855
479 1.20688
479 1.05149
479 0.383892
480 2.49901
481 1.52167
481 0.584647
481 0.062471
481 0.258993
481 0.275348
481 0.165475
481 1.17508
482 0.736838
482 0.638335
483 3.97275
483 1.33376
483 0.236433
483 1.92915
484 1.14141
484 3.28889
485 2.93891
485 2.65118
485 2.71068
485 3.06103
485 3.49492
485 0.306582
485 0.107918
485 0.0230184
485 0.000690731
483 0.0391123
483 0.0402206
482 0.0361897
482 0.0397972
481 0.0442119
481 0.0571951
481 0.0491929
481 0.0470093
481 0.0361536
481 0.0473288
481 0.041352
480 0.0441977
479 0.0435402
479 0.0691113
479 0.057864
479 0.0435914
478 0.0860022
478 0.0445922
478 0.0498526
477 0.036404
477 0.0343489
477 0.0662574
477 0.0381012
477 0.0739642
477 0.0486171
476 0.0347641
476 0.0819396
476 0.0345705
476 0.050147
475 0.0617514
475 0.0874332
475 0.0688614
475 0.0405934
475 0.0479659
475 0.0755419
475 0.0407222
475 0.00443264
475 0.00208666
475 0.0320112
475 9.16961e-23
475 0.0773481
475 1.02067
475 0.161961
475 0.312233
475 0.339629
476 0.836558
476 0.0989184
476 0.565729
476 0.965027
476 0.613
477 0.100243
477 0.0755372
477 0.216467
477 0.145579
477 1.49699
477 0.152395
477 0.0354676
477 0.170478
478 1.16178
478 0.161956
478 0.217137
478 0.368804
478 0.110993
478 0.729869
478 0.0640996
478 0.433478
479 0.449228
479 0.564395
479 0.315793
479 0.126993
479 0.313002
479 0.166574
479 0.0804135
479 0.0760864
479 0.499226
480 2.11714
480 0.0880065
480 0.0235421
480 0.249491
481 1.92994
481 0.0193284
481 1.17239
481 0.633799
482 2.24854
482 1.27011
482 0.298034
482 0.0618222
482 1.05825
483 3.44263
483 1.14403
484 2.3564
484 3.03541
484 2.95743
485 2.92376
485 2.85206
485 3.39996
485 1.01176
484 0.0346709
483 0.0343109
482 0.0361844
482 0.0385516
482 0.0410794
482 0.0365521
482 0.0343676
481 0.0473137
481 0.0353559
481 0.0532033
481 0.0372569
480 0.049905
480 0.0383797
480 0.0670957
480 0.0584425
479 0.0365126
479 0.0537062
479 0.0778715
479 0.0454931
479 0.0557207
479 0.0526479
479 0.0492926
479 0.0697935
479 0.0652772
478 0.0367595
478 0.0509796
478 0.0391861
478 0.0822472
478 0.0361563
478 0.0704783
478 0.0403101
478 0.0514048
477 0.0381214
477 0.0485092
477 0.0488827
477 0.0423212
477 0.0627659
477 0.051652
477 0.0553316
477 0.0381698
477 0.0987216
476 0.0427308
476 0.0556866
476 0.0761889
475 0.0348942
475 0.0423029
475 0.104989
475 0.00437157
475 0.00243284
475 0.00905826
475 0.0106689
475 0.0578008
475 9.16961e-23
475 0.0439818
475 0.208911
475 0.234315
475 0.385358
475 0.103787
475 0.0360897
475 0.265292
475 0.82821
476 0.444855
476 0.921905
476 0.154032
476 0.452589
476 0.0561746
476 0.329291
476 0.4246
477 0.791142
477 0.38876
477 0.33978
477 0.0965132
477 0.429998
478 0.675635
478 0.857781
478 0.52463
478 0.509983
479 1.53268
479 2.1731
480 0.227761
480 0.450649
480 0.221956
480 0.0504305
480 0.34841
480 0.24067
480 0.447859
480 0.303768
480 0.147928
480 0.593131
480 0.21149
480 0.194043
481 0.156895
481 0.0584249
481 0.373586
481 0.094697
481 0.316013
481 0.453868
482 2.8925
482 1.35678
483 2.56836
483 0.480304
483 0.277638
483 0.647472
483 2.01869
483 0.341595
483 0.432414
484 3.05957
484 2.83943
485 2.91786
485 2.76341
485 3.00797
485 3.45756
485 0.212235
485 0.0341334
485 0.0228488
483 0.0405991
483 0.0392702
483 0.0457413
483 0.036318
483 0.0486874
483 0.0480526
482 0.0391939
482 0.045085
481 0.0418084
481 0.0442328
481 0.0558375
481 0.0384268
481 0.0344046
481 0.0423174
481 0.0549601
480 0.0425392
480 0.0382324
480 0.0547069
480 0.0423236
480 0.0513829
480 0.0419245
480 0.0363907
480 0.0460584
480 0.046675
480 0.0387831
480 0.0615455
479 0.0461703
479 0.0366741
478 0.0356428
478 0.052481
478 0.0649112
478 0.0537869
477 0.0731447
477 0.0360384
477 0.0611298
477 0.040208
477 0.0663938
476 0.0743284
476 0.0560916
476 0.0768392
476 0.0344645
476 0.0385504
476 0.0748867
476 0.0349603
475 0.0682851
475 0.0487826
475 0.0782648
475 0.0941222
475 0.0370905
475 0.0640968
475 0.0298678
475 0.00503325
475 0.0305099
475 9.16961e-23
475 1.15323
475 0.953778
475 0.215442
476 0.183847
476 0.175029
476 0.258095
476 0.00560175
477 1.91584
477 2.06913
477 0.00433238
478 0.888575
478 0.351695
478 0.269882
478 0.515563
479 1.4112
479 2.1689
480 1.48703
480 0.340278
480 0.385029
480 1.68004
480 0.029771
481 0.337972
481 0.225745
481 0.236116
482 4.34133
482 0.411959
482 0.322388
482 1.2706
482 0.197863
483 0.456786
483 0.512749
483 3.39489
483 0.471828
484 0.252735
484 0.592228
484 3.17348
485 2.95139
485 2.90189
485 2.72389
485 2.87478
486 3.29671
486 0.913678
486 0.0383143
484 0.0391065
484 0.0400278
483 0.04267
483 0.0444516
483 0.0357996
482 0.0403972
482 0.0467303
482 0.0353643
482 0.0373142
481 0.0558223
481 0.0647487
481 0.060249
480 0.0625208
480 0.0611802
480 0.0377229
480 0.0531127
480 0.070653
479 0.0621325
478 0.0432231
478 0.05447
478 0.0427687
477 0.0823386
477 0.0354396
477 0.0429569
476 0.0689715
476 0.0669684
476 0.0796003
476 0.101474
475 0.0345977
475 0.0406556
475 0.0549128
475 9.16961e-23
475 0.443777
475 0.533283
475 0.0352201
475 0.296554
475 0.246716
476 0.955003
476 0.108129
476 0.231783
476 0.447658
476 0.147803
476 0.0305258
476 0.463763
476 0.551034
477 0.845697
477 0.0611625
477 1.19649
477 0.166898
477 0.143483
477 0.232898
477 0.251898
478 0.139919
478 1.0611
478 0.143461
478 0.36156
478 0.400626
478 0.189143
478 0.211899
479 0.447808
479 0.00272585
479 0.997043
479 0.536181
479 0.0232627
479 0.253053
479 0.407583
480 0.746454
480 0.616266
480 0.42372
480 2.10372
480 0.0446749
481 0.699343
481 1.29231
481 0.835531
481 0.0779001
482 1.11675
482 0.100151
482 1.19154
482 0.0219285
482 0.439509
483 2.94934
483 1.98527
483 1.74226
484 3.21075
484 3.06975
485 2.92867
485 2.73613
485 3.01322
485 3.48388
485 0.114479
483 0.0391045
483 0.0372265
482 0.0514581
482 0.0496449
482 0.0421527
482 0.050402
482 0.0547097
481 0.0375046
481 0.036937
481 0.0346509
481 0.0351366
480 0.0515442
480 0.0407658
480 0.0535117
480 0.0569909
480 0.0440835
479 0.0355469
479 0.0595707
479 0.0535564
479 0.0525111
479 0.0369652
479 0.0765214
479 0.0704746
478 0.0445248
478 0.0614399
478 0.0372559
478 0.0416636
478 0.063148
478 0.0638303
478 0.0729309
477 0.0438614
477 0.0520906
477 0.0376184
477 0.0678494
477 0.0622155
477 0.0381003
477 0.0590639
476 0.0361144
476 0.0471
476 0.0696526
476 0.094084
476 0.0421996
476 0.0366539
476 0.0407994
476 0.0546203
475 0.0618326
475 0.0609631
475 0.0611377
475 0.0395749
