0 -1
424 1
0 -1
475 1
0 -1
475 1
0 -1
475 1
0 -1
336 1
0 -1
475 1
0 -1
0 1
0 -1
475 1
0 -1
475 1
0 -1
158 1
0 -1
294 1
0 -1
475 1
0 -1
0 1
0 -1
0 1
0 -1
349 1
0 -1
475 1
0 -1
377 1
0 -1
475 1
0 -1
475 1
0 -1
475 1
0 -1
159 1
0 -1
307 1
0 -1
475 1
0 -1
475 1
0 -1
475 1
0 -1
475 1
0 -1
397 1
0 -1
442 1
0 -1
475 1
0 -1
475 1
0 -1
428 1
0 -1
177 1
0 -1
263 1
0 -1
475 1
0 -1
475 1
0 -1
475 1
0 -1
475 1
0 -1
119 1
0 -1
475 1
0 -1
0 1
0 -1
334 1
0 -1
475 1
0 -1
116 1
0 -1
475 1
0 -1
475 1
0 -1
444 1
0 -1
301 1
0 -1
231 1
0 -1
233 1
0 -1
475 1
0 -1
475 1
0 -1
475 1
0 -1
411 1
0 -1
475 1
0 -1
475 1
0 -1
475 1
0 -1
475 1
0 -1
475 1
0 -1
475 1
0 -1
475 1
0 -1
473 1
0 -1
475 1
0 -1
475 1
0 -1
475 1
0 -1
475 1
0 -1
475 1
0 -1
475 1
0 -1
475 1
0 -1
475 1
0 -1
475 1
0 -1
272 1
0 -1
475 1
0 -1
436 1
0 -1
475 1
0 -1
415 1
0 -1
416 1
0 -1
475 1
0 -1
0 1
0 -1
475 1
0 -1
475 1
0 -1
475 1
0 -1
443 1
0 -1
289 1
0 -1
475 1
0 -1
176 1
0 -1
475 1
0 -1
475 1
0 -1
475 1
0 -1
218 1
0 -1
444 1
0 -1
475 1
0 -1
475 1
0 -1
312 1
0 -1
475 1
0 -1
475 1
0 -1
204 1
0 -1
475 1
0 -1
449 1
0 -1
367 1
0 -1
145 1
