475 6.12839e-22
475 1.26837e-05
475 5.37217e-06
475 5.43748e-06
475 9.31787e-08
424 1.53694e-22
475 6.12839e-22
475 1.22991e-05
475 9.17513e-06
475 8.52574e-06
475 6.12839e-22
475 1.73053e-05
475 7.80694e-06
475 4.88774e-06
475 6.12839e-22
475 1.67362e-06
475 1.79148e-05
475 1.80533e-06
475 8.60626e-06
475 6.12839e-22
475 8.00071e-06
475 8.90248e-06
475 4.16279e-06
475 5.86499e-09
336 2.02044e-22
475 6.12839e-22
475 1.24285e-05
475 5.21834e-08
475 2.32519e-06
475 5.20991e-06
475 9.98426e-06
475 6.12839e-22
475 1.06139e-05
475 6.89792e-06
475 6.63224e-06
475 1.64742e-08
0 2.78883e-22
475 6.12839e-22
475 9.028e-06
475 6.2437e-07
475 1.45569e-05
475 5.79073e-06
475 6.12839e-22
475 3.32393e-06
475 2.90184e-06
475 3.81006e-06
475 1.198e-05
475 7.98414e-06
475 6.12839e-22
475 1.61814e-05
475 6.97405e-06
475 8.34048e-09
158 2.55017e-22
475 6.12839e-22
475 3.47547e-08
475 2.2916e-07
475 2.12566e-05
475 2.703e-08
294 2.11285e-22
475 6.12839e-22
475 4.67084e-06
475 1.08799e-05
475 1.97373e-07
475 1.98026e-06
475 2.3571e-06
475 9.91454e-06
475 6.12839e-22
475 7.22073e-06
475 1.23727e-05
475 4.59506e-06
475 1.81238e-08
0 2.94406e-22
475 6.12839e-22
475 5.19161e-06
475 1.32386e-05
475 2.1162e-06
475 2.2596e-09
0 3.52424e-22
475 6.12839e-22
475 1.46734e-05
475 7.22025e-06
475 2.45515e-09
349 1.8797e-22
475 6.12839e-22
475 1.71175e-05
475 2.28713e-06
475 4.35743e-06
475 6.23796e-06
475 6.12839e-22
475 1.66393e-05
475 6.43132e-06
475 2.67869e-08
377 1.93067e-22
475 6.12839e-22
475 1.02327e-05
475 6.1838e-06
475 3.4317e-06
475 6.2712e-06
475 3.88063e-06
475 6.12839e-22
475 1.6593e-05
475 3.45985e-06
475 9.94711e-06
475 6.12839e-22
475 1.34704e-05
475 9.0575e-06
475 7.4721e-06
475 6.12839e-22
475 4.76025e-06
475 1.69917e-05
475 3.1233e-09
159 2.85676e-22
475 6.12839e-22
475 1.37495e-07
475 1.59156e-05
475 3.82108e-06
475 4.27974e-06
475 4.7202e-08
307 1.73663e-22
475 6.12839e-22
475 1.25334e-05
475 4.18062e-06
475 4.17539e-06
475 9.11058e-06
475 6.12839e-22
475 7.48089e-06
475 3.54988e-06
475 3.46686e-06
475 1.88014e-06
475 8.70489e-06
475 4.91734e-06
475 6.12839e-22
475 1.34177e-05
475 7.68396e-06
475 8.89835e-06
475 6.12839e-22
475 7.63983e-06
475 2.6089e-06
475 1.18574e-05
475 7.89388e-06
475 6.12839e-22
475 1.38955e-05
475 1.06961e-05
475 3.1995e-08
397 1.4426e-22
475 6.12839e-22
475 1.95172e-05
475 8.30825e-07
475 9.172e-08
442 1.83739e-22
475 6.12839e-22
475 1.01654e-06
475 6.59901e-06
475 5.08924e-06
475 2.26971e-06
475 2.30749e-06
475 7.70522e-06
475 5.01278e-06
475 6.12839e-22
475 1.62184e-05
475 2.51944e-06
475 2.63386e-06
475 8.62831e-06
475 6.12839e-22
475 1.92272e-06
475 3.73349e-06
475 4.37297e-06
475 0
428 2.93932e-22
475 6.12839e-22
475 2.09563e-05
475 2.24794e-08
177 2.76968e-22
475 6.12839e-22
475 1.74683e-05
475 4.24143e-06
475 2.79652e-08
263 2.68465e-22
475 6.12839e-22
475 3.91938e-06
475 4.32502e-07
475 1.19786e-05
475 9.1382e-06
475 4.53135e-06
475 6.12839e-22
475 1.05441e-05
475 7.39769e-06
475 7.79715e-06
475 4.26108e-06
475 6.12839e-22
475 7.10242e-06
475 1.273e-05
475 6.49484e-06
475 3.6727e-06
475 6.12839e-22
475 1.16555e-05
475 8.81328e-06
475 9.53117e-06
475 6.12839e-22
475 7.43838e-06
475 7.53186e-06
475 7.67797e-06
475 1.49933e-08
119 3.06771e-22
475 6.12839e-22
475 1.71255e-05
475 3.69233e-06
475 9.18222e-06
475 6.12839e-22
475 2.71999e-06
475 5.45925e-07
475 3.77111e-09
0 6.3994e-22
475 6.12839e-22
475 5.78753e-06
475 1.79531e-06
475 1.42283e-05
475 4.48613e-09
334 2.30815e-22
475 6.12839e-22
475 1.1044e-08
475 1.85236e-05
475 5.90244e-07
475 4.88171e-06
475 5.99344e-06
475 6.12839e-22
475 1.7114e-05
475 8.56359e-06
475 2.06663e-09
116 2.176e-22
475 6.12839e-22
475 1.34481e-05
475 9.58835e-06
475 6.96357e-06
475 6.12839e-22
475 6.84873e-06
475 7.62709e-06
475 6.63139e-06
475 8.8928e-06
475 6.12839e-22
475 1.42951e-05
475 2.88686e-06
475 7.34657e-06
475 1.39161e-08
444 1.47335e-22
475 6.12839e-22
475 1.9243e-05
475 7.04569e-06
475 2.92196e-08
301 1.74646e-22
475 6.12839e-22
475 1.05547e-05
475 4.96337e-06
475 4.81028e-06
475 2.73104e-08
231 2.63851e-22
475 6.12839e-22
475 2.8498e-06
475 1.841e-05
475 7.20675e-09
233 2.4194e-22
475 6.12839e-22
475 4.00356e-06
475 9.52872e-06
475 9.92678e-06
475 6.54094e-06
475 6.12839e-22
475 1.73693e-05
475 5.71077e-06
475 6.91995e-06
475 6.12839e-22
475 9.25916e-06
475 4.70966e-06
475 7.69461e-06
475 8.33657e-06
475 6.12839e-22
475 1.92149e-05
475 6.54897e-06
475 7.94937e-09
411 1.61954e-22
475 6.12839e-22
475 9.16514e-07
475 1.43414e-05
475 1.79216e-06
475 6.97013e-06
475 5.9798e-06
475 6.12839e-22
475 1.62799e-05
475 8.00439e-06
475 5.7157e-06
475 6.12839e-22
475 1.36622e-05
475 3.94541e-06
475 6.32075e-06
475 6.07161e-06
475 6.12839e-22
475 3.09494e-06
475 1.20376e-06
475 1.03244e-05
475 5.54135e-06
475 9.8355e-06
475 6.12839e-22
475 2.10227e-05
475 8.9773e-06
475 6.12839e-22
475 9.53077e-06
475 9.02523e-06
475 1.41437e-06
475 4.03246e-06
475 5.99716e-06
475 6.12839e-22
475 6.69849e-06
475 7.13776e-06
475 7.78726e-06
475 8.37649e-06
475 6.12839e-22
475 1.32666e-05
475 5.85814e-06
475 5.44836e-06
475 4.17439e-08
473 1.38381e-22
475 6.12839e-22
475 1.51939e-05
475 5.74451e-06
475 9.06163e-06
475 6.12839e-22
475 1.95455e-05
475 4.68853e-06
475 5.76593e-06
475 6.12839e-22
475 3.92574e-06
475 4.60458e-06
475 1.27419e-05
475 8.72781e-06
475 6.12839e-22
475 2.05817e-05
475 9.41827e-06
475 6.12839e-22
475 1.86921e-05
475 4.30844e-06
475 6.9995e-06
475 6.12839e-22
475 2.01466e-05
475 9.85338e-06
475 6.12839e-22
475 1.20156e-05
475 1.85804e-06
475 8.18601e-06
475 7.94037e-06
475 6.12839e-22
475 8.60929e-06
475 8.17531e-06
475 4.79903e-06
475 8.41637e-06
475 6.12839e-22
475 1.37036e-05
475 1.11384e-05
475 5.15798e-06
475 6.12839e-22
475 2.10327e-05
475 2.69395e-08
272 2.33703e-22
475 6.12839e-22
475 1.82201e-05
475 4.18181e-06
475 7.59813e-06
475 6.12839e-22
475 7.50001e-06
475 4.38683e-07
475 1.46133e-05
475 6.56275e-08
436 2.01382e-22
475 6.12839e-22
475 7.24456e-06
475 9.89454e-06
475 3.74592e-06
475 9.11498e-06
475 6.12839e-22
475 5.51112e-06
475 1.62455e-05
475 7.37847e-08
415 1.73175e-22
475 6.12839e-22
475 1.18307e-05
475 9.70608e-06
475 2.29815e-08
416 1.77618e-22
475 6.12839e-22
475 1.90529e-05
475 6.15464e-06
475 4.7925e-06
475 6.12839e-22
475 1.22493e-05
475 9.51816e-06
475 5.33564e-09
0 3.51532e-22
475 6.12839e-22
475 2.94711e-06
475 1.61482e-05
475 2.54687e-06
475 8.35785e-06
475 6.12839e-22
475 1.6322e-05
475 6.13546e-06
475 7.54254e-06
475 6.12839e-22
475 1.3738e-05
475 8.22662e-06
475 8.03542e-06
475 6.12839e-22
475 1.11642e-05
475 5.82956e-06
475 3.1082e-06
475 1.93279e-07
443 2.44756e-22
475 6.12839e-22
475 2.13814e-05
475 2.99591e-08
289 2.16197e-22
475 6.12839e-22
475 1.62869e-05
475 3.972e-06
475 9.74114e-06
475 6.12839e-22
475 1.08545e-05
475 6.76192e-07
475 2.69492e-06
475 8.90896e-06
475 1.72801e-09
176 2.478e-22
475 6.12839e-22
475 8.99997e-06
475 1.17165e-05
475 9.28357e-06
475 6.12839e-22
475 1.72546e-05
475 5.64151e-06
475 7.10387e-06
475 6.12839e-22
475 1.40353e-05
475 1.05089e-05
475 5.45579e-06
475 6.12839e-22
475 1.46253e-05
475 6.46048e-06
475 2.93382e-08
218 2.63681e-22
475 6.12839e-22
475 9.64366e-06
475 2.26258e-06
475 1.11106e-05
475 1.10011e-07
444 2.02904e-22
475 6.12839e-22
475 1.30511e-05
475 8.87735e-06
475 8.07154e-06
475 6.12839e-22
475 1.3183e-05
475 8.16156e-06
475 8.65548e-06
475 6.12839e-22
475 4.95953e-06
475 9.86874e-06
475 1.14147e-06
475 4.04291e-06
475 4.21642e-08
312 2.35496e-22
475 6.12839e-22
475 2.2517e-06
475 7.67112e-06
475 1.16832e-05
475 8.39394e-06
475 6.12839e-22
475 1.01725e-05
475 4.32573e-06
475 9.67746e-06
475 5.82432e-06
475 6.12839e-22
475 1.98347e-05
475 5.72219e-06
475 1.75036e-09
204 1.87868e-22
475 6.12839e-22
475 1.16458e-05
475 1.61555e-06
475 1.43288e-06
475 5.11974e-06
475 1.77147e-06
475 8.41453e-06
475 6.12839e-22
475 7.31346e-06
475 6.99646e-06
475 9.67219e-06
475 2.26888e-07
449 1.47681e-22
475 6.12839e-22
475 2.05645e-05
475 4.3917e-08
367 2.57566e-22
475 6.12839e-22
475 2.08575e-05
475 2.4599e-09
145 2.95184e-22
