475 0
525 0
850 0
1149 0
475 0
517 0
517 0.000253538
521 0
623 0
517 0.00291855
475 0
483 0
487 0
504 0
503 0
512 0
589 0
503 0.00144805
504 0.00386912
487 0.00195441
483 0.0011047
475 0
517 0
520 0
544 0
517 0.00258608
475 0
493 0
492 0
488 0
491 0.000867474
499 0
556 0
488 0.00411657
492 0.00254325
493 0.00320475
475 0
482 0
475 0
105 0
482 0.00498954
475 0
486 0
475 0
129 0
486 0.00504403
475 0
507 0
495 0
503 0
485 0
525 0
850 0
1149 0
1149 0
485 0.00337694
503 0.00397272
495 0.00364161
507 0.00488937
475 0
481 0
475 0
415 0
481 0.00349467
475 0
476 0
481 0
475 0
77 0
481 0.00415562
476 0.0012773
475 0
483 0
480 0
475 0
125 0
480 0.00170657
483 0.00493124
475 0
488 0
500 0
510 0
494 0
250 0
510 0.00190209
500 0.00316449
488 0.00147838
475 0
482 0
486 0
475 0
475 0.000525646
478 0.000392672
482 0
589 0
475 0.00289725
486 0.00329835
482 0.00223217
475 0
512 0
512 0
519 0
512 0.00280113
475 0
525 0
850 0
1149 0
475 0
480 0
475 0
250 0
480 0.00436965
475 0
486 0
479 0
508 0
756 0
479 0.00429674
486 0.00528789
475 0
477 0.00067921
499 0
509 0
509 0
514 0
490 0
194 0
514 0.00186159
509 0.00414014
509 0.0015238
499 0.00356551
475 0
481 0.000840939
502 0
502 0
478 0
502 0.00118961
475 0
477 0.000754334
482 0.000286083
511 0
789 0
475 0
494 0
478 0
328 0
494 0.0042517
475 0
495 0
488 0
489 0
482 0
491 0
611 0
482 0.00351511
489 0.00153275
488 0.00459585
495 0.00376653
475 0
512 0
515 0
542 0
512 0.0025752
475 0
476 0
476 0.000700566
477 0
483 0
475 0
141 0
483 0.00378511
477 0.00167378
476 0.00247843
475 0
511 0.000782596
520 0
525 0
820 0
520 0.00284035
475 0
508 0
479 0
479 0
996 0
479 0.00319059
508 0.00476983
475 0
508 0
508 0
502 0
439 0
508 0.0029698
508 0.00269988
475 0
489 0
502 0
491 0
343 0
502 0.0026972
489 0.00150593
475 0
525 0
850 0
1149 0
475 0
477 0
475 0
0 0
477 0.00524907
475 0
482 0
483 0
478 0
440 0
483 0.00406484
482 0.00264158
475 0
507 0.000211117
514 0.000261076
525 0
763 0
475 0
505 0
504 0
495 0
496 0
504 0.000430802
511 0
560 0
496 0.00367152
495 0.00168778
504 0.00167956
505 0.00438565
475 0
525 0
850 0
1149 0
475 0
525 0
850 0
1149 0
475 0
525 0
850 0
1149 0
475 0
478 0
475 0
275 0
478 0.00436146
475 0
483 0
475 0
0 0
483 0.00541115
475 0
482 0
475 0
0 0
482 0.0053987
475 0
525 0
850 0
1149 0
475 0
497 0.000547506
525 0
853 0
475 0
475 0
487 0.000261823
490 0
601 0
475 0.00136734
475 0
476 0
475 0
0 0
476 0.00533616
475 0
515 0
523 0
521 0
517 0
463 0
521 0.00404032
523 0.00349532
515 0.00123131
475 0
525 0
850 0
1149 0
475 0
475 0.000246516
479 0
475 0
371 0
479 0.00288811
475 0
522 0
520 0
501 0
522 0.00305759
475 0
492 0
492 0
493 0
500 0
492 0.00409212
492 0.00291683
475 0
479 0
479 0
496 0
493 0.00057861
490 0
510 0.000474462
525 0
980 0
490 0.00273377
496 0.00434317
479 0.00296549
479 0.00497252
475 0
519 0
510 0
429 0
519 0.00368127
475 0
492 0
500 0
576 0
492 0.00208513
475 0
525 0
850 0
1149 0
475 0
476 0.000159344
525 0
850 0
1148 0
1149 0
475 0
493 0
489 0
503 0
601 0
489 0.00495879
493 0.00416058
475 0
497 0
506 0
585 0
497 0.00219831
475 0
525 0
850 0
1149 0
475 0
503 0
488 0
491 0
500 0.000910007
515 0
517 0
498 0
499 0.000724773
521 0
481 0
485 0.000309235
488 0.000351903
490 0
477 0.000609011
477 0
490 0
485 0.000570173
492 0
552 0
490 0.00149017
477 0.00130613
490 0.00158233
481 0.00192081
521 0.00271643
498 0.00300811
517 0.00321234
515 0.00191842
491 0.00304456
488 0.00278194
503 0.00464838
475 0
525 0
850 0
1149 0
475 0
522 0
514 0
518 0
507 0.000160964
475 0
0 0
518 0.00312263
514 0.00428727
522 0.00485942
475 0
521 0
522 0
525 0
815 0
522 0.00274794
521 0.00272288
475 0
477 0
475 0
145 0
477 0.00502883
475 0
521 0
521 0.000150188
499 0
502 0
829 0
499 0.00253828
521 0.00380492
475 0
516 0
515 0
521 0
516 0
523 0
523 0
522 0.000300301
522 0.000307135
521 0
525 0
748 0
521 0.00105402
523 0.00107047
523 0.00230767
516 0.0031017
521 0.00329194
515 0.00366523
516 0.00349777
475 0
493 0
487 0
501 0
500 0.000763872
512 0
588 0
501 0.00412063
487 0.00382719
493 0.00469828
475 0
476 0
475 0
470 0
476 0.00292691
475 0
493 0
475 0
0 0
493 0.00530648
475 0
509 0
511 0.000864165
520 0
645 0
509 0.00235236
475 0
524 0
514 0
500 0
505 0
525 0
683 0
505 0.00233642
500 0.00285456
514 0.00141587
524 0.00521267
475 0
515 0
481 0
181 0
515 0.00499019
475 0
482 0
481 0
486 0
485 0
495 0
501 0
585 0
495 0.00227908
485 0.00350724
486 0.00174229
481 0.0011247
482 0.00311238
475 0
502 0
514 0
626 0
502 0.00169289
475 0
482 0
481 0
475 0
221 0
481 0.00257788
482 0.00461813
475 0
476 0
476 0
507 0
796 0
476 0.00343198
476 0.00405382
475 0
489 0
481 0.000284708
475 0
0 0
489 0.005505
475 0
496 0
498 0
496 0
500 0
529 0
496 0.00493241
498 0.00201506
496 0.00103349
475 0
525 0
850 0
1149 0
475 0
504 0.000240771
525 0
855 0
1108 0
475 0
505 0
508 0.000356838
508 0
520 0
764 0
508 0.00237039
505 0.0023096
475 0
493 0
507 0.000711076
525 0
863 0
1116 0
1149 0
493 0.00131547
475 0
484 0
483 0.000863857
489 0.00053002
489 0
501 0
921 0
489 0.00169238
484 0.00303516
475 0
525 0
850 0
1149 0
475 0
500 0
500 0
521 0
707 0
500 0.00471729
500 0.00452463
475 0
476 0
477 0
492 0
476 0.00270036
475 0
476 0
476 0
491 0
486 0
475 0
0 0
486 0.00250414
491 0.00320659
476 0.00281842
476 0.0037837
475 0
525 0
850 0
1149 0
475 0
505 0
507 0
499 0
503 0
499 0
436 0
503 0.0031599
499 0.00425101
507 0.00165605
505 0.00224701
475 0
485 0
487 0
486 0
475 0
266 0
486 0.00199848
487 0.00521115
485 0.00234149
475 0
488 0
476 0
476 0
480 0
780 0
476 0.00340007
476 0.00449931
488 0.00415891
475 0
519 0
519 0
502 0
514 0
520 0
523 0
511 0
339 0
523 0.00220216
520 0.00271133
514 0.00275915
502 0.00396331
519 0.00409596
519 0.00280646
475 0
478 0
482 0
508 0
693 0
482 0.00354822
478 0.00117403
475 0
479 0
479 0.000655599
480 0
482 0
481 0
481 0
485 0
519 0
481 0.00178283
481 0.00409656
482 0.00454152
480 0.0012536
479 0.00296634
475 0
492 0
488 0
453 0
492 0.00330879
475 0
488 0
487 0
507 0
690 0
487 0.00271172
488 0.00516043
475 0
490 0
486 0
448 0
490 0.00329922
475 0
484 4.31566e-05
501 0
492 0
403 0
501 0.00353733
475 0
501 0
501 0
476 0
476 0.0003873
483 0
596 0
476 0.00368196
501 0.00235633
501 0.00303243
475 0
525 0
850 0
1149 0
475 0
501 0
516 0
497 0
498 0.000715289
497 0
498 0.000243561
521 0
515 0
517 0
672 0
515 0.00159197
521 0.00127343
497 0.00298751
497 0.00398817
516 0.00503737
501 0.00156583
475 0
504 0
504 0
500 0
490 0
486 0
481 0
430 0
486 0.00285837
490 0.00119418
500 0.0014428
504 0.00340137
504 0.00291912
475 0
518 0
525 0
603 0
518 0.00204666
