475 9.16961e-23
475 0.842464
475 0.853137
476 1.2859
476 0.524344
476 0.304624
476 0.385125
476 0.326262
477 0.476253
477 0.280584
477 0.186471
477 0.272115
477 1.30311
477 0.61895
478 0.428305
478 0.329755
479 2.62583
479 0.790182
479 1.42343
480 0.56779
480 0.469185
480 0.0776983
480 0.534832
480 0.263464
480 0.219626
480 0.249824
481 1.92109
481 0.0438772
481 0.214026
481 0.777632
481 0.137936
481 0.808251
481 0.0386327
482 1.5638
482 0.145985
482 0.950228
482 0.549693
482 1.3561
482 0.423637
482 0.151949
483 0.620605
483 1.12225
483 1.78442
483 0.811356
483 0.715112
484 0.466474
484 3.02537
484 2.9594
485 2.79834
485 2.82098
485 3.06855
485 2.80344
485 0.00632289
485 0.0266014
485 0.013022
483 0.0349992
483 0.0377248
483 0.0382985
483 0.0438343
483 0.0387693
482 0.047316
482 0.0414225
482 0.0409905
482 0.0456142
482 0.0554686
482 0.041474
482 0.0558235
481 0.0371284
481 0.042554
481 0.0364573
481 0.0467112
481 0.0349328
481 0.0528881
481 0.0343779
480 0.0532671
480 0.0647737
480 0.0370393
480 0.034475
480 0.0695524
480 0.0465647
480 0.0736353
479 0.00943243
479 0.0271369
479 0.0400885
479 0.0478359
478 0.0386575
478 0.0390652
478 0.0723401
477 0.0429585
477 0.0362017
477 0.07599
477 0.0343035
477 0.0464126
476 0.0934718
476 0.0891623
476 0.0943582
476 0.0813489
476 0.0744378
475 0.0983212
479 0.001564
479 0.00647794
