475 9.16961e-23
475 0.0871544
475 0.608
475 0.00608714
475 0.234175
475 0.13029
475 0.0695786
475 0.149002
475 0.248441
475 0.0535279
475 0.00163436
475 0.4456
475 0.169556
476 0.248799
476 0.130735
476 0.433228
476 1.61329
477 0.419584
477 1.33847
477 0.206486
477 0.402815
477 0.397219
477 0.134506
478 1.01367
478 0.0829216
478 0.361704
479 1.80112
479 0.440194
479 0.371421
479 0.0847891
479 0.330576
479 0.0298258
479 0.341424
479 0.970511
480 0.557647
480 1.00132
480 0.650823
480 0.418288
480 0.279002
480 0.00854684
481 2.1541
481 0.955099
481 0.395211
481 0.248157
481 0.132573
482 1.15227
482 1.36323
482 0.700472
483 1.83922
483 1.20167
483 2.46673
484 3.23373
484 2.97755
485 2.77704
485 2.73438
485 2.91608
485 3.47484
485 0.409849
483 0.038005
482 0.037229
482 0.0375536
482 0.0504897
481 0.0460146
481 0.0592325
481 0.0382134
481 0.0539066
481 0.0428979
480 0.0409879
480 0.0385982
480 0.0356187
480 0.059656
480 0.0359329
480 0.0470827
479 0.057534
479 0.0388669
479 0.0650543
479 0.0467433
479 0.0718031
479 0.0371923
479 0.0584929
479 0.0678361
478 0.0404689
478 0.079753
478 0.0827402
477 0.0425272
477 0.0905919
477 0.0534724
477 0.0794045
477 0.0620498
477 0.0971035
476 0.0967022
476 0.0429838
476 0.0424217
476 0.0600676
475 0.0375448
475 0.0714548
475 0.0488234
475 0.0527415
475 0.0509284
475 0.0394992
475 0.0425768
475 0.0859627
475 0.0450647
475 0.0345777
475 0.0530384
475 0.0583578
