475 9.16961e-23
475 0.0610321
475 0.544232
475 0.154457
475 0.412223
475 0.999926
476 0.143587
476 0.412785
476 1.87363
477 0.269673
477 0.843862
477 0.366064
477 0.232925
477 0.180128
478 2.68351
479 1.95142
479 0.0574145
479 0.509577
479 0.27502
480 1.83053
480 4.93335e-05
480 0.550917
480 0.0348836
480 0.371713
481 3.08683
481 0.132434
481 1.64425
482 1.26891
482 0.101878
483 3.90291
483 0.607773
483 0.240245
483 0.765163
483 0.286576
484 3.35899
484 0.78042
484 0.549181
484 3.10045
485 3.04751
485 2.73571
485 2.68178
485 3.11985
485 2.1225
485 0.046157
485 0.00130346
484 0.0347693
483 0.0353034
483 0.0387213
483 0.0358403
483 0.0435107
482 0.0421693
482 0.0384651
481 0.0451724
481 0.0387078
481 0.0538472
480 0.0483314
480 0.0542827
480 0.0613434
480 0.0372645
480 0.0698932
479 0.0404892
479 0.0563928
479 0.0418962
479 0.0421288
478 0.0586448
477 0.058768
477 0.0364489
477 0.0807088
477 0.0370609
476 0.0931265
476 0.0391851
476 0.0666657
475 0.0596347
475 0.080534
475 0.0571249
475 0.0970527
475 0.0361348
