475 9.16961e-23
475 0.0324536
475 0.247001
475 0.562907
475 0.701116
475 0.435063
476 0.524468
476 0.148175
476 0.65911
476 0.027376
476 0.273879
476 0.0379168
476 0.0714083
476 0.131114
476 0.151296
476 0.584365
477 1.27985
477 0.00598399
478 3.08219
478 0.558761
478 0.378698
478 0.21392
479 0.357876
479 0.947944
479 0.377512
479 0.394132
479 0.723238
479 0.383695
480 0.236418
480 1.47945
480 0.463975
480 0.184855
480 0.150893
480 0.113359
480 0.22649
481 1.84156
481 0.116236
481 1.07259
481 0.873194
482 0.487175
482 0.137634
482 1.15141
482 2.20881
482 0.284359
483 0.622931
483 0.30129
483 0.428139
483 1.7041
483 1.94375
484 2.86684
484 2.98367
485 2.86876
485 2.87985
485 3.01309
485 3.52928
485 0.190646
483 0.0373383
483 0.0345876
483 0.0358475
483 0.0460597
483 0.0469976
482 0.0476267
482 0.035544
482 0.0456339
482 0.0495024
482 0.0366183
481 0.0446989
481 0.0366347
481 0.0591755
481 0.0367027
480 0.0344482
480 0.0344271
480 0.0554504
480 0.0654612
480 0.0583574
480 0.0477149
480 0.0401421
480 0.0503673
479 0.0116519
479 0.0183379
479 0.0659363
479 0.05182
479 0.0431518
479 0.0371263
478 0.052377
478 0.0794159
478 0.0322792
478 0.00266334
478 0.0363117
477 0.0364265
477 0.0645134
476 0.0555471
476 0.0581681
476 0.0352746
476 0.0507313
476 0.0488501
476 0.0653119
476 0.0475378
476 0.0454775
476 0.0403881
475 0.0408435
475 0.0752385
475 0.0650978
475 0.0862073
475 0.00879061
475 0.00179218
475 0.0112415
475 0.00693262
475 0.00979889
475 0.0161392
475 0.0398971
478 0.000121
479 0.001564
479 0.0245958
478 0.000899201
