516 -13
516 13
514 -12
514 12
514 -1
514 1
523 -13
523 13
510 -13
510 13
496 -13
496 13
496 -13
496 13
505 -12
505 12
505 -1
505 1
483 -13
483 13
476 -13
476 13
514 1
514 -1
513 1
513 -1
513 1
513 -1
508 1
508 -1
508 -13
508 13
476 -12
476 12
476 -1
476 1
498 -13
498 13
492 -13
492 13
497 -13
497 13
508 -13
508 13
524 -13
524 13
507 -13
507 13
496 -12
496 12
496 -1
496 1
518 1
518 -1
518 1
520 -1
520 1
520 -1
519 1
519 -1
491 1
491 -1
517 -13
517 13
503 -12
503 12
503 -1
503 1
487 -13
487 13
503 -13
503 13
504 -13
504 13
494 1
494 -1
497 -13
497 13
500 -12
500 12
500 -1
501 1
492 -13
492 13
483 1
483 -1
487 1
487 -1
497 1
497 -1
502 1
502 -1
523 -12
523 12
523 -1
523 1
514 1
514 -1
517 1
517 -1
517 1
517 -1
516 1
516 -1
521 -13
521 13
504 -13
504 13
493 -11
493 11
493 -2
493 2
510 1
510 -1
510 1
510 -1
481 -13
481 13
520 -13
520 13
486 -13
486 13
513 -13
513 13
507 1
507 -1
500 1
500 -1
505 1
505 -1
499 1
499 -1
520 1
520 -1
524 1
524 -1
515 1
515 -1
515 1
515 -1
517 1
517 -1
499 -13
499 13
500 -13
500 13
521 -13
521 13
509 -13
509 13
503 -12
503 12
503 -1
503 1
522 1
522 -1
514 -12
514 12
514 -1
514 1
521 1
521 -1
523 1
523 -1
509 -13
509 13
908 -2
991 2
961 1
961 -1
959 1
959 -1
958 1
958 -1
958 1
958 -1
958 1
958 -1
958 1
958 -1
957 1
957 -1
956 1
956 -1
956 1
956 -1
956 1
956 -1
955 1
955 -1
954 1
954 -1
954 1
954 -1
953 1
954 -1
951 1
951 -1
951 1
951 -1
950 1
950 -1
949 1
949 -1
949 1
949 -1
948 1
949 -1
948 1
948 -1
948 1
948 -1
947 1
947 -1
947 1
947 -1
947 1
947 -1
945 1
945 -1
945 1
945 -1
945 1
945 -1
945 1
945 -1
945 1
945 -1
944 1
944 -1
944 1
944 -1
944 1
944 -1
943 1
943 -1
943 1
943 -1
942 1
942 -1
942 1
942 -1
942 1
942 -1
941 1
941 -1
941 1
941 -1
941 1
941 -1
941 1
941 -1
940 1
941 -1
940 1
940 -1
940 1
940 -1
938 1
939 -1
938 1
938 -1
936 1
936 -1
936 1
936 -1
936 1
936 -1
936 1
936 -1
935 1
935 -1
935 1
935 -1
934 1
934 -1
934 1
935 -1
934 1
934 -1
934 1
934 -1
934 1
934 -1
934 1
934 -1
933 1
934 -1
933 1
933 -1
933 1
933 -1
932 1
932 -1
931 1
932 -1
931 1
931 -1
930 1
930 -1
929 1
929 -1
929 1
929 -1
929 1
929 -1
926 1
926 -1
926 1
926 -1
926 1
926 -1
925 1
926 -1
925 1
926 -1
925 1
925 -1
925 1
925 -1
923 1
924 -1
923 1
923 -1
922 1
922 -1
922 1
922 -1
921 1
922 -1
920 1
921 -1
920 1
921 -1
920 1
920 -1
919 1
919 -1
919 1
919 -1
918 1
918 -1
918 1
918 -1
918 1
918 -1
917 1
917 -1
916 1
917 -1
916 1
916 -1
916 1
916 -1
916 1
916 -1
915 1
916 -1
915 1
916 -1
915 1
915 -1
915 1
915 -1
915 1
915 -1
914 1
915 -1
914 1
914 -1
914 1
914 -1
913 1
913 -1
912 1
913 -1
912 1
912 -1
911 1
911 -1
911 1
911 -1
911 1
911 -1
911 1
911 -1
909 1
909 -1
909 1
909 -1
909 1
909 -1
909 1
909 -1
909 1
909 -1
908 1
908 -1
908 1
908 -1
908 1
908 -1
908 1
908 -1
485 -13
485 13
506 -13
506 13
492 -13
492 13
491 -12
491 12
491 -1
491 1
511 1
513 -1
493 -12
493 12
493 -1
493 1
475 -12
475 12
475 -1
475 1
476 -13
476 13
482 1
483 -1
482 1
482 -1
482 1
482 -1
492 -12
492 12
492 -1
492 1
493 1
493 -1
491 1
491 -1
491 -12
491 12
491 -1
492 1
478 1
478 -1
476 1
476 -1
476 1
476 -1
476 1
476 -1
492 -13
492 13
483 -13
483 13
501 -12
501 12
501 -1
502 1
497 1
497 -1
511 1
511 -1
511 1
511 -1
502 -12
502 12
502 -1
502 1
507 -13
507 13
488 -13
488 13
481 -13
481 13
505 -13
505 13
499 1
499 -1
499 1
499 -1
