475 0
525 0
850 0
1149 0
475 0
525 0
850 0
1149 0
475 0
516 0
525 0
862 0
1108 0
1149 0
516 0.142601
475 0
525 0
850 0
1149 0
475 0
514 0
514 0.328349
514 3.29589
514 0.0450675
523 0
525 0
664 0
525 0
771 0
519 0
566 0
525 0
852 0
1142 0
1149 0
475 0
0 0
523 0.00551997
475 0
525 0
850 0
1149 0
475 0
525 0
850 0
1149 0
475 0
525 0
850 0
1149 0
475 0
510 0
525 0
850 0
1148 0
1149 0
510 0.102183
475 0
525 0
850 0
1149 0
475 0
525 0
850 0
1149 0
475 0
525 0
850 0
1149 0
475 0
496 0
525 0
850 0
1147 0
1149 0
496 0.0451071
475 0
496 0
525 0
850 0
1146 0
1149 0
496 0.00861867
475 0
525 0
850 0
1149 0
475 0
525 0
850 0
1149 0
475 0
525 0
850 0
1149 0
475 0
525 0
850 0
1149 0
475 0
476 0
483 0
505 0
505 0.83141
505 3.23907
505 1.73377
483 0.125873
476 0.126915
525 0
870 0
1084 0
1149 0
514 0
519 0
715 0
514 0.00759858
508 0
513 0
507 0
405 0
513 0.0173868
513 0.29302
513 0.0472769
508 0.0722001
509 0
562 0
508 0
542 0
475 0
476 0
476 2.14445
476 2.81408
476 2.86645
476 3.147
476 1.85671
476 0.0113081
476 0.00483799
475 0
376 0
475 0
165 0
488 0
593 0
478 0
489 0
476 0
475 0
475 0
508 0
525 0
879 0
1067 0
1149 0
508 0.132418
475 0
497 0
525 0
899 0
1028 0
1149 0
497 0.160375
475 0
492 0
498 0
523 0
770 0
498 0.15732
492 0.315454
475 0
525 0
850 0
1149 0
475 0
508 0
525 0
852 0
1142 0
1149 0
508 0.0422907
475 0
507 0
524 0
525 0
852 0
1139 0
1149 0
524 0.170987
507 0.106567
475 0
525 0
850 0
1149 0
475 0
525 0
850 0
1149 0
475 0
496 0
496 0.400408
496 4.10539
517 0
522 0
610 0
518 0.001564
518 0.114481
518 0
525 0
857 0
519 0.295942
520 0.732937
520 0.248395
520 0.358787
520 0.0399583
519 0.0519624
491 0
483 0
364 0
491 0.129393
475 0
0 0
517 0.126715
475 0
503 0
503 1.28752
503 3.03143
503 2.79746
503 0.0481079
504 0
491 0
379 0
503 0
487 0
525 0
868 0
1105 0
1149 0
525 0
897 0
921 0
494 0
487 0
249 0
487 0.181441
503 0.0897131
504 0.0160124
494 0.161832
475 0
525 0
850 0
1149 0
475 0
525 0
850 0
1149 0
475 0
525 0
850 0
1149 0
475 0
525 0
850 0
1149 0
475 0
497 0
525 0
944 0
966 0
1149 0
497 0.111116
475 0
525 0
850 0
1149 0
475 0
525 0
850 0
1149 0
475 0
500 0
500 0.194313
501 3.248
501 1.88637
492 0
485 0
393 0
525 0
1126 0
502 0
497 0
487 0
483 0.001564
492 0.00101958
483 0.0782073
487 0.014329
497 0.00432803
502 0.0606389
475 0
525 0
850 0
1149 0
475 0
523 0
523 0.579817
523 2.68985
525 0
755 0
516 0
517 0
517 0
514 0
525 0
670 0
525 0
1140 0
514 0.0295006
517 0.0244992
517 0.122299
516 0.256089
475 0
525 0
850 0
1149 0
475 0
525 0
850 0
1149 0
475 0
504 0
514 0
597 0
504 1.45615
475 0
525 0
850 0
1149 0
475 0
521 0
525 0
691 0
521 1.09231
475 0
525 0
850 0
1149 0
475 0
525 0
850 0
1149 0
475 0
525 0
850 0
1149 0
475 0
525 0
850 0
1149 0
475 0
525 0
850 0
1149 0
475 0
525 0
850 0
1149 0
475 0
525 0
850 0
1149 0
475 0
525 0
850 0
1149 0
475 0
481 0
525 0
861 0
1115 0
1149 0
481 0.0441108
475 0
493 0
493 0.649816
493 2.75424
493 3.49172
493 1.42743
492 0
478 0
510 0
510 0.001564
510 0.0605342
510 0.0195438
525 0
972 0
525 0
1149 0
475 0
525 0
850 0
1149 0
475 0
525 0
850 0
1149 0
475 0
525 0
850 0
1149 0
475 0
525 0
850 0
1149 0
475 0
525 0
850 0
1149 0
475 0
486 0
525 0
990 0
486 0.28701
475 0
525 0
850 0
1149 0
475 0
520 0
525 0
850 0
1146 0
1149 0
520 0.0196342
475 0
499 0
525 0
1107 0
499 0.301473
475 0
525 0
850 0
1149 0
475 0
525 0
850 0
1149 0
475 0
513 0
513 0.934688
525 0
701 0
507 0
508 0
521 0
507 0.0463724
517 0
515 0
493 0
515 0
515 0
524 0
520 0
499 0
505 0
500 0.001564
500 0.0700554
505 0.0244042
499 0.0405707
520 0.0428439
524 0.0242372
515 0.0942906
515 0.357943
517 0.263672
475 0
525 0
850 0
1149 0
475 0
500 0
525 0
1149 0
500 0.145273
475 0
509 0
521 0
525 0
798 0
521 0.664112
509 0.0953404
475 0
503 0
503 2.28929
503 2.73129
489 0
361 0
522 0
525 0
808 0
522 0.081605
475 0
514 0
514 1.84339
514 2.89678
509 0
475 0
0 0
523 0
521 0
517 0
406 0
521 0.0318545
523 0.0878005
512 0
500 0
516 0
540 0
509 0.0172135
475 0
525 0
850 0
1149 0
475 0
525 0
850 0
1149 0
475 0
525 0
850 0
1149 0
475 0
525 0
850 0
1149 0
475 0
485 0
525 0
1048 0
485 0.215549
475 0
525 0
850 0
1149 0
475 0
525 0
850 0
908 0
1146 0
908 0.0106214
908 0.00455522
908 0.00450087
908 0.000737634
909 0.0149034
909 0.00989998
909 0.00546241
909 0.00309626
909 1.46553e-05
911 0.040956
911 0.00240738
911 0.00549327
911 0.00331321
912 0.0236405
912 0.0245142
913 0.00604334
914 0.0240497
914 0.028625
914 0.00423764
915 0.0159619
915 0.00213487
915 0.0061026
915 0.00989708
915 0.00128567
916 0.0129164
916 0.0130117
916 0.00305758
916 0.00422858
917 0.00203157
918 0.050345
918 0.00979094
918 0.000883134
919 0.0123086
919 0.0116644
919 0.00470063
920 0.0290114
920 0.00542009
920 0.00808074
921 0.0318428
922 0.0117245
922 0.00690505
923 0.0394591
923 0.0134449
925 0.0426388
925 0.0187238
925 0.000156823
925 0.00427224
926 0.0317279
926 1.18681e-05
926 0.00369042
929 0.0825317
929 0.00382054
929 7.5359e-05
930 0.0355488
931 0.0353223
931 0.0198065
932 0.0164091
933 0.0230369
933 0.00273249
933 0.0243838
934 0.0197865
934 0.00654292
934 0.00132069
934 0.00256974
934 0.00637761
934 0.00426165
935 0.0180258
935 0.0106348
936 0.0149126
936 0.0178441
936 0.00151227
936 0.00429718
938 0.0551744
938 0.0339429
940 0.0554042
940 0.00561451
940 0.0277027
941 0.0173933
941 0.000742327
941 0.0235534
941 0.00502158
942 0.0151162
942 0.00323163
942 0.0139727
943 0.0313686
943 0.0139324
944 0.0409772
944 0.0257774
944 0.00420627
945 0.00822189
945 0.00100167
945 0.00615392
945 0.0309896
945 0.00470022
947 0.0607189
947 0.0181965
947 0.00174275
948 0.0394801
948 0.00364585
948 0.0217
949 0.0279484
949 0.00278205
950 0.0222031
951 0.0609039
951 0.00586225
953 0.131332
954 0.020203
954 0.00483324
955 0.0386223
956 0.0514278
956 0.0217749
956 0.00641748
957 0.0282009
958 0.0874449
958 0.0114287
958 0.00290617
958 0.00561918
959 0.0239547
961 0.141113
963 0.112726
964 0.0969939
966 0.140507
968 0.124353
970 0.124149
971 0.12435
973 0.108382
974 0.119156
975 0.106796
976 0.0988986
977 0.100773
978 0.086812
979 0.0816128
980 0.0710959
981 0.0733155
982 0.068248
982 0.0582967
983 0.0462081
984 0.0460168
984 0.0424925
985 0.031607
985 0.0332914
986 0.0205402
986 0.022338
986 0.0136026
987 0.0158614
987 0.0119617
987 0.00995776
988 0.00663823
988 0.00905402
988 0.00198753
988 0.00196675
989 0.00517946
989 0.00269145
989 0.00498033
989 0.0012133
989 0.000658259
989 0.00108971
989 0.0014186
989 0.00276526
989 0.00110464
989 0.00051936
989 0.000340989
989 0.000166478
990 0.000960952
990 1.06596e-05
990 0.000123115
990 4.78854e-05
990 0.000155386
990 0.000510356
991 1.45469e-05
991 0.000237771
991 8.59733e-10
991 6.76216e-05
991 0.00188464
961 0.00110176
959 0.00101278
958 0.00113084
958 0.00105487
958 0.00110244
958 0.0011181
957 0.00118892
956 0.00115974
956 0.00107811
956 0.00118176
955 0.001271
954 0.00114439
954 0.000997482
954 0.00108947
951 0.00141663
951 0.00107005
950 0.00111952
949 0.00117266
949 0.00108361
949 0.00108776
948 0.0010303
948 0.00111363
947 0.00128025
947 0.000996429
947 0.00101888
945 0.00104707
945 0.00122237
945 0.00121298
945 0.00106564
945 0.001108
944 0.00108244
944 0.00150356
944 0.0011505
943 0.00145711
943 0.0011878
942 0.00103384
942 0.00100669
942 0.00118416
941 0.00146177
941 0.00170349
941 0.00103011
941 0.00100071
941 0.00108866
940 0.00100842
940 0.00127986
939 0.00129611
938 0.001136
936 0.00101864
936 0.00140515
936 0.00132045
936 0.00107499
935 0.00167528
935 0.00107176
934 0.0011173
935 0.00128946
934 0.00177076
934 0.00100904
934 0.00137423
934 0.00134727
934 0.00163783
933 0.00111682
933 0.00142252
932 0.001355
932 0.00188253
931 0.00139618
930 0.00192207
929 0.00179181
929 0.0015085
929 0.00140287
926 0.00103779
926 0.00153142
926 0.0019893
926 0.00129663
926 0.00123212
925 0.0012959
925 0.00125852
924 0.00116784
923 0.00209529
922 0.00210096
922 0.001628
922 0.00183807
921 0.00152385
921 0.0019804
920 0.00103859
919 0.00133965
919 0.00107482
918 0.0012449
918 0.0011104
918 0.00130837
917 0.00100118
917 0.00152779
916 0.00116547
916 0.00137003
916 0.00115472
916 0.00166813
916 0.00222032
915 0.00105035
915 0.00177981
915 0.00100125
915 0.00116535
914 0.00140405
914 0.00182261
913 0.00156251
913 0.00099681
912 0.00129621
911 0.00112032
911 0.00142771
911 0.00224042
911 0.00231027
909 0.00101136
909 0.00121216
909 0.00108135
909 0.00151925
909 0.00153197
908 0.00122759
908 0.00114518
908 0.00156794
908 0.00123191
475 0
525 0
850 0
1149 0
475 0
525 0
850 0
1149 0
475 0
491 0
491 1.89684
491 2.80074
491 2.76926
491 3.42848
491 0.549222
488 0
459 0
511 0
685 0
511 0
509 0
405 0
513 0.776688
513 0.5707
513 0.366412
475 0
506 0
525 0
855 0
1131 0
1149 0
506 0.107744
475 0
525 0
850 0
1149 0
475 0
475 0
475 1.22105
475 3.38827
475 0.914789
475 0.0443961
475 0.0081431
475 0.0150932
476 0
475 0
277 0
475 0
237 0
475 0
0 0
482 0
486 0
549 0
476 0.344501
482 0.0826365
482 0.0173501
483 0.583908
483 0.19722
482 0.0523101
482 0.229053
475 0
492 0
525 0
852 0
1140 0
1149 0
492 0.0561758
475 0
525 0
850 0
1149 0
475 0
525 0
850 0
1149 0
475 0
525 0
850 0
1149 0
475 0
493 0
493 2.5204
493 3.08597
493 3.51086
493 0.311466
493 0.120331
497 0
537 0
495 0
512 0
480 0
367 0
475 0
491 0
491 0.995088
492 2.91731
492 3.07495
492 2.7302
492 0.0105203
492 0.00784366
492 0
498 0
587 0
475 0
17 0
476 0
478 0
493 0
851 0
1147 0
1149 0
478 0.00786152
476 0.505348
476 0.0171342
476 0.0656588
476 0.0463149
476 0.001564
476 0.00408006
488 0
453 0
485 0
427 0
492 0.114208
475 0
525 0
850 0
1149 0
475 0
492 0
492 2.5519
492 2.95814
492 3.02038
492 3.02516
492 0.0317453
492 0.0302119
475 0
0 0
491 0
493 0
475 0
161 0
493 0.0165454
491 0.0386029
507 0
644 0
493 0
504 0
486 0
430 0
515 0
728 0
475 0
483 0
525 0
899 0
1031 0
1149 0
483 0.136872
475 0
525 0
850 0
1149 0
475 0
525 0
850 0
1149 0
475 0
525 0
850 0
1149 0
475 0
525 0
850 0
1149 0
475 0
501 0
501 0.802802
501 2.69812
502 2.84542
502 2.91347
502 3.43816
502 0.166993
502 0.194574
493 0
419 0
511 0
497 0
475 0
0 0
497 0.0159695
511 0.205342
511 0.54769
511 0.224177
511 0.0508063
517 0
662 0
491 0
401 0
475 0
502 0
502 1.36951
502 3.05583
502 3.40642
505 0
481 0
488 0
486 0.000443183
482 0
415 0
507 0
510 0
583 0
493 0
412 0
504 0
525 0
499 0
499 0
494 0
444 0
507 0.00487485
488 0.0307407
481 0.0653073
505 0.0750009
499 0.0392489
499 0.572672
499 0.191653
