488 -13
488 13
501 -13
501 13
486 -13
486 13
509 -13
509 13
486 -13
486 13
487 1
487 -1
491 1
491 -1
490 1
490 -1
505 -13
505 13
497 -13
497 13
492 1
492 -1
492 1
492 -1
492 1
492 -1
480 1
480 -1
501 1
501 -1
509 1
509 -1
507 1
507 -1
504 1
504 -1
504 1
504 -1
491 1
491 -1
489 -13
489 13
484 -13
484 13
494 -13
494 13
506 -13
506 13
509 -13
509 13
497 -13
497 13
501 -13
501 13
495 -12
495 12
495 -1
495 1
477 -13
477 13
507 1
507 -1
502 1
502 -1
502 1
502 -1
510 -13
510 13
506 1
506 -1
506 1
506 -1
498 -13
498 13
521 1
521 -1
506 -13
506 13
523 -13
523 13
511 1
511 -1
508 1
507 -1
515 1
515 -1
522 -13
522 13
501 -13
501 13
509 1
509 -1
509 1
509 -1
508 -13
508 13
520 1
521 -1
521 1
521 -1
521 1
521 -1
520 1
520 -1
512 1
512 -1
489 -13
489 13
477 1
477 -1
477 1
477 -1
484 -13
484 13
476 -13
476 13
477 1
477 -1
503 -13
503 13
505 -13
505 13
896 -2
952 2
915 1
915 -1
914 1
914 -1
914 1
914 -1
908 1
908 -1
907 1
907 -1
906 1
906 -1
904 1
904 -1
904 1
904 -1
903 1
904 -1
902 1
903 -1
902 1
903 -1
901 1
902 -1
901 1
901 -1
901 1
901 -1
901 1
901 -1
899 1
900 -1
899 1
899 -1
899 1
899 -1
899 1
899 -1
897 1
897 -1
897 1
897 -1
896 1
896 -1
480 -13
480 13
521 -13
521 13
486 -13
486 13
487 1
487 -1
485 1
485 -1
486 1
486 -1
475 1
475 -1
482 -13
482 13
507 1
507 -1
518 1
518 -1
501 1
501 -1
498 1
498 -1
518 -13
518 13
517 -13
517 13
501 1
501 -1
497 1
497 -1
513 -13
513 13
522 -13
522 13
493 -13
493 13
482 -13
482 13
523 -13
523 13
519 -13
519 13
493 -13
493 13
485 1
485 -1
489 -13
489 13
495 -13
495 13
494 -13
494 13
499 -13
499 13
479 -13
479 13
490 1
490 -1
487 1
487 -1
490 1
490 -1
490 1
490 -1
494 1
494 -1
509 1
509 -1
510 1
510 -1
487 1
487 -1
523 -13
523 13
490 -13
490 13
480 -13
480 13
496 -13
496 13
489 1
489 -1
489 1
489 -1
496 -13
496 13
496 -13
496 13
483 -13
483 13
492 -13
492 13
496 1
496 -1
494 -13
494 13
492 -13
492 13
484 -13
484 13
496 -13
496 13
502 1
502 -1
491 -13
491 13
513 -13
513 13
520 1
520 -1
499 1
499 -1
518 1
518 -1
510 1
510 -1
515 1
515 -1
518 -13
518 13
480 -13
480 13
478 -13
478 13
497 -13
497 13
503 1
503 -1
508 1
509 -1
509 1
509 -1
508 1
509 -1
508 1
508 -1
507 1
509 -1
509 1
509 -1
508 1
508 -1
507 1
507 -1
507 1
507 -1
488 -13
488 13
495 -13
495 13
519 1
519 -1
519 1
519 -1
519 1
519 -1
518 1
518 -1
519 1
519 -1
519 1
519 -1
518 1
518 -1
519 1
519 -1
494 1
494 -1
495 1
495 -1
501 1
501 -1
523 -13
523 13
479 -13
479 13
524 -13
524 13
487 -13
487 13
481 -13
481 13
477 -13
477 13
493 -13
493 13
497 -13
497 13
478 1
408 -1
476 1
476 -1
476 1
476 -1
476 1
476 -1
477 1
477 -1
477 1
477 -1
478 1
478 -1
479 -13
479 13
492 -13
492 13
480 -13
480 13
