475 1.83112e-23
475 0.0780842
475 0.094563
477 1.02934
479 0.741718
480 0.367668
480 0.442544
481 0.407134
481 0.0963928
483 0.661435
483 0.0128274
484 0.392509
484 0.00992385
487 1.49478
488 0.326246
493 2.52668
493 0.0765205
494 0.635462
494 0.0856114
497 1.21524
498 0.363843
499 0.429907
499 0.275577
500 0.13889
500 0.0546327
500 0.100642
502 0.882895
504 0.937872
507 1.47954
507 0.250414
511 1.91391
512 0.152762
512 0.0176438
512 0.355383
513 0.25025
513 0.0703708
514 0.689441
515 0.497808
516 0.170726
516 0.00188077
516 0.274903
516 0.0400323
518 0.704883
518 0.0562154
518 0.137628
519 0.255262
520 0.691031
521 0.363527
522 0.560072
523 0.689109
525 0.530076
850 1.28851e-23
1149 0.00817856
1149 3.19971e-27
523 0.0621022
523 0.0311391
522 0.16532
521 0.0435443
520 0.0600295
519 0.0354542
518 0.0775185
518 0.0878033
518 0.0333742
517 0.448725
517 0.226575
517 0.0378743
516 0.0530197
516 0.305784
516 0.106368
515 0.110733
514 0.0458637
513 0.0906041
513 0.148621
512 0.0618569
512 0.129763
512 0.0414985
511 0.170764
507 0.110192
507 0.0374897
504 0.246506
500 0.0823592
500 0.0634605
499 0.0537606
499 0.107353
498 0.0607971
494 0.0544439
494 0.0412442
493 0.323245
493 0.073209
488 0.468753
487 0.258825
484 0.400326
484 0.0346768
483 0.0970528
483 0.0398994
481 0.0676455
481 0.0506854
480 0.0555715
477 0.0438955
475 0.0978767
475 0.0749122
475 1.83112e-23
478 1.58981
479 0.302633
480 0.475136
480 0.000539772
484 2.07001
484 0.0693753
486 0.606823
486 0.107296
486 0.0908862
487 0.344414
488 0.460723
490 0.896481
490 0.0353433
490 0.232226
493 1.30545
494 0.35633
494 0.219613
496 0.751395
503 3.27682
503 0.0970815
505 1.01222
505 0.0732195
506 0.261995
506 0.0984618
506 0.140603
507 0.614495
509 0.603552
510 0.710861
511 0.277359
511 0.0188121
511 0.091495
511 0.179901
512 0.113213
512 0.436011
513 0.0822618
514 0.494797
516 1.15026
516 0.145873
516 0.108439
517 0.0597154
518 0.43566
519 0.592436
519 0.139039
519 0.0261075
519 0.12662
519 0.0217029
520 0.304163
521 0.515146
521 0.183946
522 0.157623
522 0.0335396
522 0.279144
523 0.408412
525 0.573961
850 1.28852e-23
1149 0.00995485
1149 1.75228e-28
523 0.0482083
522 0.059522
522 0.0436772
522 0.0393271
521 0.0933133
521 0.0518684
520 0.235941
519 0.0463406
519 0.242303
519 0.0601212
519 0.116859
519 0.0862878
518 0.0449033
517 0.114393
516 0.0521075
516 0.0359667
516 0.13791
513 0.0620472
512 0.0369403
512 0.0592824
511 0.0367936
511 0.470148
511 0.142605
511 0.0882163
511 0.0377365
511 0.0758442
511 0.0391303
510 0.0520292
509 0.101248
507 0.104755
506 0.0634912
506 0.100013
506 0.160121
505 0.0375391
505 0.105011
503 0.0442372
503 0.0423575
496 0.0619914
494 0.00182886
495 0.335279
495 0.0418135
495 0.122284
495 0.0373475
495 0.0524227
494 0.0391927
494 0.135266
493 0.0749519
493 0.0101541
493 0.245828
493 0.0607695
493 0.0414687
490 0.0513911
490 0.0407496
490 0.0469733
488 0.0813515
487 0.0905867
486 0.0473436
486 0.078807
486 0.0766136
486 0.0872004
484 0.0737932
484 0.0945472
480 0.114727
480 0.0422042
479 0.315261
478 0.0569605
486 0.001564
486 0.0113059
475 1.83112e-23
476 0.555847
477 0.828248
478 0.211611
479 0.400794
480 0.892051
480 0.0615004
482 0.469322
483 0.552261
483 0.0779071
484 0.426914
485 0.599036
488 1.72279
489 0.0423309
489 0.202659
490 0.285433
490 0.243513
491 0.738094
493 0.585601
493 0.104365
494 0.309462
495 0.470694
495 0.449141
496 0.270971
497 0.315362
497 0.179531
498 0.500863
500 0.807443
500 0.263305
502 1.00531
503 0.494804
504 0.576606
506 0.606679
506 0.0814119
506 0.149034
508 0.817153
509 0.401706
509 0.23345
509 0.00130028
511 0.659246
516 2.43394
516 0.0599054
517 0.482439
519 0.985233
519 0.315194
519 0.0246975
520 0.21017
522 1.13802
522 0.233901
523 0.268467
523 0.0220335
523 0.0757422
525 0.633928
850 1.2864e-23
958 0.00269901
1149 0.0066092
1149 5.82046e-28
958 0.00174277
523 0.0766637
523 0.0421379
523 0.0384044
522 0.0559009
522 0.0841395
520 0.20675
519 0.0406696
519 0.0751637
516 0.149406
516 0.164281
511 0.0512393
509 0.0430739
509 0.0510669
509 0.260573
508 0.147502
506 0.0617778
506 0.0813836
506 0.0350812
504 0.0496623
502 0.0498252
500 0.0682619
500 0.0834738
498 0.0508553
497 0.0519789
496 0.060983
495 0.0408274
494 0.0391022
493 0.0785723
493 0.108343
492 0.0795056
490 0.0433104
490 0.0568809
489 0.0893431
485 0.045561
484 0.0557759
483 0.174908
483 0.0689524
482 0.240051
480 0.0914077
480 0.0463495
479 0.0607832
478 0.0477565
477 0.043189
476 0.0478259
475 1.83112e-23
475 0.115973
477 1.0746
479 1.1853
479 0.0232603
480 0.271494
482 0.947407
482 0.0730695
483 0.26549
483 0.401875
484 0.136065
486 0.829768
486 0.295096
487 0.413335
487 0.0199998
488 0.233482
489 0.658625
491 1.03255
491 0.0743454
495 1.87399
496 0.397417
496 0.13375
497 0.48735
498 0.155879
499 0.644703
499 0.012069
501 0.978149
501 0.0160936
503 0.884292
503 0.054378
505 0.617618
507 1.27055
508 0.319852
512 1.90003
513 0.491701
513 0.299585
517 1.69792
517 0.0108457
518 0.481895
518 0.4219
521 1.09829
522 0.656771
522 0.196352
523 0.267002
523 0.253099
525 0.51834
850 1.28822e-23
957 0.00388331
1131 0.00548908
1149 0.000419453
1149 7.33249e-27
1131 0.00109771
524 0.0921314
524 0.0713011
524 0.0566307
523 0.0448308
522 0.0431413
521 0.117667
518 0.0703632
518 0.0572922
517 0.0354719
517 0.0479871
513 0.040569
513 0.0617509
508 0.0454827
505 0.094018
503 0.0750222
503 0.137503
501 0.0240974
501 0.0614467
501 0.0551866
499 0.104691
499 0.0769886
498 0.0387664
496 0.287965
496 0.0799323
495 0.0551869
495 0.0827182
495 0.0653886
491 0.0411952
491 0.0414501
489 0.041704
488 0.113591
488 0.485971
488 0.0638343
487 0.0896476
487 0.583599
486 0.0660209
484 0.121672
483 0.0400573
483 0.31486
483 0.322099
483 0.0350711
482 0.100497
482 0.0507855
480 0.099402
479 0.037345
477 0.037376
475 0.0204537
475 0.0271726
475 0.0343796
475 0.0494987
475 0.118135
475 0.0412254
475 1.83112e-23
476 0.658872
478 0.856792
478 0.15474
478 0.135826
479 0.272367
480 0.427628
480 0.232488
481 0.110202
481 0.282373
482 0.19179
484 1.01879
485 0.772879
486 0.501615
487 0.437587
488 0.61714
489 0.0916276
490 0.715286
492 0.615433
494 1.25787
495 0.149808
495 0.224887
495 0.196238
495 0.0112483
496 0.0912745
496 0.069518
497 0.662737
498 0.150769
498 0.454458
500 0.533195
500 0.233173
501 0.56071
502 0.368469
503 0.373279
504 0.571834
506 0.853576
506 0.251556
507 0.34893
507 0.147752
508 0.163314
510 1.1965
511 0.573658
512 0.303996
512 0.103551
515 1.13257
515 0.308334
516 0.377684
518 0.807895
519 0.484181
519 0.218397
520 0.358962
521 0.609929
522 0.257327
523 0.43832
523 0.253517
524 0.269891
524 0.333903
525 0.0756509
850 1.28933e-23
1149 0.0108985
1149 1.7156e-26
524 0.0692414
524 0.303804
523 0.0932875
523 0.159119
521 0.055507
520 0.0494645
519 0.0568375
519 0.377015
516 0.230659
515 0.0515494
515 0.0398593
511 0.0618426
508 0.169515
507 0.070938
507 0.191146
507 0.226474
507 0.136928
507 0.0390541
506 0.138069
504 0.0347806
503 0.053751
502 0.0553562
501 0.0456108
500 0.0971299
500 0.110956
498 0.280783
498 0.0560326
497 0.13402
496 0.098897
496 0.0667581
495 0.0920615
495 0.0199808
495 0.130774
495 0.0524166
495 0.0389583
495 0.175602
494 0.0361291
492 0.0435771
490 0.0682883
489 0.132023
487 0.388858
486 0.0784172
484 0.0591971
482 0.150137
481 0.0425604
481 0.118869
480 0.0386519
480 0.190021
479 0.205982
478 0.0788119
478 0.144529
476 0.0359875
507 0.001564
507 0.0144248
475 1.83112e-23
475 0.0552376
476 0.546954
476 0.323088
477 0.323899
479 0.897623
479 0.307641
483 1.74283
484 0.256991
486 1.04202
488 0.99462
489 0.440946
489 0.161777
490 0.504147
491 0.35122
492 0.21899
492 0.321364
494 0.88937
495 0.502661
495 0.172876
498 1.01422
498 0.0132467
499 0.662745
500 0.296738
500 0.193676
500 0.0372595
502 0.678627
502 0.209465
502 0.0364309
504 0.899263
505 0.672622
506 0.321451
506 0.0969641
510 2.08817
512 0.573343
512 0.0913769
513 0.744564
515 0.859058
516 0.363026
516 0.293709
517 0.149923
518 0.701304
519 0.377457
521 0.809139
521 0.178877
522 0.44649
523 0.587532
523 0.0187553
525 0.641317
850 1.28867e-23
1129 0.00671927
1149 0.000791869
1149 2.93038e-28
1129 0.00118037
523 0.0596452
523 0.0473638
522 0.101212
521 0.245203
521 0.0830567
519 0.0439854
518 0.0375554
517 0.285482
516 0.355747
516 0.151447
513 0.112963
512 0.0613821
512 0.334767
510 0.0437618
506 0.0970865
505 0.107932
504 0.15223
502 0.316158
502 0.0565099
502 0.0382834
502 0.120948
500 0.0934169
500 0.14178
500 0.058933
499 0.0814663
498 0.0653766
498 0.0467864
495 0.0780004
495 0.0419151
494 0.042578
492 0.0486527
492 0.245573
491 0.0447001
490 0.0592144
489 0.0363371
489 0.0486116
488 0.196308
486 0.0553362
483 0.066783
479 0.0504679
477 0.176952
476 0.0421235
476 0.336762
475 0.0150483
475 0.0121083
475 0.0224212
475 0.0143954
475 0.0229934
475 0.0257081
475 0.0279943
475 0.0606098
475 0.0529911
475 0.237033
475 1.83112e-23
475 0.0330211
476 0.451425
478 1.04553
478 0.204021
480 0.730218
482 0.944233
483 0.520018
485 1.13176
486 0.196454
486 0.427434
487 0.0723056
488 0.591472
488 0.238793
488 0.0873015
489 0.280254
489 0.116621
490 0.233303
490 0.0112678
490 0.0505356
491 0.363264
491 0.182075
492 0.289222
494 1.03026
494 0.0919421
496 1.16879
498 1.05479
500 0.912603
501 0.175703
501 0.0287224
502 0.541774
502 0.148863
502 0.0797101
503 0.347525
504 0.605314
506 0.606643
506 0.00772776
506 0.113046
506 0.0908553
507 0.227317
509 1.14181
510 0.641163
515 2.58139
515 0.0596135
517 0.761462
518 0.650629
518 0.0690889
519 0.352478
522 1.27188
523 0.735775
523 0.0042318
525 0.493021
850 1.28654e-23
887 0.000690996
1001 0.00459279
1004 2.79738e-05
1149 0.00317484
1149 7.31634e-27
1004 0.00111421
1001 0.00110689
1002 0.0015892
1003 0.00138746
1003 0.00188472
1002 0.000778639
1001 0.00114738
1001 0.00154269
1001 0.000756035
887 0.00212744
523 0.0394865
522 0.344807
519 0.0590412
519 0.0470297
518 0.140984
517 0.0392561
515 0.0551004
515 0.0370842
510 0.130422
509 0.0768639
507 0.117379
506 0.0687492
506 0.0608546
506 0.203445
505 0.101759
503 0.0576339
502 0.0610081
502 0.102342
501 0.0624478
501 0.0549693
500 0.0403535
498 0.306579
496 0.0657984
494 0.044206
494 0.0830707
491 0.037266
491 0.0786696
490 0.160235
490 0.125121
489 0.0532318
489 0.0427213
488 0.114968
488 0.0717385
488 0.0539134
487 0.0392045
486 0.0587253
483 0.0410774
482 0.0591327
478 0.0439316
478 0.0524051
476 0.044158
475 0.0900062
475 1.83112e-23
475 0.488914
476 0.283823
478 1.09641
479 0.345393
479 0.262769
480 0.207386
481 0.449669
482 0.345519
482 0.323864
483 0.308016
483 0.0650669
484 0.352699
484 0.163451
484 0.152446
485 0.124659
485 0.016363
487 0.908985
487 0.0289476
487 0.0381532
492 2.61202
492 0.160214
492 0.0792366
492 0.034205
492 0.0262416
493 0.365932
493 0.0530469
494 0.470351
495 0.320262
496 0.515187
496 0.0703686
497 0.28896
498 0.697307
499 0.14516
499 0.0981602
499 0.0223566
499 0.103915
500 0.356716
500 0.114404
500 0.127888
501 0.169506
501 0.0733592
503 1.11579
504 0.269508
506 0.859512
506 0.014626
506 0.348452
508 0.7674
508 0.207222
509 0.354476
509 0.00360247
510 0.571185
512 0.60258
513 0.406253
513 0.203836
515 0.799765
515 0.0495706
515 0.0447627
515 0.0029629
515 0.087726
516 0.200949
516 0.149834
516 0.0336347
517 0.212566
517 0.106348
518 0.415989
518 0.23422
519 0.327427
519 0.0643279
520 0.455721
520 0.0901074
522 0.72988
522 0.00314724
522 0.104364
522 0.00846053
522 0.0240983
522 0.0749898
523 0.228563
523 0.0804816
523 0.0744361
523 0.26983
524 0.0261949
524 0.103923
525 0.407429
850 1.29197e-23
905 0.00151139
1148 0.00607104
1149 4.73024e-26
905 0.00104352
524 0.0829343
523 0.0356933
523 0.0640644
523 0.0666204
523 0.0731696
522 0.035591
522 0.0561918
522 0.0402112
522 0.0577235
522 0.048531
522 0.0563977
520 0.281391
520 0.129919
519 0.0384465
518 0.0464485
517 0.0516443
517 0.0869589
516 0.0383327
516 0.0484022
516 0.0473958
515 0.0695588
515 0.0392687
515 0.0613223
515 0.0807284
515 0.0151571
515 0.283937
515 0.0721624
513 0.0800106
513 0.140251
512 0.111625
509 0.0566682
509 0.0356332
508 0.038276
508 0.347788
506 0.0411443
506 0.106634
504 0.097206
503 0.0442688
501 0.0472368
500 0.0607787
500 0.0601386
500 0.0942113
499 0.0497554
499 0.040034
499 0.120189
498 0.100343
497 0.0624646
496 0.106189
496 0.0395451
495 0.244303
494 0.0344317
493 0.0625352
493 0.0244242
493 0.0705644
492 0.048897
492 0.0351125
492 0.000866641
492 0.0443277
492 0.159446
492 0.159415
492 0.0394626
493 0.535269
493 0.138572
487 0.172709
487 0.0372293
487 0.0612765
485 0.0612651
485 0.0653805
484 0.0439383
484 0.0420679
484 0.048247
483 0.119877
483 0.055905
482 0.0701578
480 0.0698939
480 0.0349091
479 0.104252
478 0.225945
476 0.192114
492 0.001564
493 0.001564
493 0.00181735
492 0.000183613
475 1.83112e-23
477 1.09989
477 0.0537535
478 0.807816
479 0.384136
479 0.0742656
480 0.526855
484 1.78687
485 0.348125
486 0.670343
486 0.0277426
488 0.878846
489 0.628137
489 0.00705755
492 1.30027
492 0.116406
493 0.417513
496 1.21443
497 0.437295
497 0.360049
498 0.244663
499 0.55798
500 0.408663
500 0.0171824
501 0.526957
501 0.0619788
501 0.107951
502 0.41654
502 0.00332038
504 0.990222
505 0.141081
505 0.224658
505 0.164068
506 0.134401
506 0.408066
508 0.725916
509 0.237615
509 0.198729
509 0.0267321
510 0.617077
511 0.370712
513 0.705853
513 0.309128
515 0.694709
516 0.55653
516 0.0764069
519 1.41236
519 0.0966442
520 0.302319
521 0.5178
522 0.507022
523 0.764475
523 0.058787
525 0.530167
850 1.28818e-23
1149 0.00831675
1149 2.89274e-28
523 0.0452998
522 0.105571
521 0.0599227
520 0.1113
519 0.0377063
519 0.154811
516 0.0747675
516 0.0582831
515 0.0477148
513 0.087846
511 0.0732997
510 0.115231
509 0.0474768
509 0.0712638
508 0.0653454
506 0.11463
506 0.158571
505 0.0839786
505 0.0451823
505 0.0888632
502 0.0930582
502 0.170296
501 0.0537207
501 0.258679
501 0.0606651
501 0.0804408
501 0.0565578
500 0.0450979
500 0.0705363
499 0.374723
498 0.054703
497 0.029952
498 0.390889
497 0.0583251
496 0.2529
493 0.0713434
492 0.0477354
492 0.0357523
492 0.139977
492 0.0359212
489 0.0388211
489 0.06217
488 0.0946424
486 0.0889432
486 0.0638534
485 0.356686
484 0.0406298
480 0.0413001
479 0.0869207
479 0.0383515
478 0.0124599
478 0.159048
477 0.0474103
497 0.000121
497 0.000914161
475 1.83112e-23
475 0.109133
476 0.562017
476 0.245914
477 0.196351
477 0.19516
477 0.00334845
479 0.945463
480 0.361628
480 0.00706493
480 0.0495979
481 0.371472
482 0.263486
485 1.56214
485 0.171703
486 0.261962
487 0.259464
487 0.262947
489 0.900897
489 0.0408337
491 0.826123
492 0.59391
492 0.0618829
492 0.0145226
493 0.0776966
496 1.44805
496 0.0697942
496 0.035392
496 0.147321
496 0.192241
499 1.42882
500 0.380533
502 0.822592
503 0.482406
504 0.412768
506 1.31279
507 0.457977
508 0.380306
512 1.89935
512 0.0616365
512 0.109037
515 1.25466
515 0.168859
516 0.417505
516 0.119577
517 0.337413
517 0.0139148
521 2.29671
523 0.987577
525 0.492704
850 1.28626e-23
1142 0.00762498
1149 0.000125908
1149 4.41701e-27
1142 0.00106529
524 0.28479
524 0.0653312
524 0.0370573
521 0.0497929
517 0.0511778
517 0.0524235
516 0.040248
515 0.0529776
515 0.0762616
512 0.0631206
512 0.0946958
512 0.0414726
508 0.0549956
507 0.305596
504 0.0489603
503 0.139311
502 0.0439949
500 0.067021
499 0.0434868
497 0.143303
496 0.0555913
496 0.0933132
496 0.0348139
496 0.0733645
496 0.111293
493 0.0437967
492 0.0449624
492 0.0668705
492 0.177055
491 0.0547449
489 0.0523828
489 0.097369
487 0.0433145
487 0.138814
486 0.0379394
485 0.0884215
485 0.0658258
482 0.0438683
481 0.0572699
480 0.157075
480 0.042482
480 0.0975021
479 0.0455781
477 0.035548
477 0.0619014
476 0.0378194
476 0.0345593
475 0.0598377
