0 -1
475 1
0 -1
475 1
0 -1
386 1
0 -1
475 1
0 -1
475 1
0 -1
460 1
0 -1
469 1
0 -1
201 1
0 -1
0 1
0 -1
475 1
0 -1
475 1
0 -1
475 1
0 -1
475 1
0 -1
475 1
0 -1
475 1
0 -1
475 1
0 -1
475 1
0 -1
475 1
0 -1
446 1
0 -1
0 1
0 -1
458 1
0 -1
475 1
0 -1
475 1
0 -1
291 1
0 -1
475 1
0 -1
475 1
0 -1
475 1
0 -1
475 1
0 -1
475 1
0 -1
387 1
0 -1
463 1
0 -1
475 1
0 -1
0 1
0 -1
475 1
0 -1
475 1
0 -1
475 1
0 -1
475 1
0 -1
0 1
0 -1
475 1
0 -1
475 1
0 -1
475 1
0 -1
475 1
0 -1
475 1
0 -1
475 1
0 -1
0 1
0 -1
187 1
0 -1
475 1
0 -1
475 1
0 -1
226 1
0 -1
227 1
0 -1
475 1
0 -1
475 1
0 -1
475 1
0 -1
475 1
0 -1
357 1
0 -1
28 1
0 -1
295 1
0 -1
475 1
0 -1
371 1
0 -1
475 1
0 -1
475 1
0 -1
313 1
0 -1
475 1
0 -1
475 1
0 -1
475 1
0 -1
304 1
0 -1
360 1
0 -1
0 1
0 -1
475 1
0 -1
475 1
0 -1
284 1
0 -1
475 1
0 -1
0 1
0 -1
191 1
0 -1
475 1
0 -1
475 1
0 -1
475 1
0 -1
297 1
0 -1
475 1
0 -1
475 1
0 -1
0 1
0 -1
411 1
0 -1
321 1
0 -1
475 1
0 -1
475 1
0 -1
297 1
0 -1
403 1
0 -1
475 1
0 -1
475 1
0 -1
429 1
0 -1
232 1
0 -1
321 1
0 -1
39 1
0 -1
475 1
0 -1
0 1
0 -1
475 1
0 -1
393 1
0 -1
475 1
0 -1
475 1
0 -1
378 1
0 -1
465 1
0 -1
0 1
0 -1
475 1
0 -1
475 1
0 -1
475 1
0 -1
329 1
0 -1
475 1
0 -1
475 1
0 -1
87 1
0 -1
475 1
0 -1
0 1
0 -1
475 1
0 -1
475 1
0 -1
475 1
0 -1
475 1
0 -1
440 1
0 -1
475 1
0 -1
444 1
0 -1
475 1
0 -1
475 1
0 -1
463 1
0 -1
475 1
0 -1
475 1
0 -1
475 1
0 -1
461 1
0 -1
475 1
0 -1
475 1
0 -1
475 1
0 -1
127 1
0 -1
475 1
0 -1
311 1
0 -1
475 1
0 -1
475 1
0 -1
253 1
0 -1
475 1
0 -1
405 1
0 -1
475 1
0 -1
475 1
0 -1
422 1
0 -1
475 1
0 -1
475 1
0 -1
179 1
0 -1
475 1
0 -1
475 1
0 -1
238 1
0 -1
351 1
0 -1
466 1
0 -1
0 1
0 -1
254 1
0 -1
475 1
0 -1
475 1
0 -1
475 1
0 -1
475 1
0 -1
475 1
0 -1
475 1
0 -1
249 1
0 -1
475 1
0 -1
475 1
0 -1
475 1
0 -1
475 1
0 -1
475 1
0 -1
475 1
0 -1
475 1
0 -1
475 1
0 -1
466 1
0 -1
475 1
0 -1
475 1
0 -1
475 1
0 -1
475 1
0 -1
475 1
0 -1
325 1
0 -1
475 1
0 -1
475 1
0 -1
475 1
0 -1
475 1
0 -1
475 1
0 -1
475 1
0 -1
475 1
0 -1
180 1
0 -1
475 1
0 -1
337 1
0 -1
461 1
0 -1
445 1
0 -1
475 1
0 -1
475 1
0 -1
475 1
0 -1
475 1
0 -1
0 1
0 -1
475 1
0 -1
475 1
0 -1
475 1
0 -1
475 1
0 -1
367 1
0 -1
475 1
0 -1
400 1
0 -1
0 1
0 -1
369 1
0 -1
0 1
0 -1
475 1
0 -1
369 1
0 -1
475 1
0 -1
0 1
0 -1
0 1
0 -1
247 1
0 -1
475 1
0 -1
403 1
0 -1
475 1
0 -1
475 1
0 -1
475 1
0 -1
0 1
0 -1
0 1
0 -1
175 1
0 -1
475 1
0 -1
368 1
0 -1
475 1
0 -1
475 1
0 -1
475 1
0 -1
475 1
0 -1
475 1
0 -1
475 1
0 -1
394 1
0 -1
475 1
0 -1
475 1
0 -1
5 1
0 -1
0 1
0 -1
475 1
0 -1
199 1
0 -1
475 1
0 -1
475 1
0 -1
475 1
0 -1
475 1
0 -1
475 1
0 -1
475 1
0 -1
475 1
0 -1
456 1
0 -1
475 1
0 -1
475 1
0 -1
475 1
0 -1
475 1
0 -1
475 1
0 -1
362 1
0 -1
475 1
0 -1
475 1
0 -1
475 1
0 -1
475 1
0 -1
475 1
0 -1
246 1
0 -1
475 1
0 -1
475 1
0 -1
295 1
0 -1
475 1
0 -1
475 1
0 -1
66 1
0 -1
475 1
0 -1
475 1
0 -1
475 1
0 -1
324 1
0 -1
475 1
0 -1
333 1
0 -1
475 1
0 -1
475 1
0 -1
475 1
0 -1
475 1
0 -1
475 1
0 -1
397 1
0 -1
0 1
0 -1
475 1
0 -1
475 1
0 -1
475 1
0 -1
397 1
0 -1
475 1
0 -1
328 1
0 -1
475 1
0 -1
0 1
0 -1
0 1
0 -1
475 1
0 -1
475 1
0 -1
475 1
0 -1
475 1
0 -1
0 1
0 -1
217 1
0 -1
475 1
0 -1
124 1
0 -1
218 1
0 -1
475 1
0 -1
320 1
0 -1
475 1
0 -1
212 1
0 -1
475 1
0 -1
475 1
0 -1
475 1
0 -1
475 1
0 -1
475 1
0 -1
400 1
0 -1
475 1
0 -1
236 1
0 -1
0 1
0 -1
475 1
0 -1
475 1
0 -1
475 1
0 -1
475 1
0 -1
475 1
0 -1
475 1
0 -1
475 1
0 -1
0 1
0 -1
475 1
0 -1
475 1
0 -1
475 1
0 -1
475 1
0 -1
206 1
0 -1
475 1
0 -1
472 1
0 -1
24 1
0 -1
327 1
0 -1
475 1
0 -1
384 1
0 -1
475 1
0 -1
475 1
0 -1
0 1
0 -1
475 1
0 -1
475 1
0 -1
475 1
0 -1
57 1
0 -1
475 1
0 -1
123 1
0 -1
475 1
0 -1
171 1
0 -1
0 1
0 -1
475 1
0 -1
475 1
0 -1
449 1
0 -1
475 1
0 -1
475 1
0 -1
272 1
0 -1
475 1
0 -1
475 1
0 -1
55 1
0 -1
475 1
0 -1
475 1
0 -1
475 1
0 -1
475 1
0 -1
475 1
0 -1
377 1
0 -1
159 1
0 -1
475 1
0 -1
475 1
0 -1
475 1
0 -1
309 1
0 -1
222 1
0 -1
475 1
0 -1
341 1
0 -1
475 1
0 -1
475 1
0 -1
475 1
0 -1
254 1
0 -1
475 1
0 -1
273 1
0 -1
475 1
0 -1
475 1
0 -1
347 1
0 -1
408 1
0 -1
418 1
0 -1
25 1
0 -1
475 1
0 -1
93 1
0 -1
475 1
0 -1
475 1
0 -1
348 1
0 -1
39 1
0 -1
6 1
0 -1
475 1
0 -1
209 1
0 -1
87 1
0 -1
475 1
0 -1
475 1
0 -1
475 1
0 -1
383 1
0 -1
437 1
0 -1
475 1
0 -1
475 1
0 -1
55 1
0 -1
279 1
0 -1
475 1
0 -1
175 1
0 -1
475 1
0 -1
475 1
0 -1
475 1
0 -1
475 1
0 -1
376 1
0 -1
475 1
0 -1
303 1
0 -1
475 1
0 -1
397 1
0 -1
355 1
0 -1
475 1
0 -1
475 1
0 -1
475 1
0 -1
475 1
0 -1
321 1
0 -1
280 1
0 -1
475 1
0 -1
475 1
0 -1
475 1
0 -1
91 1
0 -1
0 1
0 -1
162 1
0 -1
475 1
0 -1
475 1
0 -1
475 1
0 -1
475 1
0 -1
400 1
0 -1
475 1
0 -1
475 1
0 -1
475 1
0 -1
15 1
0 -1
475 1
0 -1
0 1
0 -1
232 1
0 -1
475 1
0 -1
475 1
0 -1
475 1
0 -1
475 1
0 -1
0 1
0 -1
475 1
0 -1
475 1
0 -1
475 1
0 -1
475 1
0 -1
0 1
0 -1
475 1
0 -1
262 1
0 -1
475 1
0 -1
475 1
0 -1
475 1
0 -1
475 1
0 -1
475 1
0 -1
142 1
0 -1
475 1
0 -1
475 1
0 -1
304 1
0 -1
475 1
0 -1
475 1
0 -1
348 1
0 -1
475 1
0 -1
475 1
0 -1
238 1
0 -1
475 1
0 -1
475 1
0 -1
475 1
0 -1
475 1
0 -1
475 1
0 -1
475 1
0 -1
475 1
0 -1
475 1
0 -1
434 1
0 -1
384 1
0 -1
475 1
0 -1
475 1
0 -1
8 1
0 -1
475 1
0 -1
59 1
0 -1
475 1
0 -1
80 1
0 -1
475 1
0 -1
475 1
0 -1
82 1
0 -1
475 1
0 -1
475 1
0 -1
475 1
0 -1
475 1
0 -1
475 1
0 -1
475 1
0 -1
475 1
0 -1
475 1
0 -1
475 1
0 -1
309 1
0 -1
282 1
0 -1
273 1
0 -1
475 1
0 -1
475 1
0 -1
438 1
0 -1
301 1
0 -1
0 1
0 -1
475 1
0 -1
174 1
0 -1
475 1
0 -1
0 1
0 -1
475 1
0 -1
475 1
0 -1
392 1
0 -1
475 1
0 -1
0 1
0 -1
189 1
0 -1
68 1
0 -1
248 1
0 -1
0 1
0 -1
294 1
0 -1
327 1
0 -1
475 1
0 -1
475 1
0 -1
475 1
0 -1
475 1
0 -1
0 1
0 -1
475 1
0 -1
0 1
0 -1
475 1
0 -1
0 1
0 -1
475 1
0 -1
475 1
0 -1
67 1
0 -1
475 1
0 -1
475 1
0 -1
475 1
0 -1
475 1
0 -1
475 1
0 -1
413 1
0 -1
475 1
0 -1
475 1
0 -1
338 1
0 -1
31 1
0 -1
474 1
0 -1
475 1
0 -1
475 1
0 -1
475 1
0 -1
475 1
0 -1
475 1
0 -1
285 1
0 -1
475 1
0 -1
0 1
0 -1
475 1
0 -1
475 1
0 -1
129 1
0 -1
475 1
0 -1
458 1
0 -1
9 1
0 -1
295 1
0 -1
475 1
0 -1
413 1
0 -1
212 1
0 -1
0 1
0 -1
475 1
0 -1
300 1
0 -1
0 1
0 -1
475 1
0 -1
475 1
0 -1
291 1
0 -1
475 1
0 -1
475 1
0 -1
475 1
0 -1
103 1
0 -1
475 1
0 -1
0 1
0 -1
475 1
0 -1
475 1
0 -1
305 1
0 -1
475 1
0 -1
475 1
0 -1
469 1
0 -1
475 1
0 -1
475 1
0 -1
475 1
0 -1
315 1
0 -1
475 1
0 -1
475 1
0 -1
475 1
0 -1
475 1
0 -1
95 1
0 -1
253 1
0 -1
244 1
0 -1
360 1
0 -1
475 1
0 -1
475 1
0 -1
419 1
0 -1
475 1
0 -1
475 1
0 -1
475 1
0 -1
475 1
0 -1
0 1
0 -1
475 1
0 -1
475 1
0 -1
475 1
0 -1
475 1
0 -1
475 1
0 -1
475 1
0 -1
203 1
0 -1
475 1
0 -1
475 1
0 -1
475 1
0 -1
475 1
0 -1
344 1
0 -1
171 1
0 -1
0 1
0 -1
475 1
0 -1
0 1
0 -1
405 1
0 -1
475 1
0 -1
239 1
0 -1
129 1
0 -1
20 1
0 -1
475 1
0 -1
14 1
0 -1
475 1
0 -1
475 1
0 -1
475 1
0 -1
475 1
0 -1
373 1
0 -1
475 1
0 -1
207 1
0 -1
456 1
0 -1
379 1
0 -1
475 1
0 -1
281 1
0 -1
475 1
0 -1
475 1
0 -1
475 1
0 -1
475 1
0 -1
475 1
0 -1
475 1
0 -1
475 1
0 -1
24 1
0 -1
0 1
0 -1
475 1
0 -1
475 1
0 -1
431 1
0 -1
475 1
0 -1
475 1
0 -1
475 1
0 -1
331 1
0 -1
475 1
0 -1
475 1
0 -1
475 1
0 -1
373 1
0 -1
146 1
0 -1
0 1
0 -1
0 1
0 -1
0 1
0 -1
475 1
0 -1
475 1
0 -1
475 1
0 -1
475 1
0 -1
79 1
0 -1
475 1
0 -1
285 1
0 -1
39 1
0 -1
320 1
0 -1
475 1
0 -1
0 1
0 -1
475 1
0 -1
475 1
0 -1
475 1
0 -1
235 1
0 -1
0 1
0 -1
475 1
0 -1
475 1
0 -1
475 1
0 -1
475 1
0 -1
0 1
0 -1
176 1
0 -1
238 1
0 -1
475 1
0 -1
475 1
0 -1
475 1
0 -1
475 1
0 -1
331 1
0 -1
475 1
0 -1
475 1
0 -1
475 1
0 -1
475 1
0 -1
0 1
0 -1
424 1
0 -1
0 1
0 -1
0 1
0 -1
386 1
0 -1
3 1
0 -1
202 1
0 -1
475 1
0 -1
475 1
0 -1
475 1
0 -1
273 1
0 -1
390 1
0 -1
475 1
0 -1
328 1
0 -1
0 1
0 -1
475 1
0 -1
475 1
0 -1
475 1
0 -1
0 1
0 -1
475 1
0 -1
475 1
0 -1
475 1
0 -1
475 1
0 -1
475 1
0 -1
328 1
0 -1
432 1
0 -1
475 1
0 -1
331 1
0 -1
475 1
0 -1
475 1
0 -1
475 1
0 -1
203 1
0 -1
475 1
0 -1
87 1
0 -1
475 1
0 -1
475 1
0 -1
475 1
0 -1
475 1
0 -1
475 1
0 -1
475 1
0 -1
172 1
0 -1
475 1
0 -1
0 1
0 -1
475 1
0 -1
475 1
0 -1
475 1
0 -1
206 1
0 -1
187 1
0 -1
371 1
0 -1
475 1
0 -1
475 1
0 -1
475 1
0 -1
475 1
0 -1
25 1
0 -1
0 1
0 -1
475 1
0 -1
475 1
0 -1
219 1
0 -1
346 1
0 -1
475 1
0 -1
282 1
0 -1
475 1
0 -1
171 1
0 -1
475 1
0 -1
475 1
0 -1
475 1
0 -1
145 1
0 -1
475 1
0 -1
475 1
0 -1
475 1
0 -1
475 1
0 -1
475 1
0 -1
172 1
0 -1
253 1
0 -1
475 1
0 -1
475 1
0 -1
0 1
0 -1
410 1
0 -1
475 1
0 -1
475 1
0 -1
475 1
0 -1
273 1
0 -1
475 1
0 -1
475 1
0 -1
475 1
0 -1
475 1
0 -1
475 1
0 -1
475 1
0 -1
475 1
0 -1
475 1
0 -1
475 1
0 -1
475 1
0 -1
475 1
0 -1
364 1
0 -1
427 1
0 -1
475 1
0 -1
475 1
0 -1
475 1
0 -1
475 1
0 -1
475 1
0 -1
218 1
0 -1
475 1
0 -1
475 1
0 -1
0 1
0 -1
85 1
0 -1
475 1
0 -1
0 1
0 -1
475 1
0 -1
370 1
0 -1
33 1
0 -1
475 1
0 -1
475 1
0 -1
475 1
0 -1
475 1
0 -1
319 1
0 -1
475 1
0 -1
475 1
0 -1
475 1
0 -1
349 1
0 -1
475 1
0 -1
475 1
0 -1
475 1
0 -1
410 1
0 -1
97 1
0 -1
475 1
0 -1
475 1
0 -1
475 1
0 -1
475 1
0 -1
159 1
0 -1
0 1
0 -1
475 1
0 -1
181 1
0 -1
475 1
0 -1
475 1
0 -1
15 1
0 -1
475 1
0 -1
475 1
0 -1
475 1
0 -1
475 1
0 -1
475 1
0 -1
475 1
0 -1
475 1
0 -1
475 1
0 -1
475 1
0 -1
475 1
0 -1
475 1
0 -1
475 1
0 -1
475 1
0 -1
475 1
0 -1
225 1
0 -1
475 1
0 -1
475 1
0 -1
301 1
0 -1
215 1
0 -1
475 1
0 -1
475 1
0 -1
475 1
0 -1
149 1
0 -1
355 1
0 -1
475 1
0 -1
475 1
0 -1
475 1
0 -1
475 1
0 -1
475 1
0 -1
475 1
0 -1
475 1
0 -1
475 1
0 -1
195 1
0 -1
475 1
0 -1
475 1
0 -1
3 1
0 -1
475 1
0 -1
475 1
0 -1
475 1
0 -1
394 1
0 -1
0 1
0 -1
385 1
0 -1
139 1
0 -1
475 1
0 -1
0 1
0 -1
325 1
0 -1
475 1
0 -1
0 1
0 -1
475 1
0 -1
92 1
0 -1
0 1
0 -1
475 1
0 -1
89 1
0 -1
177 1
0 -1
475 1
0 -1
301 1
0 -1
305 1
0 -1
235 1
0 -1
0 1
0 -1
61 1
0 -1
475 1
0 -1
475 1
0 -1
0 1
0 -1
330 1
0 -1
475 1
0 -1
283 1
0 -1
0 1
0 -1
475 1
0 -1
0 1
0 -1
475 1
0 -1
344 1
0 -1
475 1
0 -1
85 1
0 -1
475 1
0 -1
283 1
0 -1
475 1
0 -1
475 1
0 -1
275 1
0 -1
403 1
0 -1
475 1
0 -1
475 1
0 -1
463 1
0 -1
475 1
0 -1
475 1
0 -1
475 1
0 -1
76 1
0 -1
475 1
0 -1
68 1
0 -1
475 1
0 -1
224 1
0 -1
154 1
0 -1
475 1
0 -1
475 1
0 -1
475 1
0 -1
475 1
0 -1
453 1
0 -1
311 1
0 -1
257 1
0 -1
475 1
0 -1
346 1
0 -1
339 1
0 -1
475 1
0 -1
475 1
0 -1
84 1
0 -1
255 1
0 -1
475 1
0 -1
475 1
0 -1
475 1
0 -1
0 1
0 -1
0 1
0 -1
475 1
0 -1
302 1
0 -1
475 1
0 -1
219 1
0 -1
475 1
0 -1
475 1
0 -1
64 1
0 -1
437 1
0 -1
475 1
0 -1
299 1
0 -1
475 1
0 -1
475 1
0 -1
475 1
0 -1
0 1
0 -1
321 1
0 -1
475 1
0 -1
475 1
0 -1
475 1
0 -1
475 1
0 -1
475 1
0 -1
475 1
0 -1
475 1
0 -1
0 1
0 -1
475 1
0 -1
475 1
0 -1
0 1
0 -1
475 1
0 -1
475 1
0 -1
100 1
0 -1
475 1
0 -1
475 1
0 -1
475 1
0 -1
122 1
0 -1
475 1
0 -1
475 1
0 -1
475 1
0 -1
475 1
0 -1
475 1
0 -1
475 1
0 -1
247 1
0 -1
403 1
0 -1
444 1
0 -1
475 1
0 -1
475 1
0 -1
475 1
0 -1
475 1
0 -1
475 1
0 -1
315 1
0 -1
25 1
0 -1
449 1
0 -1
203 1
0 -1
475 1
0 -1
475 1
0 -1
61 1
0 -1
475 1
0 -1
0 1
0 -1
475 1
0 -1
475 1
0 -1
475 1
0 -1
475 1
0 -1
475 1
0 -1
475 1
0 -1
475 1
0 -1
385 1
0 -1
475 1
0 -1
0 1
0 -1
350 1
0 -1
475 1
0 -1
458 1
0 -1
475 1
0 -1
390 1
0 -1
357 1
0 -1
475 1
0 -1
343 1
0 -1
475 1
0 -1
211 1
0 -1
241 1
0 -1
0 1
0 -1
475 1
0 -1
475 1
0 -1
361 1
0 -1
475 1
0 -1
475 1
0 -1
216 1
0 -1
334 1
0 -1
475 1
0 -1
475 1
0 -1
475 1
