475 1.1102e-22
475 0.73855
475 0.331585
475 0.265775
475 0.0073845
476 2.581
476 0.839487
476 1.09631
477 0.135073
477 0.356573
477 2.44745
478 2.68623
479 2.33281
479 0.980612
479 1.00817
479 1.41896
479 0.133272
480 1.20413
480 2.83619
481 3.16744
481 2.99252
481 2.86268
482 2.79369
482 3.09726
482 2.97144
480 0.038141
480 0.0358029
479 0.0441985
479 0.0366507
479 0.051122
479 0.0359364
479 0.0408131
478 0.0512588
477 0.0348059
477 0.058509
477 0.0467604
476 0.0516336
476 0.0614394
476 0.039641
475 0.0379543
475 0.0507263
