475 1.1102e-22
475 0.0690115
475 0.358486
475 0.631553
475 0.239296
475 0.81145
475 0.362324
475 0.108007
476 1.53842
476 0.0515051
476 0.00949089
476 0.698694
476 0.615646
476 0.108847
477 0.436275
477 0.542813
477 0.694933
477 0.0331623
477 0.103923
477 1.43821
477 0.0459528
478 2.07894
478 0.4673
478 0.317149
478 0.0348283
479 1.88873
479 3.70245
480 0.589956
480 3.01743
481 3.04357
481 2.96756
481 2.76584
482 2.79419
482 3.02829
482 3.18001
482 0.0121196
480 0.0407165
479 0.0342046
478 0.0577138
478 0.0582455
478 0.0432424
478 0.034528
477 0.0402527
477 0.0386668
477 0.0353678
477 0.0369255
477 0.0416362
477 0.0439932
477 0.0644399
476 0.0511291
476 0.0368958
476 0.0559754
476 0.0392758
476 0.0457656
476 0.0518729
475 0.0762253
475 0.0398783
475 0.0621275
475 0.0357981
475 0.0409476
475 0.0611086
475 0.0466961
