475 1.1102e-22
475 0.585877
475 0.34643
475 0.111558
475 0.579115
475 0.117257
475 0.0252829
475 1.05132
475 0.194677
476 0.0437427
476 0.40013
476 0.473956
476 0.387142
476 0.742637
476 0.920512
477 1.35589
477 0.274309
478 3.24479
478 0.926466
478 0.201619
478 0.600868
479 1.9658
479 0.286288
479 0.104734
480 3.35732
480 0.596585
480 3.27979
481 3.02955
481 2.75675
481 2.6692
482 2.98233
482 3.07787
482 2.05875
480 0.036692
480 0.0344554
479 0.0387809
479 0.0349609
479 0.0458038
478 0.0419824
478 0.0515617
478 0.0514631
478 0.051815
477 0.0400925
477 0.0390659
476 0.0544682
476 0.0719751
476 0.0620677
476 0.0488127
476 0.0773127
476 0.0583864
475 0.0364963
475 0.0734879
475 0.0407074
475 0.0385516
475 0.0822929
475 0.0552787
475 0.0849351
