475 1.1102e-22
475 0.77414
475 0.54914
475 0.19469
475 0.188943
476 1.37305
476 0.0388925
476 0.207663
476 1.36034
477 1.51043
477 0.0927247
477 1.30479
477 0.747567
477 0.862476
477 0.494599
478 0.443689
478 0.203211
478 0.0446182
478 0.0660854
478 3.23195
479 0.349218
479 1.40166
479 0.685412
479 1.14157
479 0.823864
480 2.47198
480 2.22405
481 3.01496
481 2.82479
481 2.69199
482 2.87031
482 3.30637
482 1.03493
482 0.216274
480 0.0344802
480 0.0388695
479 0.036669
479 0.0459369
479 0.0390961
479 0.0498194
479 0.0433451
478 0.0555609
478 0.0567479
478 0.0446912
478 0.0428375
478 0.0397831
477 0.0490969
477 0.0418978
477 0.0419975
477 0.0633819
477 0.0650524
477 0.065668
476 0.0342879
476 0.0421859
476 0.0688214
476 0.0474532
475 0.0512675
475 0.0431975
475 0.0728105
475 0.0386814
