475 1.1102e-22
475 0.36431
475 1.58314
475 1.0917
477 4.08539
477 2.21648
478 1.11377
478 0.742762
478 0.166263
478 0.681217
478 0.54827
478 0.840356
478 3.20731
478 2.7932
478 0.873984
478 1.65601
478 2.94013
478 2.87922
478 2.72712
478 2.90361
478 3.39996
478 0.472954
478 0.128174
478 0.0347274
478 0.0345489
478 0.043124
478 0.0480749
478 0.0440213
478 0.0345758
478 0.0395403
477 0.0521523
477 0.042445
475 0.0385169
475 0.0834054
475 0.00272956
475 0.0434406
475 0.001564
478 2.04001
475 0.00180348
