475 1.1102e-22
475 0.0257623
475 0.544194
476 3.12751
476 0.188519
476 0.901592
476 0.342639
477 1.79226
477 0.283431
477 0.63934
478 1.52522
478 1.0082
478 1.09926
478 0.627786
479 1.82118
479 0.129099
479 0.476072
479 0.352247
480 3.59107
480 0.0230611
480 1.39573
480 1.02114
481 3.19432
481 2.92053
481 2.79338
482 2.85133
482 3.0121
482 3.36932
482 0.00922215
482 0.000718402
482 0.0155341
480 0.0371032
480 0.0409715
479 0.0411711
479 0.0530444
479 0.0430917
479 0.0446855
478 0.0408465
478 0.0473158
478 0.036533
478 0.0387338
477 0.0673644
477 0.0410259
477 0.0422507
476 0.0595373
476 0.0727707
476 0.0459238
476 0.0734541
475 0.0360323
475 0.005564
475 0.00318203
475 0.00364885
475 0.0439916
