475 1.1102e-22
475 0.0743317
475 0.745284
475 1.2274
475 0.719541
476 1.18909
477 2.9458
477 0.636019
477 0.315972
477 0.171835
477 1.24855
478 0.69061
478 0.566061
478 1.02552
478 0.147547
478 0.495484
478 0.145675
479 2.60056
479 0.850577
479 0.654641
480 2.65007
480 1.05592
480 0.723122
480 0.567349
481 3.16177
481 2.88712
481 2.73854
482 2.80661
482 3.09377
482 2.69126
482 0.0325632
482 0.0111718
480 0.0352308
480 0.0384551
480 0.0407973
479 0.0345679
479 0.0423864
479 0.052191
478 0.0398466
478 0.0587936
478 0.0356354
478 0.0544859
478 0.0398287
478 0.0479082
477 0.0504446
477 0.034458
477 0.0408499
477 0.0689178
477 0.0680519
476 0.0702427
475 0.0788052
475 0.0445132
475 0.0752441
475 0.00459691
475 0.00347401
475 0.00424611
475 0.00499246
475 0.013722
475 0.0475623
