0 -1
419 1
0 -1
475 1
0 -1
475 1
0 -1
475 1
0 -1
475 1
0 -1
268 1
0 -1
365 1
0 -1
475 1
0 -1
0 1
0 -1
475 1
0 -1
169 1
0 -1
475 1
0 -1
475 1
0 -1
475 1
0 -1
286 1
0 -1
0 1
0 -1
249 1
0 -1
475 1
0 -1
475 1
0 -1
356 1
0 -1
475 1
0 -1
475 1
0 -1
475 1
0 -1
475 1
0 -1
382 1
0 -1
475 1
0 -1
475 1
0 -1
475 1
0 -1
475 1
0 -1
475 1
0 -1
475 1
0 -1
268 1
0 -1
0 1
0 -1
475 1
0 -1
475 1
0 -1
475 1
0 -1
475 1
0 -1
0 1
0 -1
475 1
0 -1
304 1
0 -1
475 1
0 -1
475 1
0 -1
475 1
0 -1
475 1
0 -1
475 1
0 -1
475 1
0 -1
475 1
0 -1
475 1
0 -1
475 1
0 -1
475 1
0 -1
475 1
0 -1
475 1
0 -1
475 1
0 -1
475 1
0 -1
290 1
0 -1
132 1
0 -1
0 1
0 -1
475 1
0 -1
475 1
0 -1
0 1
0 -1
475 1
0 -1
475 1
0 -1
390 1
0 -1
475 1
0 -1
475 1
0 -1
475 1
0 -1
298 1
0 -1
475 1
0 -1
475 1
0 -1
3 1
0 -1
475 1
0 -1
475 1
0 -1
475 1
0 -1
475 1
0 -1
475 1
0 -1
249 1
0 -1
475 1
0 -1
475 1
0 -1
475 1
0 -1
475 1
0 -1
475 1
0 -1
475 1
0 -1
475 1
0 -1
475 1
0 -1
475 1
0 -1
475 1
0 -1
475 1
0 -1
475 1
0 -1
433 1
0 -1
369 1
0 -1
475 1
0 -1
475 1
0 -1
475 1
0 -1
475 1
0 -1
475 1
0 -1
475 1
0 -1
475 1
0 -1
475 1
0 -1
475 1
0 -1
475 1
