475 7.91206e-21
475 0.000602375
475 0.000842673
419 3.63934e-21
475 7.91206e-21
475 0.00036272
475 0.00463728
475 7.91206e-21
475 2.14248e-08
475 0.00291072
475 0.000107777
475 0.00198148
475 7.91206e-21
475 0.005
475 7.91206e-21
475 0.00137735
475 0.00362265
475 7.91206e-21
475 0.000809206
475 1.02361e-13
475 2.10243e-06
268 5.25407e-21
475 7.91206e-21
475 0.000559297
475 3.70076e-05
365 4.37581e-21
475 7.91206e-21
475 0.000906752
475 0.00409325
475 7.91206e-21
475 1.42384e-09
475 3.36379e-05
475 0.000671247
0 8.26467e-21
475 7.91206e-21
475 0.000967553
475 0.000932595
475 2.71362e-07
475 1.05235e-06
475 0.00213916
475 3.85257e-10
475 1.52315e-05
475 2.38845e-14
475 3.80531e-10
475 1.36249e-07
475 8.21431e-05
475 9.57444e-05
475 1.59845e-10
475 0.000176555
475 2.51262e-06
475 9.11849e-08
475 2.39884e-07
475 7.77777e-20
475 1.18182e-06
475 2.6836e-06
475 3.17983e-06
475 3.59564e-18
475 0.000348671
475 1.46557e-58
475 1.89361e-38
475 4.26126e-53
475 2.29573e-102
475 4.16178e-09
475 5.84382e-10
475 3.12928e-119
475 6.97706e-12
475 1.0135e-06
475 9.38649e-29
475 7.27198e-41
475 3.01515e-40
475 5.96146e-15
475 0.000229979
475 7.91206e-21
475 0.00106235
475 2.5082e-05
475 0.000746811
169 5.22836e-21
475 7.91206e-21
475 0.000126924
475 0.00487308
475 7.91206e-21
475 0.005
475 7.91206e-21
475 0.005
475 7.91206e-21
475 8.99599e-08
475 0.000127779
286 5.16762e-21
475 7.91206e-21
475 0.000157937
475 1.92935e-06
475 1.54938e-09
475 0.000261149
0 7.57835e-21
475 7.91206e-21
475 8.49449e-06
475 4.36278e-05
249 6.0504e-21
475 7.91206e-21
475 0.000132886
475 0.00486711
475 7.91206e-21
475 0.005
475 7.91206e-21
475 1.26234e-06
475 0.00109618
475 0.000916379
356 3.58894e-21
475 7.91206e-21
475 3.15426e-09
475 5.8473e-07
475 0.00499941
475 7.91206e-21
475 0.005
475 7.91206e-21
475 5.70886e-05
475 0.000246731
475 5.55403e-07
475 4.81716e-05
475 7.5558e-07
475 0.000724066
475 1.04045e-06
475 2.85145e-05
475 0.000300759
475 0.00168512
475 0.00118484
475 3.39885e-15
475 5.62633e-12
475 0.000102034
475 1.26202e-06
475 1.64848e-05
475 0.000602575
475 7.91206e-21
475 0.00448051
475 6.64076e-42
475 0.000519494
475 7.91206e-21
475 0.00412382
475 2.06495e-06
382 2.46937e-21
475 7.91206e-21
475 0.00383384
475 0.000911235
475 5.50696e-27
475 2.13205e-15
475 1.27464e-71
475 9.00257e-19
475 1.80258e-23
475 9.2291e-07
475 1.58384e-10
475 1.86051e-17
475 5.41138e-06
475 5.91607e-66
475 2.70828e-57
475 3.89545e-78
475 1.81387e-11
475 1.39657e-16
475 1.15979e-16
475 5.92809e-73
475 7.03755e-11
475 0.000104665
475 8.59911e-05
475 2.89385e-05
475 1.5548e-05
475 1.3443e-05
475 7.91206e-21
475 0.005
475 7.91206e-21
475 6.13387e-12
475 0.00322165
475 1.58081e-07
475 0.000729348
475 1.63555e-06
475 3.12636e-06
475 1.79292e-06
475 4.53071e-11
475 3.81273e-11
475 1.16583e-05
475 0.00103063
475 7.91206e-21
475 5.39079e-05
475 0.00494609
475 7.91206e-21
475 2.44144e-09
475 0.000273718
475 0
475 1.70169e-05
475 5.18806e-05
475 0.000918172
475 0.000256937
475 2.09617e-06
475 0.00348018
475 7.91206e-21
475 2.57772e-06
475 0.00498121
475 2.07376e-06
475 3.92539e-06
475 6.13698e-06
475 4.07354e-06
475 7.91206e-21
475 0.000691243
475 8.3061e-05
268 5.90855e-21
475 7.91206e-21
475 0.000257373
475 0.000821145
0 7.67412e-21
475 7.91206e-21
475 0.00109431
475 2.11564e-06
475 7.26843e-12
475 1.17734e-14
475 3.13827e-05
475 0.00018537
475 0.00368682
475 7.91206e-21
475 0.005
475 7.91206e-21
475 0.005
475 7.91206e-21
475 3.02797e-06
475 4.69619e-09
475 8.73508e-05
475 4.61772e-07
475 0.00490915
475 7.91206e-21
475 0.000524403
475 0.000499607
0 7.18963e-21
475 7.91206e-21
475 0.005
475 7.91206e-21
475 1.17806e-05
475 9.20014e-06
304 5.06415e-21
475 7.91206e-21
475 1.36273e-05
475 0.000680507
475 0.00430587
475 7.91206e-21
475 0.000344601
475 0.00329936
475 3.51229e-07
475 1.08372e-06
475 9.44012e-05
475 2.65702e-06
475 3.38768e-06
475 4.3888e-14
475 0.00125416
475 7.91206e-21
475 0.005
475 7.91206e-21
475 2.3967e-06
475 0.000117462
475 8.20472e-05
475 1.95496e-12
475 6.61115e-05
475 0.000269393
475 0.00446259
475 7.91206e-21
475 0.005
475 7.91206e-21
475 0.000336154
475 0.00174205
475 1.43893e-05
475 4.77871e-08
475 8.01732e-05
475 0.00282718
475 7.91206e-21
475 2.92536e-05
475 0.00497075
475 7.91206e-21
475 8.87586e-07
475 0.00499911
475 7.91206e-21
475 0.005
475 7.91206e-21
475 0.000603704
475 2.3622e-07
475 0.000138478
475 0.00425758
475 7.91206e-21
475 2.81557e-06
475 0.00210779
475 4.47433e-05
475 0.000487528
475 4.368e-05
475 0.00112892
475 0.000416529
475 3.55844e-05
475 1.73359e-05
475 7.46617e-05
475 0.000640417
475 7.91206e-21
475 0.005
475 7.91206e-21
475 0.00152883
475 0.000130855
475 0.00334032
475 7.91206e-21
475 4.61718e-05
475 0.0020617
475 1.43776e-05
475 0.000170468
475 0.00270728
475 7.91206e-21
475 1.25069e-07
475 5.73122e-05
475 6.95973e-08
290 5.20208e-21
475 7.91206e-21
475 4.96433e-06
475 9.93316e-08
475 2.40099e-06
475 0.000217103
132 7.39471e-21
475 7.91206e-21
475 0.000480218
475 0.0024757
475 2.44695e-05
475 7.93841e-05
0 5.36461e-21
475 7.91206e-21
475 2.38549e-07
475 0.00499976
475 7.91206e-21
475 0.005
475 7.91206e-21
475 0.00113643
475 9.49495e-11
475 0.00014124
475 0.00015629
0 6.79871e-21
475 7.91206e-21
475 4.41395e-10
475 5.60632e-10
475 0.000175701
475 0.000331719
475 2.33835e-13
475 0.000220459
475 3.10126e-09
475 0.000229146
475 0.0001096
475 0.000216229
475 2.74622e-06
475 1.06093e-09
475 1.03821e-05
475 0.000511752
475 4.62024e-05
475 3.61065e-06
475 0.000504836
475 0.000827466
475 0.000430619
475 0.000151775
475 3.98169e-08
475 4.27878e-05
475 9.60721e-08
475 0.000106997
475 1.70223e-18
475 1.68357e-05
475 0.001061
475 7.91206e-21
475 5.01521e-07
475 0.00304354
475 3.23358e-06
475 0.00115174
475 7.26111e-05
475 0.000114632
475 6.81457e-08
475 6.63779e-05
475 2.28732e-14
475 5.66851e-09
475 4.16378e-08
475 2.96845e-18
475 3.86938e-08
475 2.14405e-17
475 1.99798e-18
475 1.21919e-17
475 7.48799e-17
475 0.00028535
475 7.32126e-19
475 8.04328e-05
475 1.09129e-09
475 8.15262e-27
475 2.31653e-05
475 0.000100331
475 4.05842e-05
475 1.23896e-05
475 4.95215e-06
475 7.91206e-21
475 1.12862e-10
475 6.56282e-06
475 0.000662493
390 5.60968e-21
475 7.91206e-21
475 0.0022233
475 0.0027767
475 7.91206e-21
475 0.00278173
475 0.000335175
475 2.6625e-05
475 0.00101101
475 0.000372118
475 7.37214e-08
475 3.0252e-14
475 3.92326e-19
475 3.30401e-06
475 8.76703e-10
475 1.41918e-16
475 3.52766e-13
475 7.65013e-33
475 1.68682e-19
475 3.93457e-05
475 8.32588e-12
475 0.000430616
475 7.91206e-21
475 9.9931e-05
475 0.00490007
475 7.91206e-21
475 5.04715e-06
475 0.000312894
475 0.000954926
475 7.3264e-06
475 6.64299e-09
475 0.000172073
475 0.000384576
298 4.0752e-21
475 7.91206e-21
475 0.00113362
475 1.21075e-11
475 0.000137637
475 3.86428e-10
475 2.95314e-09
475 6.45473e-06
475 0.00372229
475 7.91206e-21
475 0.000287396
475 0.0047126
475 7.91206e-21
475 7.31219e-06
475 1.92525e-05
3 8.97925e-21
475 7.91206e-21
475 8.91556e-06
475 0.00499108
475 7.91206e-21
475 5.57682e-06
475 0.00499442
475 7.91206e-21
475 4.76662e-07
475 0.000175706
475 9.93258e-05
475 0.00472449
475 7.91206e-21
475 0.005
475 7.91206e-21
475 0.005
475 7.91206e-21
475 4.32824e-05
475 0.00236036
249 4.22422e-21
475 7.91206e-21
475 0.00105989
475 2.20481e-05
475 0
475 0.00219118
475 5.18952e-06
475 0.00133282
475 4.48783e-09
475 6.72475e-08
475 1.20916e-23
475 1.31211e-12
475 2.9392e-18
475 1.88293e-11
475 8.36279e-08
475 1.39755e-14
475 2.49808e-05
475 0.000363738
475 7.91206e-21
475 0.00100835
475 0.000683981
475 0.00330767
475 7.91206e-21
475 0.000264108
475 0.00053553
475 0.00209343
475 0.00210693
475 7.91206e-21
475 0.005
475 7.91206e-21
475 7.83067e-05
475 6.76467e-05
475 8.42087e-05
475 2.40276e-05
475 0.00474581
475 7.91206e-21
475 0.005
475 7.91206e-21
475 0.00302435
475 1.00849e-06
475 2.48765e-06
475 0.00197215
475 7.91206e-21
475 0.00462417
475 1.56733e-29
475 2.74397e-39
475 2.88869e-70
475 0.00012885
475 8.99121e-28
475 2.829e-06
475 2.46393e-20
475 4.61235e-07
475 8.06874e-08
475 2.14132e-81
475 2.66226e-43
475 8.96652e-87
475 6.09377e-18
475 1.08829e-25
475 1.46785e-57
475 2.15046e-18
475 2.63065e-42
475 1.61395e-14
475 1.47901e-25
475 1.07463e-13
475 1.87898e-30
475 2.09697e-61
475 1.85604e-06
475 4.84038e-28
475 8.46388e-12
475 2.58044e-24
475 3.06564e-56
475 1.50674e-20
475 1.10588e-86
475 9.78099e-10
475 3.08955e-20
475 1.75611e-14
475 2.2722e-30
475 2.11644e-27
475 3.29027e-11
475 2.67783e-24
475 6.58896e-30
475 2.62523e-55
475 2.38936e-08
475 1.28818e-30
475 1.10432e-31
475 9.85345e-42
475 9.43228e-38
475 5.00167e-07
475 4.4409e-12
475 8.15437e-19
475 9.9071e-05
475 5.0692e-05
475 2.949e-05
475 2.20511e-05
475 2.62676e-05
475 3.59901e-07
475 4.36513e-06
475 8.93454e-06
475 7.91206e-21
475 0.005
475 7.91206e-21
475 0.005
475 7.91206e-21
475 0.000332643
475 0.00466736
475 7.91206e-21
475 2.5226e-07
475 6.76942e-05
475 0.00493205
475 7.91206e-21
475 0.00226956
475 0.000449605
433 2.85222e-21
475 7.91206e-21
475 1.32433e-05
475 0.000916218
369 4.33126e-21
475 7.91206e-21
475 0.000313219
475 0.000241444
475 1.71403e-05
475 0.0044282
475 7.91206e-21
475 0.000182319
475 0.00481768
475 7.91206e-21
475 0.00199971
475 0.000236775
475 0.00155404
475 1.22222e-05
475 8.91532e-05
475 2.06013e-07
475 8.74306e-06
475 1.95066e-06
475 0.000246868
475 3.286e-14
475 2.61985e-09
475 2.91146e-07
475 8.85528e-11
475 1.78328e-15
475 2.27587e-08
475 4.22164e-08
475 8.27769e-05
475 2.06958e-18
475 0.000767198
475 7.91206e-21
475 0.000130194
475 0.00139436
475 0
475 4.29378e-05
475 0.000186452
475 0.000670894
475 0.00257517
475 7.91206e-21
475 3.45722e-06
475 2.91486e-06
475 0.000883406
475 0.00411022
475 7.91206e-21
475 7.2455e-05
475 0.00199894
475 1.22992e-06
475 0.0025481
475 8.1168e-16
475 1.78306e-11
475 2.54188e-20
475 2.30723e-10
475 3.11492e-06
475 8.06696e-06
475 8.53455e-06
475 9.21995e-21
475 3.05994e-30
475 8.77028e-46
475 5.89942e-10
475 1.21458e-26
475 0.000359563
475 7.91206e-21
475 0.000604076
475 0.00439592
475 7.91206e-21
475 0.005
475 7.91206e-21
475 1.69199e-06
475 0.00499831
475 7.91206e-21
475 0.005
