0 -1
475 1
0 -1
475 1
0 -1
475 1
0 -1
256 1
0 -1
475 1
0 -1
475 1
0 -1
0 1
0 -1
475 1
0 -1
375 1
0 -1
220 1
0 -1
475 1
0 -1
260 1
0 -1
475 1
0 -1
370 1
0 -1
475 1
0 -1
475 1
0 -1
475 1
0 -1
0 1
0 -1
475 1
0 -1
475 1
0 -1
413 1
0 -1
475 1
0 -1
475 1
0 -1
475 1
0 -1
243 1
0 -1
447 1
0 -1
397 1
0 -1
475 1
0 -1
475 1
0 -1
475 1
0 -1
475 1
0 -1
165 1
0 -1
475 1
0 -1
475 1
0 -1
361 1
0 -1
475 1
0 -1
475 1
0 -1
475 1
0 -1
87 1
0 -1
475 1
0 -1
475 1
0 -1
475 1
0 -1
475 1
0 -1
281 1
0 -1
475 1
0 -1
475 1
0 -1
475 1
0 -1
475 1
0 -1
475 1
0 -1
86 1
0 -1
0 1
0 -1
475 1
0 -1
475 1
0 -1
475 1
0 -1
346 1
0 -1
475 1
0 -1
475 1
0 -1
475 1
0 -1
475 1
0 -1
475 1
0 -1
475 1
0 -1
0 1
0 -1
475 1
0 -1
251 1
0 -1
475 1
0 -1
475 1
0 -1
0 1
0 -1
475 1
0 -1
475 1
0 -1
475 1
0 -1
47 1
0 -1
0 1
0 -1
475 1
0 -1
475 1
0 -1
164 1
0 -1
475 1
0 -1
475 1
0 -1
475 1
0 -1
191 1
0 -1
475 1
0 -1
475 1
0 -1
475 1
0 -1
475 1
0 -1
475 1
0 -1
475 1
0 -1
475 1
0 -1
475 1
0 -1
0 1
0 -1
475 1
0 -1
475 1
0 -1
475 1
0 -1
278 1
0 -1
86 1
0 -1
475 1
0 -1
475 1
0 -1
367 1
0 -1
475 1
0 -1
475 1
0 -1
383 1
0 -1
475 1
