0 -1
1149 1
524 1
524 -1
524 1
524 -1
524 1
524 -1
523 1
523 -1
522 1
522 -1
522 1
522 -1
522 1
522 -1
521 1
521 -1
520 1
520 -1
519 1
519 -1
519 1
519 -1
518 1
518 -1
518 1
518 -1
517 1
517 -1
517 1
517 -1
516 1
517 -1
516 1
516 -1
513 1
513 -1
512 1
512 -1
511 1
511 -1
507 1
507 -1
506 1
506 -1
505 1
505 -1
505 1
505 -1
502 1
502 -1
502 1
502 -1
501 1
501 -1
501 1
501 -1
500 1
500 -1
500 1
500 -1
499 1
499 -1
497 1
497 -1
496 1
496 -1
496 1
496 -1
494 1
494 -1
494 1
494 -1
492 1
492 -1
491 1
491 -1
491 1
491 -1
490 1
490 -1
490 1
490 -1
488 1
488 -1
488 1
488 -1
488 1
488 -1
488 1
488 -1
486 1
486 -1
483 1
483 -1
482 1
482 -1
482 1
482 -1
479 1
479 -1
478 1
478 -1
478 1
478 -1
478 1
478 -1
477 1
477 -1
477 1
477 -1
476 1
476 -1
476 1
476 -1
476 1
476 -1
475 1
475 -1
0 -1
1149 1
1023 1
1023 -1
524 1
524 -1
524 1
524 -1
523 1
523 -1
521 1
521 -1
521 1
521 -1
518 1
518 -1
516 1
516 -1
516 1
516 -1
516 1
516 -1
515 1
515 -1
515 1
515 -1
514 1
514 -1
514 1
514 -1
514 1
514 -1
513 1
513 -1
513 1
513 -1
511 1
511 -1
509 1
509 -1
509 1
509 -1
508 1
508 -1
507 1
507 -1
506 1
507 -1
503 1
503 -1
503 1
503 -1
502 1
502 -1
501 1
501 -1
501 1
501 -1
500 1
500 -1
498 1
498 -1
498 1
498 -1
498 1
498 -1
495 1
495 -1
494 1
494 -1
494 1
494 -1
493 1
493 -1
493 1
493 -1
492 1
492 -1
492 1
492 -1
492 1
492 -1
491 1
491 -1
489 1
489 -1
488 1
488 -1
488 1
488 -1
488 1
488 -1
487 1
487 -1
487 1
487 -1
487 1
487 -1
487 1
487 -1
484 1
484 -1
483 1
483 -1
483 1
483 -1
480 1
480 -1
480 1
480 -1
479 1
479 -1
479 1
479 -1
479 1
479 -1
478 1
478 -1
477 1
477 -1
477 1
477 -1
476 1
476 -1
475 1
475 -1
475 1
475 -1
0 -1
1149 1
1056 1
1056 -1
524 1
524 -1
524 1
524 -1
523 1
523 -1
523 1
523 -1
523 1
523 -1
523 1
523 -1
522 1
522 -1
521 1
521 -1
519 1
519 -1
518 1
518 -1
516 1
516 -1
516 1
516 -1
514 1
514 -1
514 1
514 -1
512 1
512 -1
512 1
512 -1
512 1
512 -1
511 1
511 -1
510 1
510 -1
509 1
509 -1
508 1
508 -1
507 1
507 -1
505 1
506 -1
502 1
502 -1
502 1
502 -1
502 1
502 -1
502 1
502 -1
502 1
502 -1
502 1
502 -1
501 1
501 -1
501 1
501 -1
501 1
501 -1
499 1
499 -1
497 1
497 -1
497 1
497 -1
495 1
495 -1
494 1
494 -1
492 1
492 -1
492 1
492 -1
491 1
491 -1
490 1
490 -1
488 1
488 -1
488 1
488 -1
487 1
487 -1
487 1
487 -1
486 1
486 -1
485 1
485 -1
485 1
485 -1
485 1
485 -1
484 1
484 -1
484 1
484 -1
484 1
484 -1
483 1
483 -1
482 1
482 -1
481 1
481 -1
480 1
480 -1
479 1
479 -1
478 1
478 -1
477 1
477 -1
476 1
476 -1
476 1
476 -1
475 1
475 -1
524 1
524 -1
503 1
503 -1
508 1
508 -1
0 -1
1149 1
954 1
1149 -1
1054 1
1053 -1
524 1
524 -1
520 1
520 -1
519 1
519 -1
518 1
518 -1
517 1
517 -1
517 1
517 -1
515 1
515 -1
513 1
513 -1
512 1
512 -1
512 1
512 -1
511 1
511 -1
510 1
510 -1
510 1
510 -1
510 1
510 -1
506 1
506 -1
505 1
505 -1
505 1
505 -1
505 1
505 -1
504 1
504 -1
504 1
504 -1
503 1
503 -1
503 1
503 -1
502 1
502 -1
502 1
502 -1
501 1
501 -1
500 1
500 -1
498 1
499 -1
497 1
497 -1
496 1
496 -1
495 1
495 -1
495 1
495 -1
495 1
495 -1
495 1
495 -1
492 1
492 -1
492 1
492 -1
491 1
491 -1
491 1
491 -1
490 1
490 -1
490 1
490 -1
489 1
489 -1
488 1
488 -1
487 1
487 -1
486 1
486 -1
485 1
485 -1
484 1
484 -1
484 1
484 -1
483 1
483 -1
482 1
482 -1
481 1
481 -1
481 1
481 -1
481 1
481 -1
481 1
481 -1
479 1
479 -1
479 1
479 -1
478 1
478 -1
477 1
477 -1
477 1
477 -1
477 1
477 -1
475 1
475 -1
475 1
475 -1
475 1
475 -1
498 1
498 -1
0 -1
1149 1
1088 1
1089 -1
1042 1
1042 -1
523 1
523 -1
522 1
522 -1
522 1
522 -1
521 1
521 -1
521 1
521 -1
520 1
520 -1
520 1
520 -1
520 1
520 -1
519 1
519 -1
519 1
519 -1
518 1
518 -1
517 1
517 -1
517 1
517 -1
517 1
517 -1
517 1
517 -1
515 1
515 -1
514 1
514 -1
513 1
513 -1
513 1
513 -1
512 1
512 -1
512 1
512 -1
511 1
511 -1
511 1
511 -1
510 1
510 -1
509 1
509 -1
509 1
509 -1
509 1
509 -1
508 1
509 -1
508 1
508 -1
508 1
508 -1
507 1
507 -1
506 1
506 -1
506 1
506 -1
505 1
505 -1
505 1
505 -1
504 1
504 -1
502 1
502 -1
502 1
502 -1
502 1
502 -1
500 1
500 -1
499 1
499 -1
499 1
499 -1
498 1
498 -1
498 1
498 -1
497 1
497 -1
497 1
497 -1
496 1
496 -1
496 1
496 -1
495 1
495 -1
495 1
495 -1
494 1
494 -1
494 1
494 -1
493 1
493 -1
493 1
493 -1
493 1
493 -1
490 1
490 -1
490 1
490 -1
490 1
490 -1
488 1
488 -1
488 1
488 -1
486 1
486 -1
485 1
485 -1
484 1
484 -1
484 1
484 -1
483 1
483 -1
483 1
483 -1
482 1
482 -1
481 1
481 -1
481 1
481 -1
481 1
481 -1
480 1
480 -1
480 1
480 -1
479 1
479 -1
478 1
478 -1
478 1
478 -1
477 1
477 -1
476 1
477 -1
476 1
476 -1
475 1
475 -1
475 1
475 -1
0 -1
1149 1
851 1
851 -1
852 1
853 -1
524 1
524 -1
524 1
524 -1
523 1
523 -1
521 1
521 -1
520 1
520 -1
520 1
520 -1
520 1
520 -1
520 1
520 -1
517 1
517 -1
517 1
517 -1
516 1
516 -1
516 1
516 -1
516 1
516 -1
515 1
515 -1
514 1
514 -1
514 1
514 -1
513 1
514 -1
512 1
512 -1
511 1
511 -1
511 1
511 -1
507 1
507 -1
507 1
507 -1
506 1
506 -1
506 1
506 -1
505 1
505 -1
505 1
505 -1
504 1
504 -1
504 1
504 -1
503 1
503 -1
503 1
503 -1
502 1
502 -1
502 1
502 -1
502 1
502 -1
501 1
501 -1
498 1
498 -1
498 1
498 -1
498 1
498 -1
497 1
497 -1
495 1
495 -1
495 1
495 -1
494 1
494 -1
491 1
491 -1
491 1
491 -1
490 1
490 -1
490 1
490 -1
488 1
488 -1
488 1
488 -1
486 1
486 -1
486 1
486 -1
485 1
486 -1
485 1
485 -1
483 1
483 -1
483 1
483 -1
482 1
482 -1
482 1
482 -1
478 1
478 -1
477 1
477 -1
477 1
477 -1
475 1
475 -1
486 1
486 -1
0 -1
1149 1
524 1
524 -1
523 1
523 -1
523 1
523 -1
522 1
522 -1
521 1
521 -1
520 1
520 -1
519 1
519 -1
517 1
517 -1
516 1
516 -1
516 1
516 -1
516 1
516 -1
515 1
516 -1
516 1
516 -1
515 1
515 -1
515 1
515 -1
514 1
514 -1
514 1
514 -1
514 1
514 -1
513 1
513 -1
512 1
512 -1
511 1
511 -1
510 1
510 -1
510 1
510 -1
509 1
509 -1
509 1
509 -1
508 1
508 -1
507 1
507 -1
506 1
506 -1
505 1
505 -1
505 1
505 -1
505 1
505 -1
505 1
505 -1
504 1
504 -1
503 1
503 -1
503 1
503 -1
502 1
502 -1
500 1
500 -1
500 1
500 -1
500 1
500 -1
499 1
499 -1
497 1
497 -1
496 1
496 -1
496 1
496 -1
495 1
495 -1
494 1
494 -1
492 1
492 -1
491 1
491 -1
490 1
490 -1
490 1
490 -1
490 1
490 -1
489 1
489 -1
488 1
488 -1
488 1
488 -1
487 1
487 -1
487 1
487 -1
485 1
485 -1
485 1
485 -1
482 1
482 -1
482 1
482 -1
479 1
479 -1
479 1
479 -1
479 1
479 -1
479 1
479 -1
476 1
476 -1
475 1
475 -1
516 1
516 -1
0 -1
520 1
520 -10
520 10
520 -1
520 1
520 -1
520 1
520 -1
520 1
520 -1
1149 1
1053 1
1053 -1
939 1
939 -1
524 1
524 -1
523 1
523 -1
522 1
522 -1
521 1
521 -1
521 1
521 -1
520 1
520 -1
519 1
519 -1
519 1
519 -1
518 1
518 -1
517 1
517 -1
516 1
516 -1
516 1
516 -1
515 1
515 -1
513 1
513 -1
512 1
512 -1
510 1
510 -1
510 1
510 -1
509 1
509 -1
509 1
509 -1
508 1
508 -1
508 1
508 -1
508 1
508 -1
507 1
507 -1
507 1
507 -1
506 1
506 -1
506 1
506 -1
506 1
506 -1
505 1
505 -1
504 1
504 -1
503 1
503 -1
503 1
503 -1
502 1
502 -1
501 1
501 -1
500 1
501 -1
500 1
500 -1
500 1
500 -1
499 1
499 -1
499 1
499 -1
497 1
497 -1
496 1
496 -1
496 1
496 -1
496 1
496 -1
495 1
495 -1
494 1
494 -1
493 1
493 -1
493 1
493 -1
493 1
493 -1
493 1
493 -1
493 1
493 -1
492 1
492 -1
490 1
490 -1
489 1
489 -1
488 1
489 -1
488 1
488 -1
487 1
487 -1
485 1
485 -1
485 1
485 -1
484 1
484 -1
482 1
483 -1
482 1
482 -1
479 1
479 -1
479 1
479 -1
478 1
478 -1
477 1
477 -1
477 1
477 -1
476 1
476 -1
476 1
476 -1
475 1
475 -1
499 1
499 -1
513 1
513 -1
513 1
513 -1
513 1
513 -1
517 1
517 -1
0 -1
1149 1
1145 1
1146 -1
941 1
941 -1
524 1
524 -1
524 1
524 -1
524 1
524 -1
523 1
523 -1
522 1
522 -1
522 1
522 -1
520 1
520 -1
519 1
519 -1
517 1
517 -1
517 1
517 -1
515 1
515 -1
515 1
515 -1
514 1
514 -1
514 1
514 -1
513 1
513 -1
513 1
513 -1
513 1
513 -1
513 1
513 -1
513 1
513 -1
512 1
512 -1
512 1
512 -1
512 1
512 -1
511 1
511 -1
511 1
511 -1
511 1
511 -1
510 1
510 -1
510 1
510 -1
509 1
509 -1
509 1
509 -1
508 1
508 -1
508 1
508 -1
507 1
507 -1
507 1
507 -1
504 1
504 -1
503 1
503 -1
502 1
502 -1
502 1
502 -1
501 1
501 -1
500 1
500 -1
498 1
498 -1
497 1
497 -1
497 1
497 -1
497 1
497 -1
494 1
494 -1
492 1
493 -1
492 1
492 -1
491 1
491 -1
491 1
491 -1
490 1
490 -1
490 1
490 -1
490 1
490 -1
490 1
490 -1
489 1
489 -1
488 1
488 -1
488 1
488 -1
488 1
488 -1
487 1
487 -1
487 1
487 -1
486 1
486 -1
484 1
484 -1
484 1
484 -1
483 1
483 -1
482 1
482 -1
482 1
482 -1
482 1
482 -1
481 1
482 -1
482 1
482 -1
481 1
481 -1
480 1
480 -1
479 1
479 -1
479 1
479 -1
478 1
478 -1
478 1
478 -1
476 1
476 -1
0 -1
1149 1
1042 1
1042 -1
1022 1
1023 -1
1022 1
1024 -1
937 1
945 -1
940 1
941 -1
939 1
939 -1
522 1
522 -1
522 1
522 -1
521 1
521 -1
520 1
520 -1
519 1
519 -1
518 1
519 -1
518 1
518 -1
518 1
518 -1
517 1
517 -1
512 1
512 -1
511 1
511 -1
510 1
510 -1
510 1
510 -1
509 1
509 -1
507 1
507 -1
506 1
506 -1
506 1
506 -1
506 1
506 -1
504 1
505 -1
503 1
503 -1
502 1
502 -1
502 1
502 -1
500 1
500 -1
500 1
500 -1
499 1
499 -1
499 1
499 -1
499 1
499 -1
499 1
499 -1
498 1
498 -1
497 1
497 -1
496 1
496 -1
495 1
495 -1
495 1
495 -1
495 1
495 -1
492 1
492 -1
492 1
492 -1
492 1
492 -1
491 1
491 -1
491 1
491 -1
491 1
491 -1
490 1
490 -1
490 1
490 -1
489 1
489 -1
488 1
488 -1
488 1
488 -1
488 1
488 -1
488 1
488 -1
487 1
487 -1
486 1
486 -1
486 1
486 -1
486 1
486 -1
486 1
486 -1
485 1
485 -1
485 1
485 -1
484 1
484 -1
484 1
484 -1
483 1
483 -1
483 1
483 -1
482 1
482 -1
482 1
482 -1
481 1
481 -1
480 1
480 -1
480 1
480 -1
480 1
480 -1
480 1
480 -1
491 -13
491 13
0 -1
1149 1
1075 1
1074 -1
524 1
524 -1
524 1
524 -1
524 1
524 -1
524 1
524 -1
523 1
523 -1
523 1
523 -1
523 1
523 -1
522 1
522 -1
522 1
522 -1
522 1
522 -1
519 1
519 -1
519 1
519 -1
517 1
517 -1
517 1
517 -1
517 1
517 -1
517 1
517 -1
516 1
516 -1
516 1
516 -1
516 1
516 -1
516 1
516 -1
516 1
516 -1
515 1
515 -1
515 1
515 -1
514 1
514 -1
514 1
514 -1
514 1
514 -1
513 1
513 -1
512 1
512 -1
511 1
512 -1
511 1
511 -1
511 1
511 -1
511 1
511 -1
510 1
510 -1
510 1
511 -1
510 1
510 -1
510 1
510 -1
509 1
510 -1
509 1
509 -1
509 1
509 -1
509 1
509 -1
508 1
508 -1
506 1
507 -1
506 1
506 -1
506 1
506 -1
505 1
505 -1
505 1
505 -1
504 1
504 -1
504 1
504 -1
504 1
504 -1
503 1
503 -1
502 1
502 -1
502 1
502 -1
501 1
502 -1
501 1
501 -1
500 1
500 -1
500 1
500 -1
499 1
499 -1
499 1
499 -1
499 1
499 -1
498 1
499 -1
498 1
498 -1
497 1
497 -1
496 1
496 -1
496 1
496 -1
493 1
493 -1
492 1
492 -1
492 1
492 -1
492 1
492 -1
490 1
490 -1
489 1
489 -1
489 1
489 -1
488 1
488 -1
487 1
487 -1
487 1
487 -1
487 1
487 -1
484 1
484 -1
483 1
483 -1
483 1
483 -1
482 1
482 -1
481 1
481 -1
481 1
481 -1
480 1
480 -1
480 1
480 -1
476 1
476 -1
523 1
523 -1
0 -1
1149 1
960 1
958 -1
881 1
881 -1
524 1
524 -1
523 1
523 -1
522 1
522 -1
522 1
522 -1
521 1
521 -1
519 1
519 -1
519 1
519 -1
518 1
518 -1
517 1
517 -1
517 1
517 -1
517 1
517 -1
515 1
515 -1
514 1
514 -1
513 1
513 -1
511 1
511 -1
510 1
510 -1
510 1
510 -1
510 1
510 -1
510 1
510 -1
509 1
509 -1
509 1
509 -1
508 1
508 -1
506 1
506 -1
506 1
506 -1
506 1
506 -1
506 1
506 -1
504 1
504 -1
504 1
504 -1
503 1
503 -1
502 1
502 -1
502 1
502 -1
500 1
500 -1
499 1
499 -1
499 1
499 -1
499 1
499 -1
497 1
497 -1
496 1
496 -1
496 1
496 -1
495 1
495 -1
495 1
495 -1
494 1
494 -1
494 1
494 -1
491 1
491 -1
490 1
490 -1
490 1
490 -1
489 1
489 -1
489 1
489 -1
489 1
489 -1
488 1
488 -1
485 1
485 -1
485 1
485 -1
485 1
485 -1
483 1
483 -1
483 1
483 -1
482 1
482 -1
482 1
482 -1
481 1
481 -1
481 1
481 -1
481 1
481 -1
480 1
480 -1
480 1
480 -1
479 1
479 -1
479 1
479 -1
479 1
479 -1
478 1
478 -1
476 1
476 -1
476 1
476 -1
475 1
476 -1
483 1
483 -1
0 -1
1149 1
524 1
524 -1
524 1
524 -1
523 1
523 -1
521 1
521 -1
521 1
521 -1
520 1
520 -1
520 1
520 -1
518 1
518 -1
518 1
518 -1
517 1
517 -1
516 1
516 -1
515 1
515 -1
514 1
514 -1
514 1
514 -1
513 1
513 -1
512 1
512 -1
511 1
511 -1
510 1
510 -1
510 1
510 -1
509 1
509 -1
509 1
509 -1
508 1
508 -1
507 1
507 -1
506 1
506 -1
505 1
505 -1
504 1
504 -1
504 1
504 -1
503 1
503 -1
502 1
502 -1
502 1
502 -1
501 1
501 -1
501 1
501 -1
501 1
501 -1
501 1
501 -1
499 1
499 -1
497 1
497 -1
496 1
496 -1
496 1
496 -1
496 1
496 -1
496 1
496 -1
495 1
495 -1
493 1
493 -1
493 1
493 -1
492 1
492 -1
492 1
492 -1
492 1
492 -1
489 1
489 -1
489 1
489 -1
488 1
488 -1
485 1
485 -1
485 1
485 -1
484 1
484 -1
484 1
484 -1
483 1
483 -1
482 1
482 -1
482 1
482 -1
482 1
482 -1
481 1
481 -1
478 1
478 -1
477 1
477 -1
477 1
477 -1
477 1
477 -1
476 1
476 -1
476 1
476 -1
475 1
475 -1
0 -1
1149 1
524 1
524 -1
524 1
524 -1
523 1
524 -1
523 1
523 -1
521 1
521 -1
520 1
520 -1
520 1
520 -1
519 1
519 -1
518 1
518 -1
518 1
518 -1
518 1
518 -1
517 1
517 -1
517 1
517 -1
514 1
514 -1
514 1
514 -1
514 1
514 -1
512 1
512 -1
512 1
512 -1
511 1
511 -1
511 1
511 -1
510 1
510 -1
510 1
510 -1
510 1
510 -1
505 1
505 -1
502 1
502 -1
500 1
500 -1
500 1
500 -1
499 1
499 -1
499 1
499 -1
498 1
498 -1
498 1
498 -1
498 1
498 -1
498 1
498 -1
497 1
497 -1
496 1
496 -1
495 1
495 -1
495 1
495 -1
495 1
495 -1
494 1
494 -1
494 1
494 -1
493 1
493 -1
493 1
493 -1
493 1
493 -1
493 1
493 -1
493 1
493 -1
491 1
491 -1
491 1
491 -1
491 1
491 -1
489 1
489 -1
489 1
489 -1
488 1
488 -1
487 1
487 -1
487 1
487 -1
486 1
486 -1
486 1
486 -1
486 1
486 -1
484 1
484 -1
484 1
484 -1
482 1
482 -1
479 1
479 -1
477 1
477 -1
477 1
477 -1
476 1
476 -1
476 1
476 -1
0 -1
1149 1
511 -13
511 13
1036 1
1036 -1
959 1
959 -1
524 1
524 -1
522 1
522 -1
522 1
522 -1
521 1
521 -1
520 1
520 -1
520 1
520 -1
520 1
520 -1
519 1
519 -1
519 1
519 -1
518 1
518 -1
518 1
518 -1
517 1
518 -1
517 1
517 -1
516 1
516 -1
516 1
516 -1
516 1
516 -1
515 1
515 -1
513 1
513 -1
512 1
512 -1
512 1
512 -1
511 1
511 -1
510 1
511 -1
510 1
510 -1
509 1
509 -1
508 1
508 -1
506 1
506 -1
504 1
504 -1
504 1
504 -1
503 1
503 -1
503 1
503 -1
502 1
502 -1
502 1
502 -1
500 1
500 -1
500 1
500 -1
500 1
500 -1
499 1
499 -1
499 1
499 -1
499 1
499 -1
499 1
499 -1
498 1
498 -1
497 1
497 -1
496 1
496 -1
496 1
496 -1
495 1
495 -1
494 1
494 -1
493 1
493 -1
493 1
493 -1
493 1
494 -1
491 1
491 -1
491 1
491 -1
490 1
490 -1
489 1
489 -1
489 1
489 -1
488 1
489 -1
489 1
489 -1
488 1
488 -1
488 1
488 -1
485 1
486 -1
486 1
486 -1
485 1
485 -1
482 1
482 -1
482 1
482 -1
481 1
481 -1
479 1
479 -1
478 1
478 -1
477 1
477 -1
477 1
477 -1
476 1
476 -1
476 1
476 -1
476 1
476 -1
475 1
475 -1
475 1
475 -1
475 1
475 -1
475 1
475 -1
515 1
515 -1
499 1
499 -1
0 -1
1149 1
524 1
524 -1
524 1
524 -1
522 1
522 -1
522 1
522 -1
519 1
519 -1
517 1
518 -1
517 1
517 -1
516 1
516 -1
514 1
514 -1
513 1
513 -1
512 1
512 -1
512 1
512 -1
511 1
511 -1
511 1
511 -1
510 1
510 -1
509 1
509 -1
509 1
509 -1
509 1
509 -1
508 1
508 -1
508 1
508 -1
507 1
507 -1
507 1
507 -1
506 1
506 -1
506 1
506 -1
506 1
506 -1
506 1
506 -1
506 1
506 -1
504 1
504 -1
504 1
504 -1
503 1
503 -1
500 1
500 -1
499 1
499 -1
499 1
499 -1
498 1
499 -1
498 1
498 -1
497 1
497 -1
497 1
497 -1
496 1
496 -1
496 1
496 -1
496 1
496 -1
495 1
495 -1
493 1
493 -1
492 1
492 -1
492 1
492 -1
491 1
491 -1
489 1
489 -1
488 1
488 -1
486 1
486 -1
486 1
486 -1
486 1
486 -1
486 1
486 -1
486 1
486 -1
483 1
483 -1
483 1
483 -1
483 1
483 -1
482 1
482 -1
482 1
482 -1
481 1
481 -1
481 1
481 -1
481 1
481 -1
480 1
480 -1
480 1
480 -1
480 1
480 -1
479 1
479 -1
479 1
479 -1
478 1
478 -1
478 1
478 -1
478 1
478 -1
477 1
477 -1
476 1
476 -1
475 1
475 -1
0 -1
1149 1
524 1
524 -1
523 1
523 -1
522 1
522 -1
522 1
522 -1
520 1
520 -1
520 1
520 -1
520 1
520 -1
520 1
520 -1
519 1
519 -1
519 1
519 -1
519 1
519 -1
518 1
518 -1
518 1
518 -1
517 1
517 -1
517 1
517 -1
516 1
516 -1
514 1
514 -1
514 1
514 -1
513 1
513 -1
513 1
513 -1
513 1
513 -1
513 1
513 -1
513 1
513 -1
513 1
513 -1
511 1
511 -1
511 1
511 -1
509 1
509 -1
508 1
508 -1
506 1
507 -1
506 1
506 -1
506 1
506 -1
506 1
506 -1
506 1
506 -1
506 1
506 -1
505 1
505 -1
505 1
505 -1
504 1
504 -1
503 1
503 -1
502 1
502 -1
501 1
501 -1
501 1
501 -1
500 1
500 -1
500 1
500 -1
499 1
499 -1
498 1
499 -1
497 1
497 -1
497 1
497 -1
496 1
497 -1
496 1
496 -1
495 1
495 -1
495 1
495 -1
495 1
495 -1
495 1
495 -1
494 1
494 -1
494 1
494 -1
491 1
491 -1
491 1
491 -1
491 1
491 -1
490 1
490 -1
489 1
489 -1
488 1
488 -1
487 1
487 -1
486 1
486 -1
486 1
486 -1
484 1
484 -1
483 1
483 -1
483 1
483 -1
482 1
482 -1
480 1
480 -1
480 1
480 -1
478 1
478 -1
477 1
477 -1
476 1
476 -1
475 1
475 -1
0 -1
1149 1
523 1
523 -1
522 1
522 -1
522 1
522 -1
522 1
522 -1
521 1
521 -1
520 1
520 -1
519 1
519 -1
518 1
518 -1
517 1
518 -1
517 1
517 -1
517 1
517 -1
516 1
516 -1
516 1
516 -1
515 1
515 -1
514 1
514 -1
513 1
513 -1
513 1
513 -1
513 1
513 -1
513 1
513 -1
512 1
512 -1
512 1
512 -1
511 1
511 -1
511 1
511 -1
509 1
509 -1
507 1
507 -1
503 1
503 -1
501 1
501 -1
501 1
501 -1
500 1
500 -1
500 1
500 -1
499 1
499 -1
499 1
499 -1
499 1
499 -1
498 1
498 -1
498 1
498 -1
493 1
493 -1
493 1
493 -1
492 1
492 -1
492 1
492 -1
492 1
492 -1
491 1
491 -1
491 1
491 -1
491 1
491 -1
490 1
490 -1
489 1
489 -1
487 1
487 -1
485 1
485 -1
485 1
485 -1
485 1
485 -1
482 1
482 -1
482 1
482 -1
480 1
480 -1
476 1
477 -1
476 1
476 -1
477 1
477 -1
0 -1
1149 1
522 1
523 -1
521 1
521 -1
521 1
521 -1
520 1
520 -1
519 1
519 -1
519 1
519 -1
519 1
519 -1
518 1
518 -1
517 1
517 -1
514 1
514 -1
514 1
514 -1
514 1
514 -1
513 1
513 -1
512 1
512 -1
511 1
511 -1
511 1
511 -1
510 1
510 -1
510 1
510 -1
510 1
510 -1
510 1
510 -1
509 1
509 -1
508 1
508 -1
508 1
508 -1
507 1
507 -1
506 1
506 -1
506 1
506 -1
504 1
504 -1
503 1
503 -1
503 1
503 -1
503 1
503 -1
499 1
499 -1
499 1
499 -1
498 1
498 -1
495 1
496 -1
495 1
495 -1
495 1
495 -1
493 1
493 -1
492 1
492 -1
491 1
491 -1
490 1
490 -1
488 1
489 -1
487 1
487 -1
486 1
486 -1
483 1
483 -1
483 1
483 -1
483 1
483 -1
483 1
483 -1
483 1
483 -1
482 1
482 -1
482 1
482 -1
482 1
482 -1
481 1
481 -1
480 1
480 -1
478 1
478 -1
477 1
477 -1
477 1
477 -1
476 1
476 -1
475 1
475 -1
475 1
475 -1
475 1
475 -1
513 1
513 -1
0 -1
1149 1
986 1
986 -1
925 1
925 -1
524 1
524 -1
524 1
524 -1
521 1
521 -1
521 1
521 -1
521 1
521 -1
520 1
520 -1
520 1
520 -1
520 1
520 -1
520 1
520 -1
519 1
520 -1
519 1
519 -1
518 1
518 -1
517 1
517 -1
517 1
517 -1
515 1
515 -1
515 1
515 -1
515 1
515 -1
514 1
514 -1
514 1
514 -1
512 1
512 -1
511 1
512 -1
511 1
511 -1
511 1
511 -1
508 1
508 -1
507 1
507 -1
507 1
507 -1
507 1
507 -1
506 1
506 -1
506 1
506 -1
506 1
506 -1
506 1
506 -1
506 1
506 -1
505 1
505 -1
500 1
500 -1
499 1
499 -1
498 1
498 -1
495 1
495 -1
494 1
494 -1
494 1
494 -1
493 1
493 -1
493 1
493 -1
489 1
489 -1
488 1
488 -1
487 1
487 -1
486 1
486 -1
486 1
486 -1
485 1
485 -1
483 1
483 -1
483 1
483 -1
482 1
482 -1
482 1
482 -1
482 1
482 -1
481 1
481 -1
480 1
480 -1
480 1
480 -1
476 1
476 -1
475 1
475 -1
475 1
475 -1
0 -1
1149 1
524 1
524 -1
524 1
524 -1
522 1
522 -1
521 1
521 -1
520 1
520 -1
520 1
520 -1
519 1
519 -1
519 1
519 -1
519 1
519 -1
518 1
518 -1
517 1
517 -1
517 1
517 -1
517 1
517 -1
516 1
516 -1
515 1
515 -1
515 1
515 -1
515 1
515 -1
514 1
514 -1
513 1
513 -1
513 1
513 -1
513 1
513 -1
512 1
512 -1
511 1
511 -1
511 1
511 -1
510 1
510 -1
510 1
510 -1
509 1
509 -1
507 1
507 -1
507 1
507 -1
506 1
506 -1
506 1
506 -1
504 1
504 -1
504 1
504 -1
503 1
503 -1
500 1
500 -1
499 1
499 -1
496 1
496 -1
496 1
496 -1
495 1
495 -1
494 1
494 -1
493 1
493 -1
493 1
493 -1
492 1
492 -1
492 1
492 -1
490 1
490 -1
490 1
490 -1
489 1
489 -1
489 1
489 -1
488 1
488 -1
488 1
488 -1
488 1
488 -1
487 1
487 -1
485 1
485 -1
485 1
485 -1
484 1
484 -1
483 1
483 -1
482 1
482 -1
481 1
481 -1
481 1
481 -1
480 1
480 -1
480 1
481 -1
479 1
479 -1
479 1
479 -1
478 1
478 -1
478 1
478 -1
478 1
478 -1
478 1
478 -1
477 1
477 -1
475 1
475 -1
493 1
493 -1
475 1
475 -1
0 -1
1149 1
524 1
524 -1
524 1
524 -1
524 1
524 -1
524 1
524 -1
522 1
522 -1
520 1
520 -1
520 1
520 -1
520 1
520 -1
520 1
520 -1
519 1
519 -1
518 1
518 -1
517 1
517 -1
516 1
516 -1
516 1
516 -1
516 1
516 -1
516 1
516 -1
516 1
516 -1
516 1
516 -1
515 1
515 -1
515 1
515 -1
515 1
515 -1
514 1
514 -1
514 1
514 -1
511 1
511 -1
509 1
509 -1
508 1
508 -1
506 1
506 -1
506 1
506 -1
505 1
505 -1
505 1
505 -1
505 1
505 -1
505 1
505 -1
504 1
504 -1
504 1
504 -1
504 1
504 -1
503 1
503 -1
503 1
503 -1
503 1
503 -1
502 1
502 -1
501 1
501 -1
501 1
501 -1
496 1
496 -1
495 1
495 -1
495 1
495 -1
494 1
494 -1
494 1
494 -1
494 1
494 -1
492 1
492 -1
491 1
491 -1
491 1
491 -1
490 1
490 -1
490 1
490 -1
490 1
490 -1
490 1
490 -1
490 1
490 -1
489 1
489 -1
489 1
489 -1
489 1
489 -1
488 1
488 -1
487 1
488 -1
486 1
486 -1
486 1
486 -1
485 1
485 -1
485 1
485 -1
484 1
484 -1
483 1
483 -1
483 1
483 -1
482 1
482 -1
482 1
482 -1
482 1
482 -1
482 1
482 -1
481 1
481 -1
480 1
480 -1
479 1
479 -1
478 1
478 -1
478 1
478 -1
476 1
476 -1
476 1
476 -1
475 1
475 -1
475 1
475 -1
475 1
475 -1
515 1
515 -1
481 1
481 -1
0 -1
492 1
492 -12
492 12
492 -1
498 1
497 1
497 -1
496 1
496 -1
495 1
495 -1
495 1
495 -1
495 1
495 -1
494 1
494 -1
494 1
494 -1
494 1
494 -1
493 1
493 -1
493 1
493 -1
492 1
492 -1
492 1
492 -1
492 1
492 -1
492 1
492 -1
492 1
492 -1
492 1
492 -1
491 1
491 -1
491 1
491 -1
491 1
491 -1
489 1
489 -1
487 1
487 -1
486 1
486 -1
486 1
486 -1
486 1
486 -1
486 1
486 -1
485 1
485 -1
485 1
485 -1
484 1
484 -1
482 1
482 -1
482 1
482 -1
480 1
480 -1
479 1
479 -1
479 1
479 -1
479 1
479 -1
478 1
478 -1
478 1
478 -1
477 1
477 -1
477 1
477 -1
476 1
476 -1
475 1
475 -1
475 1
475 -1
475 1
475 -1
484 1
484 -1
501 1
501 -1
501 1
501 -1
492 -1
966 1
524 1
524 -1
523 1
523 -1
523 1
523 -1
522 1
522 -1
521 1
521 -1
521 1
521 -1
520 1
520 -1
520 1
520 -1
520 1
520 -1
519 1
519 -1
518 1
518 -1
518 1
518 -1
517 1
517 -1
516 1
516 -1
516 1
516 -1
514 1
514 -1
514 1
514 -1
511 1
511 -1
511 1
511 -1
509 1
509 -1
508 1
508 -1
508 1
508 -1
508 1
508 -1
508 1
508 -1
507 1
507 -1
507 1
507 -1
506 1
506 -1
505 1
505 -1
504 1
504 -1
504 1
504 -1
504 1
504 -1
502 1
502 -1
502 1
502 -1
501 1
501 -1
501 1
501 -1
500 1
500 -1
500 1
500 -1
499 1
499 -1
499 1
499 -1
498 1
498 -1
498 1
498 -1
497 1
497 -1
497 1
497 -1
497 1
497 -1
497 1
497 -1
496 1
496 -1
496 1
496 -1
496 1
496 -1
496 1
496 -1
496 1
496 -1
495 1
495 -1
495 1
495 -1
494 1
494 -1
494 1
494 -1
493 1
493 -1
492 1
492 -1
492 1
492 -1
492 1
492 -1
507 1
507 -1
0 -1
1149 1
923 1
923 -1
523 1
523 -1
523 1
523 -1
523 1
523 -1
522 1
522 -1
519 1
519 -1
516 1
516 -1
515 1
515 -1
515 1
515 -1
514 1
514 -1
513 1
513 -1
513 1
513 -1
513 1
513 -1
508 1
508 -1
505 1
505 -1
504 1
504 -1
504 1
504 -1
502 1
502 -1
501 1
501 -1
500 1
500 -1
500 1
500 -1
500 1
500 -1
499 1
499 -1
499 1
499 -1
498 1
498 -1
495 1
495 -1
495 1
495 -1
494 1
494 -1
494 1
494 -1
492 1
492 -1
492 1
492 -1
492 1
492 -1
491 1
491 -1
491 1
491 -1
490 1
490 -1
490 1
490 -1
490 1
490 -1
489 1
489 -1
489 1
489 -1
489 1
489 -1
488 1
488 -1
486 1
486 -1
485 1
485 -1
483 1
483 -1
482 1
482 -1
480 1
480 -1
478 1
478 -1
477 1
477 -1
475 1
475 -1
494 1
494 -1
0 -1
1149 1
524 1
524 -1
521 1
521 -1
521 1
521 -1
521 1
521 -1
520 1
520 -1
519 1
519 -1
519 1
519 -1
517 1
517 -1
516 1
516 -1
514 1
514 -1
514 1
514 -1
513 1
513 -1
510 1
510 -1
510 1
510 -1
508 1
508 -1
507 1
507 -1
507 1
507 -1
506 1
506 -1
505 1
505 -1
502 1
502 -1
501 1
501 -1
500 1
500 -1
500 1
500 -1
499 1
499 -1
498 1
498 -1
497 1
497 -1
496 1
496 -1
495 1
495 -1
495 1
495 -1
492 1
492 -1
492 1
492 -1
492 1
492 -1
490 1
490 -1
489 1
489 -1
488 1
488 -1
487 1
487 -1
486 1
486 -1
485 1
485 -1
485 1
485 -1
484 1
484 -1
484 1
484 -1
484 1
484 -1
483 1
483 -1
483 1
483 -1
482 1
482 -1
482 1
482 -1
482 1
482 -1
481 1
481 -1
480 1
480 -1
480 1
480 -1
479 1
479 -1
479 1
479 -1
478 1
478 -1
478 1
478 -1
478 1
478 -1
477 1
477 -1
477 1
477 -1
475 1
475 -1
475 1
475 -1
0 -1
1149 1
1023 1
1023 -1
914 1
914 -1
524 1
524 -1
522 1
522 -1
518 1
518 -1
516 1
516 -1
515 1
515 -1
515 1
515 -1
514 1
514 -1
513 1
513 -1
512 1
512 -1
511 1
511 -1
509 1
509 -1
508 1
508 -1
506 1
506 -1
505 1
505 -1
505 1
505 -1
505 1
505 -1
505 1
505 -1
504 1
504 -1
503 1
503 -1
501 1
501 -1
500 1
500 -1
500 1
500 -1
499 1
499 -1
498 1
498 -1
497 1
497 -1
496 1
496 -1
496 1
496 -1
495 1
495 -1
494 1
494 -1
494 1
494 -1
493 1
493 -1
492 1
492 -1
490 1
490 -1
489 1
489 -1
488 1
488 -1
486 1
486 -1
486 1
486 -1
484 1
484 -1
484 1
484 -1
483 1
483 -1
483 1
483 -1
483 1
483 -1
483 1
483 -1
482 1
482 -1
482 1
482 -1
481 1
481 -1
479 1
479 -1
479 1
479 -1
479 1
479 -1
478 1
478 -1
478 1
478 -1
478 1
478 -1
477 1
477 -1
477 1
477 -1
476 1
476 -1
475 1
475 -1
0 -1
519 1
519 -12
519 12
519 -1
522 1
521 1
521 -1
521 1
521 -1
521 1
521 -1
521 1
521 -1
521 1
521 -1
521 1
521 -1
521 1
521 -1
521 1
521 -1
521 1
521 -1
521 1
521 -1
521 1
521 -1
521 1
521 -1
521 1
521 -1
520 1
520 -1
520 1
520 -1
520 1
520 -1
520 1
520 -1
520 1
520 -1
520 1
520 -1
520 1
520 -1
520 1
520 -1
520 1
520 -1
519 1
519 -1
519 1
519 -1
519 1
519 -1
519 1
519 -1
519 1
519 -1
519 1
519 -1
519 1
519 -1
519 1
519 -1
519 1
519 -1
519 1
519 -1
519 1
519 -1
519 1
519 -1
518 1
518 -1
517 1
517 -1
515 1
515 -1
514 1
515 -1
514 1
514 -1
512 1
512 -1
512 1
512 -1
510 1
510 -1
509 1
509 -1
508 1
509 -1
508 1
508 -1
507 1
507 -1
506 1
506 -1
505 1
505 -1
504 1
504 -1
504 1
504 -1
503 1
503 -1
499 1
499 -1
498 1
498 -1
498 1
498 -1
497 1
497 -1
495 1
495 -1
495 1
495 -1
495 1
495 -1
494 1
494 -1
493 1
493 -1
493 1
493 -1
492 1
492 -1
490 1
490 -1
490 1
490 -1
490 1
490 -1
489 1
489 -1
489 1
489 -1
488 1
488 -1
488 1
488 -1
486 1
486 -1
486 1
486 -1
486 1
486 -1
485 1
485 -1
484 1
484 -1
484 1
484 -1
482 1
482 -1
480 1
480 -1
479 1
479 -1
478 1
478 -1
477 1
477 -1
477 1
477 -1
476 1
476 -1
476 1
476 -1
519 -1
1149 1
524 1
524 -1
523 1
523 -1
523 1
523 -1
522 1
522 -1
521 1
521 -1
520 1
520 -1
520 1
520 -1
519 1
519 -1
519 1
519 -1
518 1
518 -1
509 1
509 -1
477 1
477 -1
523 -13
523 13
0 -1
1149 1
524 1
524 -1
523 1
523 -1
522 1
522 -1
521 1
521 -1
519 1
519 -1
519 1
519 -1
518 1
518 -1
518 1
518 -1
518 1
518 -1
517 1
517 -1
516 1
516 -1
515 1
515 -1
514 1
514 -1
513 1
513 -1
512 1
512 -1
511 1
511 -1
511 1
511 -1
510 1
510 -1
510 1
510 -1
509 1
509 -1
509 1
509 -1
507 1
507 -1
506 1
506 -1
506 1
506 -1
506 1
506 -1
505 1
505 -1
505 1
505 -1
505 1
505 -1
505 1
505 -1
504 1
504 -1
504 1
504 -1
504 1
504 -1
504 1
504 -1
503 1
503 -1
502 1
502 -1
501 1
501 -1
501 1
501 -1
501 1
501 -1
500 1
500 -1
500 1
500 -1
499 1
499 -1
499 1
499 -1
498 1
498 -1
498 1
498 -1
497 1
497 -1
497 1
497 -1
496 1
496 -1
496 1
496 -1
496 1
496 -1
496 1
496 -1
495 1
495 -1
494 1
494 -1
494 1
494 -1
494 1
494 -1
493 1
493 -1
493 1
493 -1
491 1
491 -1
490 1
490 -1
489 1
489 -1
488 1
489 -1
487 1
487 -1
486 1
486 -1
486 1
486 -1
486 1
486 -1
485 1
485 -1
485 1
485 -1
484 1
484 -1
484 1
484 -1
484 1
484 -1
480 1
480 -1
479 1
479 -1
478 1
478 -1
477 1
477 -1
476 1
476 -1
509 1
509 -1
0 -1
1149 1
523 1
523 -1
523 1
523 -1
523 1
523 -1
522 1
522 -1
519 1
519 -1
517 1
517 -1
517 1
517 -1
517 1
517 -1
514 1
514 -1
513 1
513 -1
513 1
513 -1
513 1
513 -1
513 1
513 -1
512 1
512 -1
512 1
512 -1
512 1
512 -1
511 1
511 -1
511 1
511 -1
511 1
511 -1
511 1
511 -1
511 1
511 -1
510 1
510 -1
510 1
510 -1
510 1
510 -1
507 1
507 -1
507 1
507 -1
507 1
507 -1
506 1
506 -1
506 1
506 -1
506 1
506 -1
503 1
503 -1
502 1
502 -1
502 1
502 -1
502 1
502 -1
501 1
501 -1
501 1
501 -1
500 1
500 -1
499 1
499 -1
499 1
499 -1
498 1
498 -1
498 1
498 -1
497 1
497 -1
496 1
496 -1
495 1
495 -1
495 1
495 -1
494 1
494 -1
492 1
492 -1
492 1
492 -1
492 1
492 -1
492 1
492 -1
491 1
491 -1
491 1
491 -1
491 1
491 -1
490 1
490 -1
490 1
490 -1
488 1
488 -1
487 1
487 -1
487 1
487 -1
486 1
486 -1
486 1
486 -1
485 1
485 -1
484 1
484 -1
483 1
483 -1
480 1
481 -1
481 1
481 -1
480 1
480 -1
479 1
479 -1
479 1
479 -1
478 1
478 -1
478 1
478 -1
478 1
478 -1
477 1
477 -1
475 1
475 -1
510 1
510 -1
0 -1
1149 1
524 1
524 -1
523 1
524 -1
520 1
520 -1
520 1
520 -1
520 1
520 -1
519 1
519 -1
519 1
519 -1
519 1
519 -1
518 1
518 -1
516 1
516 -1
515 1
515 -1
513 1
513 -1
513 1
513 -1
513 1
513 -1
513 1
513 -1
511 1
511 -1
510 1
510 -1
510 1
510 -1
506 1
506 -1
505 1
505 -1
502 1
502 -1
502 1
502 -1
501 1
501 -1
501 1
501 -1
501 1
501 -1
499 1
499 -1
499 1
499 -1
499 1
499 -1
498 1
498 -1
498 1
498 -1
497 1
497 -1
495 1
495 -1
495 1
495 -1
495 1
495 -1
494 1
494 -1
493 1
493 -1
492 1
492 -1
489 1
489 -1
487 1
487 -1
485 1
485 -1
485 1
485 -1
484 1
484 -1
483 1
483 -1
483 1
483 -1
481 1
481 -1
480 1
480 -1
480 1
480 -1
480 1
480 -1
479 1
479 -1
478 1
478 -1
478 1
479 -1
478 1
478 -1
478 1
478 -1
478 1
478 -1
477 1
477 -1
477 1
477 -1
476 1
476 -1
0 -1
1149 1
951 1
952 -1
524 1
524 -1
524 1
524 -1
524 1
524 -1
522 1
522 -1
520 1
520 -1
519 1
519 -1
519 1
519 -1
519 1
519 -1
519 1
519 -1
518 1
518 -1
514 1
514 -1
514 1
515 -1
514 1
514 -1
514 1
514 -1
514 1
514 -1
513 1
513 -1
513 1
513 -1
510 1
510 -1
509 1
509 -1
509 1
509 -1
509 1
509 -1
508 1
508 -1
508 1
508 -1
505 1
505 -1
504 1
504 -1
504 1
504 -1
504 1
504 -1
502 1
502 -1
502 1
502 -1
501 1
501 -1
499 1
499 -1
499 1
499 -1
499 1
499 -1
497 1
497 -1
497 1
497 -1
495 1
495 -1
494 1
494 -1
494 1
494 -1
494 1
494 -1
494 1
494 -1
493 1
493 -1
491 1
491 -1
489 1
489 -1
489 1
489 -1
488 1
488 -1
488 1
488 -1
487 1
487 -1
485 1
485 -1
485 1
485 -1
482 1
482 -1
482 1
482 -1
482 1
482 -1
481 1
481 -1
480 1
480 -1
478 1
478 -1
478 1
478 -1
478 1
478 -1
477 1
477 -1
476 1
476 -1
475 1
475 -1
0 -1
1149 1
1063 1
1064 -1
932 1
932 -1
523 1
523 -1
522 1
522 -1
520 1
520 -1
520 1
520 -1
519 1
519 -1
519 1
519 -1
519 1
519 -1
518 1
518 -1
518 1
518 -1
518 1
518 -1
517 1
518 -1
516 1
516 -1
515 1
515 -1
515 1
515 -1
514 1
515 -1
514 1
514 -1
514 1
514 -1
514 1
514 -1
513 1
513 -1
513 1
513 -1
510 1
510 -1
510 1
510 -1
509 1
509 -1
509 1
509 -1
509 1
509 -1
509 1
509 -1
508 1
508 -1
508 1
508 -1
506 1
506 -1
506 1
506 -1
505 1
505 -1
504 1
504 -1
504 1
504 -1
503 1
503 -1
503 1
503 -1
503 1
503 -1
503 1
503 -1
502 1
502 -1
501 1
501 -1
500 1
500 -1
500 1
500 -1
499 1
499 -1
497 1
497 -1
495 1
495 -1
495 1
495 -1
494 1
494 -1
493 1
493 -1
492 1
492 -1
491 1
491 -1
491 1
491 -1
491 1
491 -1
490 1
490 -1
490 1
490 -1
489 1
489 -1
489 1
489 -1
488 1
488 -1
488 1
488 -1
488 1
488 -1
487 1
487 -1
486 1
486 -1
486 1
486 -1
483 1
483 -1
482 1
482 -1
482 1
482 -1
480 1
480 -1
480 1
480 -1
480 1
480 -1
479 1
479 -1
478 1
478 -1
477 1
477 -1
477 1
477 -1
475 1
475 -1
520 1
520 -1
518 1
518 -1
500 1
500 -1
0 -1
1149 1
1078 1
1077 -1
524 1
524 -1
524 1
524 -1
524 1
524 -1
520 1
520 -1
518 1
518 -1
518 1
518 -1
517 1
517 -1
517 1
517 -1
517 1
517 -1
516 1
516 -1
516 1
516 -1
515 1
515 -1
515 1
515 -1
515 1
515 -1
514 1
514 -1
513 1
513 -1
513 1
513 -1
513 1
513 -1
509 1
509 -1
509 1
509 -1
509 1
509 -1
508 1
508 -1
508 1
508 -1
508 1
508 -1
508 1
508 -1
508 1
508 -1
506 1
506 -1
505 1
505 -1
505 1
505 -1
505 1
505 -1
504 1
504 -1
503 1
503 -1
502 1
502 -1
501 1
501 -1
501 1
501 -1
501 1
501 -1
500 1
500 -1
499 1
499 -1
499 1
499 -1
498 1
498 -1
497 1
497 -1
496 1
496 -1
496 1
496 -1
496 1
496 -1
495 1
495 -1
494 1
494 -1
492 1
492 -1
492 1
492 -1
491 1
491 -1
491 1
491 -1
490 1
490 -1
490 1
490 -1
489 1
490 -1
488 1
488 -1
487 1
487 -1
487 1
487 -1
487 1
487 -1
486 1
486 -1
486 1
486 -1
485 1
485 -1
482 1
482 -1
480 1
480 -1
478 1
478 -1
478 1
478 -1
476 1
476 -1
476 1
476 -1
475 1
475 -1
0 -1
1149 1
897 1
897 -1
524 1
524 -1
524 1
524 -1
524 1
524 -1
522 1
522 -1
522 1
522 -1
521 1
521 -1
520 1
520 -1
520 1
520 -1
520 1
520 -1
519 1
519 -1
518 1
518 -1
518 1
518 -1
518 1
518 -1
517 1
517 -1
517 1
517 -1
517 1
517 -1
517 1
517 -1
516 1
516 -1
516 1
516 -1
516 1
516 -1
515 1
515 -1
515 1
515 -1
514 1
514 -1
513 1
513 -1
513 1
513 -1
513 1
513 -1
512 1
512 -1
512 1
512 -1
510 1
510 -1
510 1
510 -1
509 1
509 -1
509 1
509 -1
509 1
509 -1
508 1
508 -1
508 1
508 -1
508 1
508 -1
508 1
508 -1
507 1
507 -1
506 1
506 -1
505 1
505 -1
505 1
505 -1
503 1
503 -1
501 1
502 -1
501 1
501 -1
501 1
501 -1
501 1
501 -1
500 1
500 -1
500 1
500 -1
500 1
500 -1
499 1
499 -1
498 1
498 -1
498 1
498 -1
498 1
498 -1
498 1
498 -1
496 1
496 -1
496 1
496 -1
495 1
495 -1
494 1
494 -1
493 1
494 -1
493 1
493 -1
492 1
492 -1
492 1
492 -1
492 1
492 -1
492 1
492 -1
491 1
491 -1
491 1
491 -1
490 1
490 -1
490 1
490 -1
489 1
489 -1
489 1
489 -1
488 1
488 -1
487 1
487 -1
486 1
486 -1
485 1
485 -1
485 1
485 -1
483 1
483 -1
483 1
483 -1
481 1
481 -1
480 1
480 -1
479 1
479 -1
479 1
479 -1
477 1
477 -1
476 1
476 -1
0 -1
1149 1
887 1
887 -1
524 1
524 -1
524 1
524 -1
521 1
521 -1
520 1
520 -1
520 1
520 -1
520 1
520 -1
519 1
519 -1
519 1
519 -1
519 1
519 -1
515 1
515 -1
515 1
515 -1
514 1
514 -1
514 1
514 -1
513 1
513 -1
513 1
513 -1
513 1
513 -1
512 1
512 -1
511 1
511 -1
511 1
511 -1
510 1
510 -1
509 1
510 -1
510 1
510 -1
509 1
509 -1
508 1
508 -1
507 1
507 -1
507 1
507 -1
505 1
505 -1
505 1
505 -1
505 1
505 -1
504 1
504 -1
503 1
504 -1
502 1
502 -1
502 1
502 -1
501 1
501 -1
498 1
498 -1
498 1
498 -1
497 1
497 -1
496 1
496 -1
495 1
495 -1
495 1
495 -1
494 1
494 -1
493 1
493 -1
492 1
492 -1
492 1
492 -1
492 1
492 -1
492 1
492 -1
491 1
491 -1
491 1
491 -1
490 1
490 -1
490 1
490 -1
489 1
489 -1
489 1
489 -1
489 1
489 -1
488 1
488 -1
487 1
487 -1
487 1
487 -1
487 1
487 -1
485 1
485 -1
483 1
483 -1
483 1
483 -1
482 1
482 -1
481 1
481 -1
480 1
480 -1
480 1
480 -1
480 1
480 -1
479 1
479 -1
479 1
479 -1
478 1
478 -1
477 1
477 -1
477 1
477 -1
477 1
477 -1
477 1
477 -1
475 1
475 -1
475 1
475 -1
0 -1
1149 1
522 1
523 -1
522 1
522 -1
522 1
522 -1
522 1
522 -1
522 1
522 -1
521 1
521 -1
521 1
521 -1
521 1
521 -1
519 1
519 -1
519 1
519 -1
518 1
518 -1
518 1
518 -1
518 1
518 -1
515 1
515 -1
515 1
515 -1
514 1
514 -1
513 1
513 -1
512 1
512 -1
511 1
511 -1
511 1
511 -1
510 1
510 -1
510 1
510 -1
510 1
510 -1
509 1
509 -1
509 1
509 -1
509 1
509 -1
508 1
508 -1
508 1
508 -1
508 1
508 -1
507 1
507 -1
506 1
506 -1
506 1
506 -1
504 1
504 -1
504 1
504 -1
504 1
504 -1
504 1
504 -1
502 1
502 -1
502 1
502 -1
500 1
500 -1
498 1
498 -1
498 1
498 -1
497 1
497 -1
496 1
496 -1
496 1
496 -1
496 1
496 -1
495 1
495 -1
495 1
495 -1
494 1
494 -1
494 1
494 -1
493 1
493 -1
492 1
492 -1
492 1
492 -1
491 1
491 -1
491 1
491 -1
490 1
490 -1
489 1
489 -1
489 1
489 -1
489 1
489 -1
488 1
488 -1
486 1
486 -1
486 1
486 -1
486 1
486 -1
485 1
486 -1
485 1
485 -1
484 1
484 -1
484 1
484 -1
481 1
481 -1
479 1
479 -1
478 1
478 -1
477 1
477 -1
477 1
477 -1
477 1
477 -1
475 1
475 -1
475 1
475 -1
513 1
513 -1
0 -1
1149 1
523 1
523 -1
522 1
522 -1
522 1
522 -1
521 1
522 -1
522 1
522 -1
521 1
521 -1
521 1
521 -1
520 1
520 -1
520 1
520 -1
519 1
519 -1
517 1
517 -1
517 1
517 -1
516 1
516 -1
515 1
515 -1
514 1
514 -1
513 1
513 -1
512 1
512 -1
512 1
512 -1
512 1
512 -1
511 1
511 -1
511 1
511 -1
509 1
509 -1
509 1
509 -1
508 1
509 -1
508 1
508 -1
507 1
507 -1
507 1
507 -1
506 1
506 -1
505 1
505 -1
505 1
505 -1
503 1
503 -1
502 1
502 -1
500 1
500 -1
500 1
500 -1
499 1
499 -1
497 1
497 -1
497 1
497 -1
497 1
497 -1
496 1
496 -1
496 1
496 -1
494 1
494 -1
493 1
493 -1
492 1
492 -1
492 1
492 -1
492 1
492 -1
492 1
492 -1
491 1
491 -1
490 1
490 -1
490 1
490 -1
489 1
489 -1
488 1
489 -1
489 1
489 -1
487 1
487 -1
486 1
487 -1
483 1
483 -1
483 1
483 -1
483 1
483 -1
483 1
483 -1
482 1
482 -1
482 1
482 -1
481 1
481 -1
481 1
481 -1
480 1
480 -1
480 1
480 -1
478 1
478 -1
477 1
477 -1
477 1
477 -1
476 1
476 -1
476 1
476 -1
499 1
499 -1
499 1
499 -1
509 1
509 -1
0 -1
1149 1
1067 1
1067 -1
999 1
999 -1
524 1
524 -1
522 1
522 -1
521 1
521 -1
520 1
520 -1
518 1
518 -1
517 1
518 -1
517 1
517 -1
517 1
517 -1
517 1
517 -1
517 1
517 -1
516 1
516 -1
515 1
515 -1
514 1
514 -1
512 1
512 -1
512 1
512 -1
512 1
512 -1
512 1
512 -1
511 1
511 -1
511 1
511 -1
510 1
510 -1
510 1
510 -1
510 1
510 -1
509 1
509 -1
508 1
508 -1
508 1
508 -1
507 1
507 -1
506 1
506 -1
503 1
503 -1
503 1
503 -1
503 1
503 -1
502 1
502 -1
501 1
501 -1
501 1
501 -1
501 1
501 -1
501 1
501 -1
499 1
499 -1
498 1
498 -1
497 1
497 -1
497 1
497 -1
496 1
496 -1
496 1
496 -1
495 1
495 -1
495 1
495 -1
494 1
494 -1
493 1
493 -1
491 1
491 -1
490 1
490 -1
490 1
490 -1
487 1
487 -1
486 1
486 -1
486 1
486 -1
485 1
485 -1
485 1
485 -1
484 1
484 -1
484 1
484 -1
484 1
484 -1
484 1
484 -1
482 1
482 -1
481 1
481 -1
481 1
481 -1
481 1
481 -1
480 1
480 -1
480 1
480 -1
479 1
479 -1
479 1
479 -1
479 1
479 -1
478 1
478 -1
477 1
477 -1
524 1
524 -1
510 1
510 -1
0 -1
1149 1
1089 1
1089 -1
524 1
524 -1
523 1
523 -1
522 1
522 -1
522 1
522 -1
521 1
521 -1
520 1
520 -1
520 1
520 -1
520 1
520 -1
520 1
520 -1
520 1
520 -1
520 1
520 -1
519 1
519 -1
518 1
518 -1
517 1
517 -1
516 1
516 -1
516 1
516 -1
516 1
516 -1
515 1
515 -1
514 1
514 -1
513 1
513 -1
513 1
513 -1
513 1
513 -1
512 1
512 -1
512 1
512 -1
511 1
511 -1
511 1
511 -1
511 1
511 -1
511 1
511 -1
511 1
511 -1
510 1
510 -1
509 1
509 -1
509 1
509 -1
507 1
507 -1
506 1
506 -1
506 1
506 -1
505 1
505 -1
504 1
504 -1
504 1
504 -1
503 1
503 -1
501 1
501 -1
501 1
501 -1
499 1
499 -1
499 1
499 -1
498 1
498 -1
495 1
495 -1
495 1
495 -1
493 1
493 -1
492 1
492 -1
492 1
492 -1
491 1
491 -1
491 1
491 -1
490 1
490 -1
490 1
490 -1
490 1
490 -1
488 1
488 -1
486 1
486 -1
486 1
486 -1
484 1
484 -1
483 1
484 -1
484 1
484 -1
482 1
482 -1
482 1
482 -1
481 1
481 -1
480 1
480 -1
480 1
480 -1
480 1
480 -1
480 1
480 -1
477 1
477 -1
477 1
477 -1
477 1
477 -1
477 1
477 -1
476 1
476 -1
513 1
513 -1
0 -1
1149 1
524 1
524 -1
523 1
523 -1
523 1
523 -1
521 1
521 -1
521 1
521 -1
520 1
520 -1
520 1
520 -1
519 1
519 -1
518 1
518 -1
517 1
517 -1
516 1
516 -1
515 1
515 -1
515 1
515 -1
515 1
515 -1
513 1
513 -1
513 1
513 -1
511 1
512 -1
511 1
511 -1
511 1
511 -1
511 1
511 -1
510 1
511 -1
510 1
510 -1
509 1
509 -1
509 1
509 -1
509 1
509 -1
508 1
508 -1
507 1
507 -1
506 1
506 -1
506 1
506 -1
505 1
505 -1
503 1
503 -1
503 1
503 -1
503 1
503 -1
502 1
502 -1
502 1
502 -1
501 1
501 -1
499 1
499 -1
494 1
494 -1
493 1
493 -1
492 1
492 -1
492 1
492 -1
492 1
492 -1
491 1
491 -1
490 1
490 -1
486 1
486 -1
486 1
486 -1
485 1
485 -1
484 1
484 -1
484 1
484 -1
483 1
483 -1
483 1
483 -1
481 1
481 -1
481 1
481 -1
480 1
480 -1
479 1
479 -1
477 1
477 -1
483 1
483 -1
0 -1
1149 1
948 1
948 -1
900 1
920 -1
875 1
883 -1
524 1
524 -1
523 1
523 -1
519 1
519 -1
519 1
519 -1
518 1
518 -1
517 1
517 -1
517 1
517 -1
515 1
515 -1
515 1
515 -1
515 1
515 -1
515 1
515 -1
514 1
514 -1
514 1
514 -1
513 1
513 -1
513 1
513 -1
513 1
513 -1
513 1
513 -1
511 1
511 -1
511 1
511 -1
510 1
510 -1
508 1
508 -1
507 1
507 -1
507 1
507 -1
506 1
506 -1
506 1
506 -1
505 1
505 -1
505 1
505 -1
505 1
505 -1
504 1
504 -1
504 1
504 -1
503 1
503 -1
502 1
502 -1
501 1
501 -1
501 1
501 -1
500 1
500 -1
500 1
500 -1
500 1
500 -1
498 1
498 -1
498 1
498 -1
497 1
497 -1
497 1
497 -1
497 1
497 -1
497 1
497 -1
496 1
496 -1
496 1
496 -1
495 1
495 -1
495 1
495 -1
494 1
494 -1
493 1
494 -1
493 1
493 -1
493 1
493 -1
493 1
493 -1
493 1
493 -1
493 1
493 -1
492 1
492 -1
492 1
492 -1
492 1
492 -1
491 1
491 -1
489 1
489 -1
488 1
489 -1
489 1
489 -1
488 1
488 -1
487 1
487 -1
486 1
486 -1
482 1
482 -1
481 1
481 -1
481 1
481 -1
480 1
480 -1
480 1
480 -1
479 1
479 -1
478 1
478 -1
478 1
478 -1
478 1
478 -1
478 1
478 -1
477 1
477 -1
477 1
477 -1
477 1
477 -1
477 1
477 -1
476 1
476 -1
476 1
476 -1
475 1
475 -1
0 -1
1149 1
1131 1
1132 -1
861 1
861 -1
524 1
524 -1
524 1
524 -1
521 1
521 -1
521 1
521 -1
519 1
519 -1
519 1
519 -1
518 1
518 -1
518 1
518 -1
517 1
517 -1
517 1
517 -1
516 1
516 -1
513 1
513 -1
512 1
512 -1
511 1
511 -1
509 1
509 -1
508 1
508 -1
508 1
508 -1
504 1
504 -1
503 1
503 -1
501 1
501 -1
501 1
501 -1
499 1
499 -1
499 1
499 -1
499 1
499 -1
498 1
498 -1
497 1
497 -1
497 1
497 -1
497 1
497 -1
496 1
496 -1
496 1
496 -1
496 1
496 -1
495 1
495 -1
495 1
495 -1
489 1
489 -1
489 1
489 -1
489 1
489 -1
488 1
488 -1
487 1
487 -1
486 1
486 -1
485 1
485 -1
481 1
481 -1
481 1
481 -1
481 1
481 -1
481 1
481 -1
480 1
480 -1
477 1
477 -1
476 1
476 -1
475 1
475 -1
475 1
475 -1
489 1
489 -1
0 -1
1149 1
524 1
524 -1
524 1
524 -1
523 1
523 -1
523 1
523 -1
523 1
523 -1
523 1
523 -1
522 1
522 -1
522 1
522 -1
521 1
521 -1
520 1
520 -1
517 1
517 -1
516 1
516 -1
516 1
516 -1
516 1
516 -1
516 1
516 -1
516 1
516 -1
516 1
516 -1
516 1
516 -1
515 1
516 -1
516 1
516 -1
516 1
516 -1
515 1
515 -1
515 1
515 -1
514 1
514 -1
514 1
514 -1
514 1
514 -1
512 1
512 -1
510 1
510 -1
510 1
510 -1
509 1
509 -1
508 1
508 -1
507 1
507 -1
506 1
506 -1
505 1
505 -1
504 1
504 -1
503 1
503 -1
502 1
502 -1
500 1
501 -1
501 1
501 -1
500 1
500 -1
498 1
498 -1
497 1
497 -1
496 1
496 -1
495 1
495 -1
495 1
495 -1
494 1
494 -1
494 1
494 -1
494 1
494 -1
491 1
491 -1
490 1
490 -1
489 1
490 -1
489 1
489 -1
488 1
488 -1
485 1
485 -1
483 1
483 -1
483 1
483 -1
483 1
483 -1
482 1
482 -1
482 1
482 -1
481 1
481 -1
481 1
481 -1
480 1
480 -1
480 1
480 -1
478 1
478 -1
478 1
478 -1
476 1
476 -1
0 -1
1149 1
862 1
862 -1
524 1
524 -1
524 1
524 -1
523 1
523 -1
522 1
522 -1
522 1
522 -1
521 1
521 -1
521 1
521 -1
520 1
520 -1
520 1
520 -1
519 1
519 -1
519 1
519 -1
519 1
519 -1
518 1
518 -1
518 1
518 -1
516 1
516 -1
514 1
514 -1
514 1
514 -1
513 1
513 -1
513 1
513 -1
512 1
512 -1
512 1
512 -1
512 1
512 -1
512 1
512 -1
511 1
511 -1
511 1
511 -1
511 1
511 -1
510 1
510 -1
509 1
509 -1
509 1
509 -1
509 1
509 -1
508 1
508 -1
506 1
506 -1
505 1
505 -1
505 1
505 -1
504 1
504 -1
503 1
503 -1
502 1
502 -1
502 1
502 -1
498 1
498 -1
497 1
497 -1
496 1
496 -1
495 1
496 -1
495 1
495 -1
495 1
495 -1
493 1
493 -1
493 1
493 -1
492 1
492 -1
491 1
491 -1
491 1
491 -1
490 1
490 -1
490 1
490 -1
488 1
488 -1
488 1
488 -1
487 1
487 -1
486 1
486 -1
484 1
484 -1
483 1
483 -1
483 1
483 -1
483 1
483 -1
482 1
482 -1
481 1
481 -1
481 1
481 -1
481 1
481 -1
480 1
480 -1
480 1
480 -1
479 1
479 -1
478 1
478 -1
477 1
477 -1
477 1
477 -1
477 1
477 -1
476 1
476 -1
0 -1
1149 1
1081 1
1082 -1
984 1
984 -1
524 1
524 -1
523 1
523 -1
523 1
523 -1
520 1
520 -1
519 1
519 -1
519 1
519 -1
519 1
519 -1
518 1
518 -1
515 1
515 -1
515 1
515 -1
514 1
514 -1
514 1
514 -1
512 1
512 -1
512 1
512 -1
512 1
512 -1
510 1
510 -1
509 1
509 -1
509 1
509 -1
508 1
508 -1
508 1
508 -1
507 1
507 -1
506 1
506 -1
505 1
505 -1
504 1
504 -1
504 1
504 -1
504 1
504 -1
503 1
503 -1
503 1
503 -1
502 1
502 -1
501 1
501 -1
501 1
501 -1
500 1
500 -1
500 1
500 -1
499 1
499 -1
499 1
499 -1
497 1
497 -1
497 1
497 -1
496 1
496 -1
496 1
496 -1
495 1
495 -1
495 1
495 -1
495 1
495 -1
494 1
494 -1
494 1
494 -1
493 1
493 -1
493 1
493 -1
493 1
493 -1
492 1
492 -1
492 1
492 -1
492 1
492 -1
490 1
490 -1
488 1
488 -1
488 1
488 -1
487 1
487 -1
486 1
486 -1
485 1
485 -1
485 1
485 -1
484 1
484 -1
484 1
484 -1
481 1
481 -1
478 1
478 -1
478 1
478 -1
477 1
477 -1
476 1
476 -1
476 1
476 -1
475 1
475 -1
475 1
475 -1
0 -1
1149 1
1081 1
1081 -1
524 1
524 -1
524 1
524 -1
522 1
522 -1
520 1
520 -1
520 1
520 -1
520 1
520 -1
519 1
519 -1
519 1
519 -1
518 1
518 -1
517 1
517 -1
517 1
517 -1
517 1
517 -1
516 1
517 -1
517 1
517 -1
515 1
515 -1
515 1
515 -1
513 1
513 -1
509 1
509 -1
508 1
508 -1
507 1
507 -1
506 1
506 -1
505 1
505 -1
505 1
505 -1
504 1
504 -1
502 1
502 -1
501 1
501 -1
501 1
501 -1
499 1
499 -1
499 1
499 -1
499 1
499 -1
498 1
498 -1
498 1
498 -1
496 1
496 -1
494 1
494 -1
493 1
493 -1
493 1
493 -1
493 1
493 -1
492 1
492 -1
492 1
492 -1
492 1
492 -1
491 1
491 -1
490 1
490 -1
490 1
490 -1
489 1
489 -1
488 1
488 -1
487 1
487 -1
486 1
486 -1
486 1
486 -1
486 1
486 -1
485 1
485 -1
483 1
483 -1
483 1
483 -1
483 1
483 -1
483 1
483 -1
482 1
482 -1
479 1
480 -1
478 1
478 -1
476 1
476 -1
476 1
476 -1
475 1
476 -1
475 1
475 -1
475 1
475 -1
0 -1
1149 1
524 1
524 -1
523 1
523 -1
522 1
522 -1
521 1
521 -1
520 1
520 -1
520 1
520 -1
520 1
520 -1
520 1
520 -1
519 1
519 -1
518 1
518 -1
518 1
518 -1
517 1
517 -1
517 1
517 -1
517 1
517 -1
516 1
516 -1
515 1
515 -1
514 1
515 -1
514 1
514 -1
513 1
513 -1
513 1
513 -1
512 1
512 -1
511 1
511 -1
511 1
511 -1
511 1
511 -1
510 1
510 -1
509 1
509 -1
508 1
508 -1
508 1
508 -1
507 1
507 -1
507 1
507 -1
507 1
507 -1
507 1
507 -1
506 1
506 -1
504 1
504 -1
502 1
502 -1
501 1
501 -1
500 1
500 -1
497 1
497 -1
497 1
497 -1
495 1
495 -1
494 1
494 -1
493 1
493 -1
493 1
493 -1
493 1
493 -1
492 1
492 -1
491 1
491 -1
491 1
491 -1
491 1
491 -1
490 1
490 -1
490 1
490 -1
490 1
490 -1
488 1
488 -1
488 1
488 -1
488 1
488 -1
488 1
488 -1
488 1
488 -1
487 1
487 -1
487 1
487 -1
487 1
487 -1
485 1
485 -1
485 1
485 -1
484 1
484 -1
484 1
484 -1
482 1
482 -1
482 1
482 -1
480 1
480 -1
479 1
479 -1
478 1
478 -1
478 1
478 -1
477 1
477 -1
476 1
476 -1
476 1
476 -1
476 1
476 -1
475 1
475 -1
475 1
475 -1
0 -1
1149 1
970 1
970 -1
522 1
522 -1
521 1
521 -1
521 1
521 -1
519 1
519 -1
519 1
519 -1
519 1
519 -1
518 1
518 -1
517 1
517 -1
516 1
516 -1
515 1
515 -1
514 1
514 -1
514 1
514 -1
514 1
514 -1
513 1
513 -1
513 1
513 -1
513 1
513 -1
512 1
512 -1
511 1
511 -1
511 1
511 -1
510 1
510 -1
510 1
510 -1
509 1
509 -1
507 1
507 -1
505 1
505 -1
505 1
505 -1
504 1
505 -1
504 1
504 -1
504 1
504 -1
504 1
504 -1
503 1
503 -1
500 1
500 -1
500 1
500 -1
499 1
499 -1
499 1
499 -1
497 1
497 -1
497 1
497 -1
496 1
496 -1
494 1
494 -1
492 1
492 -1
489 1
489 -1
487 1
487 -1
485 1
485 -1
485 1
485 -1
485 1
485 -1
484 1
484 -1
484 1
484 -1
483 1
483 -1
483 1
483 -1
480 1
480 -1
480 1
480 -1
478 1
478 -1
477 1
477 -1
475 1
475 -1
501 1
501 -1
0 -1
1149 1
1085 1
1084 -1
906 1
906 -1
524 1
524 -1
524 1
524 -1
523 1
523 -1
522 1
522 -1
522 1
522 -1
521 1
521 -1
521 1
521 -1
521 1
521 -1
520 1
520 -1
519 1
519 -1
518 1
518 -1
518 1
518 -1
517 1
517 -1
517 1
517 -1
517 1
517 -1
517 1
517 -1
517 1
517 -1
515 1
515 -1
515 1
515 -1
514 1
515 -1
515 1
515 -1
514 1
514 -1
514 1
514 -1
513 1
513 -1
513 1
513 -1
511 1
511 -1
511 1
511 -1
510 1
510 -1
510 1
510 -1
510 1
510 -1
509 1
509 -1
509 1
509 -1
506 1
506 -1
505 1
505 -1
505 1
505 -1
505 1
505 -1
505 1
505 -1
502 1
502 -1
502 1
502 -1
502 1
502 -1
500 1
500 -1
499 1
499 -1
499 1
499 -1
497 1
497 -1
497 1
497 -1
496 1
496 -1
490 1
490 -1
488 1
488 -1
487 1
487 -1
486 1
486 -1
486 1
486 -1
484 1
484 -1
484 1
484 -1
482 1
482 -1
482 1
482 -1
481 1
481 -1
481 1
481 -1
480 1
481 -1
479 1
479 -1
479 1
479 -1
478 1
478 -1
478 1
478 -1
476 1
476 -1
475 1
475 -1
475 1
475 -1
475 1
475 -1
0 -1
1149 1
520 1
520 -1
520 1
520 -1
517 1
517 -1
517 1
517 -1
516 1
516 -1
515 1
515 -1
514 1
515 -1
514 1
514 -1
514 1
514 -1
513 1
513 -1
512 1
512 -1
512 1
512 -1
512 1
512 -1
512 1
512 -1
511 1
511 -1
511 1
511 -1
510 1
510 -1
510 1
510 -1
509 1
509 -1
508 1
508 -1
507 1
507 -1
506 1
506 -1
506 1
506 -1
505 1
506 -1
505 1
505 -1
504 1
504 -1
503 1
503 -1
502 1
502 -1
501 1
501 -1
501 1
501 -1
501 1
501 -1
500 1
500 -1
499 1
499 -1
498 1
498 -1
498 1
498 -1
497 1
497 -1
496 1
496 -1
496 1
496 -1
495 1
495 -1
495 1
495 -1
492 1
492 -1
492 1
492 -1
492 1
492 -1
491 1
491 -1
490 1
490 -1
489 1
489 -1
489 1
489 -1
489 1
489 -1
487 1
487 -1
487 1
487 -1
484 1
484 -1
483 1
483 -1
482 1
482 -1
482 1
482 -1
482 1
482 -1
481 1
481 -1
479 1
479 -1
475 1
475 -1
475 1
475 -1
0 -1
1149 1
900 1
900 -1
524 1
524 -1
524 1
524 -1
524 1
524 -1
524 1
524 -1
520 1
520 -1
520 1
520 -1
519 1
519 -1
519 1
519 -1
518 1
518 -1
518 1
518 -1
518 1
518 -1
518 1
518 -1
517 1
517 -1
517 1
517 -1
517 1
517 -1
515 1
515 -1
515 1
515 -1
514 1
514 -1
513 1
513 -1
511 1
511 -1
510 1
510 -1
509 1
509 -1
509 1
509 -1
508 1
508 -1
508 1
508 -1
508 1
508 -1
507 1
507 -1
506 1
506 -1
506 1
506 -1
503 1
503 -1
503 1
503 -1
503 1
503 -1
502 1
502 -1
502 1
502 -1
501 1
501 -1
501 1
501 -1
500 1
500 -1
500 1
500 -1
499 1
499 -1
498 1
498 -1
498 1
498 -1
494 1
494 -1
494 1
494 -1
493 1
493 -1
493 1
493 -1
492 1
492 -1
492 1
492 -1
492 1
492 -1
491 1
491 -1
491 1
491 -1
490 1
490 -1
490 1
490 -1
489 1
489 -1
489 1
489 -1
488 1
488 -1
488 1
488 -1
487 1
487 -1
487 1
487 -1
485 1
485 -1
483 1
483 -1
483 1
483 -1
482 1
482 -1
482 1
482 -1
481 1
481 -1
481 1
481 -1
481 1
481 -1
480 1
480 -1
478 1
478 -1
478 1
478 -1
478 1
478 -1
477 1
477 -1
477 1
477 -1
475 1
475 -1
520 1
520 -1
0 -1
483 1
483 -12
483 12
483 -1
485 1
484 1
484 -1
484 1
484 -1
484 1
484 -1
484 1
484 -1
484 1
484 -1
484 1
484 -1
483 1
483 -1
483 1
483 -1
483 1
483 -1
483 1
483 -1
483 1
483 -1
483 1
483 -1
483 1
483 -1
483 1
483 -1
483 1
483 -1
483 1
483 -1
482 1
482 -1
481 1
481 -1
481 1
481 -1
481 1
481 -1
480 1
480 -1
479 1
479 -1
477 1
477 -1
478 1
478 -1
478 1
478 -1
483 1
483 -1
487 1
487 -1
487 1
487 -1
488 1
487 -1
487 1
487 -1
489 1
489 -1
483 -1
946 1
524 1
524 -1
524 1
524 -1
524 1
524 -1
523 1
523 -1
523 1
523 -1
521 1
521 -1
520 1
520 -1
520 1
520 -1
520 1
520 -1
519 1
519 -1
519 1
519 -1
518 1
518 -1
518 1
518 -1
516 1
516 -1
515 1
516 -1
515 1
515 -1
515 1
515 -1
515 1
515 -1
514 1
514 -1
513 1
513 -1
513 1
513 -1
512 1
512 -1
511 1
511 -1
510 1
510 -1
509 1
509 -1
509 1
509 -1
508 1
508 -1
508 1
508 -1
507 1
507 -1
507 1
507 -1
507 1
507 -1
507 1
507 -1
507 1
507 -1
507 1
507 -1
506 1
506 -1
506 1
506 -1
505 1
505 -1
505 1
505 -1
504 1
504 -1
504 1
504 -1
504 1
504 -1
503 1
503 -1
503 1
503 -1
503 1
503 -1
502 1
502 -1
501 1
501 -1
501 1
501 -1
501 1
501 -1
500 1
500 -1
500 1
500 -1
500 1
500 -1
499 1
499 -1
499 1
499 -1
498 1
498 -1
498 1
498 -1
497 1
497 -1
497 1
497 -1
495 1
495 -1
495 1
495 -1
495 1
495 -1
495 1
495 -1
495 1
495 -1
494 1
494 -1
493 1
493 -1
493 1
493 -1
493 1
493 -1
492 1
492 -1
491 1
491 -1
490 1
490 -1
488 1
488 -1
485 1
485 -1
485 1
485 -1
484 1
484 -1
484 1
484 -1
484 1
484 -1
484 1
484 -1
483 1
484 -1
0 -1
1149 1
524 1
524 -1
524 1
524 -1
522 1
522 -1
521 1
521 -1
520 1
520 -1
520 1
520 -1
519 1
519 -1
518 1
518 -1
518 1
518 -1
517 1
517 -1
517 1
517 -1
515 1
515 -1
511 1
511 -1
510 1
510 -1
510 1
510 -1
510 1
510 -1
508 1
508 -1
507 1
507 -1
507 1
507 -1
506 1
506 -1
505 1
505 -1
503 1
503 -1
502 1
502 -1
502 1
502 -1
501 1
502 -1
501 1
501 -1
500 1
500 -1
499 1
499 -1
498 1
498 -1
498 1
498 -1
498 1
498 -1
498 1
498 -1
497 1
497 -1
497 1
497 -1
497 1
497 -1
497 1
497 -1
495 1
495 -1
495 1
495 -1
493 1
493 -1
492 1
492 -1
492 1
492 -1
492 1
492 -1
491 1
491 -1
490 1
490 -1
489 1
489 -1
489 1
489 -1
488 1
488 -1
487 1
487 -1
486 1
486 -1
486 1
486 -1
486 1
486 -1
486 1
486 -1
485 1
486 -1
485 1
485 -1
484 1
484 -1
483 1
483 -1
483 1
483 -1
482 1
482 -1
478 1
478 -1
477 1
477 -1
477 1
477 -1
476 1
476 -1
475 1
475 -1
475 1
475 -1
0 -1
1149 1
523 1
523 -1
523 1
523 -1
521 1
521 -1
521 1
521 -1
517 1
517 -1
517 1
517 -1
517 1
517 -1
516 1
516 -1
515 1
515 -1
515 1
515 -1
514 1
514 -1
514 1
514 -1
513 1
513 -1
512 1
512 -1
510 1
510 -1
510 1
510 -1
510 1
510 -1
509 1
509 -1
509 1
509 -1
506 1
506 -1
505 1
505 -1
505 1
505 -1
504 1
504 -1
502 1
502 -1
502 1
502 -1
501 1
501 -1
501 1
501 -1
501 1
501 -1
499 1
499 -1
499 1
499 -1
498 1
498 -1
498 1
498 -1
497 1
497 -1
497 1
497 -1
496 1
496 -1
496 1
496 -1
496 1
496 -1
496 1
496 -1
495 1
495 -1
494 1
494 -1
494 1
494 -1
494 1
494 -1
494 1
494 -1
492 1
492 -1
492 1
492 -1
490 1
490 -1
489 1
489 -1
489 1
489 -1
486 1
486 -1
486 1
486 -1
486 1
486 -1
485 1
485 -1
485 1
485 -1
485 1
485 -1
484 1
484 -1
482 1
482 -1
481 1
481 -1
478 1
478 -1
477 1
477 -1
477 1
477 -1
477 1
477 -1
476 1
476 -1
476 1
476 -1
475 1
475 -1
510 1
510 -1
0 -1
1149 1
524 1
524 -1
523 1
523 -1
523 1
523 -1
523 1
523 -1
523 1
523 -1
521 1
521 -1
521 1
521 -1
521 1
521 -1
521 1
521 -1
520 1
520 -1
518 1
518 -1
516 1
516 -1
512 1
512 -1
512 1
512 -1
512 1
512 -1
510 1
510 -1
509 1
509 -1
508 1
508 -1
508 1
508 -1
508 1
508 -1
507 1
507 -1
505 1
505 -1
502 1
502 -1
502 1
502 -1
501 1
501 -1
501 1
501 -1
500 1
500 -1
500 1
500 -1
499 1
499 -1
498 1
498 -1
497 1
497 -1
495 1
495 -1
495 1
495 -1
495 1
495 -1
495 1
495 -1
495 1
495 -1
494 1
495 -1
494 1
494 -1
493 1
493 -1
493 1
493 -1
492 1
492 -1
491 1
491 -1
491 1
491 -1
490 1
490 -1
490 1
490 -1
489 1
490 -1
489 1
489 -1
489 1
489 -1
488 1
488 -1
488 1
488 -1
487 1
487 -1
486 1
487 -1
485 1
485 -1
485 1
485 -1
485 1
485 -1
485 1
485 -1
485 1
485 -1
484 1
484 -1
484 1
484 -1
483 1
483 -1
482 1
482 -1
482 1
482 -1
482 1
482 -1
481 1
481 -1
480 1
481 -1
480 1
480 -1
479 1
479 -1
479 1
479 -1
479 1
479 -1
477 1
477 -1
476 1
476 -1
490 1
490 -1
490 1
490 -1
507 1
507 -1
508 1
508 -1
506 1
506 -1
0 -1
1149 1
524 1
524 -1
524 1
524 -1
524 1
524 -1
524 1
524 -1
523 1
523 -1
521 1
521 -1
520 1
520 -1
519 1
519 -1
519 1
519 -1
518 1
518 -1
517 1
517 -1
517 1
517 -1
516 1
516 -1
515 1
515 -1
515 1
515 -1
515 1
515 -1
515 1
515 -1
514 1
514 -1
513 1
513 -1
512 1
512 -1
511 1
511 -1
510 1
510 -1
510 1
510 -1
509 1
509 -1
509 1
509 -1
506 1
506 -1
505 1
505 -1
505 1
505 -1
505 1
505 -1
505 1
505 -1
504 1
504 -1
504 1
504 -1
503 1
503 -1
500 1
500 -1
499 1
499 -1
499 1
499 -1
498 1
498 -1
497 1
497 -1
496 1
496 -1
495 1
495 -1
494 1
494 -1
494 1
494 -1
494 1
494 -1
494 1
494 -1
493 1
493 -1
493 1
493 -1
493 1
493 -1
491 1
491 -1
490 1
490 -1
489 1
489 -1
488 1
488 -1
486 1
486 -1
485 1
485 -1
483 1
483 -1
483 1
483 -1
483 1
483 -1
482 1
482 -1
481 1
481 -1
481 1
481 -1
481 1
481 -1
480 1
480 -1
479 1
479 -1
479 1
479 -1
479 1
479 -1
478 1
478 -1
478 1
478 -1
478 1
478 -1
477 1
477 -1
477 1
477 -1
475 1
475 -1
475 1
475 -1
499 1
499 -1
0 -1
487 1
487 -8
487 8
487 -2
487 2
487 -1
487 1
487 -1
487 1
487 -1
487 1
487 -1
819 1
522 1
718 -1
522 1
522 -1
522 1
522 -1
522 1
522 -1
522 1
522 -1
522 1
522 -1
522 1
522 -1
522 1
522 -1
522 1
522 -1
521 1
521 -1
521 1
521 -1
521 1
521 -1
520 1
520 -1
519 1
519 -1
519 1
519 -1
519 1
519 -1
518 1
518 -1
518 1
518 -1
518 1
518 -1
518 1
518 -1
518 1
518 -1
517 1
517 -1
517 1
517 -1
517 1
517 -1
516 1
516 -1
516 1
516 -1
516 1
516 -1
515 1
515 -1
515 1
515 -1
515 1
515 -1
515 1
515 -1
515 1
515 -1
514 1
514 -1
513 1
513 -1
513 1
513 -1
512 1
512 -1
511 1
512 -1
511 1
511 -1
510 1
510 -1
510 1
510 -1
510 1
510 -1
509 1
509 -1
509 1
509 -1
509 1
509 -1
509 1
509 -1
509 1
509 -1
509 1
509 -1
509 1
509 -1
508 1
508 -1
508 1
508 -1
508 1
508 -1
508 1
508 -1
507 1
507 -1
507 1
507 -1
507 1
507 -1
507 1
507 -1
507 1
507 -1
506 1
506 -1
506 1
506 -1
506 1
506 -1
506 1
506 -1
505 1
505 -1
505 1
505 -1
505 1
505 -1
505 1
505 -1
505 1
505 -1
504 1
504 -1
504 1
504 -1
504 1
504 -1
504 1
504 -1
503 1
504 -1
503 1
503 -1
502 1
502 -1
501 1
501 -1
501 1
501 -1
501 1
501 -1
501 1
501 -1
501 1
501 -1
500 1
500 -1
500 1
500 -1
500 1
500 -1
499 1
499 -1
499 1
499 -1
499 1
499 -1
499 1
499 -1
499 1
499 -1
498 1
498 -1
498 1
498 -1
497 1
497 -1
497 1
497 -1
497 1
497 -1
496 1
496 -1
496 1
496 -1
496 1
496 -1
496 1
496 -1
495 1
495 -1
495 1
495 -1
495 1
495 -1
495 1
495 -1
495 1
495 -1
495 1
495 -1
495 1
495 -1
495 1
495 -1
494 1
494 -1
494 1
494 -1
494 1
494 -1
494 1
494 -1
493 1
493 -1
493 1
493 -1
493 1
493 -1
493 1
493 -1
492 1
492 -1
492 1
492 -1
490 1
490 -1
490 1
490 -1
490 1
490 -1
490 1
490 -1
489 1
489 -1
489 1
489 -1
489 1
489 -1
488 1
488 -1
488 1
488 -1
487 1
487 -1
485 1
485 -1
484 1
484 -1
483 1
483 -1
482 1
482 -1
482 1
482 -1
482 1
482 -1
481 1
481 -1
480 1
480 -1
480 1
480 -1
479 1
479 -1
478 1
478 -1
478 1
478 -1
478 1
478 -1
475 1
475 -1
496 1
496 -1
501 1
501 -1
520 1
520 -1
478 1
478 -1
483 1
483 -1
0 -1
1149 1
523 1
523 -1
522 1
522 -1
520 1
520 -1
520 1
520 -1
517 1
517 -1
517 1
517 -1
516 1
516 -1
515 1
515 -1
515 1
515 -1
514 1
514 -1
514 1
514 -1
513 1
513 -1
513 1
513 -1
512 1
512 -1
512 1
512 -1
510 1
510 -1
506 1
506 -1
506 1
506 -1
506 1
506 -1
506 1
506 -1
505 1
505 -1
504 1
504 -1
502 1
502 -1
501 1
501 -1
501 1
501 -1
499 1
499 -1
498 1
498 -1
497 1
497 -1
496 1
496 -1
496 1
496 -1
495 1
495 -1
494 1
494 -1
493 1
493 -1
493 1
493 -1
493 1
493 -1
489 1
489 -1
487 1
487 -1
487 1
487 -1
487 1
487 -1
487 1
487 -1
487 1
487 -1
486 1
486 -1
483 1
483 -1
482 1
483 -1
482 1
482 -1
482 1
482 -1
479 1
479 -1
476 1
476 -1
475 1
475 -1
0 -1
1149 1
1124 1
1079 -1
1079 1
1078 -1
1093 1
1093 -1
982 1
983 -1
523 1
523 -1
523 1
523 -1
523 1
523 -1
522 1
522 -1
522 1
522 -1
521 1
521 -1
521 1
521 -1
521 1
521 -1
521 1
521 -1
521 1
521 -1
521 1
521 -1
520 1
520 -1
520 1
520 -1
519 1
519 -1
518 1
518 -1
518 1
518 -1
518 1
518 -1
517 1
517 -1
517 1
517 -1
516 1
516 -1
516 1
516 -1
515 1
515 -1
515 1
515 -1
515 1
515 -1
514 1
514 -1
514 1
514 -1
514 1
514 -1
513 1
513 -1
513 1
513 -1
511 1
511 -1
510 1
510 -1
510 1
510 -1
509 1
509 -1
509 1
509 -1
509 1
509 -1
508 1
508 -1
508 1
508 -1
508 1
508 -1
508 1
508 -1
508 1
508 -1
507 1
507 -1
505 1
506 -1
503 1
503 -1
503 1
503 -1
502 1
502 -1
500 1
500 -1
499 1
499 -1
498 1
498 -1
498 1
498 -1
496 1
496 -1
495 1
495 -1
495 1
495 -1
492 1
492 -1
492 1
492 -1
492 1
492 -1
491 1
491 -1
491 1
491 -1
490 1
490 -1
490 1
490 -1
490 1
490 -1
490 1
490 -1
489 1
489 -1
489 1
489 -1
488 1
488 -1
486 1
486 -1
485 1
485 -1
484 1
484 -1
484 1
484 -1
483 1
483 -1
483 1
483 -1
483 1
483 -1
480 1
480 -1
479 1
479 -1
479 1
479 -1
479 1
479 -1
478 1
478 -1
478 1
478 -1
478 1
478 -1
477 1
477 -1
477 1
477 -1
476 1
476 -1
0 -1
1149 1
1058 1
1058 -1
865 1
912 -1
524 1
524 -1
524 1
524 -1
523 1
523 -1
523 1
523 -1
523 1
523 -1
521 1
521 -1
521 1
521 -1
521 1
521 -1
520 1
520 -1
520 1
520 -1
520 1
520 -1
520 1
520 -1
519 1
519 -1
518 1
518 -1
516 1
516 -1
514 1
514 -1
514 1
514 -1
514 1
514 -1
513 1
513 -1
513 1
513 -1
512 1
512 -1
511 1
511 -1
511 1
511 -1
510 1
510 -1
509 1
509 -1
508 1
508 -1
508 1
508 -1
508 1
508 -1
507 1
507 -1
507 1
507 -1
506 1
506 -1
506 1
506 -1
504 1
504 -1
503 1
503 -1
502 1
502 -1
502 1
502 -1
502 1
502 -1
502 1
502 -1
502 1
502 -1
501 1
501 -1
500 1
500 -1
499 1
499 -1
499 1
499 -1
498 1
498 -1
498 1
498 -1
498 1
498 -1
497 1
497 -1
495 1
495 -1
494 1
494 -1
493 1
493 -1
492 1
492 -1
492 1
492 -1
491 1
491 -1
490 1
490 -1
489 1
489 -1
489 1
489 -1
487 1
487 -1
487 1
487 -1
486 1
486 -1
484 1
484 -1
484 1
484 -1
483 1
483 -1
483 1
483 -1
482 1
482 -1
482 1
482 -1
482 1
482 -1
481 1
481 -1
480 1
480 -1
480 1
480 -1
480 1
480 -1
480 1
480 -1
480 1
480 -1
478 1
478 -1
476 1
476 -1
476 1
476 -1
475 1
475 -1
475 1
475 -1
0 -1
1149 1
927 1
927 -1
524 1
524 -1
524 1
524 -1
523 1
523 -1
523 1
523 -1
522 1
522 -1
522 1
522 -1
521 1
521 -1
521 1
521 -1
520 1
520 -1
519 1
519 -1
516 1
516 -1
515 1
515 -1
513 1
513 -1
512 1
512 -1
512 1
512 -1
512 1
512 -1
512 1
512 -1
511 1
511 -1
510 1
510 -1
509 1
509 -1
508 1
508 -1
508 1
508 -1
507 1
507 -1
506 1
506 -1
504 1
504 -1
504 1
504 -1
503 1
503 -1
502 1
502 -1
502 1
502 -1
501 1
501 -1
501 1
501 -1
500 1
500 -1
500 1
500 -1
500 1
500 -1
500 1
500 -1
498 1
498 -1
497 1
497 -1
497 1
497 -1
497 1
497 -1
495 1
495 -1
494 1
494 -1
492 1
492 -1
492 1
492 -1
492 1
492 -1
491 1
491 -1
490 1
490 -1
490 1
490 -1
489 1
489 -1
489 1
489 -1
489 1
489 -1
487 1
487 -1
487 1
487 -1
487 1
487 -1
486 1
486 -1
486 1
486 -1
486 1
486 -1
485 1
485 -1
482 1
482 -1
481 1
481 -1
481 1
481 -1
481 1
481 -1
480 1
480 -1
479 1
479 -1
479 1
479 -1
478 1
478 -1
477 1
477 -1
477 1
477 -1
476 1
476 -1
476 1
476 -1
475 1
475 -1
475 1
475 -1
0 -1
1149 1
939 1
939 -1
877 1
877 -1
862 1
844 -1
906 1
905 -1
524 1
524 -1
523 1
523 -1
522 1
522 -1
521 1
521 -1
521 1
521 -1
521 1
521 -1
520 1
520 -1
520 1
521 -1
521 1
521 -1
520 1
520 -1
518 1
518 -1
517 1
517 -1
517 1
517 -1
517 1
517 -1
517 1
517 -1
516 1
516 -1
516 1
516 -1
515 1
516 -1
515 1
515 -1
514 1
514 -1
513 1
513 -1
511 1
511 -1
511 1
511 -1
511 1
511 -1
510 1
510 -1
510 1
510 -1
509 1
509 -1
508 1
508 -1
508 1
508 -1
507 1
507 -1
507 1
507 -1
506 1
506 -1
506 1
506 -1
506 1
506 -1
504 1
504 -1
504 1
504 -1
504 1
504 -1
502 1
502 -1
501 1
501 -1
500 1
500 -1
499 1
499 -1
499 1
499 -1
499 1
499 -1
498 1
498 -1
498 1
498 -1
498 1
498 -1
497 1
497 -1
496 1
497 -1
496 1
496 -1
496 1
496 -1
495 1
495 -1
495 1
495 -1
495 1
495 -1
494 1
494 -1
493 1
493 -1
493 1
493 -1
493 1
493 -1
493 1
493 -1
491 1
491 -1
490 1
490 -1
490 1
490 -1
489 1
489 -1
487 1
487 -1
487 1
487 -1
486 1
486 -1
486 1
486 -1
485 1
485 -1
484 1
484 -1
483 1
483 -1
482 1
482 -1
482 1
482 -1
481 1
481 -1
480 1
480 -1
480 1
480 -1
479 1
479 -1
479 1
479 -1
478 1
478 -1
478 1
478 -1
475 1
475 -1
475 1
475 -1
475 1
475 -1
493 -13
493 13
507 1
507 -1
507 1
507 -1
503 1
503 -1
507 1
507 -1
0 -1
1149 1
1130 1
1130 -1
1112 1
1112 -1
900 1
900 -1
524 1
524 -1
523 1
523 -1
523 1
523 -1
522 1
522 -1
521 1
521 -1
521 1
521 -1
520 1
520 -1
520 1
520 -1
520 1
520 -1
520 1
520 -1
520 1
520 -1
518 1
518 -1
518 1
518 -1
518 1
518 -1
516 1
516 -1
516 1
516 -1
516 1
516 -1
513 1
513 -1
513 1
513 -1
511 1
511 -1
511 1
511 -1
510 1
510 -1
509 1
509 -1
509 1
509 -1
508 1
508 -1
506 1
506 -1
505 1
505 -1
504 1
504 -1
504 1
504 -1
504 1
504 -1
504 1
504 -1
503 1
503 -1
503 1
503 -1
503 1
503 -1
502 1
502 -1
500 1
500 -1
500 1
500 -1
499 1
500 -1
499 1
499 -1
497 1
497 -1
497 1
497 -1
497 1
497 -1
497 1
497 -1
496 1
496 -1
493 1
493 -1
491 1
491 -1
491 1
491 -1
491 1
491 -1
491 1
491 -1
490 1
490 -1
489 1
490 -1
488 1
488 -1
487 1
487 -1
487 1
487 -1
486 1
486 -1
486 1
486 -1
486 1
486 -1
485 1
485 -1
484 1
484 -1
484 1
484 -1
483 1
483 -1
483 1
483 -1
482 1
482 -1
482 1
482 -1
482 1
482 -1
481 1
481 -1
480 1
481 -1
477 1
477 -1
477 1
477 -1
476 1
476 -1
521 1
521 -1
486 1
486 -1
0 -1
1149 1
524 1
524 -1
524 1
524 -1
523 1
523 -1
523 1
523 -1
523 1
523 -1
521 1
521 -1
521 1
521 -1
521 1
521 -1
520 1
520 -1
518 1
518 -1
518 1
518 -1
518 1
518 -1
517 1
517 -1
516 1
516 -1
516 1
516 -1
515 1
515 -1
514 1
514 -1
514 1
514 -1
514 1
514 -1
513 1
513 -1
513 1
513 -1
513 1
513 -1
512 1
512 -1
512 1
512 -1
511 1
511 -1
510 1
510 -1
510 1
510 -1
509 1
509 -1
509 1
509 -1
507 1
507 -1
506 1
506 -1
505 1
505 -1
504 1
504 -1
504 1
504 -1
503 1
503 -1
503 1
503 -1
503 1
503 -1
502 1
502 -1
499 1
499 -1
499 1
499 -1
498 1
498 -1
496 1
496 -1
496 1
496 -1
496 1
496 -1
494 1
495 -1
494 1
494 -1
494 1
494 -1
494 1
494 -1
493 1
493 -1
493 1
493 -1
492 1
492 -1
491 1
491 -1
491 1
491 -1
489 1
489 -1
488 1
488 -1
486 1
486 -1
486 1
486 -1
484 1
484 -1
484 1
484 -1
483 1
483 -1
483 1
483 -1
482 1
482 -1
481 1
481 -1
480 1
480 -1
480 1
480 -1
480 1
480 -1
480 1
480 -1
479 1
479 -1
478 1
478 -1
477 1
477 -1
514 1
514 -1
0 -1
1149 1
1107 1
1107 -1
524 1
524 -1
522 1
522 -1
522 1
522 -1
521 1
521 -1
521 1
521 -1
520 1
520 -1
518 1
518 -1
518 1
518 -1
518 1
518 -1
518 1
518 -1
517 1
517 -1
514 1
514 -1
514 1
514 -1
513 1
513 -1
512 1
513 -1
511 1
511 -1
509 1
509 -1
509 1
509 -1
509 1
509 -1
509 1
509 -1
506 1
506 -1
506 1
506 -1
505 1
505 -1
505 1
505 -1
503 1
503 -1
502 1
502 -1
502 1
502 -1
502 1
502 -1
501 1
501 -1
500 1
500 -1
497 1
497 -1
497 1
497 -1
496 1
496 -1
494 1
494 -1
493 1
493 -1
493 1
493 -1
493 1
493 -1
492 1
492 -1
492 1
492 -1
491 1
491 -1
491 1
491 -1
490 1
490 -1
489 1
489 -1
489 1
489 -1
488 1
488 -1
488 1
488 -1
488 1
488 -1
487 1
487 -1
485 1
485 -1
484 1
484 -1
482 1
482 -1
481 1
481 -1
481 1
481 -1
479 1
479 -1
478 1
478 -1
478 1
478 -1
478 1
478 -1
477 1
478 -1
477 1
477 -1
477 1
477 -1
477 1
477 -1
476 1
476 -1
0 -1
1149 1
1083 1
1082 -1
522 1
522 -1
522 1
522 -1
521 1
521 -1
521 1
521 -1
521 1
521 -1
520 1
520 -1
520 1
520 -1
520 1
520 -1
519 1
519 -1
519 1
519 -1
518 1
518 -1
518 1
518 -1
517 1
517 -1
516 1
516 -1
515 1
515 -1
515 1
515 -1
514 1
514 -1
514 1
514 -1
512 1
512 -1
512 1
512 -1
512 1
512 -1
511 1
511 -1
511 1
511 -1
510 1
511 -1
510 1
510 -1
507 1
507 -1
506 1
506 -1
506 1
506 -1
506 1
506 -1
506 1
506 -1
506 1
506 -1
505 1
505 -1
505 1
505 -1
505 1
505 -1
504 1
504 -1
504 1
504 -1
504 1
504 -1
499 1
499 -1
498 1
498 -1
498 1
498 -1
497 1
497 -1
497 1
497 -1
496 1
496 -1
495 1
495 -1
493 1
493 -1
493 1
493 -1
493 1
493 -1
493 1
493 -1
492 1
492 -1
492 1
492 -1
489 1
489 -1
489 1
489 -1
488 1
488 -1
487 1
487 -1
487 1
487 -1
486 1
486 -1
486 1
486 -1
486 1
486 -1
485 1
485 -1
485 1
485 -1
484 1
484 -1
482 1
482 -1
482 1
482 -1
481 1
481 -1
481 1
481 -1
481 1
481 -1
480 1
480 -1
479 1
479 -1
477 1
477 -1
476 1
476 -1
476 1
476 -1
475 1
476 -1
503 1
503 -1
503 1
503 -1
0 -1
1149 1
524 1
524 -1
524 1
524 -1
524 1
524 -1
524 1
524 -1
524 1
524 -1
522 1
522 -1
522 1
522 -1
521 1
521 -1
520 1
520 -1
520 1
520 -1
520 1
520 -1
519 1
519 -1
519 1
519 -1
518 1
518 -1
518 1
518 -1
517 1
517 -1
516 1
516 -1
516 1
516 -1
515 1
515 -1
515 1
515 -1
515 1
515 -1
515 1
515 -1
514 1
514 -1
513 1
513 -1
513 1
513 -1
511 1
511 -1
510 1
510 -1
510 1
510 -1
510 1
510 -1
510 1
510 -1
509 1
509 -1
506 1
506 -1
505 1
505 -1
505 1
505 -1
505 1
505 -1
503 1
503 -1
503 1
503 -1
502 1
502 -1
501 1
501 -1
500 1
500 -1
500 1
500 -1
500 1
500 -1
500 1
500 -1
497 1
497 -1
497 1
497 -1
495 1
495 -1
494 1
494 -1
494 1
494 -1
492 1
492 -1
492 1
492 -1
492 1
492 -1
491 1
491 -1
491 1
491 -1
491 1
491 -1
490 1
490 -1
489 1
489 -1
488 1
488 -1
488 1
488 -1
488 1
488 -1
487 1
487 -1
486 1
487 -1
486 1
486 -1
486 1
486 -1
485 1
485 -1
481 1
481 -1
481 1
481 -1
480 1
480 -1
477 1
477 -1
477 1
477 -1
0 -1
1149 1
1094 1
1094 -1
977 1
977 -1
524 1
524 -1
524 1
524 -1
524 1
524 -1
521 1
521 -1
521 1
521 -1
521 1
521 -1
520 1
520 -1
520 1
520 -1
519 1
519 -1
516 1
516 -1
516 1
516 -1
515 1
515 -1
515 1
515 -1
514 1
514 -1
513 1
513 -1
513 1
513 -1
513 1
513 -1
511 1
511 -1
510 1
510 -1
510 1
510 -1
510 1
510 -1
510 1
510 -1
510 1
510 -1
508 1
508 -1
506 1
506 -1
506 1
506 -1
503 1
503 -1
503 1
503 -1
503 1
503 -1
502 1
502 -1
500 1
500 -1
500 1
500 -1
500 1
500 -1
499 1
499 -1
498 1
498 -1
497 1
497 -1
497 1
497 -1
496 1
496 -1
496 1
496 -1
491 1
491 -1
491 1
491 -1
486 1
486 -1
484 1
484 -1
484 1
484 -1
484 1
484 -1
483 1
483 -1
483 1
483 -1
482 1
482 -1
482 1
482 -1
481 1
481 -1
480 1
480 -1
479 1
479 -1
479 1
479 -1
478 1
478 -1
477 1
477 -1
477 1
477 -1
477 1
477 -1
476 1
476 -1
476 1
476 -1
475 1
475 -1
475 1
475 -1
475 1
475 -1
477 1
477 -1
0 -1
1149 1
1006 1
1006 -1
523 1
523 -1
523 1
523 -1
520 1
520 -1
519 1
519 -1
519 1
519 -1
517 1
517 -1
516 1
516 -1
515 1
515 -1
515 1
515 -1
512 1
513 -1
513 1
513 -1
512 1
512 -1
510 1
510 -1
510 1
510 -1
509 1
509 -1
508 1
508 -1
507 1
507 -1
506 1
506 -1
505 1
505 -1
504 1
504 -1
504 1
504 -1
503 1
503 -1
502 1
502 -1
502 1
502 -1
501 1
501 -1
500 1
500 -1
500 1
500 -1
499 1
499 -1
498 1
498 -1
498 1
498 -1
498 1
498 -1
497 1
497 -1
497 1
497 -1
496 1
496 -1
495 1
495 -1
495 1
495 -1
495 1
495 -1
494 1
494 -1
494 1
494 -1
494 1
494 -1
492 1
493 -1
492 1
492 -1
490 1
490 -1
488 1
488 -1
487 1
488 -1
487 1
487 -1
486 1
487 -1
485 1
485 -1
482 1
482 -1
482 1
482 -1
482 1
482 -1
481 1
481 -1
481 1
481 -1
481 1
481 -1
480 1
480 -1
480 1
480 -1
480 1
480 -1
479 1
479 -1
479 1
479 -1
479 1
479 -1
478 1
478 -1
493 1
493 -1
0 -1
1149 1
891 1
891 -1
524 1
524 -1
524 1
524 -1
524 1
524 -1
523 1
523 -1
523 1
523 -1
523 1
523 -1
522 1
522 -1
522 1
522 -1
521 1
521 -1
521 1
521 -1
520 1
520 -1
520 1
520 -1
519 1
520 -1
519 1
519 -1
519 1
519 -1
518 1
518 -1
518 1
518 -1
516 1
516 -1
515 1
515 -1
515 1
515 -1
514 1
514 -1
513 1
513 -1
513 1
513 -1
513 1
513 -1
512 1
512 -1
511 1
511 -1
511 1
512 -1
511 1
511 -1
511 1
511 -1
511 1
511 -1
510 1
510 -1
510 1
510 -1
509 1
509 -1
509 1
509 -1
508 1
508 -1
508 1
508 -1
507 1
507 -1
506 1
506 -1
506 1
506 -1
505 1
505 -1
504 1
504 -1
504 1
504 -1
503 1
503 -1
503 1
503 -1
503 1
503 -1
502 1
502 -1
502 1
502 -1
501 1
501 -1
501 1
501 -1
501 1
501 -1
500 1
500 -1
500 1
500 -1
499 1
500 -1
499 1
499 -1
499 1
499 -1
499 1
499 -1
498 1
498 -1
498 1
498 -1
496 1
496 -1
496 1
496 -1
496 1
496 -1
496 1
496 -1
494 1
494 -1
493 1
493 -1
493 1
493 -1
492 1
492 -1
492 1
492 -1
490 1
490 -1
489 1
489 -1
489 1
489 -1
488 1
488 -1
487 1
487 -1
487 1
487 -1
487 1
487 -1
487 1
487 -1
486 1
486 -1
485 1
485 -1
484 1
484 -1
484 1
484 -1
484 1
484 -1
484 1
484 -1
483 1
483 -1
477 1
477 -1
477 1
477 -1
477 1
477 -1
476 1
476 -1
476 1
476 -1
476 1
476 -1
520 1
520 -1
512 1
512 -1
0 -1
1149 1
1005 1
1004 -1
862 1
862 -1
524 1
524 -1
522 1
522 -1
521 1
521 -1
517 1
517 -1
516 1
516 -1
514 1
515 -1
514 1
514 -1
514 1
514 -1
513 1
513 -1
512 1
512 -1
512 1
512 -1
509 1
509 -1
508 1
508 -1
508 1
508 -1
507 1
507 -1
506 1
506 -1
505 1
505 -1
504 1
504 -1
503 1
503 -1
502 1
502 -1
501 1
501 -1
499 1
499 -1
498 1
498 -1
497 1
497 -1
496 1
497 -1
497 1
497 -1
496 1
497 -1
495 1
495 -1
494 1
494 -1
494 1
494 -1
493 1
493 -1
493 1
493 -1
493 1
493 -1
493 1
493 -1
492 1
492 -1
492 1
492 -1
492 1
492 -1
490 1
490 -1
490 1
490 -1
490 1
490 -1
490 1
490 -1
490 1
490 -1
489 1
489 -1
488 1
488 -1
487 1
487 -1
486 1
486 -1
485 1
485 -1
485 1
485 -1
484 1
484 -1
483 1
483 -1
483 1
483 -1
482 1
482 -1
482 1
482 -1
482 1
482 -1
480 1
480 -1
479 1
479 -1
479 1
479 -1
478 1
478 -1
477 1
477 -1
476 1
476 -1
475 1
476 -1
0 -1
522 1
522 -12
522 12
522 -1
523 1
522 -1
1149 1
524 1
524 -1
524 1
524 -1
524 1
524 -1
523 1
523 -1
523 1
523 -1
523 1
523 -1
523 1
523 -1
523 1
523 -1
523 1
523 -1
523 1
523 -1
523 1
523 -1
523 1
523 -1
523 1
523 -1
523 1
523 -1
523 1
523 -1
523 1
523 -1
523 1
523 -1
523 1
523 -1
523 1
523 -1
523 1
523 -1
523 1
523 -1
523 1
523 -1
523 1
523 -1
523 1
523 -1
523 1
523 -1
523 1
523 -1
523 1
523 -1
523 1
523 -1
523 1
523 -1
523 1
523 -1
523 1
523 -1
523 1
523 -1
523 1
523 -1
523 1
523 -1
522 1
522 -1
522 1
522 -1
521 1
521 -1
519 1
519 -1
519 1
519 -1
519 1
519 -1
518 1
518 -1
517 1
517 -1
517 1
517 -1
516 1
516 -1
516 1
516 -1
515 1
515 -1
515 1
515 -1
513 1
514 -1
513 1
513 -1
511 1
511 -1
511 1
511 -1
511 1
511 -1
507 1
507 -1
506 1
506 -1
506 1
506 -1
506 1
506 -1
506 1
506 -1
505 1
505 -1
503 1
503 -1
503 1
503 -1
502 1
502 -1
501 1
501 -1
501 1
501 -1
501 1
501 -1
500 1
500 -1
500 1
500 -1
500 1
500 -1
499 1
499 -1
498 1
498 -1
495 1
496 -1
495 1
495 -1
495 1
495 -1
493 1
493 -1
490 1
490 -1
489 1
489 -1
489 1
489 -1
484 1
484 -1
483 1
483 -1
480 1
480 -1
479 1
479 -1
478 1
478 -1
478 1
478 -1
477 1
477 -1
477 1
477 -1
476 1
476 -1
475 1
475 -1
475 1
475 -1
518 -13
518 13
0 -1
1149 1
524 1
524 -1
523 1
523 -1
522 1
522 -1
522 1
522 -1
520 1
520 -1
519 1
519 -1
518 1
518 -1
518 1
518 -1
517 1
517 -1
514 1
514 -1
514 1
514 -1
514 1
514 -1
513 1
513 -1
512 1
512 -1
512 1
512 -1
511 1
511 -1
510 1
510 -1
509 1
509 -1
509 1
509 -1
509 1
509 -1
509 1
509 -1
508 1
508 -1
507 1
507 -1
506 1
506 -1
505 1
505 -1
504 1
504 -1
503 1
503 -1
502 1
502 -1
502 1
502 -1
502 1
502 -1
502 1
502 -1
502 1
502 -1
502 1
502 -1
501 1
501 -1
500 1
500 -1
500 1
500 -1
499 1
499 -1
499 1
499 -1
498 1
498 -1
498 1
498 -1
497 1
497 -1
497 1
497 -1
496 1
496 -1
496 1
496 -1
494 1
494 -1
494 1
494 -1
493 1
493 -1
492 1
492 -1
492 1
492 -1
491 1
491 -1
491 1
491 -1
489 1
489 -1
488 1
488 -1
488 1
488 -1
488 1
488 -1
488 1
488 -1
488 1
488 -1
487 1
487 -1
487 1
487 -1
486 1
486 -1
485 1
485 -1
485 1
485 -1
484 1
484 -1
484 1
484 -1
482 1
482 -1
482 1
482 -1
482 1
482 -1
481 1
481 -1
481 1
481 -1
480 1
480 -1
480 1
480 -1
480 1
480 -1
476 1
476 -1
476 1
476 -1
0 -1
1149 1
524 1
524 -1
524 1
524 -1
523 1
523 -1
523 1
523 -1
522 1
522 -1
521 1
521 -1
521 1
521 -1
520 1
520 -1
519 1
519 -1
519 1
519 -1
519 1
519 -1
516 1
516 -1
516 1
516 -1
515 1
515 -1
512 1
512 -1
512 1
512 -1
511 1
511 -1
511 1
511 -1
511 1
511 -1
511 1
511 -1
508 1
508 -1
507 1
507 -1
506 1
507 -1
506 1
506 -1
504 1
504 -1
504 1
504 -1
503 1
503 -1
502 1
502 -1
499 1
499 -1
496 1
496 -1
495 1
495 -1
494 1
494 -1
493 1
493 -1
492 1
492 -1
491 1
491 -1
490 1
490 -1
490 1
490 -1
490 1
490 -1
489 1
489 -1
489 1
489 -1
488 1
488 -1
486 1
486 -1
486 1
486 -1
486 1
486 -1
486 1
486 -1
485 1
485 -1
484 1
484 -1
484 1
484 -1
483 1
483 -1
483 1
483 -1
483 1
483 -1
482 1
482 -1
482 1
482 -1
482 1
482 -1
480 1
480 -1
480 1
480 -1
480 1
480 -1
479 1
479 -1
479 1
479 -1
479 1
479 -1
478 1
478 -1
0 -1
1149 1
947 1
948 -1
524 1
524 -1
524 1
524 -1
522 1
522 -1
521 1
521 -1
521 1
521 -1
520 1
520 -1
519 1
519 -1
519 1
519 -1
517 1
517 -1
517 1
517 -1
516 1
516 -1
516 1
516 -1
515 1
515 -1
513 1
513 -1
512 1
512 -1
510 1
510 -1
510 1
510 -1
510 1
510 -1
509 1
509 -1
508 1
508 -1
508 1
508 -1
508 1
508 -1
508 1
508 -1
506 1
506 -1
506 1
506 -1
505 1
505 -1
505 1
505 -1
504 1
504 -1
503 1
503 -1
502 1
502 -1
501 1
501 -1
500 1
500 -1
500 1
500 -1
500 1
500 -1
500 1
500 -1
500 1
500 -1
500 1
500 -1
499 1
499 -1
499 1
499 -1
498 1
498 -1
494 1
494 -1
493 1
493 -1
493 1
493 -1
493 1
493 -1
492 1
492 -1
492 1
492 -1
492 1
492 -1
491 1
491 -1
491 1
491 -1
489 1
489 -1
489 1
489 -1
488 1
488 -1
488 1
488 -1
487 1
487 -1
487 1
487 -1
487 1
487 -1
487 1
487 -1
487 1
487 -1
487 1
487 -1
485 1
485 -1
483 1
483 -1
483 1
483 -1
481 1
481 -1
481 1
481 -1
478 1
478 -1
477 1
477 -1
476 1
476 -1
475 1
475 -1
475 1
475 -1
521 1
521 -1
487 1
487 -1
0 -1
1149 1
524 1
524 -1
522 1
522 -1
520 1
520 -1
519 1
519 -1
519 1
519 -1
519 1
519 -1
518 1
518 -1
518 1
518 -1
517 1
517 -1
517 1
517 -1
516 1
516 -1
516 1
516 -1
515 1
515 -1
514 1
514 -1
514 1
514 -1
513 1
513 -1
510 1
510 -1
508 1
508 -1
508 1
508 -1
508 1
508 -1
508 1
508 -1
507 1
507 -1
507 1
507 -1
506 1
506 -1
505 1
505 -1
504 1
504 -1
503 1
503 -1
502 1
502 -1
502 1
502 -1
502 1
502 -1
502 1
502 -1
501 1
501 -1
501 1
501 -1
500 1
500 -1
499 1
499 -1
498 1
498 -1
496 1
496 -1
495 1
495 -1
493 1
493 -1
493 1
493 -1
493 1
493 -1
492 1
492 -1
492 1
492 -1
492 1
492 -1
491 1
491 -1
491 1
491 -1
490 1
490 -1
489 1
489 -1
489 1
489 -1
488 1
488 -1
488 1
488 -1
486 1
486 -1
486 1
486 -1
482 1
482 -1
481 1
481 -1
480 1
480 -1
480 1
480 -1
480 1
480 -1
480 1
480 -1
479 1
479 -1
478 1
478 -1
478 1
478 -1
477 1
477 -1
476 1
476 -1
476 1
476 -1
502 1
502 -1
0 -1
1149 1
524 1
524 -1
523 1
523 -1
523 1
523 -1
523 1
523 -1
523 1
523 -1
522 1
522 -1
522 1
522 -1
521 1
521 -1
521 1
521 -1
520 1
520 -1
520 1
520 -1
519 1
519 -1
518 1
518 -1
517 1
517 -1
517 1
517 -1
514 1
514 -1
513 1
513 -1
513 1
513 -1
512 1
512 -1
512 1
512 -1
512 1
512 -1
511 1
511 -1
511 1
511 -1
509 1
509 -1
509 1
509 -1
508 1
508 -1
508 1
508 -1
506 1
507 -1
506 1
506 -1
505 1
505 -1
505 1
505 -1
503 1
503 -1
503 1
503 -1
501 1
501 -1
501 1
501 -1
501 1
501 -1
499 1
499 -1
499 1
499 -1
497 1
497 -1
497 1
497 -1
497 1
497 -1
496 1
496 -1
494 1
494 -1
493 1
493 -1
493 1
493 -1
492 1
492 -1
492 1
492 -1
491 1
491 -1
491 1
491 -1
490 1
490 -1
488 1
488 -1
488 1
488 -1
488 1
488 -1
487 1
487 -1
486 1
486 -1
485 1
485 -1
483 1
483 -1
481 1
481 -1
481 1
481 -1
480 1
480 -1
479 1
479 -1
478 1
478 -1
477 1
477 -1
477 1
477 -1
476 1
476 -1
476 1
476 -1
475 1
475 -1
0 -1
1149 1
524 1
711 -1
522 1
522 -1
522 1
522 -1
520 1
521 -1
520 1
520 -1
520 1
520 -1
519 1
519 -1
519 1
519 -1
518 1
518 -1
515 1
515 -1
515 1
515 -1
514 1
514 -1
514 1
514 -1
513 1
513 -1
512 1
512 -1
512 1
512 -1
512 1
512 -1
511 1
511 -1
510 1
510 -1
509 1
509 -1
508 1
508 -1
506 1
506 -1
505 1
505 -1
505 1
505 -1
505 1
505 -1
504 1
504 -1
502 1
502 -1
501 1
501 -1
500 1
500 -1
500 1
500 -1
499 1
499 -1
498 1
498 -1
497 1
497 -1
496 1
496 -1
495 1
495 -1
494 1
494 -1
493 1
493 -1
493 1
493 -1
492 1
492 -1
492 1
492 -1
491 1
491 -1
491 1
491 -1
490 1
490 -1
490 1
490 -1
490 1
490 -1
489 1
489 -1
488 1
488 -1
487 1
487 -1
486 1
487 -1
485 1
485 -1
485 1
485 -1
484 1
484 -1
484 1
484 -1
484 1
484 -1
483 1
483 -1
483 1
483 -1
483 1
483 -1
482 1
482 -1
482 1
482 -1
481 1
481 -1
480 1
480 -1
477 1
477 -1
477 1
477 -1
477 1
477 -1
505 1
505 -1
0 -1
1149 1
979 1
979 -1
523 1
523 -1
523 1
523 -1
522 1
522 -1
522 1
522 -1
520 1
520 -1
519 1
519 -1
518 1
518 -1
517 1
517 -1
515 1
515 -1
515 1
515 -1
515 1
515 -1
511 1
511 -1
511 1
511 -1
511 1
511 -1
510 1
510 -1
510 1
510 -1
509 1
509 -1
509 1
509 -1
509 1
509 -1
508 1
508 -1
507 1
507 -1
506 1
507 -1
506 1
506 -1
505 1
505 -1
505 1
505 -1
505 1
505 -1
505 1
505 -1
505 1
505 -1
504 1
504 -1
504 1
504 -1
503 1
503 -1
503 1
503 -1
501 1
501 -1
500 1
500 -1
500 1
500 -1
499 1
499 -1
497 1
497 -1
496 1
496 -1
496 1
496 -1
494 1
494 -1
493 1
493 -1
492 1
492 -1
490 1
490 -1
490 1
490 -1
489 1
490 -1
489 1
489 -1
489 1
489 -1
488 1
488 -1
488 1
488 -1
487 1
487 -1
486 1
486 -1
484 1
484 -1
484 1
484 -1
484 1
484 -1
483 1
483 -1
482 1
482 -1
481 1
481 -1
481 1
481 -1
480 1
480 -1
480 1
480 -1
478 1
478 -1
476 1
476 -1
483 1
483 -1
0 -1
1149 1
1040 1
1040 -1
524 1
524 -1
524 1
524 -1
524 1
524 -1
523 1
524 -1
523 1
523 -1
522 1
522 -1
521 1
521 -1
521 1
521 -1
521 1
521 -1
520 1
520 -1
520 1
520 -1
520 1
520 -1
519 1
519 -1
519 1
519 -1
518 1
518 -1
516 1
516 -1
516 1
516 -1
515 1
515 -1
515 1
515 -1
515 1
515 -1
514 1
514 -1
514 1
514 -1
514 1
514 -1
513 1
513 -1
512 1
512 -1
509 1
509 -1
509 1
509 -1
508 1
508 -1
507 1
507 -1
507 1
507 -1
505 1
505 -1
505 1
505 -1
504 1
504 -1
503 1
503 -1
503 1
503 -1
502 1
502 -1
502 1
502 -1
500 1
500 -1
500 1
500 -1
499 1
499 -1
498 1
498 -1
498 1
498 -1
497 1
497 -1
497 1
497 -1
497 1
497 -1
497 1
497 -1
496 1
496 -1
495 1
495 -1
493 1
493 -1
493 1
493 -1
493 1
493 -1
493 1
493 -1
493 1
493 -1
492 1
492 -1
492 1
492 -1
491 1
491 -1
491 1
491 -1
491 1
491 -1
490 1
490 -1
489 1
489 -1
488 1
488 -1
487 1
487 -1
484 1
484 -1
483 1
483 -1
483 1
483 -1
482 1
482 -1
481 1
481 -1
481 1
481 -1
479 1
479 -1
479 1
479 -1
477 1
477 -1
475 1
475 -1
475 1
475 -1
498 1
498 -1
503 1
503 -1
0 -1
1149 1
524 1
524 -1
523 1
523 -1
523 1
523 -1
523 1
523 -1
523 1
523 -1
522 1
522 -1
522 1
522 -1
521 1
521 -1
520 1
520 -1
517 1
517 -1
516 1
516 -1
515 1
515 -1
514 1
514 -1
513 1
513 -1
512 1
512 -1
510 1
510 -1
510 1
510 -1
510 1
510 -1
504 1
504 -1
504 1
504 -1
504 1
504 -1
504 1
504 -1
503 1
503 -1
502 1
502 -1
502 1
502 -1
501 1
501 -1
500 1
500 -1
500 1
500 -1
500 1
500 -1
500 1
500 -1
499 1
499 -1
498 1
498 -1
497 1
497 -1
497 1
497 -1
496 1
496 -1
496 1
496 -1
496 1
496 -1
496 1
496 -1
493 1
493 -1
493 1
493 -1
490 1
490 -1
490 1
490 -1
488 1
488 -1
487 1
487 -1
486 1
486 -1
485 1
485 -1
485 1
485 -1
485 1
485 -1
484 1
484 -1
484 1
484 -1
482 1
482 -1
482 1
482 -1
481 1
481 -1
481 1
481 -1
479 1
479 -1
478 1
478 -1
478 1
478 -1
478 1
478 -1
478 1
478 -1
477 1
477 -1
476 1
476 -1
476 1
476 -1
476 1
476 -1
476 1
476 -1
476 1
476 -1
475 1
475 -1
475 1
475 -1
0 -1
1149 1
853 1
853 -1
524 1
524 -1
523 1
523 -1
521 1
521 -1
520 1
520 -1
520 1
520 -1
520 1
520 -1
519 1
519 -1
518 1
518 -1
518 1
518 -1
517 1
517 -1
516 1
516 -1
516 1
516 -1
516 1
516 -1
515 1
516 -1
515 1
515 -1
515 1
515 -1
513 1
513 -1
513 1
513 -1
512 1
512 -1
512 1
512 -1
511 1
511 -1
511 1
511 -1
508 1
508 -1
508 1
508 -1
506 1
506 -1
505 1
505 -1
504 1
504 -1
504 1
504 -1
503 1
503 -1
502 1
502 -1
502 1
502 -1
502 1
502 -1
501 1
501 -1
497 1
497 -1
497 1
497 -1
496 1
496 -1
494 1
494 -1
493 1
493 -1
493 1
493 -1
492 1
492 -1
492 1
492 -1
491 1
491 -1
491 1
491 -1
490 1
490 -1
490 1
490 -1
490 1
490 -1
490 1
490 -1
489 1
489 -1
489 1
489 -1
489 1
489 -1
488 1
488 -1
488 1
488 -1
484 1
484 -1
483 1
483 -1
482 1
482 -1
481 1
482 -1
482 1
482 -1
480 1
480 -1
479 1
479 -1
478 1
478 -1
476 1
476 -1
476 1
476 -1
475 1
475 -1
475 1
475 -1
475 1
475 -1
0 -1
1149 1
979 1
979 -1
524 1
524 -1
524 1
524 -1
522 1
522 -1
522 1
522 -1
522 1
522 -1
521 1
521 -1
521 1
521 -1
520 1
520 -1
520 1
520 -1
520 1
520 -1
520 1
520 -1
519 1
519 -1
518 1
518 -1
517 1
517 -1
517 1
517 -1
516 1
516 -1
514 1
514 -1
514 1
514 -1
513 1
513 -1
513 1
513 -1
512 1
512 -1
512 1
512 -1
510 1
510 -1
509 1
509 -1
509 1
509 -1
508 1
508 -1
507 1
507 -1
507 1
507 -1
506 1
506 -1
504 1
504 -1
503 1
504 -1
503 1
503 -1
503 1
503 -1
502 1
502 -1
502 1
502 -1
500 1
500 -1
498 1
498 -1
498 1
498 -1
498 1
498 -1
498 1
498 -1
497 1
497 -1
497 1
497 -1
496 1
496 -1
496 1
496 -1
495 1
495 -1
494 1
494 -1
494 1
494 -1
493 1
493 -1
492 1
493 -1
493 1
493 -1
492 1
492 -1
492 1
492 -1
491 1
491 -1
491 1
491 -1
490 1
490 -1
487 1
487 -1
483 1
483 -1
483 1
483 -1
482 1
482 -1
482 1
482 -1
481 1
481 -1
480 1
480 -1
480 1
480 -1
479 1
479 -1
479 1
479 -1
479 1
479 -1
478 1
478 -1
478 1
478 -1
476 1
476 -1
476 1
476 -1
476 1
476 -1
0 -1
1149 1
871 1
870 -1
871 1
871 -1
524 1
524 -1
523 1
523 -1
522 1
522 -1
522 1
522 -1
521 1
521 -1
518 1
518 -1
518 1
518 -1
517 1
517 -1
517 1
517 -1
516 1
516 -1
515 1
515 -1
513 1
513 -1
513 1
513 -1
513 1
513 -1
512 1
512 -1
512 1
512 -1
512 1
512 -1
511 1
511 -1
508 1
509 -1
507 1
507 -1
505 1
505 -1
504 1
504 -1
502 1
502 -1
501 1
501 -1
501 1
501 -1
499 1
499 -1
497 1
497 -1
496 1
496 -1
496 1
496 -1
495 1
495 -1
494 1
494 -1
491 1
491 -1
490 1
490 -1
489 1
489 -1
488 1
488 -1
487 1
487 -1
487 1
487 -1
487 1
487 -1
487 1
487 -1
486 1
486 -1
485 1
485 -1
484 1
484 -1
483 1
483 -1
480 1
480 -1
480 1
480 -1
479 1
479 -1
479 1
479 -1
479 1
479 -1
478 1
478 -1
477 1
477 -1
476 1
476 -1
475 1
475 -1
475 1
475 -1
0 -1
1149 1
990 1
990 -1
524 1
524 -1
523 1
523 -1
523 1
523 -1
521 1
521 -1
520 1
520 -1
520 1
520 -1
520 1
520 -1
519 1
519 -1
518 1
518 -1
518 1
518 -1
518 1
518 -1
518 1
518 -1
516 1
516 -1
516 1
516 -1
515 1
515 -1
514 1
514 -1
513 1
513 -1
512 1
512 -1
511 1
511 -1
511 1
511 -1
510 1
510 -1
510 1
510 -1
509 1
509 -1
508 1
508 -1
508 1
508 -1
507 1
507 -1
506 1
506 -1
506 1
506 -1
505 1
505 -1
505 1
505 -1
504 1
504 -1
502 1
502 -1
502 1
502 -1
502 1
502 -1
501 1
501 -1
501 1
501 -1
500 1
500 -1
498 1
498 -1
498 1
498 -1
497 1
497 -1
497 1
497 -1
496 1
496 -1
495 1
495 -1
494 1
494 -1
494 1
494 -1
494 1
494 -1
493 1
493 -1
493 1
493 -1
493 1
493 -1
491 1
491 -1
490 1
490 -1
490 1
490 -1
490 1
490 -1
490 1
490 -1
489 1
489 -1
489 1
489 -1
488 1
488 -1
488 1
488 -1
486 1
486 -1
486 1
486 -1
484 1
484 -1
482 1
482 -1
482 1
482 -1
482 1
482 -1
480 1
480 -1
480 1
480 -1
479 1
479 -1
479 1
479 -1
479 1
479 -1
478 1
478 -1
478 1
478 -1
477 1
477 -1
476 1
476 -1
476 1
476 -1
491 1
491 -1
484 1
484 -1
0 -1
1149 1
1068 1
1070 -1
1070 1
1070 -1
1068 1
1068 -1
524 1
524 -1
523 1
523 -1
522 1
522 -1
519 1
519 -1
518 1
518 -1
518 1
518 -1
517 1
517 -1
515 1
515 -1
515 1
515 -1
511 1
511 -1
509 1
509 -1
509 1
509 -1
508 1
508 -1
507 1
507 -1
506 1
506 -1
506 1
506 -1
505 1
505 -1
505 1
505 -1
504 1
504 -1
504 1
504 -1
503 1
503 -1
501 1
501 -1
500 1
500 -1
499 1
499 -1
499 1
499 -1
499 1
499 -1
498 1
498 -1
497 1
497 -1
496 1
497 -1
496 1
496 -1
496 1
496 -1
496 1
496 -1
495 1
495 -1
494 1
494 -1
494 1
494 -1
493 1
493 -1
493 1
493 -1
492 1
492 -1
490 1
490 -1
489 1
489 -1
488 1
488 -1
487 1
487 -1
486 1
486 -1
486 1
486 -1
486 1
486 -1
484 1
484 -1
484 1
484 -1
484 1
484 -1
484 1
484 -1
483 1
483 -1
482 1
482 -1
481 1
481 -1
478 1
478 -1
478 1
478 -1
476 1
476 -1
475 1
475 -1
522 1
522 -1
0 -1
1149 1
524 1
524 -1
524 1
524 -1
524 1
524 -1
523 1
523 -1
523 1
523 -1
522 1
522 -1
521 1
522 -1
521 1
521 -1
521 1
521 -1
520 1
520 -1
518 1
518 -1
517 1
517 -1
517 1
517 -1
516 1
516 -1
516 1
516 -1
516 1
516 -1
515 1
515 -1
515 1
515 -1
512 1
512 -1
512 1
512 -1
511 1
511 -1
510 1
510 -1
510 1
510 -1
510 1
510 -1
510 1
510 -1
509 1
509 -1
507 1
507 -1
504 1
504 -1
500 1
500 -1
498 1
498 -1
498 1
498 -1
497 1
497 -1
497 1
497 -1
495 1
495 -1
493 1
493 -1
493 1
493 -1
493 1
493 -1
493 1
493 -1
492 1
492 -1
491 1
491 -1
491 1
491 -1
490 1
490 -1
490 1
490 -1
490 1
490 -1
489 1
489 -1
488 1
488 -1
487 1
487 -1
487 1
487 -1
486 1
486 -1
485 1
485 -1
485 1
485 -1
484 1
484 -1
484 1
484 -1
482 1
482 -1
481 1
481 -1
480 1
480 -1
479 1
479 -1
479 1
479 -1
479 1
479 -1
478 1
478 -1
477 1
477 -1
477 1
477 -1
476 1
476 -1
476 1
476 -1
475 1
475 -1
475 1
475 -1
475 1
475 -1
475 1
475 -1
493 1
493 -1
490 1
490 -1
475 1
475 -1
0 -1
1149 1
1096 1
1096 -1
523 1
523 -1
523 1
523 -1
522 1
522 -1
521 1
521 -1
521 1
521 -1
521 1
521 -1
520 1
520 -1
518 1
518 -1
517 1
517 -1
517 1
517 -1
517 1
517 -1
517 1
517 -1
516 1
516 -1
515 1
515 -1
514 1
514 -1
513 1
513 -1
513 1
513 -1
512 1
512 -1
511 1
511 -1
511 1
511 -1
511 1
511 -1
510 1
510 -1
508 1
508 -1
508 1
508 -1
508 1
508 -1
507 1
507 -1
507 1
507 -1
505 1
505 -1
504 1
504 -1
502 1
502 -1
501 1
501 -1
501 1
501 -1
501 1
501 -1
500 1
500 -1
499 1
499 -1
497 1
497 -1
497 1
497 -1
496 1
496 -1
496 1
496 -1
496 1
496 -1
496 1
496 -1
493 1
493 -1
493 1
493 -1
492 1
492 -1
490 1
490 -1
490 1
490 -1
490 1
490 -1
489 1
489 -1
489 1
489 -1
488 1
488 -1
487 1
487 -1
484 1
484 -1
484 1
484 -1
481 1
481 -1
481 1
481 -1
480 1
480 -1
480 1
480 -1
479 1
479 -1
479 1
479 -1
479 1
479 -1
478 1
478 -1
478 1
478 -1
476 1
476 -1
476 1
476 -1
476 1
476 -1
475 1
475 -1
517 1
517 -1
514 1
514 -1
0 -1
1149 1
990 1
990 -1
522 1
522 -1
521 1
521 -1
521 1
521 -1
521 1
521 -1
521 1
521 -1
520 1
520 -1
520 1
520 -1
519 1
519 -1
518 1
518 -1
517 1
517 -1
517 1
517 -1
517 1
517 -1
515 1
515 -1
514 1
514 -1
512 1
512 -1
510 1
510 -1
509 1
509 -1
507 1
507 -1
507 1
507 -1
506 1
506 -1
506 1
506 -1
506 1
506 -1
505 1
505 -1
504 1
504 -1
504 1
504 -1
503 1
503 -1
503 1
503 -1
502 1
502 -1
501 1
501 -1
501 1
501 -1
500 1
500 -1
499 1
499 -1
498 1
498 -1
497 1
497 -1
496 1
496 -1
496 1
496 -1
495 1
495 -1
495 1
495 -1
495 1
495 -1
494 1
494 -1
494 1
494 -1
494 1
494 -1
493 1
493 -1
493 1
493 -1
491 1
491 -1
491 1
491 -1
488 1
488 -1
488 1
488 -1
488 1
488 -1
487 1
487 -1
486 1
486 -1
483 1
483 -1
480 1
480 -1
480 1
480 -1
480 1
481 -1
479 1
479 -1
479 1
479 -1
479 1
479 -1
479 1
479 -1
478 1
478 -1
478 1
478 -1
476 1
476 -1
475 1
475 -1
483 1
483 -1
481 1
481 -1
0 -1
491 1
491 -12
491 12
491 -1
491 1
491 -1
1117 1
859 1
859 -1
524 1
524 -1
523 1
523 -1
523 1
523 -1
522 1
522 -1
521 1
521 -1
521 1
521 -1
520 1
520 -1
520 1
520 -1
520 1
520 -1
519 1
519 -1
518 1
518 -1
518 1
518 -1
517 1
517 -1
517 1
517 -1
517 1
517 -1
516 1
516 -1
515 1
515 -1
515 1
515 -1
514 1
514 -1
514 1
514 -1
514 1
514 -1
514 1
514 -1
513 1
513 -1
513 1
513 -1
513 1
513 -1
512 1
512 -1
511 1
511 -1
510 1
510 -1
510 1
510 -1
509 1
509 -1
508 1
508 -1
505 1
505 -1
505 1
505 -1
505 1
505 -1
503 1
503 -1
503 1
503 -1
503 1
503 -1
503 1
503 -1
503 1
503 -1
502 1
502 -1
498 1
498 -1
498 1
498 -1
497 1
497 -1
497 1
497 -1
496 1
496 -1
496 1
496 -1
494 1
494 -1
494 1
494 -1
494 1
494 -1
493 1
493 -1
493 1
493 -1
493 1
493 -1
492 1
492 -1
492 1
492 -1
490 1
490 -1
490 1
490 -1
489 1
489 -1
488 1
488 -1
488 1
488 -1
487 1
487 -1
486 1
486 -1
485 1
485 -1
485 1
485 -1
484 1
484 -1
483 1
483 -1
483 1
483 -1
482 1
482 -1
481 1
481 -1
481 1
481 -1
481 1
481 -1
480 1
480 -1
478 1
478 -1
478 1
478 -1
477 1
477 -1
477 1
477 -1
477 1
477 -1
477 1
477 -1
476 1
476 -1
475 1
475 -1
489 -1
487 1
489 -1
487 1
487 1
487 -1
487 1
487 -1
488 1
488 -1
490 1
490 -1
487 1
487 -1
488 1
488 -1
489 1
489 -1
489 1
489 -1
489 1
489 -1
489 1
489 -1
489 1
489 -1
0 -1
1149 1
1005 1
1005 -1
928 1
928 -1
524 1
524 -1
523 1
523 -1
523 1
523 -1
522 1
522 -1
521 1
521 -1
521 1
521 -1
519 1
519 -1
519 1
519 -1
519 1
519 -1
519 1
519 -1
518 1
518 -1
518 1
518 -1
518 1
518 -1
515 1
515 -1
515 1
515 -1
515 1
515 -1
514 1
514 -1
514 1
514 -1
514 1
514 -1
514 1
514 -1
514 1
514 -1
513 1
513 -1
513 1
513 -1
513 1
513 -1
513 1
513 -1
512 1
512 -1
512 1
512 -1
511 1
511 -1
510 1
510 -1
507 1
507 -1
506 1
506 -1
506 1
506 -1
505 1
505 -1
505 1
505 -1
505 1
505 -1
505 1
505 -1
505 1
505 -1
505 1
505 -1
504 1
504 -1
503 1
503 -1
503 1
503 -1
503 1
503 -1
502 1
502 -1
501 1
501 -1
500 1
500 -1
500 1
500 -1
498 1
498 -1
498 1
498 -1
498 1
498 -1
497 1
497 -1
496 1
496 -1
495 1
495 -1
495 1
495 -1
495 1
495 -1
495 1
495 -1
495 1
495 -1
493 1
493 -1
492 1
492 -1
491 1
491 -1
490 1
490 -1
490 1
490 -1
490 1
490 -1
489 1
489 -1
489 1
489 -1
489 1
489 -1
489 1
489 -1
488 1
488 -1
487 1
487 -1
484 1
484 -1
484 1
484 -1
484 1
484 -1
483 1
483 -1
483 1
483 -1
482 1
482 -1
482 1
482 -1
482 1
482 -1
482 1
482 -1
481 1
481 -1
479 1
479 -1
479 1
479 -1
478 1
478 -1
477 1
477 -1
477 1
477 -1
476 1
476 -1
475 1
475 -1
475 1
475 -1
514 1
514 -1
479 1
479 -1
0 -1
1149 1
521 1
521 -1
520 1
520 -1
520 1
520 -1
519 1
519 -1
519 1
519 -1
519 1
519 -1
519 1
519 -1
519 1
519 -1
518 1
518 -1
518 1
518 -1
517 1
517 -1
516 1
516 -1
516 1
516 -1
516 1
516 -1
515 1
515 -1
513 1
513 -1
513 1
513 -1
513 1
513 -1
512 1
512 -1
512 1
512 -1
511 1
511 -1
511 1
511 -1
511 1
511 -1
510 1
510 -1
509 1
509 -1
509 1
509 -1
509 1
509 -1
509 1
509 -1
507 1
507 -1
504 1
504 -1
504 1
504 -1
503 1
503 -1
502 1
502 -1
500 1
500 -1
499 1
499 -1
499 1
499 -1
499 1
499 -1
498 1
498 -1
498 1
498 -1
498 1
498 -1
497 1
497 -1
497 1
497 -1
497 1
497 -1
495 1
495 -1
493 1
493 -1
493 1
493 -1
491 1
491 -1
491 1
491 -1
490 1
490 -1
488 1
488 -1
488 1
488 -1
487 1
487 -1
486 1
486 -1
485 1
485 -1
485 1
485 -1
485 1
485 -1
483 1
483 -1
482 1
482 -1
481 1
481 -1
481 1
481 -1
481 1
481 -1
480 1
480 -1
477 1
477 -1
476 1
476 -1
475 1
475 -1
475 1
475 -1
509 1
509 -1
0 -1
1149 1
524 1
524 -1
523 1
523 -1
522 1
522 -1
521 1
522 -1
520 1
520 -1
519 1
519 -1
519 1
519 -1
519 1
519 -1
518 1
519 -1
517 1
517 -1
517 1
517 -1
515 1
515 -1
515 1
515 -1
515 1
515 -1
514 1
514 -1
513 1
513 -1
513 1
513 -1
512 1
512 -1
511 1
511 -1
511 1
511 -1
510 1
510 -1
509 1
509 -1
509 1
509 -1
507 1
507 -1
506 1
506 -1
505 1
505 -1
505 1
505 -1
504 1
504 -1
504 1
504 -1
503 1
503 -1
503 1
503 -1
502 1
502 -1
500 1
500 -1
499 1
499 -1
499 1
499 -1
496 1
496 -1
495 1
495 -1
494 1
494 -1
493 1
493 -1
492 1
492 -1
492 1
492 -1
491 1
491 -1
491 1
491 -1
490 1
490 -1
490 1
490 -1
490 1
490 -1
488 1
488 -1
487 1
487 -1
486 1
486 -1
486 1
486 -1
485 1
485 -1
484 1
484 -1
483 1
483 -1
483 1
483 -1
483 1
483 -1
482 1
482 -1
477 1
477 -1
0 -1
1149 1
1058 1
1064 -1
524 1
524 -1
524 1
524 -1
524 1
524 -1
523 1
523 -1
523 1
523 -1
523 1
523 -1
522 1
522 -1
522 1
522 -1
522 1
523 -1
522 1
522 -1
522 1
522 -1
521 1
521 -1
521 1
521 -1
521 1
521 -1
520 1
520 -1
520 1
520 -1
519 1
519 -1
518 1
518 -1
517 1
517 -1
517 1
517 -1
516 1
516 -1
515 1
515 -1
514 1
514 -1
513 1
513 -1
512 1
512 -1
511 1
512 -1
511 1
511 -1
511 1
511 -1
510 1
510 -1
509 1
509 -1
509 1
509 -1
509 1
509 -1
508 1
508 -1
508 1
508 -1
506 1
506 -1
504 1
504 -1
501 1
501 -1
501 1
501 -1
500 1
500 -1
499 1
499 -1
499 1
499 -1
497 1
497 -1
497 1
497 -1
497 1
497 -1
496 1
496 -1
496 1
496 -1
496 1
496 -1
495 1
495 -1
494 1
494 -1
493 1
493 -1
493 1
493 -1
492 1
492 -1
492 1
492 -1
491 1
491 -1
490 1
491 -1
490 1
490 -1
489 1
489 -1
489 1
489 -1
489 1
489 -1
488 1
488 -1
486 1
486 -1
485 1
485 -1
485 1
485 -1
484 1
484 -1
484 1
484 -1
483 1
483 -1
482 1
482 -1
482 1
482 -1
479 1
479 -1
479 1
479 -1
477 1
477 -1
475 1
475 -1
475 1
475 -1
475 1
475 -1
0 -1
1149 1
1008 1
1008 -1
523 1
523 -1
523 1
523 -1
521 1
521 -1
521 1
521 -1
521 1
521 -1
520 1
520 -1
520 1
520 -1
519 1
519 -1
519 1
519 -1
518 1
518 -1
518 1
518 -1
518 1
518 -1
516 1
516 -1
516 1
516 -1
515 1
515 -1
515 1
515 -1
514 1
514 -1
514 1
514 -1
512 1
512 -1
512 1
512 -1
511 1
511 -1
511 1
511 -1
510 1
510 -1
510 1
510 -1
509 1
509 -1
509 1
509 -1
507 1
507 -1
507 1
507 -1
506 1
506 -1
506 1
506 -1
505 1
505 -1
504 1
504 -1
504 1
504 -1
503 1
503 -1
503 1
503 -1
502 1
502 -1
502 1
502 -1
502 1
502 -1
501 1
501 -1
501 1
502 -1
501 1
501 -1
500 1
500 -1
499 1
499 -1
498 1
498 -1
496 1
496 -1
496 1
496 -1
496 1
496 -1
495 1
495 -1
495 1
495 -1
495 1
495 -1
492 1
492 -1
492 1
492 -1
490 1
490 -1
489 1
489 -1
488 1
488 -1
486 1
486 -1
485 1
485 -1
483 1
483 -1
483 1
483 -1
482 1
482 -1
481 1
481 -1
480 1
481 -1
480 1
480 -1
479 1
479 -1
478 1
478 -1
475 1
475 -1
480 1
480 -1
0 -1
1149 1
1063 1
1063 -1
1057 1
1057 -1
522 1
522 -1
521 1
521 -1
521 1
521 -1
520 1
520 -1
519 1
519 -1
519 1
519 -1
519 1
519 -1
518 1
518 -1
517 1
518 -1
517 1
517 -1
516 1
516 -1
516 1
516 -1
515 1
515 -1
515 1
515 -1
514 1
514 -1
514 1
514 -1
511 1
511 -1
510 1
510 -1
509 1
509 -1
509 1
509 -1
508 1
508 -1
507 1
507 -1
507 1
507 -1
506 1
506 -1
504 1
504 -1
504 1
504 -1
503 1
503 -1
502 1
502 -1
502 1
502 -1
502 1
502 -1
501 1
501 -1
501 1
501 -1
501 1
501 -1
500 1
500 -1
499 1
499 -1
499 1
499 -1
499 1
499 -1
499 1
499 -1
499 1
499 -1
496 1
496 -1
493 1
493 -1
493 1
493 -1
493 1
493 -1
492 1
492 -1
491 1
491 -1
490 1
490 -1
490 1
490 -1
487 1
487 -1
486 1
486 -1
486 1
486 -1
486 1
486 -1
483 1
483 -1
483 1
483 -1
483 1
483 -1
482 1
482 -1
482 1
482 -1
481 1
481 -1
481 1
481 -1
481 1
481 -1
480 1
480 -1
479 1
479 -1
479 1
479 -1
478 1
478 -1
478 1
478 -1
477 1
477 -1
476 1
476 -1
476 1
476 -1
475 1
475 -1
475 1
475 -1
490 1
490 -1
0 -1
1149 1
524 1
556 -1
524 1
524 -1
524 1
524 -1
523 1
523 -1
523 1
523 -1
522 1
522 -1
522 1
522 -1
519 1
519 -1
518 1
518 -1
517 1
518 -1
517 1
517 -1
516 1
516 -1
515 1
515 -1
515 1
515 -1
514 1
515 -1
515 1
515 -1
513 1
513 -1
513 1
513 -1
512 1
512 -1
512 1
512 -1
512 1
512 -1
511 1
511 -1
510 1
510 -1
509 1
509 -1
507 1
507 -1
506 1
506 -1
504 1
504 -1
502 1
502 -1
502 1
502 -1
502 1
502 -1
501 1
501 -1
501 1
501 -1
501 1
501 -1
499 1
499 -1
499 1
499 -1
499 1
499 -1
498 1
498 -1
498 1
498 -1
496 1
496 -1
496 1
496 -1
495 1
495 -1
495 1
495 -1
494 1
494 -1
494 1
494 -1
493 1
493 -1
492 1
492 -1
492 1
492 -1
491 1
491 -1
491 1
491 -1
490 1
490 -1
488 1
488 -1
488 1
488 -1
488 1
488 -1
488 1
488 -1
488 1
488 -1
487 1
487 -1
487 1
487 -1
486 1
486 -1
486 1
486 -1
486 1
486 -1
485 1
485 -1
483 1
483 -1
482 1
482 -1
482 1
482 -1
482 1
482 -1
481 1
481 -1
480 1
480 -1
479 1
479 -1
479 1
479 -1
479 1
479 -1
479 1
479 -1
478 1
478 -1
476 1
476 -1
515 1
515 -1
479 1
479 -1
0 -1
497 1
497 -12
497 12
497 -1
497 1
497 1
497 -1
497 1
497 -1
497 1
497 -1
495 1
495 -1
494 1
494 -1
494 1
494 -1
494 1
494 -1
492 1
493 -1
492 1
492 -1
491 1
491 -1
491 1
491 -1
490 1
490 -1
489 1
489 -1
489 1
489 -1
489 1
489 -1
488 1
488 -1
487 1
487 -1
486 1
486 -1
485 1
485 -1
483 1
483 -1
482 1
482 -1
482 1
482 -1
481 1
481 -1
481 1
481 -1
480 1
480 -1
478 1
478 -1
478 1
478 -1
478 1
478 -1
477 1
477 -1
475 1
475 -1
498 1
498 -1
498 1
498 -1
497 -1
515 1
514 1
514 -1
513 1
513 -1
513 1
513 -1
513 1
513 -1
513 1
513 -1
513 1
513 -1
513 1
513 -1
512 1
512 -1
512 1
512 -1
512 1
512 -1
512 1
512 -1
512 1
512 -1
512 1
512 -1
511 1
511 -1
511 1
511 -1
511 1
511 -1
511 1
511 -1
511 1
511 -1
511 1
511 -1
511 1
511 -1
511 1
511 -1
511 1
511 -1
510 1
510 -1
510 1
510 -1
510 1
510 -1
510 1
510 -1
509 1
509 -1
509 1
509 -1
509 1
509 -1
509 1
509 -1
509 1
509 -1
509 1
509 -1
509 1
509 -1
509 1
509 -1
509 1
509 -1
509 1
509 -1
509 1
509 -1
508 1
508 -1
508 1
508 -1
508 1
508 -1
508 1
508 -1
508 1
508 -1
508 1
508 -1
507 1
507 -1
507 1
507 -1
506 1
506 -1
506 1
506 -1
506 1
506 -1
506 1
506 -1
506 1
506 -1
505 1
505 -1
505 1
505 -1
505 1
505 -1
505 1
505 -1
505 1
505 -1
504 1
504 -1
504 1
504 -1
504 1
504 -1
503 1
503 -1
503 1
503 -1
503 1
503 -1
503 1
503 -1
503 1
503 -1
503 1
503 -1
503 1
503 -1
502 1
502 -1
502 1
502 -1
502 1
502 -1
501 1
501 -1
501 1
501 -1
501 1
501 -1
501 1
501 -1
501 1
501 -1
501 1
501 -1
500 1
500 -1
500 1
500 -1
500 1
500 -1
500 1
500 -1
500 1
500 -1
500 1
500 -1
500 1
500 -1
499 1
499 -1
499 1
499 -1
499 1
499 -1
499 1
499 -1
498 1
498 -1
498 1
498 -1
498 1
498 -1
497 1
497 -1
497 1
497 -1
497 1
497 -1
497 1
497 -1
503 -13
503 13
502 1
502 -1
0 -1
1149 1
1054 1
1054 -1
918 1
918 -1
524 1
524 -1
523 1
523 -1
523 1
523 -1
522 1
522 -1
522 1
522 -1
522 1
522 -1
521 1
521 -1
521 1
521 -1
520 1
520 -1
520 1
520 -1
520 1
520 -1
518 1
518 -1
517 1
517 -1
516 1
517 -1
515 1
515 -1
514 1
514 -1
514 1
514 -1
514 1
514 -1
514 1
514 -1
513 1
513 -1
512 1
512 -1
512 1
512 -1
510 1
510 -1
510 1
510 -1
509 1
509 -1
509 1
509 -1
505 1
505 -1
504 1
504 -1
504 1
504 -1
502 1
502 -1
500 1
500 -1
497 1
497 -1
496 1
496 -1
495 1
495 -1
495 1
495 -1
495 1
495 -1
495 1
495 -1
494 1
494 -1
493 1
493 -1
492 1
492 -1
492 1
492 -1
489 1
489 -1
489 1
489 -1
489 1
489 -1
487 1
487 -1
487 1
487 -1
487 1
487 -1
486 1
486 -1
485 1
485 -1
484 1
484 -1
483 1
483 -1
482 1
482 -1
482 1
482 -1
482 1
482 -1
480 1
480 -1
479 1
479 -1
477 1
477 -1
477 1
477 -1
477 1
477 -1
475 1
475 -1
523 1
523 -1
0 -1
1149 1
1066 1
1149 -1
523 1
523 -1
521 1
521 -1
520 1
520 -1
519 1
519 -1
519 1
519 -1
517 1
517 -1
516 1
516 -1
515 1
515 -1
514 1
514 -1
514 1
514 -1
514 1
514 -1
514 1
514 -1
512 1
512 -1
512 1
512 -1
511 1
511 -1
511 1
511 -1
511 1
511 -1
510 1
510 -1
509 1
509 -1
509 1
509 -1
508 1
508 -1
508 1
508 -1
506 1
506 -1
505 1
505 -1
505 1
505 -1
505 1
505 -1
504 1
504 -1
504 1
504 -1
503 1
503 -1
500 1
500 -1
500 1
500 -1
497 1
497 -1
495 1
495 -1
495 1
495 -1
495 1
495 -1
493 1
493 -1
491 1
491 -1
491 1
491 -1
491 1
491 -1
490 1
490 -1
489 1
489 -1
489 1
489 -1
488 1
488 -1
487 1
487 -1
486 1
486 -1
486 1
486 -1
485 1
485 -1
484 1
484 -1
484 1
484 -1
483 1
483 -1
482 1
482 -1
482 1
482 -1
478 1
478 -1
477 1
477 -1
475 1
475 -1
475 1
475 -1
