475 2.39303e-23
475 0.163385
475 0.227692
475 0.20683
475 0.0278854
476 0.320987
477 0.484728
477 0.0795605
478 0.537974
479 0.717594
480 0.860116
481 0.734574
481 0.0877916
482 0.143615
482 0.236165
484 1.15691
484 0.0316039
485 0.585109
485 0.0585109
485 0.327092
487 0.8184
487 0.258217
488 0.168695
488 0.00389158
490 1.68345
490 0.0547268
491 0.0464974
491 0.0640949
492 0.770415
493 0.650121
494 0.423867
495 1.09721
495 0.130137
497 1.12421
499 1.05242
500 0.507227
500 0.141388
500 0.217517
500 0.0218515
503 1.77336
504 0.418829
504 0.0474598
505 0.697687
505 0.332286
505 0.0611706
507 1.1144
508 0.684745
508 0.0721065
512 2.68741
512 0.0597296
513 0.185585
514 0.832578
514 0.368405
515 0.306628
516 0.470009
517 0.788875
519 1.13782
519 0.0730205
519 0.407858
520 0.193479
520 0.180993
520 0.227042
521 0.502604
521 0.18481
522 0.067977
522 0.13012
522 0.00633878
522 0.0617519
522 0.314417
523 0.517917
524 0.357264
524 0.156803
524 0.297616
525 0.0662902
850 1.77955e-23
881 0.00248207
1149 0.012326
1149 2.13253e-28
881 0.0010082
524 0.054235
524 0.0348878
524 0.0864512
522 0.0398308
522 0.0701512
522 0.0397279
522 0.0485008
522 0.0351025
521 0.0598912
520 0.0355468
520 0.0536568
520 0.106177
519 0.0439815
519 0.126398
519 0.0423647
517 0.0443123
516 0.0381391
515 0.0388629
514 0.0691828
513 0.0867708
512 0.0518128
512 0.150542
508 0.0410531
507 0.0356613
505 0.222036
505 0.0300355
505 0.13591
504 0.0404187
504 0.0923771
503 0.137777
500 0.0854626
500 0.0418695
499 0.0463867
497 0.0720448
495 0.139031
495 0.0623747
494 0.254757
493 0.038795
492 0.0402027
491 0.0465602
491 0.0496204
490 0.11304
490 0.0650508
488 0.0476228
488 0.273278
488 0.601509
488 0.120822
487 0.0408471
485 0.0681507
485 0.0650783
485 0.0643298
484 0.0384255
484 0.0435903
482 0.0585519
482 0.0354414
481 0.0694618
481 0.512488
480 0.0357193
479 0.112462
478 0.0637345
477 0.036419
476 0.0438562
476 0.236739
475 0.0868096
475 0.226288
475 0.0472853
475 0.220918
475 2.39303e-23
475 0.0920518
475 0.0281497
475 0.00278715
475 0.378961
476 0.377968
476 0.268452
477 0.608037
477 0.0614274
478 0.431679
479 0.374098
479 0.0834924
479 0.123268
479 0.163876
480 0.247858
480 0.289866
483 2.05508
484 0.135948
484 0.156441
485 0.407749
485 0.27423
485 0.0772955
486 0.34161
487 0.940702
487 0.127297
488 0.679052
489 0.522438
489 0.192858
490 0.103908
491 0.888382
491 0.192973
492 0.245733
493 0.610675
493 0.303019
493 0.0378035
493 0.151153
494 0.569837
495 0.305847
495 0.518988
496 0.334608
496 0.278291
497 0.292399
497 0.317335
498 0.359274
499 0.531307
499 0.126815
499 0.131197
500 0.1894
500 0.237089
500 0.142754
501 0.520567
502 0.23732
502 0.000198873
502 0.514261
503 0.202429
504 0.615487
504 0.107047
504 0.00916625
504 0.0568441
505 0.778738
506 0.519592
507 0.474067
507 0.196824
509 1.1643
509 0.473776
510 0.727542
511 0.509607
512 0.321821
512 0.112242
512 0.372516
513 0.63192
513 0.0993596
514 0.0896805
514 0.00397355
514 0.300886
514 0.22816
516 0.917822
516 0.0871495
516 0.230176
517 0.574982
517 0.393151
518 0.205866
519 0.560857
519 0.254709
520 0.764476
522 1.04289
522 0.111432
523 1.03031
524 0.463015
525 0.296509
850 1.78985e-23
893 0.00201666
1074 0.00790136
1149 0.00334664
1149 5.45369e-29
893 0.0010492
524 0.0433365
523 0.0956537
522 0.0909233
522 0.029116
522 0.0759007
520 0.0490927
519 0.0843894
519 0.0818278
518 0.0696272
517 0.0373659
517 0.14901
516 0.0684471
516 0.070225
516 0.0348942
514 0.0630169
514 0.0852447
514 0.20492
514 0.0560415
514 0.405787
514 0.0445945
513 0.0760686
512 0.0343959
512 0.0697731
511 0.0415235
510 0.0567303
509 0.341482
509 0.0476038
507 0.0624862
507 0.0688054
506 0.150831
505 0.226909
505 0.0703838
504 0.0748746
504 0.0883334
504 0.090253
504 0.0425069
502 0.0416372
502 0.0832309
502 0.180753
501 0.054335
500 0.197515
500 0.0384606
500 0.0605838
499 0.0635769
499 0.0360912
499 0.533003
499 0.169047
498 0.0428184
497 0.0507726
497 0.0755747
496 0.05281
495 0.0857328
493 0.0660933
493 0.144607
493 0.0475775
493 0.0351149
492 0.0378753
491 0.100362
491 0.0764158
489 0.0349837
489 0.039322
488 0.144532
487 0.0585768
487 0.0407589
486 0.0357488
485 0.0437808
485 0.139332
485 0.0433045
485 0.0390439
485 0.0430212
484 0.11448
484 0.0616157
483 0.130379
480 0.0512949
480 0.0519372
479 0.0661815
479 0.202245
479 0.0532843
479 0.106276
478 0.156325
477 0.0370112
477 0.0369651
476 0.0379054
476 0.0596802
475 0.091884
475 0.0458935
475 0.046765
475 0.0290583
475 0.0260348
475 0.21263
475 0.0900624
475 0.0388476
475 2.39303e-23
475 0.387446
477 1.0486
477 0.206766
479 1.38742
480 0.248452
480 0.335289
482 1.39572
483 0.174757
483 0.175437
483 0.218624
485 0.942219
486 0.898515
487 0.237482
487 0.188403
487 0.0748115
487 0.120015
488 0.347082
488 0.00120733
488 0.0138621
489 0.589372
490 0.676194
490 0.399732
491 0.384947
492 0.877846
493 0.0398501
493 0.185304
493 0.309529
493 0.0554094
494 0.116854
494 0.106519
494 0.0353326
494 0.363456
495 0.106183
495 0.404457
496 0.530001
497 0.286739
498 0.663764
498 0.394967
498 0.0597833
499 0.579768
500 0.790374
501 0.541966
502 0.252724
502 0.0507103
502 0.0824418
502 0.170266
503 0.353728
504 0.908894
506 1.14233
506 0.10476
507 0.576312
509 1.32873
510 0.52289
511 0.981451
512 0.435441
514 1.40536
514 0.331318
515 0.437298
515 0.23531
517 1.21043
518 0.381033
518 0.466752
519 0.106784
519 0.345092
519 0.160908
519 0.0377972
521 0.95565
521 0.0983388
522 0.743574
523 0.481298
523 0.175528
524 0.467923
525 0.37168
850 1.78011e-23
1076 0.00956699
1092 0.000196857
1149 0.00169553
1149 3.95456e-27
1092 0.00262755
1092 0.00205045
1076 0.00190474
524 0.0858944
523 0.0683515
523 0.0514714
522 0.0439475
521 0.039809
521 0.0872865
519 0.0505728
519 0.0621402
519 0.515287
519 0.0977302
518 0.0709001
518 0.0421614
517 0.0663595
515 0.10831
514 0.0659921
514 0.0441345
512 0.0449979
511 0.139457
510 0.0681561
509 0.0488389
507 0.0344644
506 0.0415596
506 0.0403565
503 0.107458
502 0.0390723
502 0.0367841
502 0.210371
502 0.0395663
501 0.0497616
500 0.0418872
499 0.27884
498 0.284243
498 0.0440011
498 0.102945
497 0.0762119
496 0.166115
495 0.0464166
495 0.0362722
494 0.0428233
494 0.234014
494 0.043448
493 0.171864
493 0.0428654
493 0.0777465
492 0.0469218
491 0.0372759
490 0.0103493
490 0.0237277
490 0.0709863
489 0.020728
489 0.214833
489 0.0553879
488 0.0811613
488 0.0443044
488 0.122086
487 0.177425
487 0.354965
487 0.0358821
487 0.0696023
486 0.0464025
485 0.0446366
483 0.139025
483 0.0807769
483 0.0561958
480 0.0439045
479 0.135534
477 0.0853887
475 0.0343447
494 0
495 0.001564
495 0.0388907
494 0.00346279
475 2.39303e-23
476 0.854
477 0.719633
477 0.0843272
479 0.915593
479 0.264632
479 0.0644992
480 0.1406
480 0.550314
481 0.193991
481 0.200998
482 0.512564
483 0.694986
484 0.386918
484 0.0753363
484 0.104558
484 0.284996
485 0.364687
486 0.368636
486 0.427491
486 0.0257115
487 0.532545
489 1.43436
490 0.645273
491 0.514588
491 0.149481
492 0.574855
492 0.183917
494 0.95635
494 0.289653
494 0.0283715
495 0.24631
497 1.25486
497 0.23308
498 0.67913
501 1.75804
502 1.05633
502 0.0785267
503 0.0777931
503 0.328377
504 0.546664
504 0.341433
506 0.692678
506 0.354693
506 0.111437
506 0.100567
507 0.143833
507 0.220655
508 0.572844
508 0.241186
509 0.582509
511 0.906214
512 0.922332
512 0.0698502
512 0.183449
513 0.128962
513 0.554745
514 0.387387
514 0.087277
514 0.102877
516 0.946212
516 0.233802
516 0.116019
517 0.123835
517 0.386736
519 0.979553
519 0.442288
519 0.197137
520 0.330172
521 0.476569
521 0.131325
521 0.0956863
522 0.58492
522 0.307559
523 0.38235
523 0.156162
524 0.286515
524 0.369992
525 0.200469
850 1.78153e-23
861 0.000238184
1149 0.011661
1149 4.13309e-26
861 0.00198826
524 0.0414365
524 0.0392264
523 0.0761114
523 0.0392362
522 0.0491371
521 0.0971409
521 0.530793
521 0.120141
521 0.0510799
520 0.0860067
519 0.0396641
519 0.208106
519 0.0497376
517 0.0991789
517 0.0391517
516 0.0378411
516 0.040232
516 0.0357452
514 0.0447616
514 0.0369864
513 0.0574397
513 0.0962775
512 0.0417864
512 0.0374775
512 0.0829213
511 0.160497
509 0.167594
509 0.0922115
508 0.0476503
508 0.0444309
507 0.237205
507 0.0484432
506 0.0531678
506 0.0563734
506 0.0924175
506 0.046528
504 0.133348
504 0.0420563
503 0.0810651
503 0.345481
502 0.0345068
502 0.0589668
501 0.0671489
498 0.0369526
497 0.124863
497 0.0551601
495 0.155344
494 0.052911
494 0.0387986
494 0.0478803
492 0.0479785
491 0.0388305
491 0.0418365
490 0.064181
487 0.094577
487 0.0183884
486 0.330744
486 0.0745001
486 0.0638443
485 0.0451344
484 0.0343407
484 0.0565416
484 0.0432826
484 0.0448392
483 0.0655476
482 0.0496772
481 0.0380208
481 0.112466
480 0.0528814
480 0.0511436
479 0.0533661
479 0.178486
477 0.073425
476 0.0364016
475 2.39303e-23
475 0.0486695
475 0.344163
476 0.572035
476 0.0648286
476 0.0949422
478 0.833433
478 0.171742
479 0.64722
481 1.11039
481 0.0739778
481 0.104886
482 0.403168
482 0.125931
482 0.108586
482 0.0979793
483 0.54396
485 1.13324
485 0.416776
486 0.0475622
487 1.1806
487 0.00746892
490 1.46519
490 0.383702
491 0.221013
492 1.08036
495 1.87861
496 0.468392
496 0.00494081
498 1.31478
499 0.165046
500 0.697008
501 0.448885
502 0.721024
503 0.653387
503 0.00699249
503 0.0231468
503 0.115365
505 1.22546
506 0.427961
506 0.158175
507 0.830177
509 1.07912
509 0.211767
512 2.01518
513 0.431104
513 0.302962
514 0.652257
515 0.471769
515 0.0307071
515 0.292572
516 0.395244
516 0.0576677
518 1.16413
518 0.390947
519 0.0560568
519 0.558866
520 0.272646
520 0.203233
521 0.838417
522 0.139925
524 1.40132
524 0.366215
525 0.242146
850 1.77465e-23
972 0.0041562
1149 0.00741794
1149 6.00283e-28
972 0.0014479
524 0.067082
524 0.0440686
522 0.0505806
521 0.0481559
520 0.0496351
520 0.0376689
520 0.302483
518 0.164154
518 0.0330029
518 0.0611371
516 0.0494773
516 0.0586724
515 0.0680834
515 0.193041
515 0.0909859
514 0.0439883
513 0.0900451
512 0.0574037
509 0.130706
509 0.0884734
507 0.0728107
506 0.0377405
505 0.0532085
503 0.0376331
503 0.0739801
503 0.0419429
503 0.0482294
501 0.093907
500 0.133534
499 0.0538531
499 0.0451069
499 0.0430196
499 0.0402335
496 0.0695988
496 0.121629
495 0.187359
492 0.0711641
491 0.269116
491 0.0929976
491 0.354991
490 0.0519585
490 0.0513383
487 0.0555174
487 0.0436227
486 0.057656
482 0.0368657
482 0.141828
482 0.0701358
482 0.0455779
481 0.106482
481 0.0629999
481 0.0342439
479 0.074928
478 0.0596689
478 0.0270464
478 0.0927653
478 0.0608448
476 0.0391568
476 0.00057724
476 0.0705239
476 0.0388473
475 0.0631283
475 0.0352474
475 0
270 0
491 0.001564
520 0.001564
520 0.00016111
491 0.00663347
475 2.39303e-23
475 0.137258
476 0.638363
476 0.16582
476 0.192008
477 0.172017
477 0.264403
477 0.0936884
479 1.44666
481 0.976196
481 0.0475882
481 0.0805687
481 0.088932
482 0.416253
484 0.949108
484 0.177342
485 0.639865
487 1.30882
487 0.246997
488 0.448959
489 0.193636
489 0.240114
490 0.68889
490 0.0234753
493 1.59121
493 0.313684
494 0.830385
495 0.384794
496 0.445001
496 0.314667
497 0.594802
498 0.404656
498 0.0489311
498 0.201312
498 0.149794
499 0.529707
500 0.469421
504 2.3916
504 0.547595
505 0.536105
506 0.316557
506 0.133034
507 0.472425
508 0.649425
508 0.220451
509 0.829798
509 0.0705389
510 0.0888669
510 0.11329
510 0.151638
511 0.537831
511 0.302886
512 0.31835
512 0.498462
513 0.0488816
513 0.659895
514 0.134055
514 0.158546
514 0.3649
514 0.127471
515 0.125683
516 0.925182
516 0.249429
517 0.250796
517 0.0142416
517 0.420909
518 0.290679
519 0.692627
520 0.76975
521 0.494489
522 0.881832
524 1.16823
524 0.121561
524 0.180321
524 0.0997109
525 0.0751948
850 1.78316e-23
1071 0.0100182
1149 0.00295334
1149 5.47696e-30
1072 0.00157098
524 0.146216
524 0.198038
524 0.0360711
521 0.0508178
520 0.0393901
519 0.0557331
518 0.0515331
517 0.0462261
517 0.095354
517 0.0587312
516 0.0364707
516 0.125428
515 0.0815368
514 0.0438847
514 0.266537
514 0.0549842
514 0.0366133
513 0.0349267
513 0.0390844
512 0.0362434
512 0.0496235
511 0.0368465
511 0.10658
510 0.0996591
510 0.0283745
510 0.041257
509 0.0434688
509 0.035646
508 0.046946
508 0.0368535
507 0.0471404
506 0.055228
506 0.0438638
504 0.0484554
504 0.0452984
500 0.148114
500 0.440134
500 0.0675676
498 0.0482394
498 0.037217
498 0.0359566
498 0.0500023
497 0.0364638
496 0.0868102
496 0.0523618
495 0.0347696
494 0.252699
493 0.0878806
493 0.142405
490 0.266677
490 0.378092
489 0.0554377
489 0.047097
488 0.0353163
487 0.0490516
487 0.213262
485 0.0896148
485 0.221284
485 0.28163
485 0.0421198
485 0.0368439
484 0.223155
484 0.0509411
481 0.0732299
481 0.197739
481 0.0459576
480 0.240367
477 0.0365819
476 0.0709534
476 0.0677888
476 0.0762275
475 0.059612
475 2.39303e-23
475 0.0606689
475 0.0677262
475 0.212038
476 0.583096
477 0.322178
478 0.650634
478 0.0653478
478 0.456739
479 0.116664
481 1.6196
482 0.462213
485 1.78624
485 0.120195
485 0.227665
485 0.142599
486 0.210216
487 0.874373
488 0.480262
492 2.80132
494 1.11105
494 0.131513
494 0.0503588
495 0.447324
496 0.712313
496 0.0679398
497 0.715832
497 0.234584
498 0.303701
500 1.08354
501 1.02587
501 0.00144608
504 1.60998
504 0.297531
504 0.0374785
506 0.927198
506 0.115102
507 0.472407
509 1.38055
510 0.748219
510 0.28392
511 0.780742
512 0.155208
512 0.262844
513 0.595148
515 1.22256
515 0.305224
516 0.489884
516 0.246403
516 0.312121
519 1.74961
520 0.529602
520 0.264569
520 0.000783554
520 0.1091
521 0.53958
522 0.711479
522 0.0689807
522 0.0315325
523 0.494
524 0.847035
525 0.143577
850 1.78044e-23
884 0.00134248
890 0.000201925
1084 0.00749651
1095 0.0007619
1148 0.00229742
1149 6.98835e-26
1095 0.00231913
1095 0.00105748
1084 0.00127159
890 0.00100483
890 0.00192609
884 0.0012366
524 0.0510789
523 0.0942094
522 0.0420097
522 0.0541444
522 0.0798508
522 0.136034
521 0.0709332
521 0.14433
520 0.169622
521 0.0532961
520 0.0877359
520 0.129842
520 0.149074
519 0.03633
516 0.03554
516 0.158321
515 0.0486429
515 0.0519203
513 0.0515559
512 0.0882138
511 0.290342
510 0.0521708
509 0.0378223
507 0.162471
506 0.117067
506 0.0427467
504 0.0984197
504 0.0783594
504 0.0685536
501 0.0393078
500 0.0865233
500 0.115231
498 0.175912
497 0.047094
496 0.019638
496 0.100811
496 0.11345
495 0.090067
494 0.050366
494 0.0813907
488 0.0666988
487 0.0489646
486 0.100669
485 0.10705
485 0.0898564
485 0.0578393
481 0.0950379
479 0.0654275
479 0.23688
478 0.0412639
478 0.0665592
477 0.108414
477 0.0331495
476 0.0380143
475 0.0452413
475 0.120692
475 0.0343637
522 0.000121
522 0.0013929
475 2.39303e-23
475 0.0869458
475 0.232145
475 0.0713472
475 0.189561
476 0.394906
476 0.205482
478 1.19991
479 0.681942
480 0.0656133
480 0.0551416
480 0.421169
481 0.265109
481 0.120272
481 0.0123049
481 0.083116
482 0.294689
482 0.262479
482 0.270246
483 0.0486563
483 0.452845
484 0.429453
485 0.534267
485 0.076228
486 0.642684
486 0.209853
488 0.866726
490 1.43542
490 0.0716578
491 0.414744
492 0.479785
494 1.48767
494 0.24267
495 0.333432
496 0.855672
496 0.0799199
497 0.0513531
497 0.0615206
497 0.540394
498 0.397844
499 0.684143
500 0.663936
501 0.443882
504 1.87193
504 0.153889
504 0.00321859
505 0.496005
505 0.296006
506 0.855273
506 0.0971659
507 0.731835
507 0.0306041
508 0.0258648
508 0.490269
509 0.239783
509 0.315024
509 0.198421
511 0.715786
511 0.355875
511 0.0433408
511 0.128746
512 0.227955
512 0.011449
516 2.61974
516 0.264757
516 0.0309455
517 0.795574
518 0.255998
518 0.187985
519 0.646952
519 0.219946
520 0.19143
520 0.072336
520 0.181854
521 0.549721
521 0.036322
522 0.765937
523 0.504972
524 0.642602
524 0.177071
525 0.212237
850 1.78797e-23
864 0.000840679
1148 0.0144543
1149 6.09774e-26
864 0.00126136
524 0.0530184
523 0.0810597
522 0.051487
521 0.0728926
521 0.0352638
520 0.0519082
520 0.0698326
519 0.208227
519 0.0382692
518 0.364891
517 0.141306
516 0.0488746
516 0.337663
512 0.0780306
512 0.132191
511 0.0537618
511 0.0795551
511 0.0721038
511 0.0350252
509 0.176626
509 0.350539
508 0.0503048
508 0.0639172
507 0.0918871
507 0.03462
506 0.0567819
507 0.52089
505 0.160972
505 0.0402527
504 0.294516
504 0.0348057
501 0.0463343
499 0.0472158
499 0.326531
499 0.0594545
498 0.0946511
498 0.106495
498 0.0516933
498 0.143164
497 0.0351896
497 0.0418413
496 0.293869
495 0.0538739
494 0.0399353
494 0.0345334
492 0.0824159
491 0.0511196
490 0.0430239
488 0.0496433
486 0.166702
486 0.038414
484 0.554314
484 0.0453123
483 0.0667998
483 0.172674
482 0.0232905
482 0.0149292
482 0.0380423
481 0.165707
481 0.0676629
481 0.0416565
481 0.0726061
481 0.043853
480 0.0442179
480 0.052555
479 0.0790934
478 0.0805206
476 0.0412831
475 0.0430953
475 0.135208
475 0.0649432
475 0.101695
482 0.001564
482 0.0174179
475 2.39303e-23
476 0.850671
476 0.280522
478 1.21924
479 0.183528
480 0.739924
480 0.0704081
481 0.511714
481 0.130844
481 0.128846
481 0.009413
482 0.329643
482 0.0527257
482 0.043072
483 0.581189
484 0.437715
484 0.248825
485 0.244992
485 0.0228036
486 0.580011
486 0.233087
489 1.69008
489 0.136956
489 0.232936
490 0.547501
491 0.51645
491 0.267225
492 0.235901
493 0.542622
493 0.289058
494 0.311707
494 0.12504
494 0.302544
497 1.39716
497 0.249932
498 0.975532
500 0.992484
500 0.218334
501 0.163338
501 0.0781556
501 0.166793
503 1.44726
503 0.266269
503 0.0300104
503 0.0057243
506 1.31929
506 0.156018
506 0.0344067
506 0.212231
506 0.179936
508 0.689618
508 0.220646
509 0.431021
509 0.328068
509 0.213933
510 0.232938
510 0.300486
510 0.0608435
511 0.137389
512 0.730642
513 0.876714
513 0.0206962
513 0.0924717
514 0.298918
514 0.988991
514 3.13236
513 2.25023
514 0.728469
515 0.146764
515 0.108801
515 0.191136
515 0.368685
516 0.289998
516 0.342168
516 0.218271
517 0.606696
518 0.363019
518 0.102964
518 0.335003
518 0.000255858
519 0.378214
520 1.3968
521 1.00271
522 0.115297
522 0.04049
522 0.193844
522 0.208282
522 0.307759
524 1.05875
524 0.00252923
524 0.442222
525 0.386289
851 2.37798e-23
938 0.00515282
1014 0.00391872
525 0
683 0
938 0.00215991
524 0.0719577
524 0.0628296
522 0.0343699
522 0.0995871
522 0.0727448
522 0.231642
522 0.0418042
521 0.0961814
519 0.0505475
518 0.054354
518 0.042484
518 0.0637974
517 0.0828046
517 0.193582
516 0.0400853
516 0.0403375
515 0.0693265
515 0.165595
515 0.0666036
515 0.107871
513 0.0476389
513 0.0737069
512 0.0436776
511 0.042067
510 0.138492
510 0.0519531
510 0.0889529
509 0.0527985
509 0.142371
509 0.148045
508 0.115299
508 0.0460045
506 0.0344503
506 0.0676619
506 0.115902
506 0.0840779
504 0.152232
503 0.0574891
503 0.182319
501 0.0455196
501 0.06078
501 0.096412
500 0.0670158
500 0.0342794
497 0.239328
497 0.0673471
494 0.0677334
494 0.0476788
494 0.074461
493 0.0701857
493 0.0400925
492 0.0889482
492 0.0953182
492 0.0530295
491 0.0799091
491 0.0704569
489 0.0359961
489 0.0776884
489 0.0379033
486 0.0405789
486 0.0559134
485 0.0904876
485 0.0462236
484 0.0654581
484 0.0798822
483 0.0472335
482 0.037048
482 0.0972784
482 0.0476645
481 0.0358141
481 0.0710637
481 0.0342578
481 0.0434132
480 0.190342
480 0.0444641
478 0.0696298
476 0.0353114
514 0
518 0
557 0
514 0.182864
493 0
305 0
490 0
270 0
475 2.39303e-23
475 0.378237
475 0.189507
476 0.315371
476 0.0708567
477 0.336117
477 0.494833
478 0.25446
478 0.0286412
478 0.477857
481 1.20028
482 0.938985
483 0.351596
485 1.88435
487 0.816864
487 0.359778
487 0.170621
488 0.231621
488 0.0839811
488 0.411914
489 0.14372
489 0.477074
490 0.191802
490 0.222085
490 0.011783
491 0.258085
491 0.0038606
491 0.0747514
492 0.719814
493 0.479425
493 0.21195
493 0.0514407
493 0.0528482
493 0.145046
495 1.35206
496 0.0908637
496 0.407823
496 0.159654
497 0.193838
498 0.583488
498 0.0574842
498 0.20642
499 0.575261
503 2.44546
503 0.452919
504 0.108503
504 0.0662244
504 0.37116
505 0.357219
505 0.189608
506 0.652912
506 0.107966
506 0.0369447
508 1.06058
508 0.328499
509 0.0841084
509 0.400993
509 0.164042
510 0.649372
511 0.175977
511 0.18191
511 0.342041
513 0.899968
513 0.0308611
513 0.131355
513 0.366981
517 2.14955
517 0.328231
517 0.0798822
518 0.284601
518 0.0908884
520 1.43902
521 0.769941
523 1.06281
523 0.235341
524 0.416943
524 0.106264
524 0.225557
525 0.115003
850 1.78635e-23
1149 0.0138471
1149 3.68504e-27
524 0.0372115
524 0.0725476
524 0.183472
524 0.0442577
523 0.050662
521 0.0565535
520 0.225879
518 0.0390299
518 0.148352
518 0.129826
518 0.0376632
517 0.0370439
517 0.203325
513 0.166514
513 0.306219
513 0.0376454
513 0.0163939
513 0.254807
511 0.0565554
511 0.0712461
511 0.0893433
510 0.0868598
509 0.0933266
509 0.0297942
509 0.103103
509 0.146848
509 0.0631428
509 0.0530893
506 0.0378793
506 0.0555541
506 0.0498193
505 0.0347251
505 0.0580902
504 0.0693001
504 0.0481449
503 0.0513085
503 0.0645566
499 0.0577984
498 0.0495397
498 0.0421549
497 0.122388
496 0.0444488
496 0.185824
495 0.0925431
493 0.129367
493 0.027127
493 0.0789775
493 0.0493635
493 0.0397748
493 0.106675
493 0.0594505
492 0.0346963
491 0.0335194
491 0.131025
491 0.0904798
491 0.224116
491 0.0726581
490 0.206134
490 0.0507725
490 0.104871
489 0.115095
488 0.0760602
488 0.196832
488 0.104155
487 0.216123
487 0.0471677
487 0.0803195
485 0.162949
483 0.0464438
482 0.00047583
482 0.129404
481 0.0606854
478 0.0346108
478 0.0582671
477 0.121107
477 0.0470578
476 0.0538159
476 0.051618
475 0.0468524
475 0.0565132
482 0.001564
513 0.001564
513 0.00170016
482 0.0160361
