475 1.58242e-21
475 3.76092e-21
475 1.75263e-08
475 1.06116e-22
475 1.9935e-16
475 8.72798e-14
475 1.33201e-71
475 3.87212e-78
475 8.40959e-18
475 0.000191324
475 3.58543e-07
0 3.57773e-22
475 1.58242e-21
475 3.16453e-25
475 1.04947e-58
475 2.0936e-18
475 7.07121e-54
475 6.32579e-13
475 1.1009e-80
475 5.94358e-30
475 1.10413e-15
475 3.00107e-12
475 1.03501e-06
475 0
475 1.4072e-38
475 1.32659e-08
99 1.509e-21
475 1.58242e-21
475 2.54309e-16
475 6.78302e-08
276 1.12618e-21
475 1.58242e-21
475 1.44857e-19
475 1.14423e-51
475 3.89701e-24
475 2.27727e-57
475 0.000121688
475 4.5314e-05
475 2.20029e-05
475 1.57138e-06
475 9.42331e-06
475 1.58242e-21
475 7.21904e-91
475 9.5408e-08
198 1.24531e-21
475 1.58242e-21
475 1.3007e-05
475 2.68125e-52
475 7.77464e-70
475 3.68231e-21
475 1.25367e-08
475 9.7752e-28
475 5.357e-15
475 1.54152e-55
475 3.23101e-134
475 6.35339e-12
475 1.42224e-35
475 1.11142e-63
475 9.50511e-10
475 5.89364e-141
475 5.32377e-50
475 4.76532e-25
475 1.34028e-06
475 1.01678e-26
475 6.58212e-12
475 6.22484e-32
475 4.98429e-44
475 8.15856e-40
475 1.09561e-23
475 2.3046e-34
475 1.26726e-84
475 1.91809e-28
475 5.47868e-21
475 6.99942e-25
475 3.13356e-07
475 0.000185326
475 1.58242e-21
475 5.40867e-07
475 3.40637e-06
475 1.3788e-06
475 6.48645e-58
475 0.000194674
475 1.58242e-21
475 0.0002
475 1.58242e-21
475 3.57483e-05
475 3.69224e-172
475 9.9313e-24
475 1.48651e-40
475 3.03821e-06
475 8.69558e-05
475 3.56756e-06
475 4.90884e-05
475 1.40652e-05
475 7.53649e-06
475 1.58242e-21
475 5.73853e-12
475 1.0231e-28
475 1.68863e-07
97 1.55025e-21
