475 0
483 2.52744e-06
480 2.69508e-07
480 8.08778e-07
477 0
289 0
475 0
518 1.86004e-06
518 2.3375e-06
482 2.4583e-06
490 6.93215e-08
493 0
609 0
475 0
495 3.76341e-06
475 0
160 0
475 0
486 3.2042e-06
475 0
307 0
475 0
523 1.10083e-06
525 0
674 0
475 0
490 3.65389e-06
488 1.29215e-06
488 1.61445e-06
493 1.79076e-06
525 0
850 0
850 0
475 0
482 6.11107e-07
492 1.99659e-06
496 1.89235e-06
498 7.34637e-07
498 0
452 0
475 0
512 3.18903e-06
504 2.33073e-06
506 6.71658e-07
509 2.77334e-06
504 0
429 0
475 0
494 2.513e-06
493 1.95191e-06
525 0
895 0
895 0
475 0
488 4.00578e-06
475 0
0 0
475 0
476 9.09147e-07
483 1.09343e-06
480 2.21318e-06
475 3.5572e-06
488 0
594 0
475 0
525 0
850 0
850 0
475 0
483 4.08201e-06
475 0
0 0
475 0
525 0
850 0
850 0
475 0
509 5.8982e-07
525 0
873 0
475 0
525 0
850 0
850 0
475 0
475 8.79047e-07
479 3.35351e-06
475 0
421 0
475 0
481 3.00836e-06
475 0
368 0
475 0
525 0
850 0
850 0
475 0
524 1.82515e-06
525 0
569 0
475 0
511 4.15319e-06
499 6.33577e-07
493 6.3266e-07
493 0
490 0
475 0
475 1.92272e-06
478 0
504 0
475 0
494 4.11743e-06
488 2.25668e-06
496 0
562 0
475 0
503 3.46936e-06
486 1.88045e-08
480 0
263 0
475 0
480 3.45909e-06
475 0
267 0
475 0
489 1.84075e-07
492 8.40705e-07
504 5.70906e-07
525 0
931 0
475 0
485 3.41621e-06
475 1.50739e-06
475 0
14 0
475 0
525 0
850 0
850 0
475 0
488 3.94756e-06
475 0
0 0
475 0
476 5.04574e-07
515 0
868 0
475 0
525 0
850 0
850 0
475 0
502 1.44315e-07
525 0
909 0
909 0
475 0
483 2.65307e-06
475 0
406 0
475 0
507 2.01301e-06
508 2.82075e-06
515 9.39695e-07
517 1.62425e-06
516 0
508 0
475 0
505 3.26291e-06
494 9.3309e-07
498 0
590 0
475 0
500 3.6649e-06
475 0
216 0
475 0
511 3.58694e-06
493 6.21e-07
483 1.20337e-06
479 1.40588e-06
480 2.29102e-06
475 0
0 0
475 0
525 0
850 0
850 0
475 0
477 1.14459e-06
484 2.84489e-06
485 1.8721e-06
493 0
653 0
475 0
505 2.26915e-06
504 0
492 0
475 0
489 1.13698e-07
525 0
887 0
887 0
475 0
501 7.92654e-07
523 0
726 0
475 0
510 2.13423e-06
510 8.57087e-07
510 0
176 0
475 0
484 7.2277e-07
513 0
777 0
475 0
520 2.94832e-06
514 1.52162e-06
494 9.84105e-07
476 0
251 0
475 0
525 0
850 0
850 0
475 0
491 2.91543e-06
490 6.94428e-07
490 1.13339e-06
487 3.96998e-07
475 0
114 0
475 0
525 0
850 0
850 0
475 0
525 0
850 0
850 0
475 0
525 0
850 0
850 0
475 0
482 2.87316e-06
475 1.02012e-06
475 1.15235e-06
475 0
348 0
475 0
492 1.73926e-06
497 0
545 0
475 0
484 2.29594e-06
482 0
468 0
475 0
525 0
850 0
850 0
475 0
479 3.16959e-06
475 0
316 0
475 0
508 3.52193e-06
496 2.36409e-06
496 5.59964e-07
508 4.84142e-07
512 2.83834e-07
512 0
514 0
475 0
486 1.44172e-06
491 9.68192e-07
515 0
950 0
475 0
481 2.13215e-06
482 0
486 0
475 0
476 2.59541e-07
524 0
952 0
475 0
495 3.79819e-06
478 1.57119e-08
475 1.4134e-06
475 0
340 0
475 0
508 1.29289e-06
520 0
627 0
475 0
501 1.32641e-06
509 3.98497e-06
495 3.55874e-07
487 0
356 0
475 0
501 7.33514e-07
525 0
733 0
475 0
490 1.99222e-06
492 0
510 0
475 0
525 0
850 0
850 0
475 0
510 3.73609e-06
494 2.82898e-06
492 1.66278e-06
476 2.16079e-06
482 0
563 0
475 0
490 2.50878e-06
489 7.11745e-07
475 0
200 0
475 0
487 6.3162e-07
512 0
744 0
475 0
490 1.24977e-06
503 0
614 0
475 0
499 3.35651e-06
484 9.09481e-07
476 0
331 0
475 0
489 2.89531e-06
487 1.48901e-06
515 6.11868e-07
521 0
724 0
475 0
477 2.35838e-06
475 0
445 0
475 0
488 2.06208e-06
490 0
505 0
475 0
523 3.11912e-06
507 2.49764e-06
502 2.32637e-06
510 1.32575e-06
510 1.50549e-06
514 1.65782e-06
525 0
1149 0
475 0
525 0
850 0
850 0
475 0
486 3.9516e-06
475 1.83355e-06
475 1.78055e-06
475 0
270 0
475 0
525 0
850 0
850 0
475 0
513 2.61803e-06
507 0
452 0
475 0
482 9.45116e-07
488 3.20558e-06
488 3.50602e-06
488 3.41686e-07
492 7.99024e-07
489 4.30662e-07
488 2.44215e-07
481 2.51863e-06
481 0
477 0
475 0
507 1.52099e-06
515 0
593 0
475 0
525 0
850 0
850 0
475 0
488 2.70536e-07
488 2.45117e-07
499 2.54024e-06
489 6.72796e-07
489 0
484 0
475 0
525 0
850 0
850 0
475 0
477 3.15239e-06
475 0
284 0
475 0
509 7.08342e-07
512 3.03675e-06
509 1.38182e-06
506 0
470 0
475 0
525 0
850 0
850 0
475 0
525 0
850 0
850 0
475 0
525 0
850 0
850 0
475 0
493 2.05639e-08
512 3.26443e-06
501 8.61928e-07
500 9.49402e-07
506 0
659 0
475 0
485 3.08067e-06
475 5.73302e-08
475 0
417 0
475 0
483 3.60667e-06
475 0
218 0
475 0
514 3.91595e-06
511 1.03887e-06
502 3.16037e-06
514 2.01033e-06
514 0
504 0
475 0
513 2.40993e-06
512 6.90735e-07
518 0
589 0
475 0
487 2.14742e-06
487 0
489 0
475 0
479 1.75382e-06
479 4.32709e-07
485 5.79704e-07
498 6.90134e-07
498 0
571 0
475 0
484 8.36021e-07
506 0
698 0
475 0
525 0
850 0
850 0
475 0
488 2.79422e-06
488 1.87539e-06
475 0
0 0
475 0
492 1.18367e-06
505 0
624 0
475 0
496 1.27772e-06
508 0
612 0
