475 0
481 0.000122711
475 0
197 0
475 0
475 0.000128623
475 1.57268e-05
475 0
61 0
475 0
482 4.86753e-05
491 0
577 0
475 0
482 5.25012e-06
521 2.26424e-05
525 0
628 0
475 0
504 5.58162e-05
511 0
572 0
475 0
482 0.000136856
475 0
0 0
475 0
476 2.3089e-06
525 0
889 0
1051 0
1149 0
475 0
477 0.000113082
475 0
256 0
475 0
481 0.000109813
475 0
308 0
475 0
525 0
850 0
1149 0
475 0
525 0
850 0
1149 0
475 0
483 0.000114876
479 2.81393e-05
475 0
425 0
475 0
479 0.00011585
475 0
193 0
475 0
493 7.2598e-05
493 0
491 0
475 0
503 4.12181e-05
515 0
625 0
475 0
483 6.35586e-05
485 0.000112461
475 0
267 0
475 0
481 1.69581e-05
487 8.19727e-06
498 0.000116955
515 0
603 0
475 0
493 5.22613e-05
499 8.16406e-05
495 9.33229e-05
486 0
358 0
475 0
525 0
850 0
1149 0
475 0
513 1.34044e-05
525 0
997 0
475 0
496 0.000108407
493 0.000109676
500 7.46166e-06
501 3.17826e-05
495 0
266 0
475 0
477 8.95743e-05
475 0
407 0
475 0
476 9.22056e-05
475 0
372 0
475 0
525 0
850 0
1149 0
475 0
508 1.7624e-05
525 0
803 0
475 0
525 0
850 0
1149 0
475 0
484 9.43071e-05
475 0
390 0
475 0
525 0
850 0
1149 0
475 0
488 0.000128149
486 5.91975e-05
493 9.10599e-05
475 0
0 0
475 0
525 0
850 0
1149 0
475 0
525 0
850 0
1149 0
475 0
486 1.09875e-05
492 0.000103318
494 0
505 0
475 0
484 0.000128738
475 0
6 0
475 0
516 5.5479e-05
520 4.53632e-05
523 2.54281e-05
525 0
857 0
1117 0
1144 0
475 0
515 2.40162e-05
524 8.08685e-05
518 6.47368e-05
480 3.58583e-05
480 0
480 0
475 0
525 0
850 0
1149 0
475 0
482 1.3229e-05
486 4.73973e-05
495 2.07563e-05
492 0
350 0
475 0
488 2.08392e-05
502 0.000114197
503 0.000114084
500 2.70822e-05
475 0
300 0
475 0
495 8.63803e-06
498 7.95282e-05
508 1.48459e-05
508 0
449 0
475 0
475 6.50547e-05
478 0
501 0
475 0
476 2.55901e-06
481 4.26909e-05
484 0.00012838
483 7.95701e-05
484 1.4664e-05
488 7.79778e-05
491 6.73633e-06
498 6.50058e-05
496 6.96648e-05
475 0
273 0
475 0
497 1.49295e-05
509 0.000117753
475 0
0 0
475 0
478 0.000127072
475 0
107 0
475 0
484 6.17972e-05
485 3.92242e-05
477 2.7795e-05
475 0
0 0
475 0
495 5.93236e-05
500 0
541 0
475 0
479 1.90231e-05
485 0.000105339
475 0
292 0
475 0
476 4.39397e-05
476 0.000111264
475 0
0 0
475 0
518 5.90019e-05
522 4.73784e-05
514 0
410 0
475 0
525 0
850 0
1149 0
475 0
476 0.000106403
475 3.03395e-05
475 0
75 0
475 0
502 0.000120102
502 8.46828e-05
507 7.83339e-05
512 7.35435e-05
514 6.78216e-05
504 0
418 0
475 0
479 6.86388e-05
480 8.56705e-05
475 0
307 0
475 0
488 0.000102198
475 0
340 0
475 0
506 0.000127794
494 0.000115971
510 5.25894e-05
520 0
639 0
475 0
522 6.72333e-05
523 8.17031e-05
518 6.5438e-05
515 0
467 0
475 0
481 0.000121482
475 0
200 0
475 0
501 2.33134e-05
520 2.86133e-05
525 0
855 0
1132 0
1149 0
475 0
475 7.18281e-05
476 0
476 0
475 0
484 6.28743e-05
486 8.42989e-05
475 0
0 0
475 0
491 2.91601e-05
498 4.06338e-05
498 8.24862e-05
475 0
0 0
475 0
509 7.23262e-05
509 0.000117275
505 7.69412e-06
500 6.24924e-05
498 0
465 0
475 0
477 3.8665e-05
490 0
611 0
475 0
479 7.91983e-05
476 0
452 0
475 0
496 1.53467e-05
525 0
837 0
475 0
487 0.000137981
475 0
0 0
475 0
490 7.82092e-05
489 0.000126855
490 3.8791e-05
475 0
175 0
475 0
525 0
850 0
1149 0
475 0
516 0.000111563
499 7.38544e-05
497 0
473 0
475 0
479 6.03176e-05
481 6.68228e-05
525 0
988 0
475 0
477 3.09484e-05
479 0.000123905
475 0
47 0
475 0
500 9.59167e-05
494 9.09329e-05
490 9.62334e-05
494 0
551 0
475 0
478 0.000134978
475 0
0 0
475 0
525 0
850 0
1149 0
475 0
506 9.86628e-05
501 1.3587e-05
486 0
288 0
475 0
504 8.9144e-05
501 0.000102342
502 2.89307e-05
500 0
489 0
475 0
493 5.56963e-05
494 4.02352e-05
513 0.000110229
483 0
267 0
475 0
500 3.9641e-05
514 4.80337e-05
513 0
446 0
475 0
479 2.88298e-05
481 0.00012308
475 0
0 0
475 0
494 7.51859e-05
493 9.18651e-06
494 0
504 0
475 0
484 9.24452e-05
476 0
404 0
475 0
492 5.73035e-06
524 3.53855e-05
525 0
573 0
475 0
501 5.20491e-05
501 7.87531e-06
520 5.96694e-05
516 0
373 0
475 0
480 7.38103e-05
480 0
473 0
475 0
477 5.76024e-05
482 0
532 0
475 0
488 0.000121759
486 8.60836e-05
482 0.000108449
487 3.37367e-05
475 0
0 0
475 0
477 0.000132113
475 0
0 0
475 0
484 2.82123e-05
505 0
691 0
475 0
476 0.000115635
475 0
261 0
475 0
525 0
850 0
1149 0
475 0
491 9.57426e-05
479 0
373 0
475 0
491 1.90674e-05
515 3.49898e-05
521 0
697 0
475 0
483 0.000137367
479 5.29572e-05
480 6.04936e-05
525 0
852 0
1144 0
1149 0
475 0
482 0.000113361
475 0
242 0
475 0
525 0
850 0
1149 0
475 0
492 5.67865e-05
498 0
549 0
475 0
489 0.000112563
475 0
259 0
475 0
525 0
850 0
1149 0
475 0
479 2.37501e-05
484 5.14289e-05
503 0
675 0
475 0
524 7.38992e-05
524 7.94015e-05
505 0
296 0
475 0
481 0.000129487
475 0
72 0
