475 2.39303e-23
478 2.39545
480 0.653805
480 0.548257
482 0.655865
482 0.406726
483 0.236148
483 0.0629011
484 0.683149
485 0.529349
486 0.861162
486 0.211243
489 1.39967
489 0.291726
491 1.2312
491 0.022639
492 0.521994
493 0.489523
493 0.36147
493 0.0849171
494 0.170881
494 0.0569272
495 0.502357
495 0.0414686
495 0.231914
497 1.44722
498 0.726857
500 1.22811
501 0.578066
503 1.39311
503 0.0244969
504 0.0364409
504 0.576899
505 0.559257
507 1.12848
508 0.439516
509 0.833718
511 1.39567
512 0.518889
512 0.017107
512 0.0432728
514 1.06839
514 0.281715
514 0.0905589
514 0.0701998
515 0.266468
515 0.00577719
515 0.0290876
515 0.0486892
516 0.61826
516 0.369867
517 0.0578183
517 0.155596
517 0.234396
520 1.61089
520 0.192475
520 0.270778
520 0.0111175
520 0.137783
522 0.933407
523 0.590329
523 0.0921243
523 0.237187
523 0.0707458
524 0.258072
524 0.524048
525 0.0108629
850 1.78126e-23
1149 0.0142975
1149 4.57119e-28
524 0.00942084
524 0.00638219
524 0.0371883
524 0.0543732
523 0.139589
524 0.358335
523 0.179371
523 0.14329
522 0.0263221
522 0.0849825
522 0.0449902
521 0.533214
521 0.109467
520 0.0462361
520 0.297128
520 0.0361361
517 0.105894
517 0.0345818
517 0.205419
516 0.0373133
516 0.0395768
516 0.0754496
516 0.0577462
515 0.0517016
515 0.0474831
515 0.157006
515 0.0642497
514 0.044235
514 0.0406858
514 0.0999202
514 0.0874055
512 0.0657359
512 0.034929
512 0.0415562
511 0.0480891
509 0.0376004
508 0.0415229
507 0.0394088
505 0.299368
504 0.0351756
504 0.0662481
503 0.0392933
503 0.0808583
500 0.0445928
498 0.0457315
497 0.0798703
495 0.0529431
495 0.0387521
495 0.0520163
494 0.236744
493 0.051582
493 0.0929633
493 0.07316
492 0.0477361
491 0.090281
491 0.0797516
489 0.06049
489 0.0895529
486 0.0408356
486 0.0384293
485 0.0671518
483 0.0238
483 0.0354891
483 0.445612
482 0.330481
482 0.0893946
481 0.126878
481 0.109605
481 0.0795432
480 0.0529534
478 0.0878454
484 0.001564
523 0.001564
523 0.00466145
484 0.0217998
475 2.39303e-23
475 0.306213
476 0.710934
477 0.347176
477 0.202465
477 0.303724
478 0.371057
478 0.217809
479 0.128944
479 0.0415226
480 0.850671
482 1.09319
482 0.0525692
483 0.417188
483 0.187477
485 1.5462
486 0.0462633
486 0.0678029
486 0.00729437
486 0.367856
487 0.50348
487 0.213572
488 0.332178
488 0.35035
489 0.431234
489 0.00578746
490 0.714796
490 0.224816
491 0.382909
493 1.32131
494 0.331994
494 0.276333
495 0.226257
496 0.826431
496 0.0364931
496 0.0331546
497 0.472715
498 0.76075
498 0.268632
500 1.40524
501 0.105556
501 0.0452078
502 0.725621
503 1.01716
504 0.195387
504 0.134344
504 0.121185
504 0.116487
505 0.155373
505 0.276086
505 0.13858
505 0.019186
506 0.730187
507 0.709912
508 0.320401
508 0.353812
512 2.21591
513 0.863601
514 0.72687
514 0.0949402
515 0.568711
516 0.630279
516 0.186173
517 0.485773
518 0.684634
519 0.470298
519 0.359228
519 0.0449485
520 0.153129
521 0.804316
521 0.19864
521 0.28376
522 0.62887
524 1.33646
525 0.152522
850 1.78904e-23
1148 0.00966783
1149 7.42724e-26
524 0.0334498
524 0.0680689
524 0.138584
522 0.04113
521 0.207029
521 0.236232
521 0.0573663
520 0.0569694
519 0.0912321
519 0.0528108
518 0.291065
517 0.174315
516 0.0383776
516 0.0394127
515 0.0348112
514 0.0413197
514 0.0465256
514 0.0376594
513 0.0755407
508 0.107778
508 0.193707
506 0.0993567
505 0.0154765
505 0.402013
505 0.0649697
505 0.040226
505 0.0344358
504 0.0560928
504 0.0579813
504 0.137652
502 0.0859213
501 0.0821584
501 0.0506595
498 0.108994
497 0.12497
496 0.0432701
496 0.0344874
496 0.0724506
495 0.0747783
494 0.295425
493 0.0601052
491 0.0542339
490 0.0789291
489 0.384826
489 0.0847096
488 0.0342071
487 0.0443512
486 0.10753
486 0.358814
486 0.207625
486 0.0435665
486 0.0593922
486 0.0403158
483 0.179923
483 0.128001
483 0.0716947
482 0.0421818
482 0.195587
480 0.0534192
479 0.0521627
479 0.280153
478 0.244083
477 0.0893653
477 0.138099
477 0.0316942
476 0.0399128
475 0.0410398
489 0.001564
505 0.001564
505 0.0088051
489 0.0628432
475 2.39303e-23
475 0.0426859
475 0.492031
479 2.12648
479 0.0855882
480 0.569529
480 0.0242935
480 0.0949625
481 0.470267
481 0.00970994
483 1.67302
484 0.140858
486 1.21746
486 0.367348
486 0.0338304
487 0.479039
487 0.0561256
487 0.157875
488 0.179763
488 0.485145
489 0.678282
490 0.322177
491 0.524036
491 0.287788
494 1.94784
495 0.171436
495 0.0967613
497 1.43963
497 0.134069
498 0.345013
499 0.643629
499 0.250135
500 0.640423
500 0.110682
500 0.188856
501 0.584372
503 1.13669
503 0.0796492
504 0.226278
504 0.418455
505 0.37053
505 0.230143
507 0.839444
507 0.584731
507 0.0190962
508 0.0992445
508 0.150553
508 0.0879603
510 1.10658
512 1.45693
512 0.269674
512 0.0943905
513 0.29547
513 0.335714
514 0.13971
514 0.415054
514 0.095585
514 0.0934404
515 0.584874
516 0.38325
516 0.184914
517 0.631361
518 0.433437
520 1.51436
520 0.0409065
520 0.0404253
520 0.132366
520 0.131491
521 0.380758
521 0.0970863
523 1.39679
525 0.77302
850 1.78005e-23
1060 0.00693521
1149 0.00271721
1149 4.80345e-27
1060 0.0013298
1061 0.00214279
1061 0.00244635
523 0.061268
521 0.0414924
521 0.096571
520 0.0386877
520 0.151953
520 0.0363711
520 0.128659
520 0.0443026
517 0.103808
516 0.0583975
514 0.135708
514 0.0388281
514 0.0593511
513 0.0505716
513 0.0351094
512 0.0512246
512 0.0478939
510 0.0409912
508 0.0381015
508 0.197823
508 0.420245
508 0.138076
507 0.049535
507 0.0409408
507 0.0444569
505 0.0664035
505 0.181204
503 0.0424608
503 0.174161
501 0.0647405
501 0.0880545
500 0.0348581
500 0.0649835
499 0.0423688
499 0.255001
498 0.042213
497 0.0422797
497 0.0356927
495 0.0369764
494 0.0961883
491 0.064968
490 0.177329
489 0.0436981
488 0.0871893
488 0.0667057
487 0.0431303
487 0.0354095
487 0.0701983
487 0.174008
486 0.235671
486 0.0492627
486 0.0441256
484 0.109633
483 0.0835871
481 0.176249
480 0.231919
480 0.0666408
480 0.0396958
479 0.10237
479 0.0364831
475 0.031867
476 0.108193
476 0.255057
476 0.110459
476 0.0365466
487 0.001564
509 0.001564
509 0.043232
487 0.00985595
475 2.39303e-23
475 0.275458
475 0.103137
476 0.779607
476 0.117976
477 0.309134
477 0.200758
478 0.2719
479 0.663063
480 0.545776
480 0.146639
480 0.00556086
481 0.943641
482 0.043433
482 0.236321
482 0.167722
484 1.07481
485 0.404288
485 0.498992
487 0.680879
487 0.056129
487 0.23067
487 0.00638822
488 0.372168
488 0.0457631
489 0.881008
490 0.477558
490 0.0760806
490 0.133496
492 1.22083
492 0.209111
492 0.138085
492 0.0118006
493 0.574846
494 0.396465
494 0.112796
494 0.121182
495 0.408975
496 0.691972
496 0.111761
497 0.401028
497 0.192441
497 0.211695
497 0.174716
498 0.143882
498 0.0726249
499 0.656897
500 1.03486
500 0.00273346
501 0.0933466
501 0.245489
502 0.359666
502 0.269502
503 0.804014
505 0.777377
505 0.424352
506 0.677614
507 0.258276
507 0.0225298
508 0.713351
508 0.0562301
508 0.192872
508 0.00216222
509 0.324558
509 0.257091
509 0.0577193
509 0.0982744
510 0.301989
512 1.48528
512 0.417725
513 0.351747
513 0.181728
514 0.364924
515 0.485531
515 0.501883
516 0.102141
516 0.220159
517 0.478134
517 0.0741637
517 0.148157
517 0.107568
517 0.0681092
518 0.396531
519 0.478637
520 1.32614
520 0.0350114
521 0.438897
521 0.0899003
521 0.0664354
522 0.106053
522 0.254603
523 0.969402
523 0.000489252
524 0.70024
525 0.191564
850 1.79243e-23
932 0.00339712
1149 0.00872054
1149 6.61349e-27
932 0.00174129
524 0.0899152
523 0.0412984
523 0.0978379
522 0.0438722
521 0.0995135
521 0.0817431
521 0.232183
520 0.0436264
520 0.0515513
519 0.0749854
517 0.168745
517 0.0356588
517 0.0623277
517 0.170615
516 0.0536455
516 0.0773645
515 0.0442857
515 0.0912737
514 0.0837058
513 0.0823398
513 0.0704723
512 0.371528
510 0.0382282
509 0.0396009
509 0.0381666
508 0.0715239
508 0.0371958
508 0.352923
508 0.0525894
507 0.0347229
507 0.0420017
506 0.162449
505 0.234996
505 0.0491292
503 0.194675
502 0.116871
501 0.0587492
500 0.167732
500 0.0366625
500 0.13648
500 0.0423846
499 0.07257
498 0.0540436
498 0.0351322
498 0.126841
498 0.234529
498 0.0364822
497 0.0405173
497 0.379033
497 0.101823
496 0.120498
496 0.227724
496 0.0787855
496 0.108764
496 0.0665425
495 0.0411907
494 0.218807
494 0.0369396
494 0.00549642
494 0.0834277
494 0.0494027
493 0.0538023
492 0.0564346
492 0.125695
492 0.0549217
490 0.203177
490 0.0496961
489 0.0738313
488 0.128078
488 0.0960619
487 0.046855
487 0.085153
487 0.0610171
487 0.0373567
485 0.0551057
484 0.11185
482 0.04433
482 0.0604496
482 0.0513386
481 0.0361963
480 0.0414483
480 0.143855
480 0.0922909
479 0.174066
477 0.091184
477 0.0351059
476 0.121889
476 0.0607761
475 0.0432714
475 0.0685889
475 2.39303e-23
475 0.180645
475 0.109087
475 0.122059
476 0.73423
476 0.0355539
478 0.830937
478 0.218125
479 0.610783
479 0.00381115
479 0.188576
480 0.392098
480 0.224246
482 1.29629
482 0.032601
482 0.017094
483 0.434135
483 0.248902
484 0.427223
485 0.668562
486 0.222959
487 1.04096
488 0.45346
488 0.098919
489 0.477444
489 0.247125
489 0.142667
490 0.232743
490 0.453087
491 0.503233
492 0.466193
492 0.123228
494 1.22456
495 0.350128
495 0.132145
495 0.32588
496 0.294346
496 0.20871
496 0.236042
497 0.140046
498 0.676279
498 0.015642
498 0.130775
498 0.136777
498 0.0965947
500 0.692369
500 0.451794
500 0.176314
501 0.137638
502 0.965405
502 0.212244
503 0.085336
503 0.113909
504 1.10657
505 0.0521706
506 0.914973
508 1.14843
509 0.68438
509 0.157405
509 0.237606
510 0.264398
510 0.0727105
511 0.646696
511 0.155831
511 0.246604
511 0.121029
512 0.60367
513 0.447018
513 0.0266514
513 0.180891
513 0.101292
513 0.0361794
514 0.419672
514 0.0623892
515 0.310854
515 0.169135
516 0.660337
517 1.16582
518 0.300384
518 0.125749
518 0.150331
519 0.3128
519 0.140667
520 0.671324
521 0.942844
522 0.155643
522 0.0347627
522 0.406958
522 0.00686554
522 0.0144284
523 0.633788
524 0.106317
525 0.702951
850 1.78938e-23
955 0.00561542
1138 0.00564519
1149 0.000172775
1149 5.04415e-27
1138 0.00130284
955 0.00164746
524 0.0435678
523 0.0440657
522 0.0444594
522 0.322647
522 0.0746141
522 0.0692097
522 0.0359479
520 0.444211
519 0.398953
519 0.0635083
518 0.0887342
518 0.056902
517 0.0548534
516 0.111575
515 0.0544322
515 0.233149
514 0.0351505
513 0.12996
513 0.0547377
513 0.0737382
513 0.0596285
512 0.0503795
511 0.0485298
511 0.0793579
511 0.0393135
510 0.0557476
510 0.111039
509 0.0494898
509 0.0456182
509 0.0840345
508 0.0882172
506 0.15459
505 0.048872
504 0.0349246
503 0.055704
503 0.0439859
502 0.0696302
502 0.0471281
501 0.0673102
500 0.0829149
500 0.0358264
500 0.0462936
498 0.058081
498 0.0390218
498 0.0431182
498 0.267145
498 0.458188
497 0.0543903
496 0.1216
496 0.047497
495 0.0693417
494 0.116284
492 0.059911
492 0.151454
491 0.37579
491 0.121759
491 0.0436539
490 0.0369996
490 0.0458774
489 0.0422592
489 0.0475637
488 0.0585537
488 0.0531592
487 0.161926
486 0.101024
485 0.13931
484 0.209647
484 0.056579
483 0.137798
482 0.188753
482 0.0466153
480 0.110079
480 0.0702314
479 0.0625138
479 0.0799315
479 0.0424276
478 0.0518928
478 0.0389053
476 0.0414217
475 0.0514414
475 0.0367278
475 0.0424926
475 2.39303e-23
475 0.591776
477 1.30992
478 0.202835
478 0.399153
479 0.126257
479 0.254601
479 0.236885
479 0.0413838
480 0.227042
480 0.293972
481 0.731911
483 1.07638
484 0.765431
487 1.50963
487 0.140693
487 0.121415
489 1.20002
490 0.470543
491 0.576662
491 0.233551
491 0.082111
491 0.0761649
492 0.0871006
492 0.300514
493 0.351699
494 0.725331
494 0.414749
495 0.135052
495 0.471797
496 0.330671
496 0.280883
497 0.591922
498 0.273383
498 0.136611
499 0.516589
499 0.447845
500 0.360415
501 0.482166
501 0.228969
503 1.35617
503 0.045549
505 0.925975
506 0.778765
506 0.41453
507 0.417197
507 0.0375866
507 0.0629564
508 0.519025
508 0.072121
508 0.0878609
508 0.24255
509 0.425063
509 0.179115
509 0.00531574
510 0.0541033
510 0.440822
511 0.809819
512 0.536582
513 0.247896
513 0.0142223
514 1.09145
515 0.280698
515 0.12686
515 0.0170389
516 0.719284
517 0.522332
517 0.245186
517 0.103828
517 0.0161944
519 1.26189
519 0.0102783
519 0.0471377
520 0.745814
522 1.00302
522 0.392249
523 0.0171739
523 0.320265
523 0.0334493
524 0.769401
525 0.217935
850 1.7877e-23
1148 0.0113919
1149 1.02239e-25
524 0.0384245
523 0.210737
523 0.0615299
522 0.0893829
519 0.0478207
519 0.0632047
519 0.057085
517 0.0740725
517 0.0913027
517 0.074532
517 0.0762202
516 0.0548721
515 0.159902
515 0.265259
515 0.178795
514 0.0594601
514 0.0706797
514 0.0490434
513 0.0806281
512 0.0358293
511 0.0976366
510 0.0787603
510 0.0616662
509 0.0413665
509 0.0350726
508 0.0351234
508 0.0531299
508 0.0518295
507 0.0788631
507 0.0597455
507 0.0395092
506 0.122875
506 0.0368013
505 0.0572755
503 0.047499
503 0.0527994
501 0.0496699
501 0.0420502
500 0.0453728
499 0.19095
499 0.0638393
497 0.246871
496 0.129398
496 0.0694054
495 0.159942
495 0.0964952
494 0.139921
494 0.172539
493 0.0568795
492 0.0547973
492 0.181993
492 0.0454745
492 0.059725
491 0.0400216
491 0.116597
491 0.0347346
491 0.0981003
490 0.122607
489 0.0808767
487 0.0749207
487 0.0872095
487 0.174976
484 0.103717
483 0.0448058
482 0.259387
480 0.0369089
480 0.144938
479 0.0668046
479 0.0457089
479 0.0145862
479 0.203044
479 0.0624688
479 0.0826865
478 0.0410065
478 0.0596096
477 0.246595
475 2.39303e-23
475 0.497926
476 0.491956
476 0.0992515
477 0.493784
477 0.0338466
477 0.171477
478 0.15553
478 0.441944
478 0.205242
479 0.315323
480 0.692963
480 0.0822511
480 0.0837794
481 0.292712
482 0.997946
483 0.815636
484 0.261314
485 1.04929
486 0.169049
486 0.0133765
487 0.537291
488 0.674695
489 0.582052
489 0.313935
493 2.72544
494 0.51363
494 0.118606
495 0.215146
496 0.660309
496 0.354701
497 0.299493
497 0.0327998
497 0.148708
498 0.405648
499 0.484236
499 0.166338
500 0.885855
501 0.591235
502 0.442765
502 0.195024
502 0.21331
503 0.184023
503 0.417064
504 0.328597
505 1.07651
506 0.282255
507 0.588528
507 0.0985906
507 0.0385151
507 0.435505
508 0.648008
508 0.0432745
510 0.689784
511 1.24149
512 0.429559
513 0.731279
513 0.126514
513 0.0055096
515 0.719513
515 0.136794
515 0.0867458
517 1.44048
517 0.294508
517 0.0419983
519 0.765859
519 0.430861
520 0.501817
520 0.0268786
520 0.151007
522 1.44043
522 0.150985
523 0.30957
523 0.0243651
524 0.820001
524 0.00622969
524 0.172047
524 0.0823627
525 0.000614146
850 1.78685e-23
856 0.00017244
1149 0.00914964
1149 2.62368e-26
856 0.00160318
524 0.000207241
524 0.00390166
524 0.00120975
524 0.000745116
524 0.00165663
524 0.00412228
524 0.00149869
524 0.00266318
524 0.00228583
524 0.00297266
524 0.00123564
524 0.00243741
524 0.00147383
524 0.014008
524 0.0395054
524 0.0391024
523 0.0432004
523 0.0413188
522 0.0358581
522 0.0561174
520 0.0462644
520 0.0347885
520 0.106501
519 0.0686119
519 0.0366451
518 0.247031
517 0.0508963
517 0.0646624
515 0.0346751
515 0.232144
515 0.0889912
513 0.0592532
513 0.037284
512 0.12993
511 0.176598
510 0.136165
509 0.256314
507 0.0354847
507 0.0604104
507 0.0369443
507 0.252644
506 0.0355035
505 0.115345
504 0.188417
503 0.0393674
503 0.095766
502 0.0502364
502 0.036387
502 0.0472038
501 0.0621532
500 0.307321
499 0.0343063
499 0.129849
498 0.448533
497 0.0365039
497 0.116312
496 0.0418199
496 0.0348127
495 0.0580514
494 0.0371097
494 0.0430832
493 0.043769
489 0.0708745
489 0.133468
487 0.265765
486 0.0703389
486 0.0540836
485 0.075549
484 0.126156
484 0.0432295
484 0.113832
484 0.0597513
484 0.109112
483 0.0515093
482 0.0498558
481 0.0415717
480 0.0363448
480 0.042804
480 0.0854424
479 0.158476
478 0.0358282
478 0.0404808
478 0.0470276
477 0.0359051
477 0.11815
477 0.0645833
477 0.03535
476 0.0427706
476 0.105598
475 0.0889683
475 2.39303e-23
475 0.189593
476 0.645732
477 0.429634
480 1.81573
480 0.188487
480 0.0147082
480 0.207219
481 0.193119
481 0.0384903
482 0.875979
482 0.186687
483 0.581806
484 0.106132
484 0.450065
485 0.144081
485 0.120321
485 0.242426
486 0.807305
487 0.316321
491 2.15732
491 0.0285154
491 0.531542
492 0.4292
492 0.147302
492 0.138428
493 0.258983
494 0.930279
497 1.7252
498 0.526251
498 0.0337678
503 3.0918
503 0.147392
504 0.552957
505 1.02289
505 0.0850479
506 0.113283
506 0.28908
506 0.032328
506 0.0173277
508 1.48814
509 0.284289
509 0.287908
509 0.0634897
512 1.74514
515 1.85756
515 0.3364
515 0.100294
516 0.116723
516 0.228463
516 0.0303675
516 0.321252
517 0.467242
517 0.214276
518 0.294423
519 0.712459
521 1.47598
522 0.18866
522 0.504724
523 0.275494
523 0.552904
524 0.671373
525 0.00933922
850 1.77858e-23
1084 0.00906416
1149 0.00231329
1149 6.33244e-27
1084 0.00110891
1084 0.000974823
1084 0.00201302
1084 0.00109383
524 0.0369748
523 0.0441229
522 0.035128
522 0.155192
521 0.131118
519 0.0849678
518 0.113889
518 0.129232
518 0.0362707
516 0.00479815
516 0.163947
516 0.0445275
516 0.0467232
516 0.0386589
515 0.046449
516 0.463927
516 0.105535
516 0.0343807
515 0.325982
509 0.0494953
509 0.0349974
509 0.0576047
506 0.0764844
506 0.004767
506 0.0475323
506 0.111914
506 0.0546369
506 0.121611
505 0.0668906
505 0.0833985
504 0.320046
503 0.0480375
503 0.0653082
498 0.0364684
498 0.0392841
497 0.038293
494 0.0824397
493 0.103178
492 0.0757551
492 0.0781865
492 0.0369382
491 0.120223
491 0.142927
491 0.0942259
485 0.197452
485 0.0498592
485 0.1155
484 0.0396724
484 0.089931
483 0.0665427
483 0.199425
483 0.0329309
483 0.171181
483 0.0410472
482 0.0402117
481 0.0897391
481 0.229958
480 0.0522408
480 0.0673919
480 0.157853
480 0.0348235
477 0.0528076
476 0.146543
475 0.0450995
483 0.001564
506 0.001564
506 0.0104665
483 0.00640983
475 2.39303e-23
475 0.219308
476 0.4858
478 1.18278
479 1.17894
480 0.226637
481 0.834115
482 0.248338
482 0.0174454
484 1.35651
484 0.192671
484 0.00585548
484 0.0329702
485 0.213838
486 0.657618
486 0.297064
486 0.0142805
486 0.11896
486 0.0249228
487 0.288663
487 0.403998
488 0.546757
489 0.647062
490 0.378139
491 0.78338
492 0.268563
492 0.382687
493 0.664422
496 1.5258
496 0.608342
500 2.20385
502 1.30628
502 0.2443
503 0.541439
503 0.151991
504 0.551683
505 0.482371
506 0.730285
507 0.723113
507 0.304032
508 0.609099
509 0.273964
509 0.150167
510 0.78709
511 0.0788217
511 0.494095
511 0.0100895
512 0.189554
512 0.231711
513 0.848594
515 1.39268
518 1.54433
518 0.191616
518 0.140635
520 1.02965
520 0.191417
521 0.310785
522 0.606488
523 0.55823
523 0.253265
523 0.297019
523 0.00642303
524 0.235427
524 0.418649
525 0.190335
850 1.77519e-23
885 0.00184659
1149 0.0123906
1149 3.58133e-28
524 0.0807442
523 0.0401874
524 0.53528
523 0.0634391
523 0.0437179
522 0.0369448
521 0.0611131
520 0.040991
520 0.0548042
518 0.283972
518 0.210259
518 0.0367732
515 0.0403114
513 0.128503
512 0.0389215
512 0.0804202
511 0.0392885
511 0.0521368
511 0.0669135
510 0.0393861
509 0.0468431
508 0.0508638
507 0.088767
507 0.0532728
506 0.0225036
506 0.0418978
506 0.0407276
505 0.0657016
504 0.120517
503 0.0455475
503 0.043581
502 0.0732439
502 0.0535225
500 0.0401119
496 0.0994126
496 0.0709913
493 0.076899
492 0.0886766
492 0.148979
491 0.0679982
490 0.124845
489 0.122589
488 0.0624328
487 0.123933
487 0.0631517
486 0.038263
486 0.0379537
486 0.208169
486 0.0349973
486 0.142877
485 0.128707
484 0.0390314
484 0.201152
484 0.0478376
482 0.0367832
482 0.0597397
481 0.054457
480 0.0777989
479 0.154096
478 0.0370386
475 0.0344547
475 2.39303e-23
475 0.363521
476 0.80455
476 0.0519357
478 0.727173
478 0.0142
478 0.128744
478 0.118103
478 0.208332
479 0.277024
482 1.71362
483 0.494537
483 0.124028
484 0.589962
484 0.0623651
484 0.252036
485 0.378455
485 0.0867998
486 0.558161
487 0.460087
487 0.185341
487 0.435086
488 0.374592
488 0.238867
489 0.104051
490 0.759472
490 0.00543291
490 0.274657
490 0.0681508
490 0.08139
491 0.607058
492 0.263475
492 0.123244
494 1.42521
495 0.317077
495 0.402654
496 0.228206
498 1.45136
500 1.34742
500 0.0875885
500 0.000635998
501 0.670882
501 0.216054
504 1.43518
504 0.013306
504 0.210691
504 0.222256
505 0.272052
507 1.43769
508 0.590767
508 0.186515
508 0.127156
509 0.262402
511 1.61103
511 0.03467
512 0.0701351
513 1.17348
513 0.0322468
514 0.629625
514 0.0682541
514 0.00194284
514 0.0868679
515 0.358103
516 0.450017
516 0.0554288
516 0.311264
517 0.446512
517 0.133985
517 0.164099
520 1.75058
521 0.788395
521 0.103688
522 0.456268
522 0.42128
523 0.58841
524 0.203843
524 0.0841622
524 0.270758
525 0.253897
850 1.78159e-23
987 0.00528329
1144 0.00691632
1149 0.000136866
1149 6.07403e-28
1144 0.0018246
987 0.0015129
524 0.0381528
524 0.0580857
523 0.0375684
522 0.0488743
521 0.0469397
517 0.0415568
517 0.108572
517 0.0361335
516 0.0587061
516 0.0352617
516 0.0411805
515 0.0859969
514 0.0914892
514 0.0365416
513 0.0986308
513 0.0632661
512 0.294561
512 0.339734
512 0.0406655
511 0.0348623
511 0.0401769
509 0.0740008
508 0.118203
508 0.159123
507 0.0473898
505 0.243376
504 0.114471
504 0.04388
504 0.129791
504 0.0443213
501 0.0845446
501 0.036081
500 0.0465813
500 0.0495072
498 0.207648
496 0.0685051
495 0.0409546
495 0.462204
494 0.050247
492 0.0363539
491 0.0845261
490 0.0663155
490 0.0498083
490 0.035731
490 0.0489401
490 0.145858
489 0.176513
488 0.0370146
488 0.171357
487 0.0469646
487 0.0762935
487 0.0696833
486 0.0437874
484 0.401067
484 0.0368078
483 0.0720965
482 0.0636024
478 0.121057
478 0.067218
478 0.171667
478 0.052866
478 0.203965
477 0.0997366
475 0.0393512
