475 1.80497e-20
475 0.05
475 1.80497e-20
475 0.0413114
475 0.00868859
475 1.80497e-20
475 0.0455607
475 0.00443928
475 1.80497e-20
475 0.05
475 1.80497e-20
475 0.0471969
475 0.00280308
475 1.80497e-20
475 0.0258391
475 0.00641707
475 0.0177439
475 1.80497e-20
475 0.05
475 1.80497e-20
475 0.05
475 1.80497e-20
475 0.049191
475 0.000809033
475 1.80497e-20
475 0.05
475 1.80497e-20
475 0.0333611
475 0.0166389
475 1.80497e-20
475 0.0472151
475 0.00278486
475 1.80497e-20
475 0.0414266
475 0.00857338
475 1.80497e-20
475 0.0104902
475 0.0395098
475 1.80497e-20
475 0.05
475 1.80497e-20
475 0.05
475 1.80497e-20
475 0.05
475 1.80497e-20
475 0.05
475 1.80497e-20
475 0.019637
475 0.0181441
475 0.0122188
475 1.80497e-20
475 0.025105
475 0.024895
475 1.80497e-20
475 0.0415529
475 0.00844708
475 1.80497e-20
475 0.0334716
475 0.0165284
475 1.80497e-20
475 0.05
475 1.80497e-20
475 0.05
475 1.80497e-20
475 0.0347536
475 0.0152464
475 1.80497e-20
475 0.05
475 1.80497e-20
475 0.0100556
475 0.0399444
475 1.80497e-20
475 0.0355777
475 0.0144223
475 1.80497e-20
475 0.05
475 1.80497e-20
475 0.05
475 1.80497e-20
475 0.05
475 1.80497e-20
475 0.05
475 1.80497e-20
475 0.05
475 1.80497e-20
475 0.0364145
475 0.0135855
475 1.80497e-20
475 0.0481429
475 0.00185712
475 1.80497e-20
475 0.05
475 1.80497e-20
475 0.05
475 1.80497e-20
475 0.05
475 1.80497e-20
475 0.05
475 1.80497e-20
475 0.05
475 1.80497e-20
475 0.0162031
475 0.00429715
475 0.0294998
475 1.80497e-20
475 0.05
475 1.80497e-20
475 0.05
475 1.80497e-20
475 0.05
475 1.80497e-20
475 0.0498335
475 0.000166514
475 1.80497e-20
475 0.0364061
475 0.0135939
475 1.80497e-20
475 0.05
475 1.80497e-20
475 0.05
475 1.80497e-20
475 0.05
475 1.80497e-20
475 0.0162638
475 0.0120091
475 0.00443202
475 0.00743457
475 0.00986056
475 1.80497e-20
475 0.0468669
475 0.00313309
475 1.80497e-20
475 0.041723
475 0.00827701
475 1.80497e-20
475 0.0382543
475 0.0117457
475 1.80497e-20
475 0.0367088
475 0.0132912
475 1.80497e-20
475 0.05
475 1.80497e-20
475 0.0139195
475 0.00505553
475 0.0310249
475 1.80497e-20
475 0.05
475 1.80497e-20
475 0.05
475 1.80497e-20
475 0.05
475 1.80497e-20
475 0.05
475 1.80497e-20
475 0.00963893
475 0.0403611
475 1.80497e-20
475 0.05
475 1.80497e-20
475 0.0221193
475 0.0175877
475 0.0102931
475 1.80497e-20
475 0.05
475 1.80497e-20
475 0.05
475 1.80497e-20
475 0.0316271
475 0.00698075
475 0.0113921
475 1.80497e-20
475 0.0476218
475 0.00237817
475 1.80497e-20
475 0.0365628
475 0.0134372
475 1.80497e-20
475 0.05
475 1.80497e-20
475 0.05
475 1.80497e-20
475 0.05
475 1.80497e-20
475 0.05
475 1.80497e-20
475 0.05
475 1.80497e-20
475 0.04563
475 0.00436996
475 1.80497e-20
475 0.0380068
475 0.0119932
475 1.80497e-20
475 0.0481685
475 0.00183151
475 1.80497e-20
475 0.0485235
475 0.00147646
475 1.80497e-20
475 0.033966
475 0.00367033
475 0.0123636
475 1.80497e-20
475 0.05
475 1.80497e-20
475 0.0368779
475 0.0131221
475 1.80497e-20
475 0.05
475 1.80497e-20
475 0.05
475 1.80497e-20
475 0.0198136
475 0.0301864
475 1.80497e-20
475 0.017224
475 0.032776
475 1.80497e-20
475 0.0499576
475 4.23683e-05
475 1.80497e-20
475 0.05
475 1.80497e-20
475 0.05
475 1.80497e-20
475 0.0454285
475 0.00457147
475 1.80497e-20
475 0.0268154
475 0.0209598
475 1.05743e-07
475 0.00222468
475 1.80497e-20
475 0.0102043
475 0.0248918
475 0.014904
475 1.80497e-20
475 0.0491159
475 0.000884128
475 1.80497e-20
475 0.05
475 1.80497e-20
475 0.05
475 1.80497e-20
475 0.05
475 1.80497e-20
475 0.05
475 1.80497e-20
475 0.05
475 1.80497e-20
475 0.05
475 1.80497e-20
475 0.05
475 1.80497e-20
475 0.05
475 1.80497e-20
475 0.05
