475 1.42529e-22
475 0.161501
475 0.779739
475 0.300929
475 0.563848
475 1.39423
475 0.467005
475 0.163218
475 0.00692574
476 0.284907
476 1.18623
476 1.52461
476 0.533336
477 1.04443
477 0.29629
477 3.32853
477 0.917606
478 1.45176
478 3.00457
478 2.91169
479 2.87883
479 2.99683
479 3.14697
477 0.0348466
477 0.0413442
477 0.0436472
476 0.0367888
476 0.0376059
476 0.0408382
476 0.0557388
475 0.0359763
475 0.0391924
475 0.0491859
475 0.0502193
475 0.0351047
475 0.0552238
475 0.0373121
475 0.0629921
