475 2.03792e-22
475 0.807482
475 3.05835
476 2.96597
476 2.87749
476 2.72859
477 2.88711
477 3.26166
477 1.41336
475 2.03792e-22
475 3.22987
476 2.92024
476 2.86695
476 2.82293
476 2.74039
477 3.15634
477 2.25232
477 0.0109583
475 2.03792e-22
475 1.66644
475 3.17664
476 2.99075
476 2.70239
476 2.64664
477 2.87623
477 3.42642
477 0.415488
477 0.0464081
477 0.0114266
477 0.00586233
475 0.0353189
475 2.03792e-22
475 0.36507
475 0.49887
475 1.52887
475 3.26119
476 2.94471
476 2.87127
476 2.93566
477 3.07091
477 2.41506
475 0.0377101
475 0.0363387
475 0.0343494
475 2.03792e-22
475 3.32818
475 0.144574
476 2.99658
476 2.80789
476 2.80342
476 2.82854
477 3.24248
477 1.81336
475 0.0349785
475 2.03792e-22
475 0.0191533
475 0.317438
475 2.87132
476 2.96151
476 2.77428
476 2.80553
476 2.86594
476 3.21798
476 1.96398
475 0.12494
475 0.0420257
475 0.00156053
475 0.00222745
475 0.000702355
475 0.00300915
475 0.00264999
475 0.00262286
475 0.00279512
475 0.00151018
475 0.00470916
475 0.0141121
475 2.03792e-22
475 2.1053
475 1.01216
476 3.1548
476 2.89763
476 2.85041
476 2.78209
477 3.19317
477 1.92446
477 0.00811842
475 0.0361346
475 0.0357273
475 2.03792e-22
475 0.456041
475 0.197836
475 0.768122
475 3.22183
476 3.0856
476 2.90442
476 2.76755
476 2.85081
477 3.50258
477 0.12749
475 0.0388697
475 0.0386081
475 0.0402352
475 2.03792e-22
475 3.18274
475 2.21847
476 2.88895
476 2.83285
476 2.75657
477 3.06277
477 3.04472
477 0.0129292
475 2.03792e-22
475 1.54387
475 3.08736
476 2.80971
476 2.72406
476 2.76241
477 2.93373
477 3.43366
477 0.66484
475 0.0403662
